Gene A,Gene B,Label,Score,Precision,Recall,False Positive Rate
YHR172W,YKR095W,0,54.546043,0.0,0.0,0.0001002305289148353
YNR016C,YHR023W,0,54.41188,0.0,0.0,0.0002004610578296706
YDR135C,YPL144W,0,45.931183,0.0,0.0,0.0003006915794685483
YDR096W,YLR223C,1,17.290604,0.25,0.0009775171056389809,0.0003006915794685483
YGL048C,YBL002W,1,16.839262,0.4000000059604645,0.0019550342112779617,0.0003006915794685483
YBL003C,YBR231C,1,16.307272,0.5,0.0029325513169169426,0.0003006915794685483
YAL011W,YNL031C,1,15.312079,0.5714285969734192,0.0039100684225559235,0.0003006915794685483
YDR096W,YER147C,1,15.243105,0.625,0.004887585528194904,0.0003006915794685483
YOR141C,YNL031C,1,14.959223,0.6666666865348816,0.005865102633833885,0.0003006915794685483
YNL097C,YNL135C,1,14.91345,0.699999988079071,0.006842619739472866,0.0003006915794685483
YGL016W,YMR022W,0,13.824053,0.6363636255264282,0.006842619739472866,0.0004009221156593412
YDR014W,YBL003C,1,13.799953,0.6666666865348816,0.007820136845111847,0.0004009221156593412
YFL049W,YPL128C,1,13.717561,0.692307710647583,0.008797653950750828,0.0004009221156593412
YBR154C,YIL101C,0,13.702262,0.6428571343421936,0.008797653950750828,0.0005011526518501341
YMR284W,YMR307W,1,13.671761,0.6666666865348816,0.009775171056389809,0.0005011526518501341
YDR191W,YDR224C,1,13.645798,0.6875,0.01075268816202879,0.0005011526518501341
YBR175W,YJL115W,1,13.356575,0.7058823704719543,0.01173020526766777,0.0005011526518501341
YML074C,YIL084C,1,13.294292,0.7222222089767456,0.012707722373306751,0.0005011526518501341
YJL050W,YKL062W,0,13.141703,0.6842105388641357,0.012707722373306751,0.0006013831589370966
YDR096W,YNL206C,1,12.851942,0.699999988079071,0.013685239478945732,0.0006013831589370966
YHR090C,YLR357W,1,12.823519,0.7142857313156128,0.014662756584584713,0.0006013831589370966
YIL126W,YJR035W,1,12.760407,0.7272727489471436,0.015640273690223694,0.0006013831589370966
YOR174W,YHR143W,0,12.748117,0.695652186870575,0.015640273690223694,0.00070161372423172
YLR449W,YPR018W,1,12.5525,0.7083333134651184,0.01661779172718525,0.00070161372423172
YNL088W,YNL031C,1,12.535473,0.7200000286102295,0.017595307901501656,0.00070161372423172
YDR303C,YPL159C,0,12.509856,0.692307710647583,0.017595307901501656,0.0008018442313186824
YBR010W,YJR035W,1,12.496532,0.7037037014961243,0.01857282593846321,0.0008018442313186824
YPR034W,YFR034C,1,12.44103,0.7142857313156128,0.019550342112779617,0.0008018442313186824
YAL013W,YDR180W,1,12.275549,0.7241379022598267,0.020527860149741173,0.0008018442313186824
YJL065C,YDR216W,1,12.2044525,0.7333333492279053,0.02150537632405758,0.0008018442313186824
YLR102C,YHR119W,1,12.137541,0.7419354915618896,0.022482894361019135,0.0008018442313186824
YPL075W,YMR239C,1,12.066355,0.75,0.02346041053533554,0.0008018442313186824
YFL049W,YNL135C,1,11.990774,0.7575757503509521,0.024437928572297096,0.0008018442313186824
YDR087C,YER142C,0,11.983894,0.7352941036224365,0.024437928572297096,0.0009020747966133058
YBR175W,YMR044W,1,11.970144,0.7428571581840515,0.025415444746613503,0.0009020747966133058
YBL003C,YMR080C,1,11.930754,0.75,0.026392962783575058,0.0009020747966133058
YDL106C,YMR235C,1,11.900742,0.7567567825317383,0.027370478957891464,0.0009020747966133058
YDR180W,YAR002W,1,11.897235,0.7631579041481018,0.02834799699485302,0.0009020747966133058
YEL009C,YGR256W,0,11.863161,0.7435897588729858,0.02834799699485302,0.0010023053037002683
YHR090C,YDR191W,1,11.709604,0.75,0.029325513169169426,0.0010023053037002683
YDR224C,YIL084C,1,11.704067,0.7560975551605225,0.03030303120613098,0.0010023053037002683
YDR224C,YKR048C,1,11.54064,0.761904776096344,0.03128054738044739,0.0010023053037002683
YML102W,YDL166C,0,11.531504,0.7441860437393188,0.03128054738044739,0.0011025358689948916
YBR010W,YOR229W,1,11.515756,0.75,0.032258063554763794,0.0011025358689948916
YGR195W,YPR156C,0,11.505726,0.7333333492279053,0.032258063554763794,0.0012027663178741932
YLR272C,YML121W,1,11.463503,0.739130437374115,0.0332355834543705,0.0012027663178741932
YOL127W,YDR287W,0,11.439159,0.7234042286872864,0.0332355834543705,0.0013029968831688166
YNL088W,YMR022W,1,11.354275,0.7291666865348816,0.034213099628686905,0.0013029968831688166
YOR295W,YPL015C,1,11.326559,0.7346938848495483,0.03519061580300331,0.0013029968831688166
YDR191W,YDR005C,1,11.30802,0.7400000095367432,0.03616813197731972,0.0013029968831688166
YBR073W,YNL031C,1,11.272239,0.7450980544090271,0.03714565187692642,0.0013029968831688166
YDR392W,YDR216W,1,11.260966,0.75,0.03812316805124283,0.0013029968831688166
YML074C,YMR080C,1,11.251525,0.7547169923782349,0.039100684225559235,0.0013029968831688166
YER169W,YDR225W,1,11.207563,0.7592592835426331,0.04007820039987564,0.0013029968831688166
YDR513W,YCR072C,0,11.165445,0.7454545497894287,0.04007820039987564,0.00140322744846344
YMR022W,YMR239C,1,11.143308,0.75,0.041055720299482346,0.00140322744846344
YDL076C,YBL002W,1,11.127846,0.7543859481811523,0.04203323647379875,0.00140322744846344
YGR275W,YBR136W,1,11.087769,0.7586206793785095,0.04301075264811516,0.00140322744846344
YKL062W,YLR086W,1,11.022425,0.7627118825912476,0.043988268822431564,0.00140322744846344
YBR010W,YBR073W,1,10.986174,0.7666666507720947,0.04496578872203827,0.00140322744846344
YBR090C-A,YJR043C,0,10.914506,0.7540983557701111,0.04496578872203827,0.0015034578973427415
YJL190C,YDR293C,0,10.913093,0.7419354915618896,0.04496578872203827,0.0016036884626373649
YNL097C,YLR086W,1,10.906885,0.7460317611694336,0.045943304896354675,0.0016036884626373649
YDR014W,YPR018W,1,10.899875,0.75,0.04692082107067108,0.0016036884626373649
YNL068C,YGL150C,1,10.898305,0.7538461685180664,0.04789833724498749,0.0016036884626373649
YBL003C,YDR343C,0,10.838224,0.7424242496490479,0.04789833724498749,0.0017039190279319882
YNL186W,YBL088C,1,10.776054,0.746268630027771,0.04887585714459419,0.0017039190279319882
YDL076C,YHR099W,1,10.770855,0.75,0.0498533733189106,0.0017039190279319882
YLR385C,YNL135C,1,10.753358,0.7536231875419617,0.050830889493227005,0.0017039190279319882
YBR114W,YBL003C,1,10.731689,0.7571428418159485,0.05180840566754341,0.0017039190279319882
YAR003W,YNL059C,1,10.731007,0.7605633735656738,0.052785925567150116,0.0017039190279319882
YNL030W,YPR179C,1,10.666094,0.7638888955116272,0.05376344174146652,0.0017039190279319882
YDR448W,YOL120C,0,10.662603,0.7534246444702148,0.05376344174146652,0.0018041495932266116
YBR275C,YCL010C,1,10.636168,0.7567567825317383,0.05474095791578293,0.0018041495932266116
YAR003W,YNL246W,1,10.6145935,0.7599999904632568,0.055718474090099335,0.0018041495932266116
YKL185W,YLR385C,1,10.610123,0.7631579041481018,0.05669599398970604,0.0018041495932266116
YER120W,YOL017W,1,10.582078,0.7662337422370911,0.057673510164022446,0.0018041495932266116
YBR175W,YKL160W,1,10.580832,0.7692307829856873,0.05865102633833885,0.0018041495932266116
YKL113C,YLR207W,0,10.570297,0.7594936490058899,0.05865102633833885,0.0019043800421059132
YER148W,YHR101C,0,10.544025,0.75,0.05865102633833885,0.0020046106074005365
YML074C,YBR136W,1,10.541833,0.7530864477157593,0.05962854251265526,0.0020046106074005365
YDR216W,YFL002C,0,10.522963,0.7439024448394775,0.05962854251265526,0.00210484117269516
YHR090C,YNL246W,1,10.495146,0.7469879388809204,0.06060606241226196,0.00210484117269516
YER088C,YDL002C,1,10.479357,0.75,0.06158357858657837,0.00210484117269516
YML102W,YNL031C,1,10.4654875,0.7529411911964417,0.06256109476089478,0.00210484117269516
YGR063C,YJL115W,1,10.461102,0.7558139562606812,0.06353861093521118,0.00210484117269516
YER030W,YDR028C,1,10.436187,0.7586206793785095,0.06451612710952759,0.00210484117269516
YLR055C,YOL068C,1,10.411735,0.7613636255264282,0.065493643283844,0.00210484117269516
YML060W,YJL210W,0,10.411562,0.7528089880943298,0.065493643283844,0.0022050717379897833
YGL048C,YHR153C,0,10.3882675,0.7444444298744202,0.065493643283844,0.0023053023032844067
YBR088C,YDR439W,1,10.363732,0.7472527623176575,0.066471166908741,0.0023053023032844067
YJR060W,YDR121W,1,10.357636,0.75,0.0674486830830574,0.0023053023032844067
YEL044W,YPR033C,0,10.329658,0.7419354915618896,0.0674486830830574,0.0024055326357483864
YKL160W,YBR231C,1,10.312718,0.7446808218955994,0.06842619925737381,0.0024055326357483864
YFR027W,YKL185W,1,10.267079,0.7473683953285217,0.06940371543169022,0.0024055326357483864
YMR037C,YEL018W,1,10.2535095,0.75,0.07038123160600662,0.0024055326357483864
YPL055C,YLR399C,1,10.219467,0.7525773048400879,0.07135874778032303,0.0024055326357483864
YBR175W,YLR102C,1,10.168636,0.7551020383834839,0.07233626395463943,0.0024055326357483864
YNL031C,YML121W,1,10.145082,0.7575757503509521,0.07331378012895584,0.0024055326357483864
YBR114W,YLR002C,0,10.144411,0.75,0.07331378012895584,0.0025057632010430098
YLR247C,YMR127C,1,10.122112,0.7524752616882324,0.07429130375385284,0.0025057632010430098
YBL008W,YBL002W,1,10.121732,0.7549019455909729,0.07526881992816925,0.0025057632010430098
YOR141C,YIR033W,1,10.075019,0.7572815418243408,0.07624633610248566,0.0025057632010430098
YJL065C,YLR442C,1,10.068714,0.7596153616905212,0.07722385227680206,0.0025057632010430098
YOR064C,YDL070W,1,10.000074,0.761904776096344,0.07820136845111847,0.0025057632010430098
YKL112W,YMR022W,1,9.9866705,0.7641509175300598,0.07917888462543488,0.0025057632010430098
YBR090C-A,YJL018W,1,9.946584,0.7663551568984985,0.08015640079975128,0.0025057632010430098
YFR013W,YNL030W,1,9.943169,0.7685185074806213,0.08113391697406769,0.0025057632010430098
YML102W,YCR053W,0,9.939802,0.7614678740501404,0.08113391697406769,0.002605993766337633
YLR272C,YMR284W,1,9.935324,0.7636363506317139,0.08211144059896469,0.002605993766337633
YDR397C,YBL101C,0,9.919433,0.7567567825317383,0.08211144059896469,0.0027062243316322565
YDR224C,YDR058C,0,9.913057,0.75,0.08211144059896469,0.00280645489692688
YJL065C,YFR037C,1,9.897882,0.752212405204773,0.0830889567732811,0.00280645489692688
YML074C,YDR003W,0,9.860426,0.7456140518188477,0.0830889567732811,0.0029066854622215033
YDR180W,YOL148C,1,9.855551,0.747826099395752,0.0840664729475975,0.0029066854622215033
YBL003C,YIL084C,1,9.8535,0.75,0.08504398912191391,0.0029066854622215033
YLR102C,YPR018W,1,9.789032,0.752136766910553,0.08602150529623032,0.0029066854622215033
YEL032W,YBR112C,1,9.779532,0.7542372941970825,0.08699902147054672,0.0029066854622215033
YMR263W,YDR028C,1,9.776728,0.756302535533905,0.08797653764486313,0.0029066854622215033
YLR003C,YPL047W,0,9.759904,0.75,0.08797653764486313,0.003006915794685483
YJL109C,YGL194C,0,9.757018,0.7438016533851624,0.08797653764486313,0.0031071463599801064
YMR121C,YJL048C,0,9.748077,0.7377049326896667,0.08797653764486313,0.0032073769252747297
YBR275C,YBL003C,1,9.73806,0.7398374080657959,0.08895405381917953,0.0032073769252747297
YBR114W,YDL076C,1,9.726889,0.7419354915618896,0.08993157744407654,0.0032073769252747297
YLR085C,YBL002W,1,9.724262,0.7440000176429749,0.09090909361839294,0.0032073769252747297
YOL148C,YAL059W,0,9.714717,0.738095223903656,0.09090909361839294,0.003307607490569353
YPR034W,YCR086W,1,9.705573,0.7401574850082397,0.09188660979270935,0.003307607490569353
YGL123W,YPR023C,0,9.700317,0.734375,0.09188660979270935,0.0034078380558639765
YML041C,YBR070C,0,9.690646,0.7286821603775024,0.09188660979270935,0.0035080686211586
YGR252W,YMR127C,1,9.685455,0.7307692170143127,0.09286412596702576,0.0035080686211586
YCR086W,YBR283C,0,9.669474,0.7251908183097839,0.09286412596702576,0.0036082991864532232
YPR052C,YKR048C,1,9.669197,0.7272727489471436,0.09384164214134216,0.0036082991864532232
YJR123W,YPL055C,0,9.665123,0.7218044996261597,0.09384164214134216,0.003708529518917203
YBL079W,YML102W,1,9.661503,0.7238805890083313,0.09481915831565857,0.003708529518917203
YGL250W,YJL138C,0,9.654278,0.7185184955596924,0.09481915831565857,0.0038087600842118263
YBR088C,YNL135C,1,9.646409,0.720588207244873,0.09579667448997498,0.0038087600842118263
YAL023C,YBR101C,0,9.646276,0.7153284549713135,0.09579667448997498,0.003908990882337093
YER030W,YOR229W,1,9.646208,0.717391312122345,0.09677419066429138,0.003908990882337093
YOL017W,YML026C,0,9.630558,0.7122302055358887,0.09677419066429138,0.004009221214801073
YLR102C,YIL126W,1,9.624117,0.7142857313156128,0.09775171428918839,0.004009221214801073
YKL033W,YML102W,1,9.622669,0.716312050819397,0.09872923046350479,0.004009221214801073
YML065W,YJL115W,1,9.599221,0.7183098793029785,0.0997067466378212,0.004009221214801073
YML041C,YPL254W,1,9.577503,0.7202796936035156,0.1006842628121376,0.004009221214801073
YPR034W,YOL017W,1,9.570852,0.7222222089767456,0.10166177898645401,0.004009221214801073
YLR357W,YBR103W,1,9.564789,0.7241379022598267,0.10263929516077042,0.004009221214801073
YHR090C,YGL058W,1,9.564173,0.7260273694992065,0.10361681133508682,0.004009221214801073
YER006W,YFR014C,0,9.5447,0.7210884094238281,0.10361681133508682,0.004109451547265053
YOL068C,YDR471W,0,9.528527,0.7162162065505981,0.10361681133508682,0.00420968234539032
YFL049W,YAL011W,1,9.503796,0.718120813369751,0.10459432750940323,0.00420968234539032
YFR034C,YLR095C,1,9.465851,0.7200000286102295,0.10557185113430023,0.00420968234539032
YLR032W,YDR225W,1,9.450342,0.7218543291091919,0.10654936730861664,0.00420968234539032
YIL131C,YCL061C,1,9.435244,0.7236841917037964,0.10752688348293304,0.00420968234539032
YOR064C,YCL010C,1,9.424784,0.7254902124404907,0.10850439965724945,0.00420968234539032
YAL011W,YHL025W,1,9.418487,0.7272727489471436,0.10948191583156586,0.00420968234539032
YLR223C,YPL181W,1,9.373289,0.7290322780609131,0.11045943200588226,0.00420968234539032
YDR448W,YPL211W,0,9.365629,0.7243589758872986,0.11045943200588226,0.0043099126778542995
YNL261W,YBL002W,1,9.359278,0.7261146306991577,0.11143694818019867,0.0043099126778542995
YFL049W,YBR195C,1,9.34915,0.7278481125831604,0.11241446435451508,0.0043099126778542995
YMR179W,YDR225W,1,9.341966,0.7295597195625305,0.11339198797941208,0.0043099126778542995
YNL103W,YDR073W,0,9.340765,0.7250000238418579,0.11339198797941208,0.004410143475979567
YDR334W,YIL099W,0,9.32586,0.7204968929290771,0.11339198797941208,0.004510373808443546
YDR180W,YMR235C,1,9.3251,0.7222222089767456,0.11436950415372849,0.004510373808443546
YBR073W,YPL016W,1,9.31498,0.7239263653755188,0.11534702032804489,0.004510373808443546
YER161C,YOR038C,1,9.291635,0.7256097793579102,0.1163245365023613,0.004510373808443546
YDR280W,YPL265W,0,9.264275,0.7212121486663818,0.1163245365023613,0.004610604606568813
YIR012W,YPR070W,0,9.21757,0.7168674468994141,0.1163245365023613,0.004710834939032793
YMR022W,YBR081C,1,9.206374,0.71856290102005,0.1173020526766777,0.004710834939032793
YDR448W,YIL154C,0,9.188734,0.7142857313156128,0.1173020526766777,0.004811065271496773
YDR325W,YOR189W,1,9.173812,0.715976357460022,0.11827956885099411,0.004811065271496773
YMR239C,YLR288C,1,9.163811,0.7176470756530762,0.11925708502531052,0.004811065271496773
YDR365C,YHR165C,0,9.161663,0.7134503126144409,0.11925708502531052,0.00491129606962204
YMR106C,YKR048C,1,9.157604,0.7151162624359131,0.12023460119962692,0.00491129606962204
YLR247C,YPL138C,1,9.122278,0.7167630195617676,0.12121212482452393,0.00491129606962204
YIL130W,YDR533C,0,9.118813,0.7126436829566956,0.12121212482452393,0.0050115264020860195
YJR093C,YFR034C,0,9.099937,0.7085714340209961,0.12121212482452393,0.0051117572002112865
YKR092C,YAR003W,0,9.077422,0.7045454382896423,0.12121212482452393,0.005211987532675266
YER030W,YHR118C,1,9.074755,0.7062146663665771,0.12218964099884033,0.005211987532675266
YKL021C,YDL139C,0,9.055714,0.7022472023963928,0.12218964099884033,0.005312218330800533
YER030W,YPL082C,1,9.040269,0.7039105892181396,0.12316715717315674,0.005312218330800533
YDR448W,YER026C,0,9.028622,0.699999988079071,0.12316715717315674,0.005412448663264513
YDR216W,YDR363W-A,0,9.028389,0.6961326003074646,0.12316715717315674,0.005512678995728493
YDR145W,YBL002W,1,9.008141,0.6978021860122681,0.12414467334747314,0.005512678995728493
YIL150C,YDR058C,0,9.003031,0.693989098072052,0.12414467334747314,0.00561290979385376
YBR236C,YGR254W,0,9.001349,0.6902173757553101,0.12414467334747314,0.0057131401263177395
YOL090W,YEL018W,1,8.991621,0.6918919086456299,0.12512218952178955,0.0057131401263177395
YDR191W,YPL016W,1,8.990835,0.6935483813285828,0.12609970569610596,0.0057131401263177395
YML102W,YIL009W,0,8.966699,0.6898396015167236,0.12609970569610596,0.0058133709244430065
YAR002W,YNL031C,1,8.960465,0.6914893388748169,0.12707722187042236,0.0058133709244430065
YBL088C,YMR235C,1,8.930227,0.6931216716766357,0.12805473804473877,0.0058133709244430065
YLR385C,YPR133C,1,8.884329,0.6947368383407593,0.12903225421905518,0.0058133709244430065
YPR052C,YGR241C,0,8.858198,0.6910994648933411,0.12903225421905518,0.005913601256906986
YOL077C,YML004C,0,8.838926,0.6875,0.12903225421905518,0.006013831589370966
YPR143W,YCL066W,0,8.8379345,0.6839378476142883,0.12903225421905518,0.006114062387496233
YOR095C,YCR091W,0,8.837299,0.6804123520851135,0.12903225421905518,0.006214292719960213
YJL076W,YJL115W,1,8.818522,0.6820513010025024,0.13000977039337158,0.006214292719960213
YDR295C,YDR359C,1,8.815956,0.6836734414100647,0.130987286567688,0.006214292719960213
YDR485C,YNL206C,1,8.813978,0.6852791905403137,0.1319648027420044,0.006214292719960213
YHL025W,YGL194C,1,8.805727,0.6868686676025391,0.132942333817482,0.006214292719960213
YML113W,YGR256W,0,8.804562,0.6834170818328857,0.132942333817482,0.00631452351808548
YGL150C,YGR274C,1,8.800136,0.6850000023841858,0.1339198499917984,0.00631452351808548
YER030W,YLR403W,0,8.793627,0.6815920472145081,0.1339198499917984,0.0064147538505494595
YGR275W,YKR008W,1,8.793353,0.6831682920455933,0.1348973661661148,0.0064147538505494595
YPR179C,YPL127C,1,8.7787,0.6847290396690369,0.1358748823404312,0.0064147538505494595
YPR052C,YLR399C,1,8.770279,0.686274528503418,0.13685239851474762,0.0064147538505494595
YBR010W,YLR335W,1,8.765194,0.6878048777580261,0.13782991468906403,0.0064147538505494595
YGL194C,YBR202W,1,8.759447,0.6893203854560852,0.13880743086338043,0.0064147538505494595
YLR373C,YNL021W,1,8.756571,0.6908212304115295,0.13978494703769684,0.0064147538505494595
YNL136W,YMR080C,1,8.754832,0.692307710647583,0.14076246321201324,0.0064147538505494595
YBR289W,YKL062W,1,8.743298,0.6937798857688904,0.14173997938632965,0.0064147538505494595
YDR110W,YPL181W,1,8.7406025,0.6952381134033203,0.14271749556064606,0.0064147538505494595
YPR049C,YLR448W,0,8.737013,0.6919431090354919,0.14271749556064606,0.0065149846486747265
YBL093C,YIR004W,0,8.736507,0.6886792182922363,0.14271749556064606,0.006615214981138706
YDR227W,YBR231C,1,8.730973,0.6901408433914185,0.14369501173496246,0.006615214981138706
YNL133C,YLR340W,0,8.723858,0.6869158744812012,0.14369501173496246,0.006715445313602686
YBL103C,YML063W,0,8.722324,0.6837209463119507,0.14369501173496246,0.006815676111727953
YDL076C,YOR191W,1,8.715734,0.6851851940155029,0.14467252790927887,0.006815676111727953
YPR052C,YBR211C,0,8.706952,0.6820276379585266,0.14467252790927887,0.006915906444191933
YLR272C,YPL001W,1,8.702922,0.6834862232208252,0.14565004408359528,0.006915906444191933
YLR055C,YBR088C,1,8.698595,0.6849315166473389,0.14662756025791168,0.006915906444191933
YNL135C,YGR223C,0,8.695774,0.6818181872367859,0.14662756025791168,0.0070161372423172
YPL075W,YNL097C,1,8.695498,0.6832579374313354,0.1476050764322281,0.0070161372423172
YMR263W,YLL022C,1,8.689738,0.684684693813324,0.1485826075077057,0.0070161372423172
YOL006C,YHL025W,1,8.674743,0.6860986351966858,0.1495601236820221,0.0070161372423172
YPL055C,YBR136W,1,8.67219,0.6875,0.1505376398563385,0.0070161372423172
YLR373C,YML121W,1,8.665748,0.6888889074325562,0.1515151560306549,0.0070161372423172
YMR318C,YNR045W,0,8.651146,0.6858407258987427,0.1515151560306549,0.007116367574781179
YNL245C,YDL139C,0,8.638033,0.6828193664550781,0.1515151560306549,0.0072165983729064465
YBL025W,YER056C,0,8.619693,0.6798245906829834,0.1515151560306549,0.007316828705370426
YJL019W,YBL002W,1,8.605633,0.6812227368354797,0.1524926722049713,0.007316828705370426
YMR179W,YER169W,1,8.603255,0.6826087236404419,0.15347018837928772,0.007316828705370426
YKL112W,YIL101C,0,8.589991,0.6796537041664124,0.15347018837928772,0.007417059037834406
YDR303C,YLR185W,0,8.58712,0.6767241358757019,0.15347018837928772,0.007517289835959673
YPL128C,YDL106C,1,8.580684,0.6781116127967834,0.15444770455360413,0.007517289835959673
YNL021W,YLR095C,1,8.58024,0.6794871687889099,0.15542522072792053,0.007517289835959673
YDR485C,YOR254C,0,8.57696,0.6765957474708557,0.15542522072792053,0.007617520168423653
YDR225W,YFL013C,1,8.576756,0.6779661178588867,0.15640273690223694,0.007617520168423653
YGR275W,YGL150C,1,8.574596,0.6793248653411865,0.15738025307655334,0.007617520168423653
YHR118C,YER161C,1,8.570981,0.680672287940979,0.15835776925086975,0.007617520168423653
YHR090C,YGR002C,1,8.568259,0.6820083856582642,0.15933528542518616,0.007617520168423653
YGL048C,YLL018C,0,8.556583,0.6791666746139526,0.15933528542518616,0.00771775096654892
YPR052C,YJL176C,1,8.549989,0.680497944355011,0.16031280159950256,0.00771775096654892
YBR073W,YPR133C,1,8.537001,0.6818181872367859,0.16129031777381897,0.00771775096654892
YDR110W,YPL047W,1,8.525785,0.6831275820732117,0.16226783394813538,0.00771775096654892
YJL065C,YDR110W,1,8.514863,0.6844262480735779,0.16324535012245178,0.00771775096654892
YER120W,YGR275W,1,8.505951,0.6857143044471741,0.16422288119792938,0.00771775096654892
YFL049W,YEL044W,1,8.483883,0.6869918704032898,0.1652003973722458,0.00771775096654892
YKL112W,YML074C,1,8.4757185,0.6882591247558594,0.1661779135465622,0.00771775096654892
YPR143W,YML121W,0,8.473168,0.6854838728904724,0.1661779135465622,0.007817981764674187
YGL048C,YKR053C,0,8.462274,0.6827309131622314,0.1661779135465622,0.007918211631476879
YLR015W,YNL183C,0,8.455437,0.6800000071525574,0.1661779135465622,0.008018442429602146
YJL168C,YML102W,1,8.451881,0.6812748908996582,0.1671554297208786,0.008018442429602146
YBR112C,YBR231C,1,8.447066,0.682539701461792,0.168132945895195,0.008018442429602146
YBR275C,YAL034C,1,8.443261,0.6837944388389587,0.1691104620695114,0.008018442429602146
YLR085C,YDR224C,1,8.441,0.6850393414497375,0.17008797824382782,0.008018442429602146
YLR272C,YLR032W,1,8.440924,0.686274528503418,0.17106549441814423,0.008018442429602146
YGR063C,YJL076W,1,8.440644,0.6875,0.17204301059246063,0.008018442429602146
YGL207W,YJR019C,0,8.418793,0.6848248839378357,0.17204301059246063,0.008118673227727413
YDR224C,YPR118W,0,8.417213,0.682170569896698,0.17204301059246063,0.008218903094530106
YIL150C,YDL056W,0,8.410671,0.6795367002487183,0.17204301059246063,0.008319133892655373
YKL185W,YBR231C,1,8.408592,0.6807692050933838,0.17302052676677704,0.008319133892655373
YBR090C-A,YBR081C,1,8.404724,0.6819923520088196,0.17399804294109344,0.008319133892655373
YNL136W,YPL015C,1,8.403242,0.6832060813903809,0.17497555911540985,0.008319133892655373
YJR017C,YOR080W,1,8.4015875,0.6844106316566467,0.17595307528972626,0.008319133892655373
YNL031C,YLR086W,1,8.400687,0.685606062412262,0.17693059146404266,0.008319133892655373
YML074C,YEL018W,1,8.394162,0.6867924332618713,0.17790810763835907,0.008319133892655373
YDR448W,YPR052C,1,8.38908,0.6879699230194092,0.17888562381267548,0.008319133892655373
YIL150C,YKL112W,1,8.378174,0.6891385912895203,0.17986315488815308,0.008319133892655373
YGR002C,YBR189W,0,8.3747425,0.6865671873092651,0.17986315488815308,0.00841936469078064
YBR114W,YML102W,1,8.373346,0.6877323389053345,0.18084067106246948,0.00841936469078064
YLR274W,YJR035W,1,8.372954,0.6888889074325562,0.1818181872367859,0.00841936469078064
YMR284W,YBL002W,1,8.371988,0.6900368928909302,0.1827957034111023,0.00841936469078064
YPL138C,YKL062W,1,8.371517,0.6911764740943909,0.1837732195854187,0.00841936469078064
YDL002C,YMR091C,1,8.369141,0.692307710647583,0.1847507357597351,0.00841936469078064
YGR275W,YCL061C,1,8.367798,0.6934306621551514,0.1857282519340515,0.00841936469078064
YPL138C,YMR247C,1,8.362852,0.6945454478263855,0.18670576810836792,0.00841936469078064
YOL006C,YDR469W,1,8.350828,0.695652186870575,0.18768328428268433,0.00841936469078064
YNL031C,YMR302C,0,8.350666,0.6931408047676086,0.18768328428268433,0.008519595488905907
YDR120C,YKL002W,0,8.344024,0.6906474828720093,0.18768328428268433,0.008619825355708599
YOR252W,YPL017C,0,8.331734,0.6881720423698425,0.18768328428268433,0.008720056153833866
YEL044W,YOR247W,0,8.330344,0.6857143044471741,0.18768328428268433,0.008820286951959133
YBR010W,YMR219W,1,8.328209,0.6868327260017395,0.18866080045700073,0.008820286951959133
YBR010W,YOR191W,1,8.301094,0.6879432797431946,0.18963831663131714,0.008820286951959133
YMR127C,YGR002C,1,8.294757,0.6890459656715393,0.19061583280563354,0.008820286951959133
YLR100W,YNR046W,0,8.2836685,0.6866196990013123,0.19061583280563354,0.008920516818761826
YDR440W,YGL048C,1,8.282579,0.6877192854881287,0.19159334897994995,0.008920516818761826
YER164W,YDR032C,0,8.266996,0.6853147149085999,0.19159334897994995,0.009020747616887093
YNL030W,YKR010C,1,8.266634,0.6864111423492432,0.19257086515426636,0.009020747616887093
YLR385C,YFL013C,1,8.265396,0.6875,0.19354838132858276,0.009020747616887093
YLR068W,YNL045W,0,8.262285,0.6851211190223694,0.19354838132858276,0.00912097841501236
YIL062C,YER001W,0,8.261268,0.682758629322052,0.19354838132858276,0.009221209213137627
YGR274C,YMR033W,1,8.257457,0.6838487982749939,0.19452589750289917,0.009221209213137627
YBR114W,YDL209C,0,8.2560425,0.681506872177124,0.19452589750289917,0.009321439079940319
YPR046W,YJL069C,0,8.254831,0.6791808605194092,0.19452589750289917,0.009421669878065586
YER030W,YPL226W,0,8.250567,0.6768707633018494,0.19452589750289917,0.009521900676190853
YDR060W,YBR046C,0,8.234011,0.6745762825012207,0.19452589750289917,0.009622130542993546
YDL042C,YLR095C,1,8.23215,0.6756756901741028,0.19550342857837677,0.009622130542993546
YDL002C,YPR052C,1,8.230574,0.6767676472663879,0.19648094475269318,0.009622130542993546
YKR025W,YMR106C,0,8.228081,0.6744966506958008,0.19648094475269318,0.009722361341118813
YBL003C,YIR033W,1,8.216066,0.6755852699279785,0.19745846092700958,0.009722361341118813
YOR386W,YOR096W,0,8.205559,0.6733333468437195,0.19745846092700958,0.00982259213924408
YLR015W,YDR014W,1,8.203732,0.6744186282157898,0.198435977101326,0.00982259213924408
YJR060W,YLR449W,1,8.198748,0.6754966974258423,0.1994134932756424,0.00982259213924408
YKL062W,YDR121W,1,8.190768,0.6765676736831665,0.2003910094499588,0.00982259213924408
YJR060W,YDR110W,1,8.183431,0.6776315569877625,0.2013685256242752,0.00982259213924408
YJL065C,YOL012C,1,8.182455,0.6786885261535645,0.2023460417985916,0.00982259213924408
YKR101W,YNL135C,1,8.178862,0.6797385811805725,0.20332355797290802,0.00982259213924408
YDR224C,YMR176W,1,8.172468,0.6807817816734314,0.20430107414722443,0.00982259213924408
YBR289W,YOL001W,0,8.168148,0.6785714030265808,0.20430107414722443,0.009922822937369347
YFR034C,YML121W,1,8.163443,0.6796116232872009,0.20527859032154083,0.009922822937369347
YPR179C,YPL254W,1,8.159868,0.6806451678276062,0.20625610649585724,0.009922822937369347
YMR263W,YBL008W,1,8.158511,0.6816720366477966,0.20723362267017365,0.009922822937369347
YBR245C,YPL138C,1,8.150829,0.682692289352417,0.20821113884449005,0.009922822937369347
YML102W,YOR256C,0,8.143084,0.6805111765861511,0.20821113884449005,0.010023052804172039
YMR121C,YPR169W,0,8.141172,0.6783439517021179,0.20821113884449005,0.010123283602297306
YDR440W,YER169W,1,8.124327,0.6793650984764099,0.20918865501880646,0.010123283602297306
YLR223C,YDR439W,1,8.115382,0.6803797483444214,0.21016617119312286,0.010123283602297306
YNL216W,YLR288C,1,8.112638,0.6813880205154419,0.21114370226860046,0.010123283602297306
YDR069C,YDR361C,0,8.108961,0.6792452931404114,0.21114370226860046,0.010223514400422573
YJL164C,YPR102C,0,8.099679,0.6771159768104553,0.21114370226860046,0.010323744267225266
YGL150C,YGL112C,1,8.0986185,0.6781250238418579,0.21212121844291687,0.010323744267225266
YGR002C,YDL049C,0,8.08951,0.6760124564170837,0.21212121844291687,0.010423975065350533
YLR223C,YJL115W,1,8.084568,0.6770186424255371,0.21309873461723328,0.010423975065350533
YPL047W,YOR249C,1,8.07557,0.6780185699462891,0.21407625079154968,0.010423975065350533
YDL074C,YKL062W,1,8.075268,0.6790123581886292,0.2150537669658661,0.010423975065350533
YLR321C,YKR010C,1,8.069878,0.6800000071525574,0.2160312831401825,0.010423975065350533
YKL173W,YHL035C,0,8.063536,0.6779140830039978,0.2160312831401825,0.0105242058634758
YDL042C,YDR224C,1,8.063478,0.6788991093635559,0.2170087993144989,0.0105242058634758
YML022W,YLR423C,0,8.050505,0.6768292784690857,0.2170087993144989,0.010624436661601067
YMR121C,YNL055C,0,8.049627,0.6747720241546631,0.2170087993144989,0.010724666528403759
YBR069C,YBL078C,0,8.034786,0.6727272868156433,0.2170087993144989,0.010824897326529026
YFL049W,YMR273C,1,8.027796,0.6737160086631775,0.2179863154888153,0.010824897326529026
YAR003W,YMR022W,1,8.026627,0.6746987700462341,0.2189638316631317,0.010824897326529026
YHR006W,YLR058C,0,8.022164,0.672672688961029,0.2189638316631317,0.010925128124654293
YDL003W,YMR311C,0,8.014679,0.6706587076187134,0.2189638316631317,0.011025357991456985
YDR191W,YDR216W,1,8.014022,0.6716417670249939,0.21994134783744812,0.011025357991456985
YAR003W,YDR227W,1,8.002754,0.6726190447807312,0.22091886401176453,0.011025357991456985
YLR286C,YBR253W,0,8.001432,0.6706231236457825,0.22091886401176453,0.011125588789582253
YIL063C,YDR005C,0,7.9930325,0.668639063835144,0.22091886401176453,0.01122581958770752
YBR010W,YPR179C,1,7.990013,0.6696165204048157,0.22189638018608093,0.01122581958770752
YMR037C,YLR399C,1,7.9868984,0.6705882549285889,0.22287389636039734,0.01122581958770752
YDR303C,YLR399C,1,7.9866867,0.6715542674064636,0.22385141253471375,0.01122581958770752
YPL181W,YDR359C,1,7.984023,0.6725146174430847,0.22482892870903015,0.01122581958770752
YLR015W,YBR010W,1,7.98112,0.6734693646430969,0.22580644488334656,0.01122581958770752
YPL055C,YJL081C,1,7.9804907,0.6744186282157898,0.22678397595882416,0.01122581958770752
YNL330C,YBR136W,1,7.9721127,0.6753623485565186,0.22776149213314056,0.01122581958770752
YCR020W-B,YDL106C,1,7.9632387,0.676300585269928,0.22873900830745697,0.01122581958770752
YDR217C,YJL179W,0,7.95703,0.6743515729904175,0.22873900830745697,0.011326049454510212
YKL112W,YBR073W,1,7.9567833,0.6752873659133911,0.22971652448177338,0.011326049454510212
YLR015W,YBL088C,1,7.9554386,0.676217794418335,0.23069404065608978,0.011326049454510212
YNL246W,YDR485C,1,7.9435616,0.677142858505249,0.2316715568304062,0.011326049454510212
YIL056W,YML102W,0,7.939918,0.6752136945724487,0.2316715568304062,0.011426280252635479
YHR154W,YCR086W,0,7.9257727,0.6732954382896423,0.2316715568304062,0.011526511050760746
YDR392W,YPL075W,1,7.924904,0.6742209792137146,0.2326490730047226,0.011526511050760746
YMR043W,YML026C,0,7.913055,0.6723163723945618,0.2326490730047226,0.011626741848886013
YCR084C,YLR032W,1,7.908461,0.6732394099235535,0.233626589179039,0.011626741848886013
YNL173C,YPL144W,0,7.9057393,0.6713483333587646,0.233626589179039,0.011726971715688705
YLR442C,YDR145W,1,7.891346,0.6722689270973206,0.2346041053533554,0.011726971715688705
YHR090C,YML121W,1,7.8883295,0.673184335231781,0.23558162152767181,0.011726971715688705
YHR043C,YJL125C,0,7.8849497,0.6713091731071472,0.23558162152767181,0.011827202513813972
YNL113W,YBR103W,0,7.882033,0.6694444417953491,0.23558162152767181,0.01192743331193924
YNR016C,YNL325C,0,7.877354,0.6675900220870972,0.23558162152767181,0.012027663178741932
YFR027W,YEL018W,1,7.8729606,0.6685082912445068,0.23655913770198822,0.012027663178741932
YBL008W,YGR275W,1,7.8706026,0.6694214940071106,0.23753665387630463,0.012027663178741932
YBR114W,YBL024W,0,7.866295,0.6675823926925659,0.23753665387630463,0.012127893976867199
YDR279W,YML023C,0,7.8620195,0.6657534241676331,0.23753665387630463,0.012228124774992466
YDR097C,YNL098C,0,7.8466244,0.6639344096183777,0.23753665387630463,0.012328355573117733
YML127W,YPR046W,0,7.845993,0.6621253490447998,0.23753665387630463,0.012428585439920425
YML102W,YNL215W,1,7.8428082,0.6630434989929199,0.23851417005062103,0.012428585439920425
YPR169W,YNL159C,0,7.8265467,0.6612465977668762,0.23851417005062103,0.012528816238045692
YMR042W,YKL046C,0,7.824491,0.6594594717025757,0.23851417005062103,0.01262904703617096
YPR025C,YLR116W,0,7.8112373,0.657681941986084,0.23851417005062103,0.012729276902973652
YKR092C,YIL136W,0,7.810436,0.6559139490127563,0.23851417005062103,0.012829507701098919
YLR032W,YHR052W,0,7.809091,0.6541554927825928,0.23851417005062103,0.012929738499224186
YBR010W,YGL066W,1,7.8032823,0.6550801992416382,0.23949168622493744,0.012929738499224186
YGR275W,YLL022C,1,7.799115,0.656000018119812,0.24046920239925385,0.012929738499224186
YEL018W,YBR081C,1,7.7989445,0.6569148898124695,0.24144671857357025,0.012929738499224186
YEL055C,YBR149W,0,7.782802,0.6551724076271057,0.24144671857357025,0.013029969297349453
YLR032W,YJR136C,1,7.782387,0.6560846567153931,0.24242424964904785,0.013029969297349453
YDR198C,YDR225W,0,7.7774982,0.6543535590171814,0.24242424964904785,0.013130199164152145
YCR020W-B,YJL127C,1,7.7695165,0.6552631855010986,0.24340176582336426,0.013130199164152145
YOR123C,YPL254W,1,7.7682676,0.6561679840087891,0.24437928199768066,0.013130199164152145
YBL069W,YGR256W,0,7.7631793,0.6544502377510071,0.24437928199768066,0.013230429962277412
YDR180W,YPR085C,1,7.7528296,0.6553524732589722,0.24535679817199707,0.013230429962277412
YKL112W,YMR247C,1,7.7516947,0.65625,0.24633431434631348,0.013230429962277412
YNL030W,YJL102W,0,7.749363,0.6545454263687134,0.24633431434631348,0.01333066076040268
YJR035W,YLR288C,1,7.7440147,0.6554403901100159,0.24731183052062988,0.01333066076040268
YOL006C,YLR324W,0,7.742094,0.6537467837333679,0.24731183052062988,0.013430890627205372
YDL095W,YPL095C,0,7.7418222,0.6520618796348572,0.24731183052062988,0.013531121425330639
YLR247C,YMR247C,1,7.7411976,0.6529563069343567,0.2482893466949463,0.013531121425330639
YBR188C,YIL122W,0,7.7387094,0.6512820720672607,0.2482893466949463,0.013631352223455906
YPL254W,YDR176W,1,7.723748,0.6521739363670349,0.2492668628692627,0.013631352223455906
YNL025C,YPL226W,0,7.7213087,0.6505101919174194,0.2492668628692627,0.013731583021581173
YBL052C,YDR071C,1,7.7093353,0.6513994932174683,0.2502443790435791,0.013731583021581173
YOL006C,YJL094C,0,7.706986,0.6497461795806885,0.2502443790435791,0.013831812888383865
YBL052C,YLR032W,1,7.703903,0.650632917881012,0.2512218952178955,0.013831812888383865
YAL034C,YOL017W,1,7.6798306,0.6515151262283325,0.2521994113922119,0.013831812888383865
YBR009C,YMR287C,0,7.6735387,0.6498740315437317,0.2521994113922119,0.013932043686509132
YLR017W,YDL232W,0,7.6691704,0.6482412219047546,0.2521994113922119,0.0140322744846344
YDR145W,YMR076C,1,7.664145,0.6491228342056274,0.2531769275665283,0.0140322744846344
YOR319W,YJL062W,0,7.662548,0.6474999785423279,0.2531769275665283,0.014132504351437092
YOR209C,YPR023C,1,7.662509,0.6483790278434753,0.2541544437408447,0.014132504351437092
YDR334W,YDL106C,1,7.6612644,0.6492537260055542,0.25513195991516113,0.014132504351437092
YNL214W,YMR318C,0,7.656582,0.6476426720619202,0.25513195991516113,0.014232735149562359
YDL076C,YMR069W,1,7.649917,0.6485148668289185,0.25610947608947754,0.014232735149562359
YDL145C,YIL009C-A,0,7.642256,0.6469135880470276,0.25610947608947754,0.014332965947687626
YFR013W,YOL017W,1,7.6351438,0.6477832794189453,0.25708699226379395,0.014332965947687626
YCR042C,YFR047C,0,7.6345296,0.6461916565895081,0.25708699226379395,0.014433196745812893
YBR014C,YIL078W,0,7.611557,0.6446078419685364,0.25708699226379395,0.014533426612615585
YER120W,YDL056W,0,7.6025825,0.6430317759513855,0.25708699226379395,0.014633657410740852
YDR469W,YOR080W,1,7.600427,0.6439024209976196,0.25806450843811035,0.014633657410740852
YOR224C,YFR034C,0,7.5978355,0.6423357725143433,0.25806450843811035,0.01473388820886612
YBR279W,YJR140C,1,7.592087,0.643203854560852,0.25904202461242676,0.01473388820886612
YDL042C,YOR229W,1,7.5900307,0.6440678238868713,0.26001954078674316,0.01473388820886612
YOR141C,YOR080W,1,7.5843077,0.6449275612831116,0.26099705696105957,0.01473388820886612
YPL235W,YLR102C,1,7.5780144,0.6457831263542175,0.261974573135376,0.01473388820886612
YDR397C,YKL209C,0,7.5757523,0.6442307829856873,0.261974573135376,0.014834118075668812
YCR020W-B,YNL021W,1,7.5641994,0.6450839042663574,0.2629520893096924,0.014834118075668812
YDR297W,YGR009C,0,7.5458164,0.6435406804084778,0.2629520893096924,0.014934348873794079
YHR031C,YDR435C,0,7.5357733,0.6420047879219055,0.2629520893096924,0.015034579671919346
YLR399C,YDL150W,0,7.5343847,0.6404761672019958,0.2629520893096924,0.015134810470044613
YPL055C,YLR085C,1,7.5275974,0.6413301825523376,0.2639296054840088,0.015134810470044613
YLR003C,YLR385C,0,7.525178,0.6398104429244995,0.2639296054840088,0.015235040336847305
YHL002W,YML026C,0,7.515003,0.6382978558540344,0.2639296054840088,0.015335271134972572
YHL016C,YLR100W,0,7.511586,0.6367924809455872,0.2639296054840088,0.01543550193309784
YDR176W,YER086W,0,7.509344,0.6352941393852234,0.2639296054840088,0.015535731799900532
YMR236W,YLR175W,0,7.505291,0.6338028311729431,0.2639296054840088,0.015635963529348373
YOR189W,YKR029C,1,7.4932423,0.6346604228019714,0.2649071216583252,0.015635963529348373
YMR205C,YDL214C,0,7.488739,0.6331775784492493,0.2649071216583252,0.01573619246482849
YAR015W,YMR040W,0,7.4846225,0.631701648235321,0.2649071216583252,0.015836423262953758
YIL150C,YKL160W,1,7.4841986,0.6325581669807434,0.265884667634964,0.015836423262953758
YAL019W,YER164W,1,7.483321,0.6334106922149658,0.2668621838092804,0.015836423262953758
YJL168C,YHL025W,1,7.477031,0.6342592835426331,0.2678396999835968,0.015836423262953758
YKL112W,YIL084C,1,7.47696,0.6351039409637451,0.2688172161579132,0.015836423262953758
YLR055C,YDR110W,1,7.4712276,0.6359447240829468,0.2697947323322296,0.015836423262953758
YCR092C,YDR365C,0,7.456936,0.634482741355896,0.2697947323322296,0.015936654061079025
YOL148C,YDL081C,0,7.455927,0.6330274939537048,0.2697947323322296,0.016036884859204292
YPL049C,YPL111W,0,7.4432454,0.6315789222717285,0.2697947323322296,0.01613711565732956
YEL018W,YPL082C,1,7.4406548,0.6324200630187988,0.270772248506546,0.01613711565732956
YAL011W,YLR002C,0,7.4300575,0.6309794783592224,0.270772248506546,0.016237346455454826
YGR063C,YML021C,0,7.422294,0.6295454502105713,0.270772248506546,0.016337577253580093
YLR095C,YIL126W,1,7.419554,0.6303854584693909,0.2717497646808624,0.016337577253580093
YDR400W,YGL191W,0,7.3923683,0.6289592981338501,0.2717497646808624,0.01643780618906021
YDR334W,YLR333C,0,7.380047,0.6275395154953003,0.2717497646808624,0.016538036987185478
YOR174W,YKR049C,0,7.3692513,0.6261261105537415,0.2717497646808624,0.016638267785310745
YPL224C,YNL151C,0,7.36304,0.6247190833091736,0.2717497646808624,0.016738498583436012
YNL133C,YGL084C,0,7.3596992,0.6233183741569519,0.2717497646808624,0.01683872938156128
YDR303C,YDL042C,1,7.358763,0.6241610646247864,0.27272728085517883,0.01683872938156128
YBR009C,YBR112C,1,7.346677,0.625,0.27370479702949524,0.01683872938156128
YHR090C,YPR133C,1,7.341641,0.6258351802825928,0.27468231320381165,0.01683872938156128
YBR245C,YOR080W,1,7.339356,0.6266666650772095,0.27565982937812805,0.01683872938156128
YBL080C,YER060W-A,0,7.3376904,0.6252771615982056,0.27565982937812805,0.016938960179686546
YIR033W,YCR034W,0,7.3376546,0.6238937973976135,0.27565982937812805,0.017039190977811813
YBR175W,YNL021W,1,7.3267803,0.6247240900993347,0.27663734555244446,0.017039190977811813
YGL086W,YKR048C,0,7.326643,0.6233479976654053,0.27663734555244446,0.01713941991329193
YEL018W,YLR385C,1,7.3262243,0.6241758465766907,0.27761486172676086,0.01713941991329193
YHR064C,YOL017W,0,7.324419,0.6228070259094238,0.27761486172676086,0.017239650711417198
YDR096W,YPL047W,1,7.322014,0.6236323714256287,0.27859237790107727,0.017239650711417198
YHR090C,YLL001W,0,7.314521,0.6222707629203796,0.27859237790107727,0.017339881509542465
YER088C,YDL003W,0,7.3136053,0.6209150552749634,0.27859237790107727,0.017440112307667732
YOR141C,YDR325W,1,7.3127823,0.6217391490936279,0.2795698940753937,0.017440112307667732
YLR286C,YFR051C,0,7.3106995,0.6203904747962952,0.2795698940753937,0.017540343105793
YEL044W,YNL215W,1,7.305451,0.6212121248245239,0.2805474102497101,0.017540343105793
YML041C,YNR053C,0,7.3015695,0.6198704242706299,0.2805474102497101,0.017640573903918266
YBR114W,YGL226W,0,7.291424,0.618534505367279,0.2805474102497101,0.017740804702043533
YLR085C,YBR089C-A,1,7.2883787,0.6193548440933228,0.2815249264240265,0.017740804702043533
YER147C,YBR136W,1,7.2733564,0.6201716661453247,0.2825024425983429,0.017740804702043533
YDL074C,YPL254W,1,7.271065,0.6209850311279297,0.2834799587726593,0.017740804702043533
YGL073W,YJL148W,0,7.2619925,0.6196581125259399,0.2834799587726593,0.01784103363752365
YMR076C,YPL181W,1,7.259699,0.6204690933227539,0.2844574749469757,0.01784103363752365
YMR179W,YOR064C,1,7.2527266,0.6212766170501709,0.2854349911212921,0.01784103363752365
YMR022W,YDR227W,1,7.252613,0.6220806837081909,0.2864125072956085,0.01784103363752365
YDR448W,YLR044C,0,7.2452497,0.6207627058029175,0.2864125072956085,0.017941264435648918
YDR325W,YPL016W,1,7.243984,0.621564507484436,0.2873900234699249,0.017941264435648918
YEL018W,YDR176W,1,7.236017,0.6223628520965576,0.28836753964424133,0.017941264435648918
YOR249C,YNL206C,1,7.235651,0.6231579184532166,0.28934505581855774,0.017941264435648918
YDL074C,YIL084C,1,7.230921,0.6239495873451233,0.29032257199287415,0.017941264435648918
YPL015C,YBR112C,1,7.2288733,0.6247379183769226,0.29130008816719055,0.017941264435648918
YGL099W,YOL110W,0,7.228416,0.6234309673309326,0.29130008816719055,0.018041495233774185
YCR065W,YNR027W,0,7.2283254,0.6221294403076172,0.29130008816719055,0.018141726031899452
YDR207C,YEL018W,1,7.227194,0.6229166388511658,0.29227760434150696,0.018141726031899452
YDR439W,YPR018W,1,7.2249374,0.6237006187438965,0.29325512051582336,0.018141726031899452
YGL240W,YGR274C,1,7.2170553,0.6244813203811646,0.29423263669013977,0.018141726031899452
YDR145W,YLR423C,0,7.211623,0.6231883764266968,0.29423263669013977,0.01824195683002472
YJR060W,YGR132C,0,7.2105536,0.6219007968902588,0.29423263669013977,0.018342187628149986
YBR095C,YOR189W,1,7.208189,0.6226804256439209,0.2952101528644562,0.018342187628149986
YML074C,YGL066W,1,7.2057533,0.6234567761421204,0.2961876690387726,0.018342187628149986
YKL125W,YMR106C,0,7.2042046,0.6221765875816345,0.2961876690387726,0.018442418426275253
YDR167W,YDR499W,1,7.198018,0.6229507923126221,0.2971652150154114,0.018442418426275253
YBL002W,YBR199W,0,7.196002,0.6216768622398376,0.2971652150154114,0.01854264736175537
YMR125W,YOR244W,0,7.189789,0.6204081773757935,0.2971652150154114,0.018642878159880638
YPL254W,YJL127C,1,7.1879945,0.6211812496185303,0.2981427311897278,0.018642878159880638
YER169W,YLR033W,1,7.1853595,0.6219512224197388,0.2991202473640442,0.018642878159880638
YER147C,YNL215W,1,7.1851406,0.6227180361747742,0.3000977635383606,0.018642878159880638
YNL031C,YJR060W,1,7.1845665,0.623481810092926,0.301075279712677,0.018642878159880638
YMR236W,YCL010C,1,7.1785545,0.6242424249649048,0.3020527958869934,0.018642878159880638
YER161C,YGL207W,1,7.1775064,0.625,0.3030303120613098,0.018642878159880638
YDR092W,YPL198W,0,7.174346,0.6237424612045288,0.3030303120613098,0.018743108958005905
YGR063C,YBR103W,1,7.1742387,0.6244980096817017,0.3040078282356262,0.018743108958005905
YML076C,YNL015W,0,7.169693,0.6232464909553528,0.3040078282356262,0.018843339756131172
YDL076C,YLR045C,0,7.1571503,0.621999979019165,0.3040078282356262,0.01894357055425644
YHR121W,YDR481C,0,7.1533213,0.6207584738731384,0.3040078282356262,0.019043801352381706
YOL148C,YDR184C,0,7.1517797,0.6195219159126282,0.3040078282356262,0.019144032150506973
YMR042W,YMR060C,0,7.1484075,0.6182902455329895,0.3040078282356262,0.01924426108598709
YLR002C,YOR100C,0,7.1475034,0.6170634627342224,0.3040078282356262,0.019344491884112358
YOL135C,YDR155C,0,7.1456885,0.6158415675163269,0.3040078282356262,0.019444722682237625
YJL080C,YMR080C,1,7.1344852,0.6166008114814758,0.3049853444099426,0.019444722682237625
YLR033W,YOR249C,1,7.1318088,0.6173570156097412,0.30596286058425903,0.019444722682237625
YFR013W,YDR469W,1,7.1309023,0.6181102395057678,0.30694037675857544,0.019444722682237625
YMR263W,YGR002C,1,7.1205616,0.6188604831695557,0.30791789293289185,0.019444722682237625
YMR022W,YKR029C,1,7.115859,0.6196078658103943,0.30889540910720825,0.019444722682237625
YDL076C,YJL127C,1,7.115293,0.6203522682189941,0.30987292528152466,0.019444722682237625
YPL181W,YKL062W,1,7.1149497,0.62109375,0.31085044145584106,0.019444722682237625
YOR304W,YMR127C,1,7.1146083,0.6218323707580566,0.31182795763015747,0.019444722682237625
YHR090C,YMR298W,0,7.112728,0.6206225752830505,0.31182795763015747,0.019544953480362892
YNL246W,YMR076C,1,7.1124997,0.6213592290878296,0.3128054738044739,0.019544953480362892
YLR052W,YLR221C,0,7.100954,0.6201550364494324,0.3128054738044739,0.01964518427848816
YGR099W,YPL079W,0,7.100254,0.6189554929733276,0.3128054738044739,0.019745415076613426
YBR073W,YDL106C,1,7.096202,0.6196911334991455,0.3137829899787903,0.019745415076613426
YOR230W,YJL115W,1,7.095027,0.6204239130020142,0.3147605061531067,0.019745415076613426
YLR085C,YHR042W,0,7.0919075,0.6192307472229004,0.3147605061531067,0.019845645874738693
YDL002C,YLL022C,1,7.091177,0.6199616193771362,0.3157380223274231,0.019845645874738693
YOR064C,YER161C,1,7.090241,0.6206896305084229,0.3167155385017395,0.019845645874738693
YDR213W,YEL021W,0,7.0874157,0.6195028424263,0.3167155385017395,0.01994587481021881
YHR118C,YBL008W,1,7.0806065,0.6202290058135986,0.3176930546760559,0.01994587481021881
YDR097C,YJR155W,0,7.074199,0.6190476417541504,0.3176930546760559,0.020046105608344078
YOR191W,YJL210W,0,7.068584,0.6178707480430603,0.3176930546760559,0.020146336406469345
YDR485C,YLR288C,1,7.059817,0.6185958385467529,0.3186705708503723,0.020146336406469345
YBR297W,YOR319W,0,7.057246,0.6174242496490479,0.3186705708503723,0.020246567204594612
YPL061W,YKL059C,0,7.054308,0.6162570714950562,0.3186705708503723,0.02034679800271988
YDR028C,YOR189W,1,7.0452857,0.6169811487197876,0.3196480870246887,0.02034679800271988
YBR275C,YBR279W,1,7.0409956,0.6177024245262146,0.3206256031990051,0.02034679800271988
YNL068C,YJL137C,0,7.0373783,0.61654132604599,0.3206256031990051,0.020447028800845146
YDR363W,YAL019W,1,7.0312166,0.6172608137130737,0.32160311937332153,0.020447028800845146
YIR017C,YER172C,0,7.027218,0.6161048412322998,0.32160311937332153,0.020547259598970413
YGL013C,YLR102C,0,7.02619,0.6149532794952393,0.32160311937332153,0.02064748853445053
YBL023C,YJL057C,0,7.0242996,0.6138059496879578,0.32160311937332153,0.020747719332575798
YIR002C,YOR182C,0,7.021737,0.6126629710197449,0.32160311937332153,0.020847950130701065
YLR442C,YDR363W,1,7.0194883,0.613382875919342,0.32258063554763794,0.020847950130701065
YLR116W,YFL039C,0,7.017507,0.6122449040412903,0.32258063554763794,0.020948180928826332
YBR114W,YMR139W,0,7.0167875,0.6111111044883728,0.32258063554763794,0.0210484117269516
YCL010C,YIL126W,1,7.0133433,0.611829936504364,0.32355815172195435,0.0210484117269516
YER159C,YMR001C,0,7.012338,0.6107010841369629,0.32355815172195435,0.021148642525076866
YIL112W,YDR303C,0,7.012097,0.609576404094696,0.32355815172195435,0.021248873323202133
YOL030W,YLR333C,0,7.0112715,0.6084558963775635,0.32355815172195435,0.02134910225868225
YFR047C,YCR072C,0,7.0034328,0.6073394417762756,0.32355815172195435,0.021449333056807518
YER120W,YMR022W,1,7.0018344,0.6080586314201355,0.32453566789627075,0.021449333056807518
YNL216W,YNL021W,1,6.998678,0.6087751388549805,0.32551318407058716,0.021449333056807518
YNL097C,YJL115W,1,6.996728,0.6094890236854553,0.32649070024490356,0.021449333056807518
YJL122W,YCR098C,0,6.994153,0.6083788871765137,0.32649070024490356,0.021549563854932785
YIL053W,YKL002W,0,6.9895506,0.607272744178772,0.32649070024490356,0.021649794653058052
YPR175W,YDR354W,0,6.9621906,0.6061705946922302,0.32649070024490356,0.02175002545118332
YER161C,YJL156C,0,6.958926,0.6050724387168884,0.32649070024490356,0.021850256249308586
YPR179C,YBR198C,1,6.958559,0.6057866215705872,0.32746821641921997,0.021850256249308586
YLR223C,YOL148C,1,6.9567375,0.6064981818199158,0.32844576239585876,0.021850256249308586
YPR082C,YMR127C,0,6.956629,0.6054053902626038,0.32844576239585876,0.021950487047433853
YMR263W,YML069W,1,6.9507885,0.6061151027679443,0.32942327857017517,0.021950487047433853
YML041C,YLR399C,1,6.9423137,0.6068222522735596,0.3304007947444916,0.021950487047433853
YDL051W,YPL091W,0,6.9303517,0.6057347655296326,0.3304007947444916,0.02205071598291397
YOL012C,YLR357W,1,6.91788,0.6064400672912598,0.331378310918808,0.02205071598291397
YHR154W,YHR090C,0,6.9141483,0.6053571701049805,0.331378310918808,0.022150946781039238
YKR077W,YIR012W,0,6.9135265,0.6042780876159668,0.331378310918808,0.022251177579164505
YDR448W,YDR168W,0,6.9114866,0.6032028198242188,0.331378310918808,0.022351408377289772
YBR198C,YLR032W,1,6.906891,0.6039076447486877,0.3323558270931244,0.022351408377289772
YNL312W,YGR002C,0,6.904875,0.6028369069099426,0.3323558270931244,0.02245163917541504
YJL115W,YIL016W,0,6.9032288,0.6017699241638184,0.3323558270931244,0.022551869973540306
YLR015W,YHL038C,0,6.90282,0.6007066965103149,0.3323558270931244,0.022652098909020424
YBL008W,YIR033W,1,6.901886,0.6014109253883362,0.3333333432674408,0.022652098909020424
YNL021W,YPL028W,0,6.9014063,0.6003521084785461,0.3333333432674408,0.02275232970714569
YOR293W,YKL045W,0,6.898694,0.5992969870567322,0.3333333432674408,0.022852560505270958
YGR234W,YDR104C,0,6.8957996,0.5982456207275391,0.3333333432674408,0.022952791303396225
YKL062W,YNL135C,1,6.89149,0.5989491939544678,0.3343108594417572,0.022952791303396225
YNL206C,YGL245W,0,6.8849516,0.5979021191596985,0.3343108594417572,0.023053022101521492
YIR009W,YML091C,0,6.873678,0.5968586206436157,0.3343108594417572,0.02315325289964676
YDR181C,YKR010C,1,6.871579,0.5975610017776489,0.3352883756160736,0.02315325289964676
YER120W,YDR028C,1,6.8663826,0.5982608795166016,0.33626589179039,0.02315325289964676
YAL013W,YDR334W,1,6.8656735,0.5989583134651184,0.3372434079647064,0.02315325289964676
YGR063C,YDR363W,1,6.8642464,0.5996533632278442,0.3382209241390228,0.02315325289964676
YLR059C,YDL103C,0,6.860351,0.5986159443855286,0.3382209241390228,0.023253483697772026
YFL013C,YOR229W,1,6.8597307,0.5993091464042664,0.33919844031333923,0.023253483697772026
YER169W,YDR005C,1,6.859701,0.6000000238418579,0.34017595648765564,0.023253483697772026
YNL206C,YIR012W,0,6.8595667,0.5989673137664795,0.34017595648765564,0.023353712633252144
YFL024C,YPR145W,0,6.8577456,0.5979381203651428,0.34017595648765564,0.02345394343137741
YJL076W,YBR231C,1,6.8567896,0.5986278057098389,0.34115347266197205,0.02345394343137741
YDR295C,YDR176W,1,6.8487463,0.5993150472640991,0.34213098883628845,0.02345394343137741
YEL018W,YLR086W,1,6.8366957,0.6000000238418579,0.34310850501060486,0.02345394343137741
YML074C,YPL005W,0,6.8357635,0.5989761352539062,0.34310850501060486,0.023554174229502678
YPL055C,YMR075W,1,6.8341646,0.599659264087677,0.34408602118492126,0.023554174229502678
YBR090C-A,YGL023C,0,6.829936,0.5986394286155701,0.34408602118492126,0.023654405027627945
YDR397C,YJL100W,0,6.8296585,0.5976231098175049,0.34408602118492126,0.023754635825753212
YLR055C,YGL076C,0,6.8252068,0.5966101884841919,0.34408602118492126,0.02385486662387848
YNR024W,YBL047C,0,6.824874,0.5956006646156311,0.34408602118492126,0.023955097422003746
YBR073W,YBL093C,0,6.8232,0.5945945978164673,0.34408602118492126,0.024055326357483864
YGL012W,YGL194C,0,6.8131847,0.5935919284820557,0.34408602118492126,0.02415555715560913
YIR017C,YBR009C,0,6.8127494,0.5925925970077515,0.34408602118492126,0.024255787953734398
YML011C,YLR439W,0,6.808921,0.5915966629981995,0.34408602118492126,0.024356018751859665
YDR439W,YOL017W,1,6.8081436,0.5922818779945374,0.34506353735923767,0.024356018751859665
YML114C,YPL057C,0,6.803046,0.591289758682251,0.34506353735923767,0.024456249549984932
YBL052C,YDR448W,1,6.8025,0.5919732451438904,0.3460410535335541,0.024456249549984932
YDR334W,YLR432W,0,6.7922935,0.5909850001335144,0.3460410535335541,0.0245564803481102
YBR275C,YMR284W,1,6.789461,0.5916666388511658,0.3470185697078705,0.0245564803481102
YNL123W,YMR263W,0,6.7862844,0.5906822085380554,0.3470185697078705,0.024656711146235466
YNL097C,YBR195C,1,6.7852497,0.5913621187210083,0.3479960858821869,0.024656711146235466
YLR266C,YNR053C,0,6.776777,0.5903814435005188,0.3479960858821869,0.024756940081715584
YAL013W,YDR225W,1,6.773079,0.5910596251487732,0.3489736020565033,0.024756940081715584
YDR448W,YHR056C,1,6.7730494,0.5917355418205261,0.3499511182308197,0.024756940081715584
YBR279W,YML127W,1,6.772444,0.5924092531204224,0.3509286344051361,0.024756940081715584
YDR180W,YOL001W,0,6.771903,0.5914332866668701,0.3509286344051361,0.02485717087984085
YLR335W,YNL031C,1,6.7708983,0.5921052694320679,0.3519061505794525,0.02485717087984085
YEL044W,YAR071W,0,6.7676544,0.5911329984664917,0.3519061505794525,0.024957401677966118
YJR035W,YNL186W,1,6.765669,0.591803252696991,0.3528836667537689,0.024957401677966118
YNL214W,YLR388W,0,6.7643485,0.5908346772193909,0.3528836667537689,0.025057632476091385
YEL018W,YLR210W,0,6.7637205,0.5898692607879639,0.3528836667537689,0.025157863274216652
YNL246W,YKL040C,0,6.7589684,0.58890700340271,0.3528836667537689,0.02525809407234192
YIL150C,YGL025C,0,6.757845,0.5879479050636292,0.3528836667537689,0.025358324870467186
YDR469W,YOL001W,0,6.753742,0.5869918465614319,0.3528836667537689,0.025458553805947304
YGR094W,YDR533C,0,6.74918,0.5860389471054077,0.3528836667537689,0.02555878460407257
YPR101W,YBL006C,0,6.7472734,0.5850891470909119,0.3528836667537689,0.025659015402197838
YPR025C,YOR330C,0,6.746607,0.5841423869132996,0.3528836667537689,0.025759246200323105
YDR500C,YNL265C,0,6.740685,0.5831987261772156,0.3528836667537689,0.025859476998448372
YDR513W,YLR116W,0,6.7381124,0.5822580456733704,0.3528836667537689,0.02595970779657364
YNL133C,YBR023C,0,6.734865,0.5813204646110535,0.3528836667537689,0.026059938594698906
YML069W,YPL183C,0,6.727975,0.5803858637809753,0.3528836667537689,0.026160167530179024
YDR071C,YLR399C,1,6.7278857,0.5810593962669373,0.3538611829280853,0.026160167530179024
YBR236C,YNL216W,0,6.720417,0.5801281929016113,0.3538611829280853,0.02626039832830429
YDR004W,YLR109W,0,6.717533,0.579200029373169,0.3538611829280853,0.026360629126429558
YLR022C,YOL138C,0,6.7165775,0.5782747864723206,0.3538611829280853,0.026460859924554825
YBR198C,YLR085C,1,6.713358,0.5789473652839661,0.35483869910240173,0.026460859924554825
YGL070C,YJL210W,0,6.7122893,0.5780254602432251,0.35483869910240173,0.026561090722680092
YOR141C,YDL042C,1,6.707465,0.5786963701248169,0.35581621527671814,0.026561090722680092
YNL206C,YNL132W,0,6.704505,0.5777778029441833,0.35581621527671814,0.02666132152080536
YOR295W,YDR191W,1,6.70415,0.5784469246864319,0.35679373145103455,0.02666132152080536
YEL018W,YBR085W,0,6.7014136,0.577531635761261,0.35679373145103455,0.026761552318930626
YBR215W,YGR002C,1,6.699279,0.578199028968811,0.35777124762535095,0.026761552318930626
YBR289W,YOR092W,0,6.6975164,0.5772870779037476,0.35777124762535095,0.026861781254410744
YIL084C,YDR145W,1,6.6926646,0.5779527425765991,0.35874876379966736,0.026861781254410744
YKL049C,YHR026W,0,6.6913147,0.5770440101623535,0.35874876379966736,0.02696201205253601
YJL115W,YBR079C,0,6.689536,0.5761381387710571,0.35874876379966736,0.027062242850661278
YFR036W,YNL031C,1,6.6891217,0.5768024921417236,0.35972630977630615,0.027062242850661278
YBL008W,YLR223C,1,6.681443,0.577464759349823,0.36070382595062256,0.027062242850661278
YFR008W,YFR032C-A,0,6.6790104,0.5765625238418579,0.36070382595062256,0.027162473648786545
YDL042C,YDL197C,1,6.6718035,0.5772230625152588,0.36168134212493896,0.027162473648786545
YJR060W,YDR439W,1,6.6679573,0.5778816342353821,0.36265885829925537,0.027162473648786545
YGL128C,YKL092C,0,6.666524,0.5769829154014587,0.36265885829925537,0.027262704446911812
YFR004W,YBR156C,0,6.664457,0.5760869383811951,0.36265885829925537,0.02736293524503708
YMR183C,YMR037C,0,6.661788,0.5751938223838806,0.36265885829925537,0.027463166043162346
YNL088W,YMR002W,0,6.6511836,0.574303388595581,0.36265885829925537,0.027563394978642464
YGL022W,YLR119W,0,6.6497526,0.5734157562255859,0.36265885829925537,0.02766362577676773
YMR106C,YJR060W,1,6.6428924,0.5740740895271301,0.3636363744735718,0.02766362577676773
YNL039W,YDL138W,0,6.640913,0.5731894969940186,0.3636363744735718,0.027763856574892998
YDR499W,YPR018W,1,6.638915,0.573846161365509,0.3646138906478882,0.027763856574892998
YML008C,YLR095C,0,6.637562,0.5729646682739258,0.3646138906478882,0.027864087373018265
YLL011W,YDL002C,0,6.631071,0.5720859169960022,0.3646138906478882,0.027964318171143532
YLR033W,YGL194C,1,6.621455,0.5727412104606628,0.3655914068222046,0.027964318171143532
YJL076W,YHR043C,0,6.62078,0.571865439414978,0.3655914068222046,0.0280645489692688
YDR399W,YGL093W,0,6.6182756,0.5709923505783081,0.3655914068222046,0.028164779767394066
YGR002C,YKR010C,1,6.6171885,0.5716463327407837,0.366568922996521,0.028164779767394066
YPR156C,YOR210W,0,6.6167936,0.5707762837409973,0.366568922996521,0.028265008702874184
YBL023C,YMR202W,0,6.611821,0.5699087977409363,0.366568922996521,0.02836523950099945
YLR321C,YNL021W,1,6.610683,0.5705614686012268,0.3675464391708374,0.02836523950099945
YGL073W,YCL059C,0,6.609617,0.5696969628334045,0.3675464391708374,0.028465470299124718
YFR034C,YBR202W,1,6.6094303,0.5703479647636414,0.3685239553451538,0.028465470299124718
YBR088C,YLR128W,0,6.6018524,0.5694863796234131,0.3685239553451538,0.028565701097249985
YJR060W,YEL032W,1,6.600955,0.570135772228241,0.3695014715194702,0.028565701097249985
YNL161W,YKR094C,0,6.59824,0.5692771077156067,0.3695014715194702,0.028665931895375252
YDR397C,YPL246C,0,6.596287,0.5684210658073425,0.3695014715194702,0.02876616269350052
YOR025W,YLR086W,1,6.5958586,0.5690690875053406,0.3704789876937866,0.02876616269350052
YFR031C,YOR249C,1,6.594116,0.569715142250061,0.371456503868103,0.02876616269350052
YOR141C,YJR060W,1,6.585518,0.5703592896461487,0.37243402004241943,0.02876616269350052
YOL135C,YER051W,0,6.5848427,0.5695067048072815,0.37243402004241943,0.028866393491625786
YOR056C,YJL153C,0,6.583501,0.5686567425727844,0.37243402004241943,0.028966622427105904
YLR214W,YMR263W,0,6.5811863,0.5678092241287231,0.37243402004241943,0.02906685322523117
YIL131C,YGL067W,0,6.580974,0.5669642686843872,0.37243402004241943,0.029167084023356438
YOL012C,YLR335W,1,6.575209,0.5676077008247375,0.37341153621673584,0.029167084023356438
YLR357W,YDR397C,1,6.5734425,0.5682492852210999,0.37438905239105225,0.029167084023356438
YPR168W,YMR195W,0,6.5731907,0.5674074292182922,0.37438905239105225,0.029267314821481705
YHR090C,YPL076W,0,6.5730133,0.5665680766105652,0.37438905239105225,0.029367545619606972
YGL092W,YER032W,0,6.572699,0.5657311677932739,0.37438905239105225,0.02946777641773224
YFR036W,YDR181C,1,6.5668697,0.5663716793060303,0.37536656856536865,0.02946777641773224
YEL044W,YIL126W,1,6.55867,0.5670102834701538,0.37634408473968506,0.02946777641773224
YIL150C,YJR134C,0,6.5545764,0.5661764740943909,0.37634408473968506,0.029568007215857506
YLR335W,YOR244W,1,6.552547,0.5668135285377502,0.37732160091400146,0.029568007215857506
YGL207W,YNL107W,1,6.54744,0.5674486756324768,0.37829911708831787,0.029568007215857506
YNL245C,YJR144W,0,6.545759,0.5666178464889526,0.37829911708831787,0.029668236151337624
YHR206W,YIL153W,0,6.5430927,0.5657894611358643,0.37829911708831787,0.02976846694946289
YLR247C,YKR029C,1,6.5406933,0.5664233565330505,0.3792766332626343,0.02976846694946289
YCR020W-B,YDR176W,1,6.5363846,0.5670554041862488,0.3802541494369507,0.02976846694946289
YMR106C,YPL082C,1,6.535263,0.567685604095459,0.3812316656112671,0.02976846694946289
YHR121W,YGR157W,0,6.5335135,0.5668604373931885,0.3812316656112671,0.029868697747588158
YNL246W,YDR176W,1,6.523056,0.5674890875816345,0.3822091817855835,0.029868697747588158
YDR014W,YNR011C,0,6.5214996,0.5666666626930237,0.3822091817855835,0.029968928545713425
YDL135C,YLR399C,0,6.5197625,0.5658466219902039,0.3822091817855835,0.03006915934383869
YDR191W,YOR189W,1,6.5144434,0.5664739608764648,0.3831866979598999,0.03006915934383869
YOR155C,YCR086W,0,6.5076,0.5656565427780151,0.3831866979598999,0.03016939014196396
YLR442C,YLR432W,0,6.5049925,0.5648415088653564,0.3831866979598999,0.030269620940089226
YCL010C,YDR363W,1,6.5026855,0.5654676556587219,0.3841642141342163,0.030269620940089226
YKL112W,YER012W,0,6.5010796,0.5646551847457886,0.3841642141342163,0.030369849875569344
YJR050W,YCR005C,0,6.498606,0.5638450384140015,0.3841642141342163,0.03047008067369461
YIR033W,YLR052W,1,6.497122,0.5644699335098267,0.3851417303085327,0.03047008067369461
YGL013C,YDL191W,0,6.4961433,0.5636623501777649,0.3851417303085327,0.030570311471819878
YJR082C,YLR032W,1,6.4953303,0.5642856955528259,0.3861192464828491,0.030570311471819878
YNL216W,YML069W,1,6.4948287,0.5649072527885437,0.3870967626571655,0.030570311471819878
YLR085C,YDR469W,1,6.490345,0.565527081489563,0.38807427883148193,0.030570311471819878
YDR120C,YPL172C,0,6.4897633,0.5647225975990295,0.38807427883148193,0.030670542269945145
YPR132W,YMR109W,0,6.487196,0.5639204382896423,0.38807427883148193,0.03077077306807041
YNL245C,YOR182C,0,6.4735804,0.5631205439567566,0.38807427883148193,0.03087100386619568
YJR082C,YBR090C-A,1,6.47188,0.5637393593788147,0.38905179500579834,0.03087100386619568
YLL022C,YDR397C,1,6.471659,0.5643564462661743,0.39002931118011475,0.03087100386619568
YJR145C,YDL002C,0,6.469889,0.5635592937469482,0.39002931118011475,0.030971234664320946
YMR091C,YPL082C,1,6.462689,0.5641748905181885,0.39100685715675354,0.030971234664320946
YDL105W,YFR034C,0,6.460613,0.5633803009986877,0.39100685715675354,0.031071463599801064
YPL116W,YDR397C,1,6.4583807,0.5639943480491638,0.39198437333106995,0.031071463599801064
YGL016W,YCR021C,0,6.4534807,0.5632022619247437,0.39198437333106995,0.03117169439792633
YBR114W,YDR448W,1,6.450183,0.5638148784637451,0.39296188950538635,0.03117169439792633
YEL005C,YCR017C,0,6.448041,0.5630252361297607,0.39296188950538635,0.03127192705869675
YHR160C,YKL080W,0,6.4454193,0.5622377395629883,0.39296188950538635,0.031372155994176865
YMR198W,YPL047W,0,6.4449034,0.5614525079727173,0.39296188950538635,0.03147238492965698
YOL017W,YLL018C-A,0,6.4432583,0.560669481754303,0.39296188950538635,0.0315726175904274
YEL018W,YLL035W,0,6.4382524,0.5598886013031006,0.39296188950538635,0.031672846525907516
YKL112W,YDR320C,0,6.4310946,0.5591098666191101,0.39296188950538635,0.03177307918667793
YNL123W,YJL164C,0,6.4269824,0.5583333373069763,0.39296188950538635,0.03187330812215805
YJL091C,YPL178W,0,6.4263515,0.5575589537620544,0.39296188950538635,0.03197354078292847
YBR073W,YDR469W,1,6.422926,0.5581717491149902,0.39393940567970276,0.03197354078292847
YOR057W,YBL042C,0,6.4198465,0.5573997497558594,0.39393940567970276,0.032073769718408585
YDL116W,YER169W,1,6.4172287,0.5580110549926758,0.39491692185401917,0.032073769718408585
YPR199C,YOR337W,0,6.415924,0.5572413802146912,0.39491692185401917,0.0321739986538887
YOL067C,YMR072W,0,6.414118,0.5564738512039185,0.39491692185401917,0.03227423131465912
YIL105C,YMR260C,0,6.4137344,0.5557084083557129,0.39491692185401917,0.032374460250139236
YDR310C,YJL176C,1,6.410865,0.5563187003135681,0.39589443802833557,0.032374460250139236
YOR290C,YDL084W,1,6.409665,0.5569273233413696,0.396871954202652,0.032374460250139236
YNL021W,YOR189W,1,6.408621,0.5575342178344727,0.3978494703769684,0.032374460250139236
YER030W,YNL021W,1,6.400029,0.5581395626068115,0.3988269865512848,0.032374460250139236
YBL003C,YDL160C,0,6.396821,0.5573770403862,0.3988269865512848,0.03247469291090965
YDR482C,YLR432W,0,6.3959503,0.5566166639328003,0.3988269865512848,0.03257492184638977
YMR263W,YKL057C,1,6.394033,0.5572206974029541,0.3998045027256012,0.03257492184638977
YJL074C,YOR004W,0,6.3919706,0.5564625859260559,0.3998045027256012,0.03267515450716019
YNL124W,YGL087C,0,6.388161,0.5557065010070801,0.3998045027256012,0.032775383442640305
YHR090C,YBR299W,0,6.3870277,0.5549525022506714,0.3998045027256012,0.03287561237812042
YDL084W,YJL115W,1,6.3829703,0.5555555820465088,0.4007820188999176,0.03287561237812042
YDR176W,YBR054W,0,6.382081,0.5548037886619568,0.4007820188999176,0.03297584503889084
YOR064C,YOL095C,0,6.378319,0.5540540814399719,0.4007820188999176,0.033076073974370956
YOR189W,YBR202W,1,6.377544,0.5546558499336243,0.401759535074234,0.033076073974370956
YHR206W,YOL060C,0,6.3718634,0.5539083480834961,0.401759535074234,0.03317630663514137
YLR247C,YLR385C,1,6.371645,0.5545087456703186,0.4027370512485504,0.03317630663514137
YMR263W,YPR162C,1,6.371467,0.5551075339317322,0.4037145674228668,0.03317630663514137
YFL035C-B,YMR106C,0,6.3709097,0.554362416267395,0.4037145674228668,0.03327653557062149
YBR198C,YML095C,0,6.3638315,0.5536193251609802,0.4037145674228668,0.03337676823139191
YNL097C,YGL194C,1,6.3637953,0.5542168617248535,0.4046920835971832,0.03337676823139191
YFR013W,YAR003W,1,6.360687,0.5548128485679626,0.40566959977149963,0.03337676823139191
YEL018W,YJR159W,0,6.3583803,0.5540720820426941,0.40566959977149963,0.033476997166872025
YOL068C,YLR399C,1,6.3491993,0.5546666383743286,0.40664711594581604,0.033476997166872025
YOR249C,YKL054C,0,6.3465986,0.5539280772209167,0.40664711594581604,0.03357722610235214
YML100W,YEL051W,0,6.34558,0.5531914830207825,0.40664711594581604,0.03367745876312256
YIL062C,YGL255W,0,6.342923,0.5524568557739258,0.40664711594581604,0.033777687698602676
YFL049W,YBL008W,1,6.338319,0.5530503988265991,0.40762463212013245,0.033777687698602676
YLR385C,YDR310C,1,6.337569,0.5536423921585083,0.40860214829444885,0.033777687698602676
YLR288C,YGL232W,0,6.337374,0.5529100298881531,0.40860214829444885,0.03387792035937309
YIL126W,YMR076C,1,6.336815,0.5535006523132324,0.40957966446876526,0.03387792035937309
YBL023C,YJL189W,0,6.3260946,0.5527704358100891,0.40957966446876526,0.03397814929485321
YKR099W,YCL059C,0,6.3236737,0.5520421862602234,0.40957966446876526,0.03407838195562363
YMR219W,YHR099W,1,6.321433,0.5526315569877625,0.41055718064308167,0.03407838195562363
YGR178C,YJL045W,0,6.316569,0.5519053936004639,0.41055718064308167,0.034178610891103745
YPL177C,YGR286C,0,6.313939,0.5511810779571533,0.41055718064308167,0.03427883982658386
YMR263W,YBR089C-A,1,6.3124495,0.5517693161964417,0.41153469681739807,0.03427883982658386
YML041C,YKL149C,0,6.298606,0.551047146320343,0.41153469681739807,0.03437907248735428
YKL129C,YPR058W,0,6.2977204,0.5503268241882324,0.41153469681739807,0.034479301422834396
YER149C,YEL024W,0,6.296971,0.5496083498001099,0.41153469681739807,0.03457953408360481
YMR266W,YDR092W,0,6.29688,0.5488917827606201,0.41153469681739807,0.03467976301908493
YPL235W,YLR085C,1,6.287861,0.5494791865348816,0.4125122129917145,0.03467976301908493
YDR356W,YDR198C,0,6.2867947,0.5487646460533142,0.4125122129917145,0.03477999567985535
YJR022W,YOR026W,0,6.284885,0.5480519533157349,0.4125122129917145,0.034880224615335464
YGL045W,YBR106W,0,6.281853,0.5473411083221436,0.4125122129917145,0.03498045355081558
YPR199C,YLR014C,0,6.2802067,0.5466321110725403,0.4125122129917145,0.035080686211586
YER133W,YDR216W,1,6.2766275,0.5472186207771301,0.4134897291660309,0.035080686211586
YLR442C,YML121W,1,6.275017,0.5478036403656006,0.4144672453403473,0.035080686211586
YEL018W,YNL186W,1,6.2743835,0.5483871102333069,0.4154447615146637,0.035080686211586
YHR124W,YPL144W,0,6.2725224,0.5476804375648499,0.4154447615146637,0.035180915147066116
YDR463W,YPL231W,0,6.2708035,0.5469755530357361,0.4154447615146637,0.03528114780783653
YDR096W,YFR013W,1,6.2705345,0.5475578308105469,0.4164222776889801,0.03528114780783653
YLR071C,YOR002W,0,6.2684135,0.5468549132347107,0.4164222776889801,0.03538137674331665
YGL013C,YPL256C,0,6.2650204,0.5461538434028625,0.4164222776889801,0.03548160940408707
YNL097C,YGL066W,1,6.2648463,0.5467349290847778,0.4173997938632965,0.03548160940408707
YIL131C,YFL041W,0,6.261339,0.5460358262062073,0.4173997938632965,0.035581838339567184
YOR061W,YPL006W,0,6.254683,0.5453384518623352,0.4173997938632965,0.0356820672750473
YMR198W,YPL038W,0,6.2495627,0.5446428656578064,0.4173997938632965,0.03578229993581772
YDR013W,YDR225W,0,6.24613,0.5439490675926208,0.4173997938632965,0.035882528871297836
YJL080C,YER004W,0,6.238379,0.5432569980621338,0.4173997938632965,0.03598276153206825
YDR190C,YOL090W,1,6.23569,0.5438373684883118,0.4183773100376129,0.03598276153206825
YFR013W,YDR071C,1,6.232731,0.5444162487983704,0.4193548262119293,0.03598276153206825
YFR013W,YPL075W,1,6.2280593,0.5449936389923096,0.4203323423862457,0.03598276153206825
YBR049C,YGR048W,0,6.2270303,0.5443037748336792,0.4203323423862457,0.03608299046754837
YPL061W,YML061C,0,6.2243633,0.5436156988143921,0.4203323423862457,0.03618322312831879
YNR023W,YBR203W,0,6.206538,0.5429292917251587,0.4203323423862457,0.036283452063798904
YCR084C,YJL176C,1,6.203176,0.5435056686401367,0.42130985856056213,0.036283452063798904
YML041C,YML121W,1,6.2031097,0.5440806150436401,0.4222874045372009,0.036283452063798904
YGR103W,YBR131W,0,6.199887,0.5433962345123291,0.4222874045372009,0.03638368099927902
YLR035C,YDR481C,0,6.1975956,0.5427135825157166,0.4222874045372009,0.03648391366004944
YNL216W,YAL019W,1,6.1923637,0.5432873368263245,0.42326492071151733,0.03648391366004944
YNL088W,YGL150C,1,6.1886177,0.5438596606254578,0.42424243688583374,0.03648391366004944
YAL028W,YLR010C,0,6.184908,0.5431789755821228,0.42424243688583374,0.036584142595529556
YNL330C,YPL016W,1,6.184182,0.543749988079071,0.42521995306015015,0.036584142595529556
YJL065C,YMR037C,1,6.181134,0.5443196296691895,0.42619746923446655,0.036584142595529556
YMR037C,YER161C,1,6.1732535,0.5448877811431885,0.42717498540878296,0.036584142595529556
YNL090W,YLR185W,0,6.1685534,0.5442092418670654,0.42717498540878296,0.03668437525629997
YJL010C,YPR095C,0,6.16711,0.5435323119163513,0.42717498540878296,0.03678460419178009
YDR334W,YLR324W,0,6.165339,0.5428571701049805,0.42717498540878296,0.03688483685255051
YML121W,YPR133C,1,6.1602254,0.5434243083000183,0.42815250158309937,0.03688483685255051
YDR397C,YDL052C,0,6.142251,0.5427509546279907,0.42815250158309937,0.036985065788030624
YHR010W,YOR362C,0,6.136636,0.5420792102813721,0.42815250158309937,0.03708529472351074
YDL116W,YNL216W,1,6.1288466,0.5426452159881592,0.42913001775741577,0.03708529472351074
YHR154W,YMR323W,0,6.125843,0.5419753193855286,0.42913001775741577,0.03718552738428116
YER051W,YHL025W,1,6.1194243,0.5425400733947754,0.4301075339317322,0.03718552738428116
YML027W,YGR044C,0,6.117034,0.5418719053268433,0.4301075339317322,0.037285756319761276
YJL162C,YIL101C,0,6.1170177,0.5412054061889648,0.4301075339317322,0.03738598898053169
YFR050C,YDL194W,0,6.1152167,0.5405405163764954,0.4301075339317322,0.03748621791601181
YJR082C,YPR018W,1,6.110958,0.5411043167114258,0.4310850501060486,0.03748621791601181
YJL092W,YLR176C,0,6.1105385,0.5404411554336548,0.4310850501060486,0.03758645057678223
YNL246W,YLR285W,1,6.102989,0.5410036444664001,0.432062566280365,0.03758645057678223
YIR015W,YER172C,0,6.1008205,0.5403422713279724,0.432062566280365,0.037686679512262344
YPL254W,YMR080C,1,6.098689,0.5409035682678223,0.4330400824546814,0.037686679512262344
YMR179W,YGR275W,1,6.097471,0.5414634346961975,0.4340175986289978,0.037686679512262344
YFR013W,YMR106C,1,6.096133,0.5420219302177429,0.4349951148033142,0.037686679512262344
YFR013W,YGL194C,1,6.093726,0.5425790548324585,0.4359726309776306,0.037686679512262344
YGL133W,YGL067W,0,6.0934296,0.5419198274612427,0.4359726309776306,0.03778690844774246
YDR181C,YEL044W,1,6.093123,0.542475700378418,0.436950147151947,0.03778690844774246
YML021C,YFL005W,0,6.0929165,0.5418182015419006,0.436950147151947,0.03788714110851288
YMR048W,YGL059W,0,6.0915656,0.5411622524261475,0.436950147151947,0.037987370043992996
YOL030W,YER068W,0,6.089966,0.5405078530311584,0.436950147151947,0.03808760270476341
YKL160W,YJL208C,0,6.0882826,0.5398550629615784,0.436950147151947,0.03818783164024353
YLR223C,YHL025W,1,6.0878296,0.5404101610183716,0.4379276633262634,0.03818783164024353
YDR448W,YNL031C,1,6.086485,0.5409638285636902,0.43890517950057983,0.03818783164024353
YBR088C,YDR310C,1,6.0825777,0.5415162444114685,0.43988269567489624,0.03818783164024353
YDL108W,YPL144W,0,6.081436,0.5408653616905212,0.43988269567489624,0.03828806430101395
YAL032C,YLR247C,0,6.0765715,0.5402160882949829,0.43988269567489624,0.038388293236494064
YPR068C,YNL206C,1,6.074832,0.5407673716545105,0.44086021184921265,0.038388293236494064
YNL133C,YBR299W,0,6.073619,0.5401197671890259,0.44086021184921265,0.03848852217197418
YBR114W,YNL180C,0,6.0686207,0.5394737124443054,0.44086021184921265,0.0385887548327446
YJL115W,YPR042C,0,6.0660095,0.5388291478157043,0.44086021184921265,0.038688983768224716
YGR261C,YBR198C,0,6.064334,0.5381861329078674,0.44086021184921265,0.03878921642899513
YPR068C,YBR215W,1,6.0477715,0.5387365818023682,0.44183772802352905,0.03878921642899513
YLR015W,YLR285W,1,6.039894,0.5392857193946838,0.44281524419784546,0.03878921642899513
YOR295W,YIR033W,1,6.036231,0.5398335456848145,0.44379276037216187,0.03878921642899513
YLR055C,YKR061W,0,6.0355597,0.5391923785209656,0.44379276037216187,0.03888944536447525
YLR085C,YBR198C,1,6.031124,0.5397390127182007,0.44477027654647827,0.03888944536447525
YPR103W,YEL017C-A,0,6.029529,0.5390995144844055,0.44477027654647827,0.038989678025245667
YLR275W,YDR141C,0,6.0286922,0.5384615659713745,0.44477027654647827,0.039089906960725784
YDR006C,YPL081W,0,6.027317,0.5378250479698181,0.44477027654647827,0.0391901358962059
YDL084W,YKR029C,1,6.02555,0.5383707284927368,0.4457477927207947,0.0391901358962059
YMR080C,YBR289W,1,6.0253696,0.5389150977134705,0.4467253088951111,0.0391901358962059
YMR022W,YCR084C,1,6.025197,0.5394582152366638,0.4477028250694275,0.0391901358962059
YPL049C,YGL175C,0,6.024714,0.5388235449790955,0.4477028250694275,0.03929036855697632
YER030W,YMR284W,1,6.0234685,0.5393654704093933,0.4486803412437439,0.03929036855697632
YGL086W,YBR065C,0,6.020499,0.5387324094772339,0.4486803412437439,0.039390597492456436
YDR314C,YCR020W-B,0,6.018113,0.5381008386611938,0.4486803412437439,0.03949083015322685
YPL169C,YOR113W,0,6.016975,0.5374706983566284,0.4486803412437439,0.03959105908870697
YML062C,YJR134C,0,6.015685,0.5368421077728271,0.4486803412437439,0.039691291749477386
YGR274C,YPR018W,1,6.0138264,0.5373831987380981,0.4496578574180603,0.039691291749477386
YDR006C,YBR245C,0,6.012965,0.5367560982704163,0.4496578574180603,0.039791520684957504
YJR042W,YDR001C,0,6.012331,0.5361305475234985,0.4496578574180603,0.03989174962043762
YLR095C,YML107C,0,6.011837,0.5355064272880554,0.4496578574180603,0.03999198228120804
YBR253W,YMR164C,0,6.0090933,0.5348837375640869,0.4496578574180603,0.040092211216688156
YFR034C,YNL021W,1,5.9997997,0.5354239344596863,0.4506353735923767,0.040092211216688156
YHR200W,YGL009C,0,5.996497,0.5348027944564819,0.4506353735923767,0.04019244387745857
YDR121W,YBL088C,1,5.9964437,0.5353418588638306,0.4516128897666931,0.04019244387745857
YIL119C,YDL178W,0,5.995069,0.5347222089767456,0.4516128897666931,0.04029267281293869
YDR303C,YBR127C,0,5.995022,0.53410404920578,0.4516128897666931,0.040392905473709106
YDR111C,YGR231C,0,5.994272,0.5334873199462891,0.4516128897666931,0.040493134409189224
YKL185W,YNL216W,1,5.989915,0.5340253710746765,0.4525904059410095,0.040493134409189224
YLR373C,YNL206C,1,5.984089,0.5345622301101685,0.4535679519176483,0.040493134409189224
YLR321C,YNL136W,1,5.983968,0.5350978374481201,0.4545454680919647,0.040493134409189224
YNL206C,YBR205W,0,5.981101,0.5344827771186829,0.4545454680919647,0.04059336334466934
YDR123C,YGL011C,0,5.9801936,0.5338690876960754,0.4545454680919647,0.04069359600543976
YDR314C,YPL081W,0,5.980047,0.5332568883895874,0.4545454680919647,0.040793824940919876
YLR002C,YPL159C,0,5.976557,0.5326460599899292,0.4545454680919647,0.04089405760169029
YBR152W,YPR183W,0,5.97629,0.5320366024971008,0.4545454680919647,0.04099428653717041
YPL189W,YGR108W,0,5.972063,0.5314285755157471,0.4545454680919647,0.041094519197940826
YDR191W,YNL256W,0,5.9663296,0.5308219194412231,0.4545454680919647,0.041194748133420944
YJR017C,YDL197C,1,5.965878,0.5313568711280823,0.45552298426628113,0.041194748133420944
YEL018W,YBR290W,0,5.9605284,0.5307517051696777,0.45552298426628113,0.04129497706890106
YDL113C,YLR032W,0,5.96041,0.530147910118103,0.45552298426628113,0.04139520972967148
YDR088C,YDR356W,0,5.958845,0.5295454263687134,0.45552298426628113,0.041495438665151596
YFR005C,YAL003W,0,5.958124,0.5289443731307983,0.45552298426628113,0.04159567132592201
YDR228C,YDL031W,0,5.957932,0.5283446907997131,0.45552298426628113,0.04169590026140213
YBL008W,YBL079W,1,5.957166,0.5288788080215454,0.45650050044059753,0.04169590026140213
YOR244W,YOL126C,0,5.9539785,0.5282805562019348,0.45650050044059753,0.041796132922172546
YPR068C,YBR103W,1,5.9537344,0.5288135409355164,0.45747801661491394,0.041796132922172546
YGL092W,YGL048C,1,5.9527807,0.5293453931808472,0.45845553278923035,0.041796132922172546
YNL215W,YGL048C,1,5.9414215,0.5298759937286377,0.45943304896354675,0.041796132922172546
YNL206C,YDL049C,0,5.937098,0.5292792916297913,0.45943304896354675,0.041896361857652664
YOR095C,YOR086C,0,5.9346075,0.5286839008331299,0.45943304896354675,0.04199659079313278
YER147C,YDR003W,0,5.9317207,0.5280898809432983,0.45943304896354675,0.0420968234539032
YBR297W,YOL115W,0,5.931262,0.5274971723556519,0.45943304896354675,0.042197052389383316
YDR392W,YEL018W,1,5.930626,0.5280268788337708,0.46041056513786316,0.042197052389383316
YML069W,YHL006C,0,5.929108,0.5274356007575989,0.46041056513786316,0.04229728505015373
YNL265C,YOR063W,0,5.9273686,0.5268456339836121,0.46041056513786316,0.04239751398563385
YDR279W,YDR168W,0,5.926879,0.5262569785118103,0.46041056513786316,0.042497746646404266
YGL086W,YDR480W,0,5.9242935,0.5256696343421936,0.46041056513786316,0.042597975581884384
YBR279W,YJR060W,1,5.9224534,0.5261984467506409,0.46138808131217957,0.042597975581884384
YFR013W,YPL015C,1,5.917944,0.5267260670661926,0.46236559748649597,0.042597975581884384
YJR014W,YER088C,0,5.910932,0.5261401534080505,0.46236559748649597,0.0426982045173645
YNL103W,YNL133C,0,5.908248,0.5255555510520935,0.46236559748649597,0.04279843717813492
YBR275C,YDL116W,1,5.9027205,0.5260821580886841,0.4633431136608124,0.04279843717813492
YOL012C,YBL019W,0,5.9021773,0.5254988670349121,0.4633431136608124,0.042898666113615036
YKL173W,YGR275W,0,5.901681,0.52491694688797,0.4633431136608124,0.04299889877438545
YHR062C,YLR006C,0,5.897802,0.5243362784385681,0.4633431136608124,0.04309912770986557
YDR368W,YLR048W,0,5.896993,0.5237569212913513,0.4633431136608124,0.043199360370635986
YPL038W,YDR292C,0,5.89694,0.5231788158416748,0.4633431136608124,0.043299589306116104
YJL081C,YOR189W,1,5.8969374,0.5237045288085938,0.4643206298351288,0.043299589306116104
YOL012C,YNL215W,1,5.8925276,0.5242290496826172,0.4652981460094452,0.043299589306116104
YML126C,YDR446W,0,5.890271,0.5236523747444153,0.4652981460094452,0.04339981824159622
YMR076C,YLR399C,1,5.88852,0.5241758227348328,0.4662756621837616,0.04339981824159622
YDR334W,YPL089C,0,5.887142,0.5236004590988159,0.4662756621837616,0.04350005090236664
YJR042W,YBR217W,0,5.886759,0.5230262875556946,0.4662756621837616,0.043600279837846756
YML123C,YCR097W,0,5.885248,0.5224534273147583,0.4662756621837616,0.04370051249861717
YBR198C,YPL258C,0,5.8807373,0.5218818187713623,0.4662756621837616,0.04380074143409729
YDR440W,YDL084W,1,5.8734255,0.5224043726921082,0.467253178358078,0.04380074143409729
YEL055C,YPL141C,0,5.872098,0.5218340754508972,0.467253178358078,0.043900974094867706
YDR363W,YDR325W,1,5.8675222,0.5223554968833923,0.4682306945323944,0.043900974094867706
YGR009C,YPL075W,0,5.867111,0.5217865109443665,0.4682306945323944,0.044001203030347824
YBR073W,YLR034C,0,5.866403,0.5212187170982361,0.4682306945323944,0.04410143196582794
YDR224C,YBR202W,1,5.862767,0.52173912525177,0.4692082107067108,0.04410143196582794
YDR440W,YDR071C,1,5.861986,0.5222584009170532,0.4701857268810272,0.04410143196582794
YDR485C,YNL207W,0,5.8515577,0.5216919779777527,0.4701857268810272,0.04420166462659836
YML092C,YOR064C,0,5.8501625,0.5211267471313477,0.4701857268810272,0.044301893562078476
YDR120C,YMR318C,0,5.8467894,0.5205627679824829,0.4701857268810272,0.04440212622284889
YNL031C,YDR439W,1,5.8463144,0.5210810899734497,0.47116324305534363,0.04440212622284889
YAL034W-A,YDL020C,0,5.8455048,0.5205183625221252,0.47116324305534363,0.04450235515832901
YOR157C,YBL025W,0,5.841628,0.5199568271636963,0.47116324305534363,0.04460258409380913
YDR014W,YFL013C,1,5.838789,0.5204741358757019,0.47214075922966003,0.04460258409380913
YGL126W,YBR078W,0,5.838787,0.519913911819458,0.47214075922966003,0.044702816754579544
YER169W,YOL001W,0,5.8377285,0.5193548202514648,0.47214075922966003,0.04480304569005966
YDR213W,YBR221C,0,5.8375397,0.518796980381012,0.47214075922966003,0.04490327835083008
YLR045C,YLR084C,0,5.8370466,0.5182403326034546,0.47214075922966003,0.045003507286310196
YDR362C,YDL145C,0,5.835558,0.5176848769187927,0.47214075922966003,0.04510373994708061
YKL054C,YJL062W,0,5.834234,0.5171306133270264,0.47214075922966003,0.04520396888256073
YOR295W,YLL022C,1,5.832935,0.5176470875740051,0.47311827540397644,0.04520396888256073
YGL121C,YLR002C,0,5.8328705,0.5170940160751343,0.47311827540397644,0.04530419781804085
YLR357W,YDL067C,0,5.831838,0.5165421366691589,0.47311827540397644,0.045404430478811264
YPL126W,YDR532C,0,5.8315344,0.5159914493560791,0.47311827540397644,0.04550465941429138
YDR088C,YLR079W,0,5.829626,0.5154419541358948,0.47311827540397644,0.0456048920750618
YKR092C,YBR207W,0,5.829211,0.5148935914039612,0.47311827540397644,0.045705121010541916
YBR198C,YJL094C,0,5.8276014,0.5143464207649231,0.47311827540397644,0.04580535367131233
YLR175W,YKL002W,0,5.827095,0.5138004422187805,0.47311827540397644,0.04590558260679245
YLR385C,YOR274W,1,5.8229876,0.5143160223960876,0.47409579157829285,0.04590558260679245
YOL067C,YNL125C,0,5.818581,0.5137711763381958,0.47409579157829285,0.04600581154227257
YOR295W,YIL084C,1,5.8151946,0.5142857432365417,0.47507330775260925,0.04600581154227257
YIL131C,YDR359C,1,5.8097816,0.514799177646637,0.47605082392692566,0.04600581154227257
YEL002C,YNL097C,0,5.80888,0.5142555236816406,0.47605082392692566,0.046106044203042984
YHR118C,YDR227W,1,5.802487,0.5147679448127747,0.47702834010124207,0.046106044203042984
YKR101W,YDR359C,1,5.8019085,0.515279233455658,0.47800585627555847,0.046106044203042984
YJR022W,YIL123W,0,5.8009334,0.5147368311882019,0.47800585627555847,0.0462062731385231
YKR024C,YGR287C,0,5.79883,0.5141955614089966,0.47800585627555847,0.04630650579929352
YPL015C,YPL178W,0,5.7959976,0.5136554837226868,0.47800585627555847,0.046406734734773636
YDR363W,YIL131C,1,5.794959,0.5141658186912537,0.4789833724498749,0.046406734734773636
YOR209C,YIL150C,1,5.79377,0.5146750807762146,0.4799608886241913,0.046406734734773636
YOR375C,YFR030W,0,5.79375,0.5141361355781555,0.4799608886241913,0.04650696739554405
YKL218C,YEL038W,0,5.790986,0.5135983228683472,0.4799608886241913,0.04660719633102417
YAL011W,YMR236W,1,5.7897224,0.5141065716743469,0.4809384047985077,0.04660719633102417
YOR295W,YNL077W,0,5.7874556,0.5135699510574341,0.4809384047985077,0.04670742526650429
YPL128C,YHR099W,1,5.7854786,0.5140771865844727,0.4819159209728241,0.04670742526650429
YDR392W,YOL004W,1,5.7851753,0.5145833492279053,0.4828934371471405,0.04670742526650429
YPR023C,YBR060C,1,5.784157,0.5150884389877319,0.4838709533214569,0.04670742526650429
YBR175W,YMR284W,1,5.777531,0.5155925154685974,0.4848484992980957,0.04670742526650429
YDR007W,YLR096W,0,5.763774,0.5150570869445801,0.4848484992980957,0.046807657927274704
YMR236W,YMR285C,0,5.7592916,0.5145228505134583,0.4848484992980957,0.04690788686275482
YDR392W,YBR202W,1,5.7550178,0.5150259137153625,0.4858260154724121,0.04690788686275482
YLR335W,YBR198C,1,5.754733,0.5155279636383057,0.4868035316467285,0.04690788686275482
YAL032C,YKR059W,0,5.7517533,0.5149948000907898,0.4868035316467285,0.04700811952352524
YML102W,YOL088C,0,5.749447,0.5144628286361694,0.4868035316467285,0.047108348459005356
YGL163C,YOR189W,1,5.7401443,0.5149638652801514,0.4877810478210449,0.047108348459005356
YOR191W,YJL176C,1,5.7385907,0.5154638886451721,0.48875856399536133,0.047108348459005356
YJL019W,YJL025W,0,5.7381945,0.5149330496788025,0.48875856399536133,0.04720858111977577
YKL173W,YFL047W,0,5.73404,0.5144032835960388,0.48875856399536133,0.04730881005525589
YLR275W,YNL067W,0,5.7336464,0.5138745903968811,0.48875856399536133,0.04740903899073601
YDR014W,YNL129W,0,5.7325883,0.5133470296859741,0.48875856399536133,0.047509271651506424
YDL116W,YEL018W,1,5.7302856,0.5138461589813232,0.48973608016967773,0.047509271651506424
YOR308C,YHR010W,0,5.729478,0.5133196711540222,0.48973608016967773,0.04760950058698654
YLR373C,YCL061C,1,5.7165833,0.5138177871704102,0.49071359634399414,0.04760950058698654
YMR179W,YBR112C,1,5.715231,0.5143149495124817,0.49169111251831055,0.04760950058698654
YFL049W,YGL058W,1,5.713765,0.5148110389709473,0.49266862869262695,0.04760950058698654
YLL010C,YOR236W,0,5.713153,0.5142857432365417,0.49266862869262695,0.04770973324775696
YFR027W,YIR033W,1,5.706868,0.5147808194160461,0.49364614486694336,0.04770973324775696
YGR002C,YGL048C,1,5.7014313,0.5152749419212341,0.49462366104125977,0.04770973324775696
YER148W,YMR083W,0,5.697344,0.5147507786750793,0.49462366104125977,0.047809962183237076
YNL007C,YDR175C,0,5.6963577,0.5142276287078857,0.49462366104125977,0.04791019484400749
YPR019W,YER072W,0,5.695013,0.5137056112289429,0.49462366104125977,0.04801042377948761
YJR067C,YHR124W,0,5.6919336,0.5131846070289612,0.49462366104125977,0.04811065271496773
YMR091C,YDR005C,1,5.6899147,0.5136778354644775,0.49560117721557617,0.04811065271496773
YMR076C,YIL131C,1,5.687414,0.5141700506210327,0.4965786933898926,0.04811065271496773
YHR118C,YGR083C,0,5.684409,0.5136501789093018,0.4965786933898926,0.048210885375738144
YGL196W,YPR169W,0,5.6834197,0.513131320476532,0.4965786933898926,0.04831111431121826
YGL016W,YBR054W,0,5.680596,0.5126135349273682,0.4965786933898926,0.04841134697198868
YBL052C,YHR056C,1,5.6803617,0.5131048560142517,0.497556209564209,0.04841134697198868
YBR073W,YPR162C,1,5.677639,0.5135951638221741,0.4985337257385254,0.04841134697198868
YIL041W,YBL002W,0,5.675787,0.5130784511566162,0.4985337257385254,0.048511575907468796
YML060W,YJL204C,0,5.675564,0.5125628113746643,0.4985337257385254,0.04861180856823921
YKL113C,YGR009C,0,5.6748137,0.5120481848716736,0.4985337257385254,0.04871203750371933
YPL178W,YPL221W,0,5.6736994,0.5115346312522888,0.4985337257385254,0.04881226643919945
YNL082W,YDL043C,0,5.6736135,0.5110220313072205,0.4985337257385254,0.048912499099969864
YJR050W,YIL122W,0,5.6713657,0.5105105042457581,0.4985337257385254,0.04901272803544998
YMR016C,YBR083W,0,5.6691713,0.5099999904632568,0.4985337257385254,0.0491129606962204
YML007W,YDR325W,0,5.6607437,0.5094904899597168,0.4985337257385254,0.049213189631700516
YLR373C,YGL092W,1,5.6469946,0.5099800229072571,0.4995112419128418,0.049213189631700516
YKL112W,YLR442C,1,5.645856,0.510468602180481,0.5004887580871582,0.049213189631700516
YLR373C,YNL294C,0,5.645794,0.5099601745605469,0.5004887580871582,0.04931342229247093
YFR027W,YBR231C,1,5.6443377,0.5104477405548096,0.5014662742614746,0.04931342229247093
YMR263W,YDR106W,1,5.6426983,0.5109344124794006,0.502443790435791,0.04931342229247093
YDR180W,YJL058C,0,5.642208,0.5104269981384277,0.502443790435791,0.04941365122795105
YHR039C,YOR328W,0,5.6390653,0.5099206566810608,0.502443790435791,0.04951388016343117
YGL066W,YBR231C,1,5.638407,0.5104063153266907,0.5034213066101074,0.04951388016343117
YER147C,YMR239C,1,5.6361427,0.5108910799026489,0.5043988227844238,0.04951388016343117
YDR397C,YNL068C,1,5.635974,0.5113748908042908,0.5053763389587402,0.04951388016343117
YDR314C,YAL034W-A,0,5.6316104,0.510869562625885,0.5053763389587402,0.049614112824201584
YHL024W,YGR044C,0,5.629405,0.5103652477264404,0.5053763389587402,0.0497143417596817
YOL123W,YKL002W,0,5.629364,0.509861946105957,0.5053763389587402,0.04981457442045212
YHR043C,YER056C,0,5.6286907,0.50935959815979,0.5053763389587402,0.049914803355932236
YMR121C,YAL005C,0,5.627939,0.5088582634925842,0.5053763389587402,0.05001503601670265
YCR020W-B,YJL168C,1,5.6268754,0.5093411803245544,0.5063538551330566,0.05001503601670265
YOR295W,YOR080W,1,5.6262636,0.509823203086853,0.507331371307373,0.05001503601670265
YCL010C,YEL056W,1,5.62624,0.5103042125701904,0.5083088874816895,0.05001503601670265
YMR263W,YOR274W,1,5.6258287,0.5107843279838562,0.5092864036560059,0.05001503601670265
YHR118C,YML013W,0,5.623829,0.5102840065956116,0.5092864036560059,0.05011526495218277
YLR274W,YPL015C,1,5.622608,0.5107632279396057,0.5102639198303223,0.05011526495218277
YOR304W,YMR076C,1,5.6214075,0.5112414360046387,0.5112414360046387,0.05011526495218277
YHL033C,YHR205W,0,5.612766,0.5107421875,0.5112414360046387,0.05021549388766289
YKR022C,YNL101W,0,5.608656,0.5102438926696777,0.5112414360046387,0.050315726548433304
YIR033W,YJL115W,1,5.6066647,0.5107212662696838,0.5122189521789551,0.050315726548433304
YNL069C,YGR099W,0,5.6058807,0.510223925113678,0.5122189521789551,0.05041595548391342
YBL079W,YDR469W,1,5.6042643,0.5107004046440125,0.5131964683532715,0.05041595548391342
YBR039W,YCL010C,0,5.603591,0.5102040767669678,0.5131964683532715,0.05051618814468384
YDR365C,YKL040C,0,5.6012335,0.5097087621688843,0.5131964683532715,0.050616417080163956
YJL173C,YMR233W,0,5.599964,0.5092143416404724,0.5131964683532715,0.05071664974093437
YDR334W,YDL004W,0,5.5975704,0.5087209343910217,0.5131964683532715,0.05081687867641449
YBR073W,YML127W,1,5.59575,0.5091965198516846,0.5141739845275879,0.05081687867641449
YER147C,YJR119C,1,5.589136,0.509671151638031,0.5151515007019043,0.05081687867641449
YDL197C,YMR076C,1,5.5877686,0.5101449489593506,0.5161290168762207,0.05081687867641449
YDL042C,YPR179C,1,5.5857654,0.510617733001709,0.5171065330505371,0.05081687867641449
YER088C,YMR004W,0,5.5848403,0.5101253390312195,0.5171065330505371,0.05091710761189461
YGL207W,YLR033W,1,5.58128,0.510597288608551,0.5180840492248535,0.05091710761189461
YGR116W,YOR249C,1,5.5811462,0.5110683441162109,0.5190615653991699,0.05091710761189461
YOL006C,YML127W,1,5.581066,0.5115384459495544,0.5200390815734863,0.05091710761189461
YNL136W,YER102W,0,5.580432,0.5110470652580261,0.5200390815734863,0.051017340272665024
YMR183C,YPR095C,0,5.5769014,0.5105566382408142,0.5200390815734863,0.05111756920814514
YLR418C,YGL061C,0,5.566409,0.5100671052932739,0.5200390815734863,0.05121780186891556
YLR432W,YPL096C-A,0,5.5629215,0.50957852602005,0.5200390815734863,0.051318030804395676
YKL086W,YMR199W,0,5.5607405,0.5090909004211426,0.5200390815734863,0.05141826346516609
YJR082C,YMR069W,1,5.55978,0.509560227394104,0.5210165977478027,0.05141826346516609
YLR286C,YGL013C,0,5.559711,0.5090735554695129,0.5210165977478027,0.05151849240064621
YIL084C,YDR499W,1,5.5593805,0.5095419883728027,0.5219941139221191,0.05151849240064621
YER148W,YLR010C,0,5.554034,0.5090562701225281,0.5219941139221191,0.05161872133612633
YJL001W,YLR084C,0,5.554034,0.508571445941925,0.5219941139221191,0.051718953996896744
YCR009C,YML063W,0,5.5531425,0.5080875158309937,0.5219941139221191,0.05181918293237686
YGR007W,YDR529C,0,5.5487957,0.5076045393943787,0.5219941139221191,0.05191941559314728
YMR230W,YPL154C,0,5.5475206,0.5071225166320801,0.5219941139221191,0.052019644528627396
YPL116W,YNL107W,1,5.5472674,0.507590115070343,0.5229716300964355,0.052019644528627396
YLR288C,YLR399C,1,5.545698,0.5080568790435791,0.523949146270752,0.052019644528627396
YGR116W,YJL176C,1,5.54212,0.5085227489471436,0.5249266624450684,0.052019644528627396
YIR002C,YJL143W,0,5.5411625,0.5080416202545166,0.5249266624450684,0.05211987718939781
YGR063C,YDR224C,1,5.540314,0.5085065960884094,0.5259041786193848,0.05211987718939781
YFR050C,YDR234W,0,5.537038,0.5080264210700989,0.5259041786193848,0.05222010612487793
YAL043C,YOR211C,0,5.533307,0.50754714012146,0.5259041786193848,0.05232033506035805
YAL019W,YGR030C,0,5.530545,0.5070688128471375,0.5259041786193848,0.052420567721128464
YER051W,YPL016W,1,5.529199,0.5075329542160034,0.5268816947937012,0.052420567721128464
YGR005C,YEL018W,0,5.5277424,0.5070555210113525,0.5268816947937012,0.05252079665660858
YIL084C,YNL215W,1,5.5276856,0.5075187683105469,0.5278592109680176,0.05252079665660858
YBR088C,YAL026C,0,5.527673,0.5070422291755676,0.5278592109680176,0.052621029317379
YHR206W,YPR094W,0,5.5261765,0.50656658411026,0.5278592109680176,0.052721258252859116
YDR363W,YPL127C,1,5.5245943,0.5070290565490723,0.528836727142334,0.052721258252859116
YFR034C,YGR056W,1,5.5212374,0.5074906349182129,0.5298142433166504,0.052721258252859116
YDL116W,YNL136W,1,5.5203466,0.5079513788223267,0.5307917594909668,0.052721258252859116
YDR368W,YGR204W,0,5.5202928,0.5074766278266907,0.5307917594909668,0.05282149091362953
YMR014W,YOR076C,0,5.518542,0.5070028305053711,0.5307917594909668,0.05292171984910965
YNR038W,YER019W,0,5.516877,0.5065298676490784,0.5307917594909668,0.05302194878458977
YJL065C,YMR284W,1,5.5160227,0.5069897770881653,0.531769335269928,0.05302194878458977
YOR078W,YGL021W,0,5.5135713,0.5065177083015442,0.531769335269928,0.053122181445360184
YLR442C,YOR304W,1,5.5132294,0.5069767236709595,0.5327468514442444,0.053122181445360184
YPL129W,YML041C,1,5.5113277,0.5074349641799927,0.5337243676185608,0.053122181445360184
YER036C,YDR032C,0,5.504225,0.5069637894630432,0.5337243676185608,0.0532224103808403
YBL084C,YDR462W,0,5.5034895,0.5064935088157654,0.5337243676185608,0.05332264304161072
YDR412W,YJL196C,0,5.500877,0.5060241222381592,0.5337243676185608,0.053422871977090836
YHR128W,YNL293W,0,5.4948387,0.5055555701255798,0.5337243676185608,0.05352310463786125
YNL250W,YNL059C,0,5.4947143,0.5050878524780273,0.5337243676185608,0.05362333357334137
YPR018W,YDR004W,0,5.4937024,0.5046210885047913,0.5337243676185608,0.05372356250882149
YLR109W,YGL213C,0,5.4932804,0.5041550993919373,0.5337243676185608,0.053823795169591904
YMR071C,YCR028C-A,0,5.492615,0.5036900639533997,0.5337243676185608,0.05392402410507202
YNL327W,YCL017C,0,5.4903316,0.5032258033752441,0.5337243676185608,0.05402425676584244
YER169W,YPR085C,1,5.487918,0.5036832690238953,0.5347018837928772,0.05402425676584244
YOL059W,YJR060W,0,5.485347,0.5032198429107666,0.5347018837928772,0.054124485701322556
YOR080W,YKR029C,1,5.4848795,0.5036764740943909,0.5356793999671936,0.054124485701322556
YDR448W,YGR002C,1,5.4822974,0.5041322112083435,0.53665691614151,0.054124485701322556
YML060W,YHR134W,0,5.481273,0.5036697387695312,0.53665691614151,0.05422471836209297
YAL013W,YBR227C,0,5.4790163,0.5032080411911011,0.53665691614151,0.05432494729757309
YCR018C,YDR012W,0,5.478009,0.5027472376823425,0.53665691614151,0.05442517623305321
YLR385C,YDR499W,1,5.477812,0.5032021999359131,0.5376344323158264,0.05442517623305321
YPL207W,YLR085C,0,5.4772205,0.5027422308921814,0.5376344323158264,0.054525408893823624
YAL032C,YDR016C,0,5.47707,0.5022830963134766,0.5376344323158264,0.05462563782930374
YLR372W,YGL240W,0,5.47491,0.5018247961997986,0.5376344323158264,0.05472587049007416
YGL092W,YPR133C,1,5.474594,0.5022789239883423,0.5386119484901428,0.05472587049007416
YKL112W,YLR015W,1,5.471209,0.5027322173118591,0.5395894646644592,0.05472587049007416
YOR113W,YNL116W,0,5.4705467,0.5022748112678528,0.5395894646644592,0.054826099425554276
YKL112W,YJR136C,1,5.470389,0.5027272701263428,0.5405669808387756,0.054826099425554276
YPR068C,YLL004W,1,5.4701996,0.5031789541244507,0.541544497013092,0.054826099425554276
YHL025W,YNL275W,0,5.4679785,0.5027223229408264,0.541544497013092,0.05492633208632469
YMR033W,YGL194C,1,5.4668093,0.5031731724739075,0.5425220131874084,0.05492633208632469
YDR181C,YPR018W,1,5.4631367,0.5036231875419617,0.5434995293617249,0.05492633208632469
YDR485C,YJR007W,0,5.4629836,0.503167450428009,0.5434995293617249,0.05502656102180481
YLR117C,YFL031W,0,5.4599776,0.5027124881744385,0.5434995293617249,0.05512678995728493
YMR022W,YCR052W,1,5.45677,0.5031616687774658,0.5444770455360413,0.05512678995728493
YER088C,YPR133C,1,5.456397,0.5036101341247559,0.5454545617103577,0.05512678995728493
YIL056W,YBL030C,0,5.45615,0.5031560063362122,0.5454545617103577,0.055227022618055344
YIL119C,YBR001C,0,5.453656,0.5027027130126953,0.5454545617103577,0.05532725155353546
YDR295C,YOR123C,1,5.450837,0.5031503438949585,0.5464320778846741,0.05532725155353546
YJR035W,YDR216W,1,5.4453125,0.5035971403121948,0.5474095940589905,0.05532725155353546
YPL069C,YPL032C,0,5.444174,0.5031446814537048,0.5474095940589905,0.05542748421430588
YML011C,YDL106C,0,5.4391837,0.5026929974555969,0.5474095940589905,0.055527713149785995
YMR243C,YGR059W,0,5.4376216,0.5022421479225159,0.5474095940589905,0.05562794581055641
YPR031W,YHR158C,0,5.4362235,0.5017921328544617,0.5474095940589905,0.05572817474603653
YIL150C,YOR295W,1,5.4361744,0.5022381544113159,0.5483871102333069,0.05572817474603653
YOR362C,YOR326W,0,5.434045,0.5017889142036438,0.5483871102333069,0.05582840368151665
YER088C,YER053C,0,5.431955,0.5013405084609985,0.5483871102333069,0.055928636342287064
YOL059W,YLR135W,0,5.428059,0.5008928775787354,0.5483871102333069,0.05602886527776718
YCL051W,YGR275W,0,5.427682,0.5004460215568542,0.5483871102333069,0.0561290979385376
YKR046C,YGL151W,0,5.4274855,0.5,0.5483871102333069,0.056229326874017715
YDL075W,YFR034C,0,5.427232,0.49955475330352783,0.5483871102333069,0.05632955953478813
YDL058W,YMR311C,0,5.4252863,0.49911031126976013,0.5483871102333069,0.05642978847026825
YIL033C,YDR363W-A,0,5.422681,0.4986666738986969,0.5483871102333069,0.05653001740574837
YMR037C,YDR227W,1,5.4213696,0.4991118907928467,0.5493646264076233,0.05653001740574837
YOR080W,YER153C,0,5.42052,0.4986690282821655,0.5493646264076233,0.056630250066518784
YDR077W,YKR099W,0,5.420107,0.49822694063186646,0.5493646264076233,0.0567304790019989
YER126C,YBL088C,0,5.4186335,0.49778565764427185,0.5493646264076233,0.05683071166276932
YMR247C,YOR191W,1,5.4167204,0.49823009967803955,0.5503421425819397,0.05683071166276932
YDR216W,YBR231C,1,5.416399,0.4986737370491028,0.5513196587562561,0.05683071166276932
YDR399W,YPR023C,0,5.41537,0.49823322892189026,0.5513196587562561,0.056930940598249435
YPL235W,YMR044W,1,5.410719,0.4986760914325714,0.5522971749305725,0.056930940598249435
YIL153W,YML024W,0,5.409936,0.4982363283634186,0.5522971749305725,0.05703117325901985
YOR122C,YJL041W,0,5.4098806,0.4977973699569702,0.5522971749305725,0.05713140219449997
YJR119C,YOR189W,1,5.40547,0.4982394278049469,0.5532746911048889,0.05713140219449997
YPR143W,YGL167C,0,5.4053574,0.4978012442588806,0.5532746911048889,0.05723163112998009
YOL012C,YIL008W,0,5.4033356,0.497363805770874,0.5532746911048889,0.057331863790750504
YBR289W,YMR006C,0,5.4029207,0.4969271421432495,0.5532746911048889,0.05743209272623062
YJR022W,YDR408C,0,5.4014487,0.4964912235736847,0.5532746911048889,0.05753232538700104
YOR122C,YLR284C,0,5.4010973,0.49605607986450195,0.5532746911048889,0.057632554322481155
YOR179C,YEL065W,0,5.4006457,0.4956217110157013,0.5532746911048889,0.05773278698325157
YFR046C,YOL148C,0,5.400268,0.4951880872249603,0.5532746911048889,0.05783301591873169
YMR022W,YDR499W,1,5.397296,0.49562937021255493,0.5542522072792053,0.05783301591873169
YOL006C,YOL016C,0,5.396595,0.49519652128219604,0.5542522072792053,0.05793324485421181
YAL055W,YMR288W,0,5.3940372,0.49476438760757446,0.5542522072792053,0.058033477514982224
YKR086W,YFL039C,0,5.393441,0.49433302879333496,0.5542522072792053,0.05813370645046234
YGL135W,YMR067C,0,5.3906937,0.49390244483947754,0.5542522072792053,0.05823393911123276
YMR033W,YGL150C,1,5.3888626,0.4943428933620453,0.5552297234535217,0.05823393911123276
YJL076W,YMR110C,0,5.3830624,0.49391305446624756,0.5552297234535217,0.058334168046712875
YDR440W,YGL171W,0,5.382176,0.49348393082618713,0.5552297234535217,0.05843440070748329
YIL153W,YER114C,0,5.380647,0.4930555522441864,0.5552297234535217,0.05853462964296341
YLR390W-A,YDR243C,0,5.3805246,0.49262791872024536,0.5552297234535217,0.05863485857844353
YPL023C,YMR234W,0,5.3797464,0.492201030254364,0.5552297234535217,0.058735091239213943
YLR373C,YPL139C,1,5.3780127,0.4926407039165497,0.5562072396278381,0.058735091239213943
YKL062W,YDL100C,0,5.375289,0.49221453070640564,0.5562072396278381,0.05883532017469406
YPL235W,YDR191W,1,5.3750386,0.49265339970588684,0.5571847558021545,0.05883532017469406
YLR085C,YJL176C,1,5.374227,0.49309152364730835,0.558162271976471,0.05883532017469406
YOR151C,YOR329C,0,5.3688297,0.492666095495224,0.558162271976471,0.05893555283546448
YML118W,YBR079C,0,5.368289,0.49224138259887695,0.558162271976471,0.059035781770944595
YKR024C,YEL058W,0,5.3661127,0.4918173849582672,0.558162271976471,0.05913601443171501
YAL013W,YDR227W,1,5.3622646,0.49225473403930664,0.5591397881507874,0.05913601443171501
YOR274W,YLR052W,1,5.361674,0.492691308259964,0.5601173043251038,0.05913601443171501
YKL032C,YDR347W,0,5.360232,0.49226805567741394,0.5601173043251038,0.05923624336719513
YDR440W,YLR335W,1,5.3598585,0.4927038550376892,0.5610948204994202,0.05923624336719513
YDL087C,YGR223C,0,5.351721,0.49228131771087646,0.5610948204994202,0.05933647230267525
YDL042C,YDR005C,1,5.3513,0.49271637201309204,0.5620723366737366,0.05933647230267525
YNL288W,YMR230W,0,5.3511534,0.4922945201396942,0.5620723366737366,0.05943670496344566
YCL050C,YML034W,0,5.350683,0.4918733835220337,0.5620723366737366,0.05953693389892578
YNL246W,YBR038W,0,5.350174,0.49145299196243286,0.5620723366737366,0.0596371665596962
YLL036C,YIL023C,0,5.345679,0.49103331565856934,0.5620723366737366,0.059737395495176315
YGL163C,YMR239C,1,5.3448415,0.49146756529808044,0.563049852848053,0.059737395495176315
YOR295W,YDR176W,1,5.3408794,0.49190109968185425,0.5640273690223694,0.059737395495176315
YEL046C,YJL078C,0,5.3382254,0.49148210883140564,0.5640273690223694,0.05983762815594673
YPL231W,YHR110W,0,5.3339767,0.49106383323669434,0.5640273690223694,0.05993785709142685
YGL240W,YAR003W,1,5.3326187,0.49149659276008606,0.5650048851966858,0.05993785709142685
YOR229W,YDR268W,0,5.3320427,0.4910790026187897,0.5650048851966858,0.06003808602690697
YFR046C,YPL237W,0,5.3291583,0.4906621277332306,0.5650048851966858,0.06013831868767738
YDL116W,YGL058W,1,5.327841,0.4910941421985626,0.5659824013710022,0.06013831868767738
YBL097W,YOL120C,0,5.3240204,0.49067795276641846,0.5659824013710022,0.0602385476231575
YDR103W,YMR305C,0,5.320269,0.4902624785900116,0.5659824013710022,0.06033878028392792
YDR207C,YEL032W,1,5.318951,0.49069374799728394,0.5669599175453186,0.06033878028392792
YMR016C,YER082C,0,5.3157635,0.490278959274292,0.5669599175453186,0.060439009219408035
YLR051C,YIL026C,0,5.313526,0.48986485600471497,0.5669599175453186,0.06053924188017845
YKR060W,YBR297W,0,5.3127213,0.48945146799087524,0.5669599175453186,0.06063947081565857
YGL145W,YOR077W,0,5.3120146,0.4890387952327728,0.5669599175453186,0.06073969975113869
YDL044C,YLR340W,0,5.3109856,0.48862677812576294,0.5669599175453186,0.0608399324119091
YDR190C,YMR273C,1,5.307949,0.4890572428703308,0.567937433719635,0.0608399324119091
YDR207C,YDL116W,1,5.305501,0.489486962556839,0.5689149498939514,0.0608399324119091
YGL016W,YMR068W,0,5.305484,0.489075630903244,0.5689149498939514,0.06094016134738922
YNL216W,YNL036W,0,5.303196,0.48866498470306396,0.5689149498939514,0.06104039400815964
YPL022W,YPL075W,0,5.3030205,0.48825502395629883,0.5689149498939514,0.061140622943639755
YDR047W,YGR060W,0,5.300343,0.487845778465271,0.5689149498939514,0.06124085560441017
YOR077W,YMR237W,0,5.2947874,0.4874371886253357,0.5689149498939514,0.06134108453989029
YKR060W,YGL047W,0,5.2902,0.4870292842388153,0.5689149498939514,0.06144131347537041
YKL069W,YJR143C,0,5.2869225,0.48662206530570984,0.5689149498939514,0.06154154613614082
YDL042C,YOR274W,1,5.2861075,0.48705095052719116,0.5698924660682678,0.06154154613614082
YKL212W,YFR040W,0,5.2855377,0.4866444170475006,0.5698924660682678,0.06164177507162094
YLR323C,YKL028W,0,5.2855077,0.4862385392189026,0.5698924660682678,0.06174200773239136
YDR311W,YJL051W,0,5.283123,0.4858333468437195,0.5698924660682678,0.061842236667871475
YOL068C,YDL105W,0,5.282974,0.4854288101196289,0.5698924660682678,0.06194246932864189
YHL003C,YBR280C,0,5.282478,0.48502495884895325,0.5698924660682678,0.06204269826412201
YKL160W,YCL010C,1,5.2818947,0.4854530394077301,0.5708699822425842,0.06204269826412201
YMR183C,YBR001C,0,5.280214,0.485049843788147,0.5708699822425842,0.06214292719960213
YGL043W,YKR095W,0,5.2778625,0.48464730381965637,0.5708699822425842,0.06224315986037254
YOR290C,YHR052W,0,5.274785,0.4842454493045807,0.5708699822425842,0.06234338879585266
YOR080W,YDL106C,1,5.273794,0.48467275500297546,0.5718474984169006,0.06234338879585266
YJL115W,YKL056C,0,5.273608,0.4842715263366699,0.5718474984169006,0.06244362145662308
YPR168W,YBR043C,0,5.2735114,0.4838709533214569,0.5718474984169006,0.0625438541173935
YIL147C,YIL040W,0,5.272523,0.4834710657596588,0.5718474984169006,0.06264407932758331
YDR399W,YDR147W,0,5.2719154,0.48307183384895325,0.5718474984169006,0.06274431198835373
YBR009C,YLR399C,1,5.270959,0.48349836468696594,0.572825014591217,0.06274431198835373
YHR089C,YFR027W,0,5.26811,0.4830997586250305,0.572825014591217,0.06284454464912415
YML126C,YER180C,0,5.266996,0.4827018082141876,0.572825014591217,0.06294476985931396
YGR104C,YHR178W,0,5.265688,0.48230451345443726,0.572825014591217,0.06304500252008438
YBR253W,YJR001W,0,5.2626853,0.4819079041481018,0.572825014591217,0.0631452351808548
YIL150C,YOL144W,0,5.2618523,0.4815119206905365,0.572825014591217,0.06324546784162521
YAL032C,YJL137C,0,5.2611904,0.4811165928840637,0.572825014591217,0.06334569305181503
YLR086W,YOL061W,0,5.2608843,0.4807218909263611,0.572825014591217,0.06344592571258545
YAL013W,YOL115W,0,5.2590046,0.48032787442207336,0.572825014591217,0.06354615837335587
YDR265W,YNL088W,0,5.257305,0.4799344837665558,0.572825014591217,0.06364638358354568
YMR201C,YGR184C,0,5.2566566,0.47954174876213074,0.572825014591217,0.0637466162443161
YNL154C,YPR107C,0,5.2523775,0.47914963960647583,0.572825014591217,0.06384684890508652
YGR195W,YNL045W,0,5.2517443,0.47875815629959106,0.572825014591217,0.06394708156585693
YPL190C,YLR448W,0,5.25055,0.4783673584461212,0.572825014591217,0.06404730677604675
YDR362C,YIL121W,0,5.2487836,0.4779771566390991,0.572825014591217,0.06414753943681717
YOL109W,YNL051W,0,5.2479296,0.47758761048316956,0.572825014591217,0.06424777209758759
YMR043W,YLR102C,0,5.246087,0.47719869017601013,0.572825014591217,0.0643479973077774
YER120W,YKR101W,1,5.2456713,0.4776240885257721,0.5738025307655334,0.0643479973077774
YPL116W,YDR005C,1,5.2429404,0.47804877161979675,0.5747800469398499,0.0643479973077774
YLR240W,YJL173C,0,5.2411613,0.4776604473590851,0.5747800469398499,0.06444822996854782
YBR142W,YGL090W,0,5.240876,0.47727271914482117,0.5747800469398499,0.06454846262931824
YML126C,YGR195W,0,5.240509,0.4768856465816498,0.5747800469398499,0.06464869529008865
YDR288W,YGR204W,0,5.240508,0.47649919986724854,0.5747800469398499,0.06474892050027847
YPR068C,YOR189W,1,5.2384014,0.4769230782985687,0.5757575631141663,0.06474892050027847
YKL024C,YKL164C,0,5.2364974,0.47653722763061523,0.5757575631141663,0.06484915316104889
YGR090W,YPR058W,0,5.2350516,0.4761519730091095,0.5757575631141663,0.0649493858218193
YML041C,YFR031C,1,5.2323027,0.47657510638237,0.5767350792884827,0.0649493858218193
YLR118C,YNL030W,0,5.22954,0.4761904776096344,0.5767350792884827,0.06504961103200912
YNL222W,YIL038C,0,5.2278843,0.47580644488334656,0.5767350792884827,0.06514984369277954
YDR174W,YIL084C,1,5.225828,0.47622883319854736,0.5777125954627991,0.06514984369277954
YBL066C,YKL137W,0,5.2257233,0.4758453965187073,0.5777125954627991,0.06525007635354996
YAL041W,YPR133C,0,5.2232323,0.47546258568763733,0.5777125954627991,0.06535030901432037
YGL127C,YPL033C,0,5.2208157,0.4750804007053375,0.5777125954627991,0.06545053422451019
YKL193C,YBR127C,0,5.2197914,0.4746987819671631,0.5777125954627991,0.06555076688528061
YBR005W,YLR147C,0,5.2185307,0.4743178188800812,0.5777125954627991,0.06565099954605103
YDR520C,YDR225W,0,5.215189,0.473937451839447,0.5777125954627991,0.06575122475624084
YGR275W,YOL090W,1,5.211635,0.4743589758872986,0.5786901116371155,0.06575122475624084
YJL065C,YBR273C,0,5.207569,0.4739791750907898,0.5786901116371155,0.06585145741701126
YDR325W,YJR119C,1,5.2074075,0.47440001368522644,0.5796676278114319,0.06585145741701126
YGL092W,YOR189W,1,5.2061677,0.4748201370239258,0.5806451439857483,0.06585145741701126
YGL166W,YPL016W,0,5.201434,0.47444090247154236,0.5806451439857483,0.06595169007778168
YKL113C,YPL022W,0,5.2013206,0.4740622639656067,0.5806451439857483,0.0660519227385521
YPR034W,YPL128C,1,5.2011003,0.4744816720485687,0.5816226601600647,0.0660519227385521
YLR066W,YOL109W,0,5.200941,0.4741035997867584,0.5816226601600647,0.06615214794874191
YPL075W,YDR325W,1,5.191023,0.47452229261398315,0.5826001763343811,0.06615214794874191
YLL004W,YDR363W,1,5.1906233,0.47494032979011536,0.5835776925086975,0.06615214794874191
YOR122C,YHL002W,0,5.1904187,0.47456279397010803,0.5835776925086975,0.06625238060951233
YGL035C,YDR520C,0,5.187706,0.47418585419654846,0.5835776925086975,0.06635261327028275
YLL004W,YML102W,1,5.18767,0.47460317611694336,0.5845552086830139,0.06635261327028275
YLR433C,YBL003C,0,5.1876388,0.47422680258750916,0.5845552086830139,0.06645283848047256
YGR057C,YPL133C,0,5.1827946,0.4738510251045227,0.5845552086830139,0.06655307114124298
YAL001C,YDL130W,0,5.180129,0.473475843667984,0.5845552086830139,0.0666533038020134
YLR286C,YBR251W,0,5.179916,0.47310125827789307,0.5845552086830139,0.06675353646278381
YMR042W,YMR011W,0,5.1794024,0.4727272689342499,0.5845552086830139,0.06685376167297363
YIL033C,YLR342W,0,5.1770744,0.47235387563705444,0.5845552086830139,0.06695399433374405
YKL112W,YFR038W,1,5.1721206,0.4727703332901001,0.5855327248573303,0.06695399433374405
YMR021C,YGL213C,0,5.1715937,0.47239747643470764,0.5855327248573303,0.06705422699451447
YDR484W,YIL078W,0,5.1714516,0.47202521562576294,0.5855327248573303,0.06715445220470428
YLL010C,YBR097W,0,5.167633,0.471653550863266,0.5855327248573303,0.0672546848654747
YBR280C,YIL018W,0,5.1674824,0.4712824523448944,0.5855327248573303,0.06735491752624512
YMR037C,YLL004W,1,5.1656995,0.4716981053352356,0.5865102410316467,0.06735491752624512
YLR433C,YLR085C,0,5.165617,0.4713275730609894,0.5865102410316467,0.06745515018701553
YDR292C,YLR223C,0,5.1601105,0.47095760703086853,0.5865102410316467,0.06755537539720535
YEL050C,YPR156C,0,5.1573405,0.47058823704719543,0.5865102410316467,0.06765560805797577
YOR269W,YCL035C,0,5.1550922,0.4702194333076477,0.5865102410316467,0.06775584071874619
YDR363W,YOR244W,1,5.153907,0.4706343114376068,0.5874877572059631,0.06775584071874619
YBL102W,YER060W-A,0,5.152259,0.47026604413986206,0.5874877572059631,0.067856065928936
YPR018W,YDL139C,0,5.1512055,0.46989837288856506,0.5874877572059631,0.06795629858970642
YBR095C,YGL207W,1,5.1483583,0.4703125059604645,0.5884652733802795,0.06795629858970642
YGR275W,YGR252W,1,5.14803,0.47072598338127136,0.589442789554596,0.06795629858970642
YAL013W,YNL107W,1,5.146577,0.4711388349533081,0.5904203057289124,0.06795629858970642
YFR037C,YLR079W,0,5.144596,0.4707716405391693,0.5904203057289124,0.06805653125047684
YDR217C,YDR013W,0,5.14389,0.4704049825668335,0.5904203057289124,0.06815676391124725
YDR439W,YLR109W,0,5.1422358,0.47003892064094543,0.5904203057289124,0.06825698912143707
YDR033W,YBR024W,0,5.14058,0.46967339515686035,0.5904203057289124,0.06835722178220749
YAL015C,YPL173W,0,5.1373205,0.469308465719223,0.5904203057289124,0.0684574544429779
YNL312W,YBL102W,0,5.136036,0.46894410252571106,0.5904203057289124,0.06855767965316772
YLR032W,YDR301W,0,5.1357245,0.46858030557632446,0.5904203057289124,0.06865791231393814
YHL035C,YGL257C,0,5.1329923,0.46821704506874084,0.5904203057289124,0.06875814497470856
YOR295W,YNL107W,1,5.1281266,0.46862897276878357,0.5913978219032288,0.06875814497470856
YOR308C,YAL014C,0,5.1264076,0.46826624870300293,0.5913978219032288,0.06885837763547897
YOR174W,YLR006C,0,5.1263366,0.46790409088134766,0.5913978219032288,0.06895860284566879
YIL110W,YGL150C,0,5.1227136,0.46754249930381775,0.5913978219032288,0.06905883550643921
YFR008W,YKL089W,0,5.1180716,0.4671814739704132,0.5913978219032288,0.06915906816720963
YOL060C,YGR078C,0,5.118012,0.46682098507881165,0.5913978219032288,0.06925929337739944
YDR180W,YDR330W,0,5.117502,0.46646106243133545,0.5913978219032288,0.06935952603816986
YBR114W,YDL042C,1,5.116788,0.46687209606170654,0.5923753380775452,0.06935952603816986
YOR284W,YBR189W,0,5.111623,0.4665127098560333,0.5923753380775452,0.06945975869894028
YFR038W,YDL106C,1,5.110195,0.4669230878353119,0.5933528542518616,0.06945975869894028
YFR005C,YGR206W,0,5.108923,0.4665641784667969,0.5933528542518616,0.0695599913597107
YLR453C,YDR012W,0,5.1061673,0.4662058353424072,0.5933528542518616,0.06966021656990051
YKL069W,YGL211W,0,5.1038456,0.46584802865982056,0.5933528542518616,0.06976044923067093
YDR440W,YDR359C,1,5.1031995,0.46625766158103943,0.5943304300308228,0.06976044923067093
YBL061C,YHR007C,0,5.098922,0.46590039134025574,0.5943304300308228,0.06986068189144135
YML114C,YPR095C,0,5.0988903,0.465543657541275,0.5943304300308228,0.06996090710163116
YPL224C,YGR129W,0,5.0975857,0.4651874601840973,0.5943304300308228,0.07006113976240158
YBR237W,YEL050C,0,5.0952196,0.46483179926872253,0.5943304300308228,0.070161372423172
YLL039C,YLR266C,0,5.0938644,0.46447670459747314,0.5943304300308228,0.07026160508394241
YDR163W,YOR207C,0,5.0913134,0.46412214636802673,0.5943304300308228,0.07036183029413223
YNL330C,YMR022W,1,5.0906663,0.464530885219574,0.5953079462051392,0.07036183029413223
YIL131C,YJR136C,1,5.0889754,0.46493902802467346,0.5962854623794556,0.07036183029413223
YGL073W,YOL095C,0,5.087934,0.46458491683006287,0.5962854623794556,0.07046206295490265
YML041C,YOR244W,1,5.087723,0.4649924039840698,0.597262978553772,0.07046206295490265
YDL076C,YMR033W,1,5.0855827,0.46539923548698425,0.5982404947280884,0.07046206295490265
YGR116W,YLR052W,1,5.085035,0.4658054709434509,0.5992180109024048,0.07046206295490265
YML093W,YPL141C,0,5.0847874,0.46545177698135376,0.5992180109024048,0.07056229561567307
YLR136C,YDL220C,0,5.084477,0.46509861946105957,0.5992180109024048,0.07066252082586288
YBR030W,YEL034W,0,5.0842476,0.46474602818489075,0.5992180109024048,0.0707627534866333
YPL055C,YMR273C,1,5.083042,0.46515151858329773,0.6001955270767212,0.0707627534866333
YHR133C,YLR467W,0,5.077275,0.4647994041442871,0.6001955270767212,0.07086298614740372
YBL035C,YLR221C,0,5.0751643,0.4644477963447571,0.6001955270767212,0.07096321880817413
YLL021W,YER026C,0,5.069325,0.4640967547893524,0.6001955270767212,0.07106344401836395
YGR103W,YBR229C,0,5.0653534,0.46374621987342834,0.6001955270767212,0.07116367667913437
YER070W,YDL147W,0,5.0640793,0.46339622139930725,0.6001955270767212,0.07126390933990479
YLR052W,YOR288C,0,5.062196,0.46304675936698914,0.6001955270767212,0.0713641345500946
YJR042W,YBR198C,0,5.0620937,0.4626978039741516,0.6001955270767212,0.07146436721086502
YJL065C,YAR003W,1,5.0617266,0.46310240030288696,0.6011730432510376,0.07146436721086502
YDR097C,YDR234W,0,5.061671,0.46275395154953003,0.6011730432510376,0.07156459987163544
YBR049C,YKL140W,0,5.0610085,0.4624060094356537,0.6011730432510376,0.07166483253240585
YKR082W,YJL076W,1,5.0601716,0.4628099203109741,0.602150559425354,0.07166483253240585
YGL055W,YMR017W,0,5.059826,0.462462455034256,0.602150559425354,0.07176505774259567
YDL145C,YJL123C,0,5.0587378,0.4621155261993408,0.602150559425354,0.07186529040336609
YFL037W,YNL240C,0,5.0565243,0.46176910400390625,0.602150559425354,0.0719655230641365
YLR430W,YHR034C,0,5.056363,0.46142321825027466,0.602150559425354,0.07206574827432632
YDR043C,YLR435W,0,5.0537934,0.46107783913612366,0.602150559425354,0.07216598093509674
YKL012W,YML062C,0,5.0525846,0.46073299646377563,0.602150559425354,0.07226621359586716
YKL043W,YPL059W,0,5.050512,0.4603886306285858,0.602150559425354,0.07236644625663757
YIL126W,YMR323W,0,5.05007,0.460044801235199,0.602150559425354,0.07246667146682739
YKL012W,YBR114W,0,5.0455256,0.4597014784812927,0.602150559425354,0.07256690412759781
YLR406C,YNL299W,0,5.043634,0.45935869216918945,0.602150559425354,0.07266713678836823
YDR288W,YKL089W,0,5.0430984,0.4590163826942444,0.602150559425354,0.07276736199855804
YDR448W,YBR060C,1,5.040875,0.45941922068595886,0.6031280755996704,0.07276736199855804
YIL126W,YLR086W,1,5.039935,0.4598214328289032,0.6041055917739868,0.07276736199855804
YLR085C,YBR215W,1,5.0399055,0.4602230489253998,0.6050831079483032,0.07276736199855804
YPR085C,YOR189W,1,5.0386343,0.4606240689754486,0.6060606241226196,0.07276736199855804
YGL130W,YDR027C,0,5.035157,0.4602821171283722,0.6060606241226196,0.07286759465932846
YBR009C,YML093W,0,5.0351315,0.459940642118454,0.6060606241226196,0.07296782732009888
YPR031W,YOR115C,0,5.0344534,0.45959970355033875,0.6060606241226196,0.0730680599808693
YBL071W-A,YPR008W,0,5.033311,0.4592592716217041,0.6060606241226196,0.07316828519105911
YKL179C,YGL025C,0,5.031595,0.45891931653022766,0.6060606241226196,0.07326851785182953
YIL056W,YBR283C,0,5.029517,0.4585798680782318,0.6060606241226196,0.07336875051259995
YAL013W,YOR175C,0,5.0279274,0.45824095606803894,0.6060606241226196,0.07346897572278976
YGR211W,YBL016W,0,5.0243235,0.4579025208950043,0.6060606241226196,0.07356920838356018
YDR123C,YAL026C,0,5.024273,0.4575645625591278,0.6060606241226196,0.0736694410443306
YLR335W,YDR359C,1,5.0236053,0.45796459913253784,0.607038140296936,0.0736694410443306
YKL024C,YKL045W,0,5.0211425,0.4576271176338196,0.607038140296936,0.07376967370510101
YNL312W,YGL257C,0,5.0208445,0.4572901427745819,0.607038140296936,0.07386989891529083
YMR121C,YNL139C,0,5.0207767,0.45695364475250244,0.607038140296936,0.07397013157606125
YER147C,YGL048C,1,5.0194674,0.4573529362678528,0.6080156564712524,0.07397013157606125
YFL004W,YNL063W,0,5.0185575,0.45701688528060913,0.6080156564712524,0.07407036423683167
YDR314C,YLR079W,0,5.0169563,0.45668134093284607,0.6080156564712524,0.07417058944702148
YCR020W-B,YDR448W,1,5.0164704,0.4570799767971039,0.6089931726455688,0.07417058944702148
YHL033C,YNL047C,0,5.0149555,0.45674487948417664,0.6089931726455688,0.0742708221077919
YDL240W,YMR263W,0,5.0112667,0.4564102590084076,0.6089931726455688,0.07437105476856232
YDR028C,YNL206C,1,5.0071764,0.4568082094192505,0.6099706888198853,0.07437105476856232
YFR031C,YBR089C-A,1,5.005142,0.45720556378364563,0.6109482049942017,0.07437105476856232
YOL021C,YPL159C,0,5.004155,0.4568713307380676,0.6109482049942017,0.07447128742933273
YMR236W,YDL136W,0,5.004067,0.4565376043319702,0.6109482049942017,0.07457151263952255
YBL097W,YKL194C,0,5.000312,0.4562043845653534,0.6109482049942017,0.07467174530029297
YOL005C,YER012W,0,4.9980946,0.4558716118335724,0.6109482049942017,0.07477197796106339
YDR046C,YJL153C,0,4.9978666,0.455539345741272,0.6109482049942017,0.0748722031712532
YOL021C,YJL033W,0,4.997851,0.45520758628845215,0.6109482049942017,0.07497243583202362
YDR004W,YER153C,0,4.9971848,0.45487627387046814,0.6109482049942017,0.07507266849279404
YHR196W,YJL170C,0,4.99551,0.4545454680919647,0.6109482049942017,0.07517290115356445
YPR048W,YDR155C,0,4.9944835,0.4542151093482971,0.6109482049942017,0.07527312636375427
YDR167W,YLR033W,1,4.991969,0.45461148023605347,0.6119257211685181,0.07527312636375427
YML127W,YMR176W,1,4.991824,0.45500725507736206,0.6129032373428345,0.07527312636375427
YFR031C-A,YMR058W,0,4.990372,0.4546773135662079,0.6129032373428345,0.07537335902452469
YDR110W,YLR052W,1,4.9864144,0.45507246255874634,0.6138807535171509,0.07537335902452469
YPR110C,YBL074C,0,4.9862566,0.4547429382801056,0.6138807535171509,0.0754735916852951
YDR372C,YER122C,0,4.9857,0.45441389083862305,0.6138807535171509,0.07557381689548492
YNR023W,YDR359C,1,4.9835777,0.45480838418006897,0.6148582696914673,0.07557381689548492
YDR207C,YLR052W,1,4.98221,0.4552023112773895,0.6158357858657837,0.07557381689548492
YAL013W,YHR158C,0,4.978197,0.454873651266098,0.6158357858657837,0.07567404955625534
YKL012W,YDR375C,0,4.977128,0.4545454680919647,0.6158357858657837,0.07577428221702576
YHR118C,YMR284W,1,4.9768696,0.45493870973587036,0.6168133020401001,0.07577428221702576
YNL142W,YPR169W,0,4.974725,0.4546109437942505,0.6168133020401001,0.07587451487779617
YBL025W,YPR105C,0,4.971879,0.4542836546897888,0.6168133020401001,0.07597474008798599
YDR334W,YBR103W,1,4.970146,0.4546762704849243,0.6177908182144165,0.07597474008798599
YAL041W,YEL032W,0,4.9700894,0.4543493986129761,0.6177908182144165,0.07607497274875641
YBR060C,YDR071C,1,4.962198,0.45474138855934143,0.6187683343887329,0.07607497274875641
YMR224C,YLR193C,0,4.9608564,0.4544149339199066,0.6187683343887329,0.07617520540952682
YGL105W,YMR040W,0,4.9599905,0.45408895611763,0.6187683343887329,0.07627543061971664
YDR439W,YJL111W,0,4.9549294,0.4537634551525116,0.6187683343887329,0.07637566328048706
YDR177W,YDR108W,0,4.952672,0.453438401222229,0.6187683343887329,0.07647589594125748
YLR095C,YKR008W,1,4.9526453,0.45382964611053467,0.6197458505630493,0.07647589594125748
YKL108W,YGR163W,0,4.952297,0.4535050094127655,0.6197458505630493,0.0765761286020279
YIL150C,YGR002C,1,4.9517393,0.453895628452301,0.6207233667373657,0.0765761286020279
YAL032C,YDL143W,0,4.951437,0.4535714387893677,0.6207233667373657,0.07667635381221771
YLL021W,YOR103C,0,4.950876,0.45324766635894775,0.6207233667373657,0.07677658647298813
YDR145W,YCR073C,0,4.95021,0.4529244005680084,0.6207233667373657,0.07687681913375854
YER109C,YGL153W,0,4.949683,0.4526015818119049,0.6207233667373657,0.07697704434394836
YLR141W,YBR289W,1,4.948557,0.45299145579338074,0.6217008829116821,0.07697704434394836
YGL073W,YIL098C,0,4.9457655,0.45266902446746826,0.6217008829116821,0.07707727700471878
YDR390C,YBR234C,0,4.944297,0.452347069978714,0.6217008829116821,0.0771775096654892
YFR027W,YHR005C,0,4.9428964,0.4520255923271179,0.6217008829116821,0.07727774232625961
YBR136W,YIL009C-A,0,4.9428144,0.4517045319080353,0.6217008829116821,0.07737796753644943
YDL099W,YDR110W,0,4.938653,0.45138394832611084,0.6217008829116821,0.07747820019721985
YKL028W,YNL188W,0,4.9356403,0.4510638415813446,0.6217008829116821,0.07757843285799026
YLR117C,YGL206C,0,4.93477,0.4507441520690918,0.6217008829116821,0.07767865806818008
YJL174W,YDR055W,0,4.9297314,0.4504249393939972,0.6217008829116821,0.0777788907289505
YCL033C,YGR094W,0,4.926817,0.450106143951416,0.6217008829116821,0.07787912338972092
YNL136W,YLR368W,0,4.9260206,0.44978782534599304,0.6217008829116821,0.07797935605049133
YDL002C,YGL037C,1,4.9257,0.4501766860485077,0.6226783990859985,0.07797935605049133
YLR256W,YER126C,0,4.922312,0.44985875487327576,0.6226783990859985,0.07807958126068115
YKL135C,YJL190C,0,4.920847,0.44954127073287964,0.6226783990859985,0.07817981392145157
YOR181W,YFL031W,0,4.919734,0.4492242634296417,0.6226783990859985,0.07828004658222198
YJR017C,YIL118W,0,4.9189014,0.44890767335891724,0.6226783990859985,0.0783802717924118
YKR094C,YOR110W,0,4.915867,0.44859156012535095,0.6226783990859985,0.07848050445318222
YOR278W,YHR007C,0,4.9150286,0.4482758641242981,0.6226783990859985,0.07858073711395264
YPR133C,YBR167C,0,4.914398,0.44796061515808105,0.6226783990859985,0.07868096977472305
YBR289W,YMR058W,0,4.914236,0.44764581322669983,0.6226783990859985,0.07878119498491287
YOR213C,YCR084C,1,4.913894,0.44803372025489807,0.6236559152603149,0.07878119498491287
YBR231C,YNR027W,0,4.911924,0.4477193057537079,0.6236559152603149,0.07888142764568329
YBR073W,YBR201W,0,4.911457,0.4474053382873535,0.6236559152603149,0.0789816603064537
YNR023W,YDL076C,1,4.908902,0.44779255986213684,0.6246334314346313,0.0789816603064537
YDR359C,YBR231C,1,4.9085135,0.4481792747974396,0.6256109476089478,0.0789816603064537
YKR025W,YNL250W,0,4.9067907,0.44786563515663147,0.6256109476089478,0.07908188551664352
YKL043W,YHR141C,0,4.904947,0.4475524425506592,0.6256109476089478,0.07918211817741394
YHR021C,YDR363W,0,4.9027834,0.4472396969795227,0.6256109476089478,0.07928235083818436
YFR027W,YPL138C,1,4.9010773,0.44762569665908813,0.6265884637832642,0.07928235083818436
YMR233W,YLR223C,0,4.895808,0.4473133385181427,0.6265884637832642,0.07938258349895477
YOR133W,YGL194C,0,4.8886,0.4470013976097107,0.6265884637832642,0.07948280870914459
YGR212W,YIR010W,0,4.8877444,0.4466899037361145,0.6265884637832642,0.07958304136991501
YER133W,YML041C,1,4.8858914,0.447075217962265,0.6275659799575806,0.07958304136991501
YBR068C,YBR082C,0,4.885641,0.4467640817165375,0.6275659799575806,0.07968327403068542
YDR440W,YDR181C,1,4.8853407,0.4471488296985626,0.628543496131897,0.07968327403068542
YCR047C,YPR067W,0,4.8839817,0.4468380808830261,0.628543496131897,0.07978349924087524
YJR082C,YOR249C,1,4.883622,0.4472222328186035,0.6295210123062134,0.07978349924087524
YER124C,YNL087W,0,4.8813915,0.44691187143325806,0.6295210123062134,0.07988373190164566
YHL016C,YLR109W,0,4.8813715,0.446601927280426,0.6295210123062134,0.07998396456241608
YDL098C,YER003C,0,4.875028,0.4462924599647522,0.6295210123062134,0.08008419722318649
YIL131C,YNL081C,0,4.871717,0.4459833800792694,0.6295210123062134,0.08018442243337631
YKL032C,YER172C,0,4.870501,0.44567474722862244,0.6295210123062134,0.08028465509414673
YBL032W,YFL013C,1,4.869747,0.44605809450149536,0.6304985284805298,0.08028465509414673
YDL220C,YML019W,0,4.8676395,0.44574981927871704,0.6304985284805298,0.08038488775491714
YKR092C,YBR090C-A,0,4.8670874,0.44544199109077454,0.6304985284805298,0.08048511296510696
YDR440W,YFR037C,1,4.8662786,0.4458247125148773,0.6314760446548462,0.08048511296510696
YER142C,YBR110W,0,4.8644667,0.44551724195480347,0.6314760446548462,0.08058534562587738
YMR236W,YNL107W,1,4.8615284,0.4458993673324585,0.6324535608291626,0.08058534562587738
YNL330C,YOL127W,0,4.860897,0.4455922842025757,0.6324535608291626,0.0806855782866478
YJL019W,YGR104C,0,4.86079,0.4452856183052063,0.6324535608291626,0.08078581094741821
YOR151C,YLR318W,0,4.858121,0.44497936964035034,0.6324535608291626,0.08088603615760803
YKR095W,YPL254W,0,4.854206,0.4446735382080078,0.6324535608291626,0.08098626881837845
YIL073C,YPR165W,0,4.8494844,0.4443681240081787,0.6324535608291626,0.08108650147914886
YML069W,YOR221C,0,4.849478,0.4440631568431854,0.6324535608291626,0.08118672668933868
YBR048W,YDR330W,0,4.84939,0.4437585771083832,0.6324535608291626,0.0812869593501091
YBR208C,YJL110C,0,4.848467,0.44345441460609436,0.6324535608291626,0.08138719201087952
YJL123C,YNR032W,0,4.8483286,0.44315069913864136,0.6324535608291626,0.08148742467164993
YOL068C,YBR103W,1,4.844487,0.4435318410396576,0.633431077003479,0.08148742467164993
YGR103W,YNL139C,0,4.8441925,0.44322845339775085,0.633431077003479,0.08158764988183975
YHL020C,YJL139C,0,4.8418846,0.44292548298835754,0.633431077003479,0.08168788254261017
YJR140C,YBR060C,1,4.8408356,0.44330599904060364,0.6344085931777954,0.08168788254261017
YPR018W,YKL179C,0,4.840133,0.44300341606140137,0.6344085931777954,0.08178811520338058
YHR165C,YNL287W,0,4.838996,0.44270122051239014,0.6344085931777954,0.0818883404135704
YDR111C,YMR002W,0,4.8378067,0.44239944219589233,0.6344085931777954,0.08198857307434082
YIL015W,YIL147C,0,4.837596,0.44209808111190796,0.6344085931777954,0.08208880573511124
YDR392W,YOR290C,1,4.835045,0.44247788190841675,0.6353861093521118,0.08208880573511124
YDR156W,YCR038C,0,4.8345847,0.442176878452301,0.6353861093521118,0.08218903839588165
YBR088C,YHR021C,0,4.833459,0.44187626242637634,0.6353861093521118,0.08228926360607147
YPR068C,YNL256W,0,4.832444,0.4415760934352875,0.6353861093521118,0.08238949626684189
YKR077W,YGR188C,0,4.8291483,0.44127631187438965,0.6353861093521118,0.0824897289276123
YMR314W,YMR164C,0,4.826664,0.44097694754600525,0.6353861093521118,0.08258995413780212
YGL112C,YGL194C,1,4.826585,0.44135594367980957,0.6363636255264282,0.08258995413780212
YDR180W,YJL127C,1,4.824931,0.4417344033718109,0.6373411417007446,0.08258995413780212
YGL063W,YMR076C,0,4.82472,0.4414353370666504,0.6373411417007446,0.08269018679857254
YPL046C,YBR217W,0,4.8245134,0.4411366581916809,0.6373411417007446,0.08279041945934296
YNR046W,YGR163W,0,4.8238945,0.44083839654922485,0.6373411417007446,0.08289065212011337
YDL130W,YDR486C,0,4.822792,0.4405405521392822,0.6373411417007446,0.08299087733030319
YDR235W,YMR171C,0,4.8223515,0.44024306535720825,0.6373411417007446,0.08309110999107361
YKL062W,YMR176W,1,4.821594,0.4406207799911499,0.638318657875061,0.08309110999107361
YOR063W,YGR074W,0,4.8215046,0.44032368063926697,0.638318657875061,0.08319134265184402
YLR015W,YOR038C,1,4.821212,0.44070079922676086,0.6392961740493774,0.08319134265184402
YOR362C,YBR153W,0,4.820483,0.4404040277004242,0.6392961740493774,0.08329156786203384
YDR086C,YNL186W,0,4.8200297,0.44010767340660095,0.6392961740493774,0.08339180052280426
YDL085W,YNL076W,0,4.8125954,0.43981170654296875,0.6392961740493774,0.08349203318357468
YOR113W,YMR023C,0,4.810239,0.4395161271095276,0.6392961740493774,0.08359226584434509
YMR041C,YJL184W,0,4.8098316,0.43922096490859985,0.6392961740493774,0.08369249105453491
YOR151C,YBL088C,0,4.808875,0.43892616033554077,0.6392961740493774,0.08379272371530533
YOL109W,YJL013C,0,4.8054476,0.4386318027973175,0.6392961740493774,0.08389295637607574
YEL005C,YMR153W,0,4.805221,0.4383378028869629,0.6392961740493774,0.08399318158626556
YKL112W,YJL208C,0,4.805146,0.4380442202091217,0.6392961740493774,0.08409341424703598
YBR114W,YOR249C,1,4.802841,0.4384203553199768,0.6402736902236938,0.08409341424703598
YKL005C,YDR377W,0,4.8026133,0.4381271004676819,0.6402736902236938,0.0841936469078064
YLR357W,YJR136C,1,4.795046,0.4385026693344116,0.6412512063980103,0.0841936469078064
YFR031C-A,YLR373C,0,4.7938013,0.43820974230766296,0.6412512063980103,0.08429387956857681
YHR206W,YBL038W,0,4.7912836,0.43791723251342773,0.6412512063980103,0.08439410477876663
YIL130W,YDR309C,0,4.7911897,0.43762508034706116,0.6412512063980103,0.08449433743953705
YPL181W,YJL208C,0,4.7893505,0.437333345413208,0.6412512063980103,0.08459457010030746
YPL012W,YMR170C,0,4.787564,0.4370419681072235,0.6412512063980103,0.08469479531049728
YJL059W,YDL082W,0,4.7874804,0.43675100803375244,0.6412512063980103,0.0847950279712677
YGL092W,YLR127C,0,4.7873583,0.43646040558815,0.6412512063980103,0.08489526063203812
YLR276C,YDR393W,0,4.787191,0.43617022037506104,0.6412512063980103,0.08499549329280853
YCR042C,YLR277C,0,4.7871737,0.4358803927898407,0.6412512063980103,0.08509571850299835
YLR032W,YDR110W,1,4.7867956,0.43625497817993164,0.6422287225723267,0.08509571850299835
YKL108W,YOL117W,0,4.7793775,0.43596550822257996,0.6422287225723267,0.08519595116376877
YDR103W,YOR295W,0,4.7765326,0.4356763958930969,0.6422287225723267,0.08529618382453918
YDR121W,YKL057C,1,4.7736053,0.4360503554344177,0.6432062387466431,0.08529618382453918
YGR074W,YPR033C,0,4.772136,0.43576160073280334,0.6432062387466431,0.085396409034729
YOR144C,YBR036C,0,4.770824,0.4354732036590576,0.6432062387466431,0.08549664169549942
YPL058C,YGR211W,0,4.77058,0.43518519401550293,0.6432062387466431,0.08559687435626984
YDR437W,YBR106W,0,4.7697997,0.4348975419998169,0.6432062387466431,0.08569710701704025
YBR084C-A,YKL138C-A,0,4.767602,0.4346103072166443,0.6432062387466431,0.08579733222723007
YLR003C,YDR359C,0,4.767432,0.43432343006134033,0.6432062387466431,0.08589756488800049
YBL008W,YGL133W,1,4.7665,0.4346965551376343,0.6441837549209595,0.08589756488800049
YLR274W,YPR052C,1,4.766469,0.43506920337677,0.6451612710952759,0.08589756488800049
YBR210W,YDR359C,0,4.765913,0.43478259444236755,0.6451612710952759,0.0859977975487709
YFR027W,YJL042W,0,4.765456,0.43449637293815613,0.6451612710952759,0.08609802275896072
YPR068C,YDR363W,1,4.7617536,0.4348684251308441,0.6461387872695923,0.08609802275896072
YER111C,YLR086W,0,4.7576103,0.43458250164985657,0.6461387872695923,0.08619825541973114
YAL003W,YKL002W,0,4.754397,0.43429696559906006,0.6461387872695923,0.08629848808050156
YBR279W,YMR033W,1,4.7540503,0.4346684217453003,0.6471163034439087,0.08629848808050156
YDL002C,YOL148C,1,4.753649,0.43503937125205994,0.6480938196182251,0.08629848808050156
YDR028C,YJL115W,1,4.752413,0.4354098439216614,0.6490713357925415,0.08629848808050156
YDR392W,YMR239C,1,4.749291,0.4357798099517822,0.6500488519668579,0.08629848808050156
YML058W,YBL009W,0,4.7438855,0.43549442291259766,0.6500488519668579,0.08639872074127197
YOR025W,YNL107W,1,4.740323,0.4358638823032379,0.6510263681411743,0.08639872074127197
YDR381W,YNL039W,0,4.7402916,0.4355788230895996,0.6510263681411743,0.08649894595146179
YDL076C,YGL133W,1,4.7395487,0.4359477162361145,0.6520038843154907,0.08649894595146179
YGL123W,YJR134C,0,4.738899,0.4356629550457001,0.6520038843154907,0.08659917861223221
YNL216W,YOR316C,0,4.7372055,0.4353785812854767,0.6520038843154907,0.08669941127300262
YBR179C,YHR102W,0,4.7368693,0.43509459495544434,0.6520038843154907,0.08679963648319244
YKR008W,YGL048C,1,4.73619,0.4354628324508667,0.6529814004898071,0.08679963648319244
YPL198W,YFL049W,0,4.73543,0.4351791441440582,0.6529814004898071,0.08689986914396286
YBR038W,YPR102C,0,4.734691,0.4348958432674408,0.6529814004898071,0.08700010180473328
YCR042C,YDL189W,0,4.730599,0.43461287021636963,0.6529814004898071,0.08710033446550369
YNL186W,YOL149W,0,4.72871,0.4343302845954895,0.6529814004898071,0.08720055967569351
YOL017W,YER014W,0,4.7272797,0.4340480864048004,0.6529814004898071,0.08730079233646393
YGL150C,YML069W,1,4.7272615,0.4344155788421631,0.6539589166641235,0.08730079233646393
YPL210C,YKR031C,0,4.726822,0.4341336786746979,0.6539589166641235,0.08740102499723434
YGR159C,YKL109W,0,4.7255917,0.4338521361351013,0.6539589166641235,0.08750125020742416
YKL010C,YBR087W,0,4.7245846,0.4335709512233734,0.6539589166641235,0.08760148286819458
YPR133C,YBL088C,1,4.7228146,0.43393781781196594,0.6549364328384399,0.08760148286819458
YOL030W,YOR079C,0,4.719754,0.4336569607257843,0.6549364328384399,0.087701715528965
YHR006W,YAR018C,0,4.7190123,0.4333764612674713,0.6549364328384399,0.08780194818973541
YDR381W,YGR231C,0,4.7178946,0.433096319437027,0.6549364328384399,0.08790217339992523
YBR162W-A,YIL010W,0,4.717803,0.4328165352344513,0.6549364328384399,0.08800240606069565
YBR112C,YEL063C,0,4.71653,0.43253710865974426,0.6549364328384399,0.08810263872146606
YOR123C,YKL062W,1,4.7163997,0.4329032301902771,0.6559139490127563,0.08810263872146606
YGR121C,YLR223C,0,4.7118754,0.43262410163879395,0.6559139490127563,0.08820286393165588
YNR038W,YIL126W,0,4.7114487,0.43234536051750183,0.6559139490127563,0.0883030965924263
YOL067C,YPL055C,0,4.711162,0.43206697702407837,0.6559139490127563,0.08840332925319672
YKR008W,YDR485C,1,4.706543,0.4324324429035187,0.6568915247917175,0.08840332925319672
YCR052W,YCR086W,1,4.705758,0.4327974319458008,0.6578690409660339,0.08840332925319672
YGL155W,YBL091C,0,4.7034965,0.4325192868709564,0.6578690409660339,0.08850355446338654
YJL010C,YOR150W,0,4.6985617,0.4322414994239807,0.6578690409660339,0.08860378712415695
YJL183W,YNR033W,0,4.6966543,0.43196406960487366,0.6578690409660339,0.08870401978492737
YPL038W,YDL210W,0,4.692864,0.43168696761131287,0.6578690409660339,0.08880425244569778
YBL093C,YGL145W,0,4.6893826,0.4314102530479431,0.6578690409660339,0.0889044776558876
YGR063C,YOR274W,1,4.688449,0.4317744970321655,0.6588465571403503,0.0889044776558876
YJL078C,YPL210C,0,4.6877174,0.43149808049201965,0.6588465571403503,0.08900471031665802
YAL032C,YGL147C,0,4.686817,0.43122202157974243,0.6588465571403503,0.08910494297742844
YBL050W,YKL132C,0,4.685712,0.4309462904930115,0.6588465571403503,0.08920516818761826
YNL025C,YMR158W,0,4.683238,0.43067091703414917,0.6588465571403503,0.08930540084838867
YOL072W,YOL146W,0,4.683177,0.4303959012031555,0.6588465571403503,0.08940563350915909
YGL131C,YHR196W,0,4.682454,0.4301212430000305,0.6588465571403503,0.0895058661699295
YOR332W,YLR398C,0,4.6808662,0.42984694242477417,0.6588465571403503,0.08960609138011932
YGR186W,YAL055W,0,4.679822,0.4295729696750641,0.6588465571403503,0.08970632404088974
YNL329C,YOL146W,0,4.678772,0.42929935455322266,0.6588465571403503,0.08980655670166016
YOR197W,YPR057W,0,4.677158,0.4290260970592499,0.6588465571403503,0.08990678191184998
YDR438W,YML026C,0,4.677023,0.42875316739082336,0.6588465571403503,0.09000701457262039
YDL076C,YGL112C,1,4.676491,0.4291163384914398,0.6598240733146667,0.09000701457262039
YNL132W,YLR369W,0,4.6760497,0.4288437068462372,0.6598240733146667,0.09010724723339081
YLR335W,YKR048C,1,4.6724224,0.42920634150505066,0.6608015894889832,0.09010724723339081
YJL092W,YIR019C,0,4.67234,0.4289340078830719,0.6608015894889832,0.09020747989416122
YPR023C,YPL017C,0,4.6716175,0.4286620020866394,0.6608015894889832,0.09030770510435104
YOR141C,YDR041W,0,4.6709037,0.42839035391807556,0.6608015894889832,0.09040793776512146
YDL108W,YDR421W,0,4.670372,0.42811906337738037,0.6608015894889832,0.09050817042589188
YFR038W,YBR103W,1,4.668555,0.42848101258277893,0.6617791056632996,0.09050817042589188
YOR259C,YNL159C,0,4.66768,0.42820999026298523,0.6617791056632996,0.0906083956360817
YIL073C,YNL076W,0,4.666569,0.4279393255710602,0.6617791056632996,0.09070862829685211
YDR469W,YDR052C,0,4.6636477,0.4276689887046814,0.6617791056632996,0.09080886095762253
YCR097W,YPL193W,0,4.6624665,0.4273989796638489,0.6617791056632996,0.09090909361839294
YIL130W,YJL138C,0,4.6606274,0.427129328250885,0.6617791056632996,0.09100931882858276
YHR101C,YMR002W,0,4.6590157,0.4268600344657898,0.6617791056632996,0.09110955148935318
YLR066W,YJL137C,0,4.657628,0.42659103870391846,0.6617791056632996,0.0912097841501236
YDR437W,YIL069C,0,4.6573057,0.42632243037223816,0.6617791056632996,0.09131000936031342
YMR278W,YHR165C,0,4.6559095,0.42605412006378174,0.6617791056632996,0.09141024202108383
YPR005C,YER056C,0,4.6549144,0.42578616738319397,0.6617791056632996,0.09151047468185425
YDR439W,YMR287C,0,4.654441,0.42551854252815247,0.6617791056632996,0.09161070734262466
YGR184C,YLR097C,0,4.6527743,0.4252512454986572,0.6617791056632996,0.09171093255281448
YOR209C,YNL031C,1,4.651066,0.42561206221580505,0.662756621837616,0.09171093255281448
YMR201C,YKL196C,0,4.6504903,0.4253450334072113,0.662756621837616,0.0918111652135849
YPL181W,YLR423C,0,4.6495337,0.4250783622264862,0.662756621837616,0.09191139787435532
YLR033W,YOR189W,1,4.647175,0.4254385828971863,0.6637341380119324,0.09191139787435532
YDR379W,YER060W-A,0,4.644582,0.42517220973968506,0.6637341380119324,0.09201162308454514
YNL021W,YGR056W,1,4.640727,0.42553192377090454,0.6647116541862488,0.09201162308454514
YMR037C,YJR068W,0,4.637167,0.4252657890319824,0.6647116541862488,0.09211185574531555
YGR140W,YPL017C,0,4.6365676,0.42500001192092896,0.6647116541862488,0.09221208840608597
YMR042W,YGR059W,0,4.636307,0.42473453283309937,0.6647116541862488,0.09231232106685638
YPR199C,YNL186W,0,4.635169,0.4244694113731384,0.6647116541862488,0.0924125462770462
YNL227C,YJL019W,0,4.6351557,0.42420461773872375,0.6647116541862488,0.09251277893781662
YER040W,YMR302C,0,4.6349273,0.42394015192985535,0.6647116541862488,0.09261301159858704
YDL051W,YDR407C,0,4.6347837,0.4236760139465332,0.6647116541862488,0.09271323680877686
YNL133C,YNR059W,0,4.632567,0.4234122037887573,0.6647116541862488,0.09281346946954727
YMR037C,YKL160W,1,4.6317487,0.4237709939479828,0.6656891703605652,0.09281346946954727
YOR141C,YKL160W,1,4.628065,0.4241293668746948,0.6666666865348816,0.09281346946954727
YKL113C,YIL026C,0,4.6275153,0.42386576533317566,0.6666666865348816,0.09291370213031769
YLR319C,YOR195W,0,4.6251345,0.42360249161720276,0.6666666865348816,0.0930139347910881
YKL183W,YNR033W,0,4.6235275,0.4233395457267761,0.6666666865348816,0.09311416000127792
YGR047C,YDR420W,0,4.618678,0.42307692766189575,0.6666666865348816,0.09321439266204834
YGL086W,YHR036W,0,4.615484,0.42281463742256165,0.6666666865348816,0.09331462532281876
YMR219W,YEL056W,1,4.615304,0.4231722354888916,0.667644202709198,0.09331462532281876
YGR261C,YOR045W,0,4.614573,0.422910213470459,0.667644202709198,0.09341485053300858
YDR377W,YDR108W,0,4.6124296,0.42264851927757263,0.667644202709198,0.09351508319377899
YCL010C,YER058W,0,4.6104226,0.42238712310791016,0.667644202709198,0.09361531585454941
YDL192W,YDR001C,0,4.601528,0.42212608456611633,0.667644202709198,0.09371554851531982
YAL025C,YJL204C,0,4.6012897,0.4218653440475464,0.667644202709198,0.09381577372550964
YCL016C,YKR048C,0,4.60008,0.4216049313545227,0.667644202709198,0.09391600638628006
YDR485C,YOR264W,0,4.5997324,0.4213448464870453,0.667644202709198,0.09401623904705048
YEL046C,YMR197C,0,4.5990653,0.42108508944511414,0.667644202709198,0.0941164642572403
YDR427W,YKR105C,0,4.598668,0.42082563042640686,0.667644202709198,0.09421669691801071
YNL021W,YDL108W,0,4.596093,0.42056649923324585,0.667644202709198,0.09431692957878113
YKL113C,YDR257C,0,4.5960207,0.4203076958656311,0.667644202709198,0.09441716223955154
YDR027C,YGL009C,0,4.595563,0.42004919052124023,0.667644202709198,0.09451738744974136
YIL150C,YHR119W,1,4.595396,0.42040565609931946,0.6686217188835144,0.09451738744974136
YNL339C,YKR050W,0,4.5884686,0.4201474189758301,0.6686217188835144,0.09461762011051178
YEL044W,YHR001W-A,0,4.5884037,0.41988950967788696,0.6686217188835144,0.0947178527712822
YNL167C,YJL208C,0,4.5882826,0.4196318984031677,0.6686217188835144,0.09481807798147202
YNL039W,YOR101W,0,4.586304,0.41937461495399475,0.6686217188835144,0.09491831064224243
YDL197C,YOR244W,1,4.583703,0.41973039507865906,0.6695992350578308,0.09491831064224243
YCR035C,YFL003C,0,4.5821,0.4194733500480652,0.6695992350578308,0.09501854330301285
YOR103C,YDL056W,0,4.580695,0.4192166328430176,0.6695992350578308,0.09511877596378326
YBR248C,YDR325W,0,4.579754,0.41896024346351624,0.6695992350578308,0.09521900117397308
YOL125W,YGR009C,0,4.579653,0.41870415210723877,0.6695992350578308,0.0953192338347435
YFR005C,YNR033W,0,4.5794544,0.41844838857650757,0.6695992350578308,0.09541946649551392
YER164W,YBR162W-A,0,4.578695,0.41819292306900024,0.6695992350578308,0.09551969170570374
YIL115C,YPR033C,0,4.575736,0.4179377555847168,0.6695992350578308,0.09561992436647415
YOR375C,YDR128W,0,4.574827,0.4176829159259796,0.6695992350578308,0.09572015702724457
YDR181C,YNL246W,1,4.5748158,0.4180377721786499,0.6705767512321472,0.09572015702724457
YAR042W,YGL227W,0,4.5746436,0.4177832007408142,0.6705767512321472,0.09582038968801498
YIL090W,YPL016W,0,4.5727158,0.41752889752388,0.6705767512321472,0.0959206148982048
YJR135C,YLR406C,0,4.572666,0.41727495193481445,0.6705767512321472,0.09602084755897522
YKR024C,YDR354W,0,4.572008,0.4170212745666504,0.6705767512321472,0.09612108021974564
YPL096C-A,YPL145C,0,4.571066,0.4167679250240326,0.6705767512321472,0.09622130542993546
YAL026C,YLR119W,0,4.568083,0.41651487350463867,0.6705767512321472,0.09632153809070587
YOL068C,YPL047W,1,4.5638547,0.4168689250946045,0.6715542674064636,0.09632153809070587
YPL008W,YDL005C,0,4.5597887,0.41661614179611206,0.6715542674064636,0.09642177075147629
YBR009C,YBR079C,0,4.559059,0.4163636267185211,0.6715542674064636,0.0965220034122467
YMR234W,YOR374W,0,4.5584006,0.41611143946647644,0.6715542674064636,0.09662222862243652
YAL013W,YBR111W-A,1,4.5552344,0.4164648950099945,0.67253178358078,0.09662222862243652
YGL157W,YIL078W,0,4.5541363,0.41621294617652893,0.67253178358078,0.09672246128320694
YIL130W,YML081C-A,0,4.55081,0.41596129536628723,0.67253178358078,0.09682269394397736
YBR236C,YDL049C,0,4.5500507,0.4157099723815918,0.67253178358078,0.09692291915416718
YGR002C,YOL128C,0,4.549976,0.41545894742012024,0.67253178358078,0.09702315181493759
YBR236C,YDR328C,0,4.549843,0.41520822048187256,0.67253178358078,0.09712338447570801
YDR499W,YPL127C,1,4.5495434,0.41556093096733093,0.6735092997550964,0.09712338447570801
YLR335W,YPL016W,1,4.549122,0.4159131944179535,0.6744868159294128,0.09712338447570801
YBR215W,YLR285W,1,4.5482345,0.416265070438385,0.6754643321037292,0.09712338447570801
YCR091W,YLR247C,0,4.548107,0.4160144627094269,0.6754643321037292,0.09722361713647842
YOR060C,YBR162C,0,4.547177,0.4157641530036926,0.6754643321037292,0.09732384234666824
YMR037C,YBR004C,0,4.546382,0.41551414132118225,0.6754643321037292,0.09742407500743866
YAR002W,YNL215W,1,4.5458083,0.41586539149284363,0.6764418482780457,0.09742407500743866
YMR016C,YOR372C,0,4.5433893,0.41561561822891235,0.6764418482780457,0.09752430766820908
YML011C,YEL016C,0,4.5426383,0.41536614298820496,0.6764418482780457,0.0976245328783989
YJL013C,YDR330W,0,4.541579,0.41511696577072144,0.6764418482780457,0.09772476553916931
YNR023W,YDR110W,1,4.5414543,0.41546761989593506,0.6774193644523621,0.09772476553916931
YMR076C,YPL127C,1,4.538275,0.41581785678863525,0.6783968806266785,0.09772476553916931
YER133W,YIL112W,0,4.5379825,0.41556885838508606,0.6783968806266785,0.09782499819993973
YKL043W,YJR160C,0,4.536209,0.41532015800476074,0.6783968806266785,0.09792523086071014
YBR258C,YDL017W,0,4.5360794,0.4150717556476593,0.6783968806266785,0.09802545607089996
YEL064C,YNR046W,0,4.5355196,0.4148236811161041,0.6783968806266785,0.09812568873167038
YBL024W,YMR207C,0,4.5345984,0.41457587480545044,0.6783968806266785,0.0982259213924408
YGR261C,YJR045C,0,4.5339003,0.41432836651802063,0.6783968806266785,0.09832614660263062
YLR403W,YHL032C,0,4.5307636,0.4140811562538147,0.6783968806266785,0.09842637926340103
YPR010C,YNL199C,0,4.530202,0.41383421421051025,0.6783968806266785,0.09852661192417145
YDR191W,YLR403W,0,4.529104,0.4135875999927521,0.6783968806266785,0.09862684458494186
YBR160W,YKL137W,0,4.527188,0.4133412837982178,0.6783968806266785,0.09872706979513168
YDR311W,YIL112W,0,4.52536,0.41309523582458496,0.6783968806266785,0.0988273024559021
YDL051W,YPR019W,0,4.524248,0.412849485874176,0.6783968806266785,0.09892753511667252
YER051W,YDL042C,1,4.5209594,0.4131985604763031,0.6793743968009949,0.09892753511667252
YKL112W,YCR020W-B,1,4.519949,0.41354724764823914,0.6803519129753113,0.09892753511667252
YNL316C,YLR110C,0,4.519742,0.4133016765117645,0.6803519129753113,0.09902776032686234
YER033C,YKL185W,0,4.5192924,0.4130563735961914,0.6803519129753113,0.09912799298763275
YNL245C,YDR143C,0,4.5165,0.41281139850616455,0.6803519129753113,0.09922822564840317
YOR155C,YIL052C,0,4.513856,0.4125666916370392,0.6803519129753113,0.09932845830917358
YLR038C,YBR102C,0,4.5135393,0.4123222827911377,0.6803519129753113,0.0994286835193634
YNL038W,YAL019W,0,4.512451,0.4120781421661377,0.6803519129753113,0.09952891618013382
YDR087C,YBR102C,0,4.5123053,0.41183432936668396,0.6803519129753113,0.09962914884090424
YMR280C,YDL076C,0,4.5110774,0.4115907847881317,0.6803519129753113,0.09972937405109406
YFL055W,YEL061C,0,4.5093946,0.41134750843048096,0.6803519129753113,0.09982960671186447
YMR198W,YNR007C,0,4.507967,0.41110455989837646,0.6803519129753113,0.09992983937263489
YDR363W,YGL112C,1,4.5066624,0.41145217418670654,0.6813294291496277,0.09992983937263489
YDR045C,YKL127W,0,4.505786,0.41120943427085876,0.6813294291496277,0.1000300720334053
YDL043C,YDR323C,0,4.5053844,0.41096699237823486,0.6813294291496277,0.10013029724359512
YKL043W,YKL014C,0,4.5051556,0.41072481870651245,0.6813294291496277,0.10023052990436554
YGL210W,YHR143W,0,4.5036263,0.41048291325569153,0.6813294291496277,0.10033076256513596
YGL073W,YLR237W,0,4.501954,0.4102413058280945,0.6813294291496277,0.10043098777532578
YLR068W,YJL168C,0,4.501876,0.4099999964237213,0.6813294291496277,0.10053122043609619
YER147C,YML042W,0,4.501278,0.40975895524024963,0.6813294291496277,0.10063145309686661
YLR249W,YDL200C,0,4.4926414,0.40951821208000183,0.6813294291496277,0.10073168575763702
YDR123C,YPR021C,0,4.4918423,0.4092777371406555,0.6813294291496277,0.10083191096782684
YGR157W,YLR221C,0,4.4900436,0.4090375602245331,0.6813294291496277,0.10093214362859726
YDL108W,YDR331W,0,4.4871225,0.40879765152931213,0.6813294291496277,0.10103237628936768
YJL080C,YEL056W,1,4.4866223,0.40914419293403625,0.6823069453239441,0.10103237628936768
YOL005C,YMR233W,0,4.484301,0.4089045226573944,0.6823069453239441,0.1011326014995575
YML069W,YNL206C,1,4.482298,0.4092505872249603,0.6832844614982605,0.1011326014995575
YFL036W,YKL021C,0,4.481546,0.4090111255645752,0.6832844614982605,0.10123283416032791
YNL007C,YHR018C,0,4.4813886,0.40877193212509155,0.6832844614982605,0.10133306682109833
YMR076C,YOL149W,0,4.4812984,0.4085330069065094,0.6832844614982605,0.10143329948186874
YER133W,YMR106C,1,4.4799924,0.40887850522994995,0.6842619776725769,0.10143329948186874
YDR303C,YKL032C,0,4.479495,0.4086398184299469,0.6842619776725769,0.10153352469205856
YFR046C,YGL245W,0,4.478582,0.40840139985084534,0.6842619776725769,0.10163375735282898
YKR083C,YOL135C,0,4.4780207,0.40816327929496765,0.6842619776725769,0.1017339900135994
YLL042C,YIR033W,0,4.4769754,0.40792539715766907,0.6842619776725769,0.10183421522378922
YBL052C,YGL092W,1,4.475182,0.4082702398300171,0.6852394938468933,0.10183421522378922
YDR117C,YJL008C,0,4.4743443,0.4080325961112976,0.6852394938468933,0.10193444788455963
YBR158W,YPL268W,0,4.4732847,0.4077952206134796,0.6852394938468933,0.10203468054533005
YJL168C,YHR119W,1,4.471819,0.40813952684402466,0.6862170100212097,0.10203468054533005
YLR347C,YNL264C,0,4.47036,0.40790238976478577,0.6862170100212097,0.10213491320610046
YKR095W-A,YHL033C,0,4.4687853,0.407665491104126,0.6862170100212097,0.10223513841629028
YDL175C,YDL069C,0,4.4687614,0.40742889046669006,0.6862170100212097,0.1023353710770607
YFR031C-A,YNL191W,0,4.4668136,0.407192587852478,0.6862170100212097,0.10243560373783112
YNL312W,YDR265W,0,4.464332,0.4069565236568451,0.6862170100212097,0.10253582894802094
YML013W,YJL111W,0,4.464088,0.40672072768211365,0.6862170100212097,0.10263606160879135
YKL112W,YIL126W,1,4.4611397,0.4070642590522766,0.6871945261955261,0.10263606160879135
YDL084W,YBR202W,1,4.458702,0.40740740299224854,0.6881720423698425,0.10263606160879135
YER120W,YCR020W-B,1,4.455566,0.40775012969970703,0.6891495585441589,0.10263606160879135
YDR181C,YDR227W,1,4.4520655,0.4080924987792969,0.6901270747184753,0.10263606160879135
YMR179W,YDR174W,1,4.451906,0.4084344208240509,0.6911045908927917,0.10263606160879135
YMR072W,YFL049W,0,4.448627,0.40819862484931946,0.6911045908927917,0.10273629426956177
YNL317W,YHR076W,0,4.4474564,0.4079630672931671,0.6911045908927917,0.10283652693033218
YDR227W,YGR058W,0,4.4469805,0.40772780776023865,0.6911045908927917,0.102936752140522
YGL065C,YGL033W,0,4.4466963,0.4074927866458893,0.6911045908927917,0.10303698480129242
YER030W,YLR085C,1,4.445959,0.40783411264419556,0.6920821070671082,0.10303698480129242
YPL006W,YEL015W,0,4.445447,0.4075993001461029,0.6920821070671082,0.10313721746206284
YKL143W,YDR003W,0,4.441591,0.40736478567123413,0.6920821070671082,0.10323744267225266
YDR469W,YEL056W,1,4.43934,0.4077055752277374,0.6930596232414246,0.10323744267225266
YCR106W,YKL058W,0,4.434252,0.40747126936912537,0.6930596232414246,0.10333767533302307
YML007W,YKL087C,0,4.433234,0.4072372317314148,0.6930596232414246,0.10343790799379349
YEL032W,YIL125W,0,4.4282207,0.4070034325122833,0.6930596232414246,0.1035381406545639
YML114C,YDL095W,0,4.4253683,0.40676993131637573,0.6930596232414246,0.10363836586475372
YKL173W,YKR058W,0,4.4242163,0.40653669834136963,0.6930596232414246,0.10373859852552414
YER048W-A,YJL177W,0,4.4235935,0.406303733587265,0.6930596232414246,0.10383883118629456
YJR046W,YOR086C,0,4.4171066,0.4060710072517395,0.6930596232414246,0.10393905639648438
YDR028C,YMR091C,1,4.4156275,0.40641099214553833,0.694037139415741,0.10393905639648438
YBL008W,YDR397C,1,4.4144053,0.40675055980682373,0.6950146555900574,0.10393905639648438
YGL133W,YDR446W,0,4.4120197,0.40651801228523254,0.6950146555900574,0.10403928905725479
YJL056C,YER074W-A,0,4.4106236,0.40628570318222046,0.6950146555900574,0.10413952171802521
YHR016C,YOR116C,0,4.4092226,0.40605369210243225,0.6950146555900574,0.10423975437879562
YPL043W,YGR071C,0,4.408294,0.40582191944122314,0.6950146555900574,0.10433997958898544
YHR103W,YNL054W,0,4.4081697,0.4055904150009155,0.6950146555900574,0.10444021224975586
YOL138C,YMR230W,0,4.407902,0.4053591787815094,0.6950146555900574,0.10454044491052628
YLR085C,YPL211W,0,4.40736,0.40512821078300476,0.6950146555900574,0.1046406701207161
YOR217W,YOR290C,0,4.4063616,0.4048974812030792,0.6950146555900574,0.10474090278148651
YCR052W,YLR321C,1,4.4059577,0.4052361845970154,0.6959921717643738,0.10474090278148651
YER051W,YNR023W,1,4.405494,0.4055745303630829,0.6969696879386902,0.10474090278148651
YOR025W,YLR335W,1,4.4053507,0.40591245889663696,0.6979472041130066,0.10474090278148651
YDR381W,YBR121C,0,4.403167,0.4056818187236786,0.6979472041130066,0.10484113544225693
YER005W,YKL006C-A,0,4.401965,0.4054514467716217,0.6979472041130066,0.10494136810302734
YER161C,YPL189W,0,4.3981724,0.4052213430404663,0.6979472041130066,0.10504159331321716
YNL031C,YIL101C,0,4.396783,0.40499147772789,0.6979472041130066,0.10514182597398758
YBR280C,YER060W-A,0,4.3904033,0.4047619104385376,0.6979472041130066,0.105242058634758
YGL131C,YEL004W,0,4.3903403,0.4045325815677643,0.6979472041130066,0.10534228384494781
YFR004W,YML012W,0,4.39005,0.40430352091789246,0.6979472041130066,0.10544251650571823
YDL164C,YKR027W,0,4.3899302,0.40407469868659973,0.6979472041130066,0.10554274916648865
YGL163C,YKL057C,1,4.3894877,0.40441176295280457,0.698924720287323,0.10554274916648865
YGR186W,YNR033W,0,4.388646,0.40418314933776855,0.698924720287323,0.10564298182725906
YDL155W,YLR421C,0,4.387708,0.40395480394363403,0.698924720287323,0.10574320703744888
YBR077C,YLR323C,0,4.387598,0.4037266969680786,0.698924720287323,0.1058434396982193
YOR174W,YKR001C,0,4.3864303,0.4034988582134247,0.698924720287323,0.10594367235898972
YDL192W,YOL078W,0,4.385436,0.40327128767967224,0.698924720287323,0.10604389756917953
YER083C,YNL031C,0,4.3846464,0.4030439555644989,0.698924720287323,0.10614413022994995
YLR131C,YMR263W,0,4.3844156,0.40281689167022705,0.698924720287323,0.10624436289072037
YLR044C,YML107C,0,4.3841505,0.4025900959968567,0.698924720287323,0.10634459555149078
YLR055C,YBL079W,1,4.383668,0.4029262661933899,0.6999022364616394,0.10634459555149078
YBR112C,YCR094W,0,4.382497,0.40269964933395386,0.6999022364616394,0.1064448207616806
YBR279W,YPL139C,1,4.3785744,0.40303540229797363,0.7008797526359558,0.1064448207616806
YJR050W,YLR144C,0,4.3781204,0.4028089940547943,0.7008797526359558,0.10654505342245102
YKR059W,YBR033W,0,4.3755407,0.4025828242301941,0.7008797526359558,0.10664528608322144
YKR072C,YGL123W,0,4.375355,0.402356892824173,0.7008797526359558,0.10674551129341125
YNR036C,YJR158W,0,4.3744097,0.40213122963905334,0.7008797526359558,0.10684574395418167
YPL046C,YOR244W,0,4.374162,0.4019058346748352,0.7008797526359558,0.10694597661495209
YPL212C,YBR217W,0,4.3727236,0.40168067812919617,0.7008797526359558,0.1070462092757225
YBR245C,YEL056W,1,4.3726907,0.40201568603515625,0.7018572688102722,0.1070462092757225
YDL042C,YBR202W,1,4.3721266,0.4023503065109253,0.7028347849845886,0.1070462092757225
YKL179C,YPR095C,0,4.3714647,0.4021252691745758,0.7028347849845886,0.10714643448591232
YBR089C-A,YNL310C,0,4.3702674,0.4019005000591278,0.7028347849845886,0.10724666714668274
YDR228C,YDR219C,0,4.3694153,0.4016759693622589,0.7028347849845886,0.10734689980745316
YFL049W,YER133W,1,4.369137,0.402010053396225,0.703812301158905,0.10734689980745316
YPR079W,YPL143W,0,4.3671784,0.4017857015132904,0.703812301158905,0.10744712501764297
YHR103W,YLR448W,0,4.3654585,0.4015616178512573,0.703812301158905,0.10754735767841339
YDR216W,YDL178W,0,4.3642035,0.40133780241012573,0.703812301158905,0.10764759033918381
YOL013C,YER040W,0,4.3607035,0.40111419558525085,0.703812301158905,0.10774782299995422
YML098W,YOL103W,0,4.3570256,0.40089085698127747,0.703812301158905,0.10784804821014404
YOR360C,YDR225W,0,4.356684,0.40066778659820557,0.703812301158905,0.10794828087091446
YIL110W,YER012W,0,4.355382,0.4004449248313904,0.703812301158905,0.10804851353168488
YAL034C,YDR071C,1,4.3536234,0.400778204202652,0.7047898173332214,0.10804851353168488
YJR022W,YLR288C,0,4.3526287,0.4005555510520935,0.7047898173332214,0.1081487387418747
YBR253W,YKR038C,0,4.3486853,0.40033313632011414,0.7047898173332214,0.10824897140264511
YBR176W,YGR256W,0,4.347076,0.40011098980903625,0.7047898173332214,0.10834920406341553
YCR035C,YEL034W,0,4.346361,0.3998890817165375,0.7047898173332214,0.10844943672418594
YER133W,YPL129W,1,4.3454313,0.40022173523902893,0.7057673335075378,0.10844943672418594
YER120W,YBR088C,1,4.3446774,0.40055403113365173,0.7067448496818542,0.10844943672418594
YOL109W,YPL057C,0,4.343893,0.4003322124481201,0.7067448496818542,0.10854966193437576
YJR050W,YNR032W,0,4.343648,0.4001106917858124,0.7067448496818542,0.10864989459514618
YPR124W,YPL081W,0,4.34258,0.39988937973976135,0.7067448496818542,0.1087501272559166
YBR237W,YBL097W,0,4.3403497,0.3996683359146118,0.7067448496818542,0.10885035246610641
YDR330W,YML012W,0,4.338629,0.399447500705719,0.7067448496818542,0.10895058512687683
YDR464W,YBR227C,0,4.3382564,0.39922693371772766,0.7067448496818542,0.10905081778764725
YCR048W,YJR050W,0,4.338125,0.3990066349506378,0.7067448496818542,0.10915105044841766
YER173W,YER083C,0,4.3372707,0.3987865447998047,0.7067448496818542,0.10925127565860748
YBR195C,YKR010C,1,4.3336425,0.39911797642707825,0.7077223658561707,0.10925127565860748
YEL018W,YOR316C,0,4.333213,0.39889806509017944,0.7077223658561707,0.1093515083193779
YIR033W,YOR258W,0,4.332125,0.39867842197418213,0.7077223658561707,0.10945174098014832
YJR132W,YLR201C,0,4.331815,0.39845898747444153,0.7077223658561707,0.10955196619033813
YHR105W,YBR082C,0,4.3287926,0.3982398211956024,0.7077223658561707,0.10965219885110855
YOR290C,YKL057C,1,4.3281226,0.3985706567764282,0.7086998820304871,0.10965219885110855
YGL043W,YLR010C,0,4.327898,0.39835163950920105,0.7086998820304871,0.10975243151187897
YKR019C,YBR136W,1,4.3278084,0.39868202805519104,0.7096773982048035,0.10975243151187897
YBR009C,YBL088C,1,4.3266034,0.39901208877563477,0.7106549143791199,0.10975243151187897
YPL235W,YCL061C,1,4.3254642,0.39934173226356506,0.7116324305534363,0.10975243151187897
YMR314W,YPR068C,0,4.3244486,0.39912280440330505,0.7116324305534363,0.10985266417264938
YKR100C,YLR304C,0,4.324101,0.39890411496162415,0.7116324305534363,0.1099528893828392
YPL255W,YJR035W,0,4.3187537,0.39868566393852234,0.7116324305534363,0.11005312204360962
YHL001W,YGR087C,0,4.3171396,0.39846742153167725,0.7116324305534363,0.11015335470438004
YDR190C,YDR167W,1,4.3136415,0.3987964987754822,0.7126099467277527,0.11015335470438004
YEL009C,YKL058W,0,4.309601,0.3985784649848938,0.7126099467277527,0.11025357991456985
YER051W,YGL163C,1,4.3088827,0.3989070951938629,0.7135874629020691,0.11025357991456985
YOR347C,YIL148W,0,4.3060703,0.39868924021720886,0.7135874629020691,0.11035381257534027
YNL233W,YOR028C,0,4.3057957,0.3984716236591339,0.7135874629020691,0.11045404523611069
YJL127C,YDR439W,1,4.3031363,0.3987997770309448,0.7145649790763855,0.11045404523611069
YGR278W,YLR193C,0,4.3005404,0.3985823392868042,0.7145649790763855,0.1105542778968811
YPL235W,YBR231C,1,4.30021,0.3989100754261017,0.7155424952507019,0.1105542778968811
YLR399C,YHR178W,0,4.2969694,0.3986928164958954,0.7155424952507019,0.11065450310707092
YOL133W,YDL115C,0,4.295828,0.3984757661819458,0.7155424952507019,0.11075473576784134
YJR090C,YBL006C,0,4.295598,0.3982589840888977,0.7155424952507019,0.11085496842861176
YGL106W,YMR237W,0,4.29421,0.3980424106121063,0.7155424952507019,0.11095519363880157
YNL245C,YHL004W,0,4.2927017,0.39782607555389404,0.7155424952507019,0.11105542629957199
YBR136W,YIL131C,1,4.2902308,0.3981531858444214,0.7165200114250183,0.11105542629957199
YPR169W,YMR261C,0,4.2891483,0.39793702960014343,0.7165200114250183,0.11115565896034241
YJL189W,YBL050W,0,4.2869163,0.3977211117744446,0.7165200114250183,0.11125589162111282
YLL022C,YJR136C,1,4.285353,0.39804771542549133,0.7174975275993347,0.11125589162111282
YMR016C,YGL178W,0,4.28456,0.3978319764137268,0.7174975275993347,0.11135611683130264
YMR292W,YER144C,0,4.2829614,0.3976164758205414,0.7174975275993347,0.11145634949207306
YJL020C,YBR253W,0,4.2829075,0.39740118384361267,0.7174975275993347,0.11155658215284348
YHR031C,YMR305C,0,4.2827168,0.39718616008758545,0.7174975275993347,0.1116568073630333
YJR046W,YIL051C,0,4.2820926,0.39697134494781494,0.7174975275993347,0.11175704002380371
YNL059C,YHR056C,1,4.2797832,0.39729729294776917,0.7184750437736511,0.11175704002380371
YLR068W,YHR101C,0,4.2781806,0.397082656621933,0.7184750437736511,0.11185727268457413
YJL041W,YJR064W,0,4.2754765,0.3968682587146759,0.7184750437736511,0.11195750534534454
YGL047W,YIL078W,0,4.273818,0.39665406942367554,0.7184750437736511,0.11205773055553436
YIL130W,YNR027W,0,4.2731123,0.3964401185512543,0.7184750437736511,0.11215796321630478
YNL103W,YMR171C,0,4.2719293,0.3962264060974121,0.7184750437736511,0.1122581958770752
YJR089W,YBL106C,0,4.2717943,0.39601293206214905,0.7184750437736511,0.11235842108726501
YEL060C,YJL189W,0,4.268687,0.3957996666431427,0.7184750437736511,0.11245865374803543
YPR101W,YLR138W,0,4.268069,0.39558663964271545,0.7184750437736511,0.11255888640880585
YLR052W,YIL111W,0,4.26453,0.3953738510608673,0.7184750437736511,0.11265911906957626
YNR026C,YMR306W,0,4.263982,0.39516130089759827,0.7184750437736511,0.11275934427976608
YNR051C,YNL308C,0,4.2639575,0.39494895935058594,0.7184750437736511,0.1128595769405365
YLR098C,YPL111W,0,4.2626867,0.3947368562221527,0.7184750437736511,0.11295980960130692
YKL112W,YPL129W,1,4.2613516,0.395061731338501,0.7194526195526123,0.11295980960130692
YAL044C,YBR203W,0,4.2584124,0.3948497772216797,0.7194526195526123,0.11306003481149673
YNL216W,YFR031C,1,4.255286,0.3951742649078369,0.7204301357269287,0.11306003481149673
YJL019W,YLR033W,1,4.254258,0.3954983949661255,0.7214076519012451,0.11306003481149673
YER148W,YJL018W,0,4.2541604,0.39528656005859375,0.7214076519012451,0.11316026747226715
YOR014W,YNR032W,0,4.2516403,0.3950749337673187,0.7214076519012451,0.11326050013303757
YGR028W,YGL189C,0,4.251431,0.3948635756969452,0.7214076519012451,0.11336073279380798
YGL035C,YGL032C,0,4.2481213,0.394652396440506,0.7214076519012451,0.1134609580039978
YDR330W,YEL016C,0,4.2468367,0.39444148540496826,0.7214076519012451,0.11356119066476822
YBR289W,YBR296C,0,4.246724,0.39423078298568726,0.7214076519012451,0.11366142332553864
YHR169W,YDL207W,0,4.244934,0.39402028918266296,0.7214076519012451,0.11376164853572845
YDR395W,YLR423C,0,4.2437825,0.3938100337982178,0.7214076519012451,0.11386188119649887
YKR082W,YBR081C,1,4.2434297,0.3941333293914795,0.7223851680755615,0.11386188119649887
YBR015C,YGR170W,0,4.242697,0.39392325282096863,0.7223851680755615,0.11396211385726929
YGR271C-A,YDR507C,0,4.2425747,0.3937133848667145,0.7223851680755615,0.1140623465180397
YNL312W,YDR141C,0,4.241678,0.39350372552871704,0.7223851680755615,0.11416257172822952
YBL079W,YNL107W,1,4.2407207,0.39382651448249817,0.7233626842498779,0.11416257172822952
YBR152W,YDR107C,0,4.2405066,0.39361703395843506,0.7233626842498779,0.11426280438899994
YNL035C,YAL003W,0,4.240462,0.39340776205062866,0.7233626842498779,0.11436303704977036
YDL195W,YKL137W,0,4.2389216,0.39319872856140137,0.7233626842498779,0.11446326225996017
YBR105C,YBR254C,0,4.238628,0.3929899036884308,0.7233626842498779,0.11456349492073059
YPL060W,YLR340W,0,4.237361,0.3927813172340393,0.7233626842498779,0.11466372758150101
YIL023C,YEL003W,0,4.236615,0.39257293939590454,0.7233626842498779,0.11476396024227142
YER148W,YGR074W,0,4.236329,0.3923647999763489,0.7233626842498779,0.11486418545246124
YDR289C,YHR007C,0,4.2354484,0.3921568691730499,0.7233626842498779,0.11496441811323166
YJR009C,YOR045W,0,4.234819,0.3919491469860077,0.7233626842498779,0.11506465077400208
YMR070W,YDR073W,0,4.2339897,0.39174166321754456,0.7233626842498779,0.1151648759841919
YMR043W,YCL001W,0,4.232453,0.39153438806533813,0.7233626842498779,0.11526510864496231
YIL017C,YGL130W,0,4.231806,0.3913273513317108,0.7233626842498779,0.11536534130573273
YDR452W,YPL198W,0,4.2307167,0.3911204934120178,0.7233626842498779,0.11546557396650314
YPR075C,YDR016C,0,4.2283163,0.3909139037132263,0.7233626842498779,0.11556579917669296
YDR440W,YJR082C,1,4.228072,0.39123547077178955,0.7243402004241943,0.11556579917669296
YDL065C,YPL138C,0,4.225614,0.39102903008461,0.7243402004241943,0.11566603183746338
YOR295W,YMR033W,1,4.2237926,0.3913502097129822,0.7253177165985107,0.11566603183746338
YNL308C,YDR078C,0,4.2234626,0.39114391803741455,0.7253177165985107,0.1157662644982338
YDL080C,YPR046W,0,4.2205577,0.39093783497810364,0.7253177165985107,0.11586648970842361
YHL025W,YML057W,0,4.218602,0.39073196053504944,0.7253177165985107,0.11596672236919403
YML069W,YGL048C,1,4.218215,0.39105263352394104,0.7262952327728271,0.11596672236919403
YDR227W,YBR202W,1,4.2154293,0.391372948884964,0.7272727489471436,0.11596672236919403
YLR362W,YOR064C,0,4.2115126,0.39116719365119934,0.7272727489471436,0.11606695502996445
YNR038W,YER007W,0,4.2106705,0.3909616470336914,0.7272727489471436,0.11616718769073486
YER056C,YPR057W,0,4.2043147,0.3907563090324402,0.7272727489471436,0.11626741290092468
YCR027C,YNL067W,0,4.2036095,0.3905511796474457,0.7272727489471436,0.1163676455616951
YDR087C,YLR277C,0,4.203111,0.3903462886810303,0.7272727489471436,0.11646787822246552
YLR127C,YPL128C,0,4.2028556,0.3901415765285492,0.7272727489471436,0.11656810343265533
YNL173C,YDL132W,0,4.2025757,0.3899371027946472,0.7272727489471436,0.11666833609342575
YPL195W,YBR211C,0,4.2018256,0.38973283767700195,0.7272727489471436,0.11676856875419617
YGL155W,YIL124W,0,4.201273,0.3895287811756134,0.7272727489471436,0.11686880141496658
YMR091C,YLR192C,0,4.199717,0.38932496309280396,0.7272727489471436,0.1169690266251564
YBR279W,YDR044W,0,4.198542,0.3891213536262512,0.7272727489471436,0.11706925928592682
YBR289W,YCL048W,0,4.19759,0.3889179229736328,0.7272727489471436,0.11716949194669724
YPR143W,YAL007C,0,4.1963596,0.3887147307395935,0.7272727489471436,0.11726971715688705
YOL006C,YMR247C,1,4.1960154,0.3890339434146881,0.72825026512146,0.11726971715688705
YDR007W,YPR086W,0,4.1954226,0.38883090019226074,0.72825026512146,0.11736994981765747
YBL057C,YIR033W,0,4.195135,0.3886280655860901,0.72825026512146,0.11747018247842789
YGL240W,YGL064C,0,4.1921225,0.38842543959617615,0.72825026512146,0.1175704151391983
YBR049C,YDR099W,0,4.190918,0.3882230222225189,0.72825026512146,0.11767064034938812
YPR110C,YHR079C-A,0,4.18851,0.3880208432674408,0.72825026512146,0.11777087301015854
YGL254W,YNL311C,0,4.1865606,0.387818843126297,0.72825026512146,0.11787110567092896
YAL025C,YKR027W,0,4.1829576,0.3876170516014099,0.72825026512146,0.11797133088111877
YDL108W,YPR047W,0,4.182893,0.38741549849510193,0.72825026512146,0.11807156354188919
YNL288W,YFL039C,0,4.1822386,0.38721412420272827,0.72825026512146,0.1181717962026596
YNL288W,YDR012W,0,4.1815825,0.3870129883289337,0.72825026512146,0.11827202886343002
YER051W,YOR288C,0,4.1801624,0.3868120312690735,0.72825026512146,0.11837225407361984
YMR128W,YDR128W,0,4.1779175,0.38661131262779236,0.72825026512146,0.11847248673439026
YOR209C,YJL019W,1,4.177566,0.386929452419281,0.7292277812957764,0.11847248673439026
YOL060C,YOL115W,0,4.177231,0.3867288827896118,0.7292277812957764,0.11857271939516068
YML076C,YMR079W,0,4.1769013,0.38652849197387695,0.7292277812957764,0.1186729446053505
YIL017C,YBL023C,0,4.1753063,0.3863283395767212,0.7292277812957764,0.11877317726612091
YOR025W,YDR439W,1,4.1717577,0.38664597272872925,0.7302052974700928,0.11877317726612091
YHR165C,YDR331W,0,4.1708736,0.38644593954086304,0.7302052974700928,0.11887340992689133
YMR190C,YER099C,0,4.1704335,0.38624611496925354,0.7302052974700928,0.11897364258766174
YOL090W,YOL148C,1,4.1695576,0.3865633010864258,0.7311828136444092,0.11897364258766174
YBR065C,YIL043C,0,4.1667147,0.3863636255264282,0.7311828136444092,0.11907386779785156
YOR372C,YML088W,0,4.166535,0.3861641585826874,0.7311828136444092,0.11917410045862198
YLR312C-B,YJL145W,0,4.16646,0.38596490025520325,0.7311828136444092,0.1192743331193924
YKL043W,YDR291W,0,4.1659794,0.38576585054397583,0.7311828136444092,0.11937455832958221
YER039C,YOR293W,0,4.16381,0.3855670094490051,0.7311828136444092,0.11947479099035263
YOL021C,YKL079W,0,4.163228,0.38536837697029114,0.7311828136444092,0.11957502365112305
YBR107C,YKL012W,0,4.1631517,0.3851699233055115,0.7311828136444092,0.11967525631189346
YOR007C,YBR009C,0,4.1626883,0.3849717080593109,0.7311828136444092,0.11977548152208328
YOR308C,YFR037C,0,4.1626043,0.3847736716270447,0.7311828136444092,0.1198757141828537
YBR237W,YML034W,0,4.1623416,0.38457584381103516,0.7311828136444092,0.11997594684362411
YOL152W,YFL049W,0,4.1616707,0.38437822461128235,0.7311828136444092,0.12007617205381393
YHR121W,YKR003W,0,4.161491,0.38418078422546387,0.7311828136444092,0.12017640471458435
YFL008W,YDL108W,0,4.16144,0.3839835822582245,0.7311828136444092,0.12027663737535477
YBR048W,YOR073W,0,4.1540093,0.38378655910491943,0.7311828136444092,0.12037687003612518
YBR188C,YMR195W,0,4.1524963,0.3835897445678711,0.7311828136444092,0.120477095246315
YLR441C,YCR097W,0,4.1510415,0.38339313864707947,0.7311828136444092,0.12057732790708542
YGR261C,YJR046W,0,4.1510096,0.38319671154022217,0.7311828136444092,0.12067756056785583
YHL009C,YBL088C,0,4.1503444,0.38300052285194397,0.7311828136444092,0.12077778577804565
YDR191W,YGL066W,1,4.1496797,0.3833162784576416,0.7321603298187256,0.12077778577804565
YOR319W,YEL065W,0,4.149678,0.38312020897865295,0.7321603298187256,0.12087801843881607
YKL108W,YPL266W,0,4.1474104,0.382924348115921,0.7321603298187256,0.12097825109958649
YDL204W,YML024W,0,4.144658,0.3827286660671234,0.7321603298187256,0.1210784837603569
YNL261W,YBR103W,1,4.1443567,0.38304391503334045,0.733137845993042,0.1210784837603569
YEL020W-A,YIL106W,0,4.1440845,0.3828483819961548,0.733137845993042,0.12117870897054672
YMR234W,YGR106C,0,4.143586,0.38265305757522583,0.733137845993042,0.12127894163131714
YJR155W,YML104C,0,4.139792,0.3824579417705536,0.733137845993042,0.12137917429208755
YDR392W,YMR044W,1,4.139791,0.38277268409729004,0.7341153621673584,0.12137917429208755
YPL129W,YMR127C,1,4.138896,0.3830870985984802,0.7350928783416748,0.12137917429208755
YOR209C,YBR275C,1,4.138486,0.38340121507644653,0.7360703945159912,0.12137917429208755
YOL030W,YDL161W,0,4.1374035,0.3832060992717743,0.7360703945159912,0.12147939950227737
YJR022W,YDR439W,0,4.1365447,0.38301119208335876,0.7360703945159912,0.12157963216304779
YIL033C,YML104C,0,4.136175,0.38281646370887756,0.7360703945159912,0.1216798648238182
YPL074W,YKL101W,0,4.135984,0.3826219439506531,0.7360703945159912,0.12178009748458862
YNL103W,YPR134W,0,4.1303344,0.3824276328086853,0.7360703945159912,0.12188032269477844
YDR130C,YOR191W,0,4.1303277,0.38223350048065186,0.7360703945159912,0.12198055535554886
YGR184C,YDL214C,0,4.130028,0.3820395767688751,0.7360703945159912,0.12208078801631927
YKR089C,YKL108W,0,4.129851,0.3818458318710327,0.7360703945159912,0.1221810132265091
YPL234C,YCL061C,0,4.12883,0.381652295589447,0.7360703945159912,0.12228124588727951
YMR037C,YKL209C,0,4.127818,0.38145896792411804,0.7360703945159912,0.12238147854804993
YPR010C,YNL135C,0,4.1272917,0.3812658190727234,0.7360703945159912,0.12248171120882034
YEL032W,YGL207W,1,4.1258507,0.3815789520740509,0.7370479106903076,0.12248171120882034
YEL024W,YGR162W,0,4.1237593,0.3813859522342682,0.7370479106903076,0.12258193641901016
YOL067C,YIL112W,0,4.121542,0.3811931312084198,0.7370479106903076,0.12268216907978058
YIL147C,YHR037W,0,4.1203938,0.3810005187988281,0.7370479106903076,0.122782401740551
YPL075W,YDL070W,1,4.1187086,0.38131314516067505,0.738025426864624,0.122782401740551
YJR022W,YBR245C,0,4.1172385,0.3811206519603729,0.738025426864624,0.12288262695074081
YHR099W,YDR231C,0,4.116512,0.3809283673763275,0.738025426864624,0.12298285961151123
YJL098W,YFL041W,0,4.1146326,0.38073626160621643,0.738025426864624,0.12308309227228165
YDR334W,YGL208W,0,4.113615,0.38054436445236206,0.738025426864624,0.12318332493305206
YPL224C,YMR307W,0,4.1127462,0.380352646112442,0.738025426864624,0.12328355014324188
YDR418W,YGR092W,0,4.111415,0.3801611363887787,0.738025426864624,0.1233837828040123
YJL050W,YGR071C,0,4.1104126,0.3799698054790497,0.738025426864624,0.12348401546478271
YDR288W,YER124C,0,4.110384,0.3797786831855774,0.738025426864624,0.12358424067497253
YFL061W,YJR068W,0,4.110098,0.37958773970603943,0.738025426864624,0.12368447333574295
YER018C,YER176W,0,4.1096215,0.3793969750404358,0.738025426864624,0.12378470599651337
YIL131C,YJL176C,1,4.109247,0.3797086775302887,0.7390029430389404,0.12378470599651337
YOR151C,YIL110W,0,4.109244,0.379518061876297,0.7390029430389404,0.12388493865728378
YDR363W-A,YIL113W,0,4.1072826,0.379327654838562,0.7390029430389404,0.1239851638674736
YDL030W,YGR055W,0,4.1072364,0.37913742661476135,0.7390029430389404,0.12408539652824402
YOR026W,YHR150W,0,4.1061864,0.378947377204895,0.7390029430389404,0.12418562918901443
YIL063C,YHL018W,0,4.1029024,0.378757506608963,0.7390029430389404,0.12428585439920425
YML126C,YPR049C,0,4.1017733,0.3785678446292877,0.7390029430389404,0.12438608705997467
YER061C,YOR240W,0,4.099752,0.37837839126586914,0.7390029430389404,0.12448631972074509
YGR195W,YPL128C,0,4.09861,0.3781890869140625,0.7390029430389404,0.1245865523815155
YNR038W,YNL214W,0,4.0980396,0.3779999911785126,0.7390029430389404,0.12468677759170532
YMR044W,YNL091W,0,4.0969715,0.37781110405921936,0.7390029430389404,0.12478701025247574
YOR064C,YML041C,1,4.0953827,0.37812188267707825,0.7399804592132568,0.12478701025247574
YGR030C,YNL217W,0,4.0947056,0.3779331147670746,0.7399804592132568,0.12488724291324615
YGL070C,YKR095W,0,4.093857,0.37774452567100525,0.7399804592132568,0.12498746812343597
YBR114W,YNL036W,0,4.0884433,0.37755611538887024,0.7399804592132568,0.125087708234787
YIL110W,YMR287C,0,4.087543,0.37736788392066956,0.7399804592132568,0.1251879334449768
YIL053W,YBR299W,0,4.086418,0.3771798610687256,0.7399804592132568,0.12528815865516663
YER161C,YJR059W,0,4.0816035,0.37699201703071594,0.7399804592132568,0.12538839876651764
YGL028C,YOR256C,0,4.080359,0.376804381608963,0.7399804592132568,0.12548862397670746
YNL130C,YDL002C,0,4.0799465,0.3766169250011444,0.7399804592132568,0.12558884918689728
YLR318W,YJL184W,0,4.0797596,0.37642964720726013,0.7399804592132568,0.1256890892982483
YMR125W,YOL009C,0,4.0768666,0.3762425482273102,0.7399804592132568,0.1257893145084381
YBR275C,YER125W,1,4.0758557,0.37655240297317505,0.7409579753875732,0.1257893145084381
YMR011W,YDR468C,0,4.072796,0.37636545300483704,0.7409579753875732,0.12588953971862793
YJR035W,YOR258W,0,4.071542,0.37617865204811096,0.7409579753875732,0.12598977982997894
YOR033C,YJL204C,0,4.0707173,0.3759920597076416,0.7409579753875732,0.12609000504016876
YCL039W,YDL236W,0,4.0704165,0.37580564618110657,0.7409579753875732,0.12619023025035858
YPL008W,YGR192C,0,4.0702176,0.37561941146850586,0.7409579753875732,0.1262904703617096
YGR060W,YLR011W,0,4.067932,0.37543338537216187,0.7409579753875732,0.12639069557189941
YIL115C,YOR236W,0,4.067399,0.3752475380897522,0.7409579753875732,0.12649093568325043
YGL130W,YJR144W,0,4.067072,0.37506183981895447,0.7409579753875732,0.12659116089344025
YJR144W,YLR109W,0,4.0658445,0.37487635016441345,0.7409579753875732,0.12669138610363007
YOR140W,YOR247W,0,4.064616,0.37469103932380676,0.7409579753875732,0.12679162621498108
YPL001W,YGR188C,0,4.0597067,0.3745059370994568,0.7409579753875732,0.1268918514251709
YBR082C,YER041W,0,4.058109,0.37432098388671875,0.7409579753875732,0.12699207663536072
YBR106W,YMR231W,0,4.0572147,0.3741362392902374,0.7409579753875732,0.12709231674671173
YEL046C,YOR064C,0,4.0571012,0.37395164370536804,0.7409579753875732,0.12719254195690155
YPR101W,YLR421C,0,4.054224,0.37376725673675537,0.7409579753875732,0.12729276716709137
YDR216W,YPL019C,0,4.0538354,0.373583048582077,0.7409579753875732,0.12739300727844238
YBR198C,YGL207W,1,4.0506277,0.3738916218280792,0.7419354915618896,0.12739300727844238
YPL209C,YDR485C,0,4.049015,0.37370753288269043,0.7419354915618896,0.1274932324886322
YPL128C,YOL061W,0,4.0482664,0.37352362275123596,0.7419354915618896,0.12759345769882202
YGL067W,YPL006W,0,4.044559,0.3733398914337158,0.7419354915618896,0.12769369781017303
YJL010C,YIL114C,0,4.0438337,0.37315633893013,0.7419354915618896,0.12779392302036285
YHR146W,YNL037C,0,4.0433865,0.3729729652404785,0.7419354915618896,0.12789416313171387
YER148W,YDR256C,0,4.042595,0.37278977036476135,0.7419354915618896,0.1279943883419037
YJR075W,YLR421C,0,4.0398955,0.3726067841053009,0.7419354915618896,0.1280946135520935
YHR115C,YDR432W,0,4.039757,0.3724239468574524,0.7419354915618896,0.12819485366344452
YHR201C,YLR376C,0,4.0381546,0.3722412884235382,0.7419354915618896,0.12829507887363434
YKL125W,YAL043C,0,4.0379615,0.37205880880355835,0.7419354915618896,0.12839530408382416
YEL044W,YLR095C,1,4.0376797,0.3723664879798889,0.742913007736206,0.12839530408382416
YNL103W,YHR103W,0,4.0375853,0.3721841275691986,0.742913007736206,0.12849554419517517
YOL021C,YHL009C,0,4.03725,0.3720019459724426,0.742913007736206,0.128595769405365
YER155C,YDL115C,0,4.03595,0.37181997299194336,0.742913007736206,0.1286959946155548
YMR247C,YPR052C,1,4.0353994,0.37212714552879333,0.7438905239105225,0.1286959946155548
YKL021C,YBL016W,0,4.035126,0.37194526195526123,0.7438905239105225,0.12879623472690582
YER100W,YPL232W,0,4.033948,0.37176355719566345,0.7438905239105225,0.12889645993709564
YKL024C,YGR275W,0,4.033808,0.37158203125,0.7438905239105225,0.12899668514728546
YOR117W,YCL005W-A,0,4.0337653,0.3714006841182709,0.7438905239105225,0.12909692525863647
YGR254W,YBR229C,0,4.0332866,0.3712195158004761,0.7438905239105225,0.1291971504688263
YJL183W,YKL129C,0,4.033,0.3710385262966156,0.7438905239105225,0.1292973905801773
YOL017W,YDR126W,0,4.0294485,0.37085768580436707,0.7438905239105225,0.12939761579036713
YDL049C,YDR113C,0,4.0284386,0.37067705392837524,0.7438905239105225,0.12949784100055695
YDL116W,YDR191W,1,4.027201,0.37098345160484314,0.7448680400848389,0.12949784100055695
YOL034W,YDR397C,0,4.0267415,0.3708029091358185,0.7448680400848389,0.12959808111190796
YIL056W,YIL009C-A,0,4.026436,0.37062257528305054,0.7448680400848389,0.12969830632209778
YGL166W,YBL021C,0,4.025388,0.37044239044189453,0.7448680400848389,0.1297985315322876
YPL016W,YFR042W,0,4.0245194,0.37026238441467285,0.7448680400848389,0.1298987716436386
YDL190C,YGR274C,0,4.023512,0.3700825572013855,0.7448680400848389,0.12999899685382843
YML059C,YER028C,0,4.0228443,0.36990290880203247,0.7448680400848389,0.13009922206401825
YDR050C,YPL051W,0,4.0205765,0.36972343921661377,0.7448680400848389,0.13019946217536926
YDR397C,YER048C,0,4.0194716,0.369544118642807,0.7448680400848389,0.13029968738555908
YML060W,YDR148C,0,4.019271,0.36936500668525696,0.7448680400848389,0.1303999125957489
YDL098C,YBL091C,0,4.0190697,0.36918604373931885,0.7448680400848389,0.13050015270709991
YDR354W,YNL164C,0,4.018699,0.36900725960731506,0.7448680400848389,0.13060037791728973
YBR089C-A,YGR165W,0,4.017406,0.3688286542892456,0.7448680400848389,0.13070061802864075
YGL254W,YLR097C,0,4.016897,0.3686502277851105,0.7448680400848389,0.13080084323883057
YGR188C,YBL016W,0,4.0166245,0.3684719502925873,0.7448680400848389,0.13090106844902039
YGR186W,YDR231C,0,4.0149174,0.3682938516139984,0.7448680400848389,0.1310013085603714
YDR023W,YMR022W,0,4.014629,0.36811593174934387,0.7448680400848389,0.13110153377056122
YKL005C,YPR073C,0,4.014494,0.36793819069862366,0.7448680400848389,0.13120175898075104
YJL065C,YAL047C,0,4.012948,0.36776062846183777,0.7448680400848389,0.13130199909210205
YNL317W,YDL166C,0,4.012143,0.3675832152366638,0.7448680400848389,0.13140222430229187
YDR099W,YOR091W,0,4.011424,0.3674059808254242,0.7448680400848389,0.1315024495124817
YOR330C,YBR245C,0,4.009748,0.3672289252281189,0.7448680400848389,0.1316026896238327
YDL051W,YJR095W,0,4.0096197,0.36705201864242554,0.7448680400848389,0.13170291483402252
YLL021W,YHR170W,0,4.008999,0.3668752908706665,0.7448680400848389,0.13180314004421234
YEL018W,YGL066W,1,4.0076675,0.3671799898147583,0.7458455562591553,0.13180314004421234
YOR088W,YKL158W,0,4.0074167,0.3670033812522888,0.7458455562591553,0.13190338015556335
YKL033W,YLR274W,1,4.006961,0.3673076927661896,0.7468230724334717,0.13190338015556335
YDR463W,YBR280C,0,4.00696,0.36713117361068726,0.7468230724334717,0.13200360536575317
YLR371W,YJR118C,0,4.0046086,0.36695486307144165,0.7468230724334717,0.1321038454771042
YGR159C,YLR399C,0,4.0043607,0.3667786717414856,0.7468230724334717,0.132204070687294
YBR286W,YOR236W,0,4.0029397,0.36660268902778625,0.7468230724334717,0.13230429589748383
YMR047C,YJR086W,0,4.002144,0.36642685532569885,0.7468230724334717,0.13240453600883484
YNL066W,YDL209C,0,4.001457,0.3662512004375458,0.7468230724334717,0.13250476121902466
YKL139W,YMR286W,0,3.9987879,0.36607569456100464,0.7468230724334717,0.13260498642921448
YOR080W,YKR083C,0,3.9980507,0.3659003973007202,0.7468230724334717,0.1327052265405655
YLR136C,YGR241C,0,3.9980297,0.36572521924972534,0.7468230724334717,0.1328054517507553
YBR248C,YPL013C,0,3.9938436,0.3655502498149872,0.7468230724334717,0.13290567696094513
YML126C,YJR144W,0,3.9913955,0.36537542939186096,0.7468230724334717,0.13300591707229614
YJL042W,YKL045W,0,3.9910102,0.3652007579803467,0.7468230724334717,0.13310614228248596
YOR368W,YOR188W,0,3.9906158,0.3650262653827667,0.7468230724334717,0.13320636749267578
YOR064C,YDR167W,1,3.9895256,0.3653295040130615,0.7478005886077881,0.13320636749267578
YFR046C,YMR266W,0,3.9894805,0.3651551306247711,0.7478005886077881,0.1333066076040268
YER065C,YPL155C,0,3.9887352,0.36498090624809265,0.7478005886077881,0.1334068328142166
YDR489W,YOL011W,0,3.9886713,0.3648068606853485,0.7478005886077881,0.13350707292556763
YDR303C,YDR121W,1,3.9886708,0.3651096224784851,0.7487781047821045,0.13350707292556763
YGL025C,YCL063W,0,3.987886,0.3649356961250305,0.7487781047821045,0.13360729813575745
YGR005C,YKR064W,0,3.9865775,0.36476191878318787,0.7487781047821045,0.13370752334594727
YKL164C,YDR331W,0,3.985936,0.36458829045295715,0.7487781047821045,0.13380776345729828
YKL099C,YJL137C,0,3.9854784,0.36441484093666077,0.7487781047821045,0.1339079886674881
YML012W,YNL061W,0,3.984137,0.3642415702342987,0.7487781047821045,0.13400821387767792
YKR022C,YHR092C,0,3.9839902,0.3640684485435486,0.7487781047821045,0.13410845398902893
YKR050W,YDL190C,0,3.9830942,0.3638954758644104,0.7487781047821045,0.13420867919921875
YPR192W,YDR482C,0,3.9811063,0.36372271180152893,0.7487781047821045,0.13430890440940857
YDR513W,YDR191W,0,3.9785624,0.363550066947937,0.7487781047821045,0.13440914452075958
YOR260W,YBR258C,0,3.9751422,0.3633776009082794,0.7487781047821045,0.1345093697309494
YPR156C,YGR163W,0,3.9741454,0.36320531368255615,0.7487781047821045,0.13460959494113922
YEL038W,YJR134C,0,3.9741416,0.3630331754684448,0.7487781047821045,0.13470983505249023
YLR234W,YGL245W,0,3.972959,0.3628612160682678,0.7487781047821045,0.13481006026268005
YJR049C,YLR056W,0,3.9716759,0.36268940567970276,0.7487781047821045,0.13491030037403107
YIL129C,YLR119W,0,3.9699721,0.36251774430274963,0.7487781047821045,0.1350105255842209
YEL018W,YDR174W,1,3.9680853,0.3628193140029907,0.7497556209564209,0.1350105255842209
YJL074C,YBL037W,0,3.9680696,0.36264774203300476,0.7497556209564209,0.1351107507944107
YGR253C,YAL002W,0,3.9676292,0.3624763786792755,0.7497556209564209,0.13521099090576172
YPL010W,YMR307W,0,3.9659507,0.3623051345348358,0.7497556209564209,0.13531121611595154
YBR101C,YLR263W,0,3.965626,0.36213409900665283,0.7497556209564209,0.13541144132614136
YAL034C,YPR052C,1,3.9648995,0.36243510246276855,0.7507331371307373,0.13541144132614136
YOR375C,YJL139C,0,3.962339,0.36226415634155273,0.7507331371307373,0.13551168143749237
YGL096W,YAR042W,0,3.9605887,0.36209335923194885,0.7507331371307373,0.1356119066476822
YIL126W,YPL164C,0,3.9592657,0.3619227111339569,0.7507331371307373,0.135712131857872
YER063W,YIL014W,0,3.9592497,0.3617522418498993,0.7507331371307373,0.13581237196922302
YGL035C,YNR023W,0,3.9574778,0.3615819215774536,0.7507331371307373,0.13591259717941284
YGL086W,YHR086W,0,3.95724,0.3614117503166199,0.7507331371307373,0.13601282238960266
YLR274W,YOR217W,0,3.9558113,0.36124175786972046,0.7507331371307373,0.13611306250095367
YGL210W-A,YMR044W,0,3.9522624,0.36107194423675537,0.7507331371307373,0.1362132877111435
YLR110C,YGR260W,0,3.9519677,0.36090224981307983,0.7507331371307373,0.1363135278224945
YLR085C,YDR016C,0,3.9503298,0.3607327342033386,0.7507331371307373,0.13641375303268433
YDL149W,YLL021W,0,3.9489932,0.36056336760520935,0.7507331371307373,0.13651397824287415
YDL220C,YGL097W,0,3.947266,0.3603941798210144,0.7507331371307373,0.13661421835422516
YDL080C,YLR396C,0,3.9470968,0.3602251410484314,0.7507331371307373,0.13671444356441498
YGR154C,YLR223C,0,3.9468808,0.3600562512874603,0.7507331371307373,0.1368146687746048
YAL035W,YNL148C,0,3.9457312,0.3598875403404236,0.7507331371307373,0.1369149088859558
YOR245C,YBR231C,0,3.9457278,0.3597189784049988,0.7507331371307373,0.13701513409614563
YBR289W,YEL054C,0,3.945621,0.3595505654811859,0.7507331371307373,0.13711535930633545
YMR001C,YBR058C-A,0,3.9447498,0.359382301568985,0.7507331371307373,0.13721559941768646
YAL043C,YJL156C,0,3.9415483,0.3592142164707184,0.7507331371307373,0.13731582462787628
YOR284W,YDR208W,0,3.9403005,0.3590462803840637,0.7507331371307373,0.1374160498380661
YDR244W,YKL148C,0,3.938909,0.358878493309021,0.7507331371307373,0.13751628994941711
YGL100W,YPL144W,0,3.936473,0.3587108850479126,0.7507331371307373,0.13761651515960693
YKL004W,YIR019C,0,3.935989,0.35854342579841614,0.7507331371307373,0.13771675527095795
YOL013C,YMR307W,0,3.9357903,0.3583761155605316,0.7507331371307373,0.13781698048114777
YLR370C,YOR210W,0,3.934578,0.35820895433425903,0.7507331371307373,0.13791720569133759
YML065W,YGR163W,0,3.9337232,0.3580419719219208,0.7507331371307373,0.1380174458026886
YDR243C,YNL270C,0,3.9334483,0.35787510871887207,0.7507331371307373,0.13811767101287842
YPL271W,YMR011W,0,3.932383,0.3577084243297577,0.7507331371307373,0.13821789622306824
YHR133C,YNR075W,0,3.9319053,0.35754188895225525,0.7507331371307373,0.13831813633441925
YEL019C,YNL240C,0,3.9311423,0.35737553238868713,0.7507331371307373,0.13841836154460907
YOR025W,YBR215W,1,3.9310832,0.35767441987991333,0.7517106533050537,0.13841836154460907
YMR190C,YOR035C,0,3.9303598,0.35750812292099,0.7517106533050537,0.1385185867547989
YJL050W,YIL016W,0,3.9283748,0.357342004776001,0.7517106533050537,0.1386188268661499
YGL133W,YGL137W,0,3.9281554,0.3571760356426239,0.7517106533050537,0.13871905207633972
YLL048C,YOR096W,0,3.9260416,0.35701021552085876,0.7517106533050537,0.13881927728652954
YGL099W,YPL254W,0,3.9256306,0.35684454441070557,0.7517106533050537,0.13891951739788055
YER095W,YDR028C,0,3.9249997,0.3566790223121643,0.7517106533050537,0.13901974260807037
YLR128W,YAL021C,0,3.9217932,0.3565136790275574,0.7517106533050537,0.1391199827194214
YNL136W,YGL027C,0,3.921027,0.3563484847545624,0.7517106533050537,0.1392202079296112
YDR381W,YJR060W,0,3.9156408,0.35618340969085693,0.7517106533050537,0.13932043313980103
YOR369C,YGL249W,0,3.9128523,0.3560185134410858,0.7517106533050537,0.13942067325115204
YDR184C,YDL105W,0,3.9125836,0.35585376620292664,0.7517106533050537,0.13952089846134186
YOR113W,YOL027C,0,3.9123647,0.3556891679763794,0.7517106533050537,0.13962112367153168
YOL012C,YOR230W,1,3.9080915,0.3559870421886444,0.7526881694793701,0.13962112367153168
YHR129C,YMR125W,0,3.908039,0.3558225631713867,0.7526881694793701,0.1397213637828827
YDL197C,YNL107W,1,3.9060326,0.3561200797557831,0.7536656856536865,0.1397213637828827
YDR007W,YBR022W,0,3.9033837,0.35595569014549255,0.7536656856536865,0.1398215889930725
YKL164C,YGR097W,0,3.901136,0.3557914197444916,0.7536656856536865,0.13992181420326233
YDR484W,YMR220W,0,3.899545,0.35562729835510254,0.7536656856536865,0.14002205431461334
YIL131C,YCR086W,1,3.8989148,0.3559243977069855,0.7546432018280029,0.14002205431461334
YGR178C,YGR049W,0,3.8989062,0.3557603657245636,0.7546432018280029,0.14012227952480316
YDL075W,YOR064C,0,3.8971276,0.35559651255607605,0.7546432018280029,0.14022250473499298
YBR244W,YJR019C,0,3.8967597,0.35543277859687805,0.7546432018280029,0.140322744846344
YKL054C,YNL014W,0,3.895497,0.3552692234516144,0.7546432018280029,0.1404229700565338
YGL224C,YPL193W,0,3.8951092,0.35510578751564026,0.7546432018280029,0.14052321016788483
YDR043C,YPR018W,0,3.8921957,0.35494253039360046,0.7546432018280029,0.14062343537807465
YLL036C,YML107C,0,3.891513,0.3547794222831726,0.7546432018280029,0.14072366058826447
YPR019W,YEL015W,0,3.889894,0.3546164333820343,0.7546432018280029,0.14082390069961548
YDR101C,YLR442C,0,3.8897457,0.3544536232948303,0.7546432018280029,0.1409241259098053
YPL129W,YJL081C,1,3.889408,0.3547498881816864,0.7556207180023193,0.1409241259098053
YOR213C,YDL042C,1,3.8863807,0.355045884847641,0.7565982341766357,0.1409241259098053
YCR024C-A,YLR093C,0,3.8863564,0.354883074760437,0.7565982341766357,0.14102435111999512
YML074C,YML072C,0,3.8858893,0.35472044348716736,0.7565982341766357,0.14112459123134613
YFR038W,YFL013C,1,3.8841772,0.3550160229206085,0.7575757503509521,0.14112459123134613
YBR214W,YCL062W,0,3.8839731,0.35485348105430603,0.7575757503509521,0.14122481644153595
YDR087C,YBR153W,0,3.8834763,0.3546910881996155,0.7575757503509521,0.14132504165172577
YDR227W,YDR265W,0,3.8787541,0.3545288145542145,0.7575757503509521,0.14142528176307678
YKL113C,YIL027C,0,3.8780758,0.3543667197227478,0.7575757503509521,0.1415255069732666
YGL120C,YOR079C,0,3.8776135,0.3542047441005707,0.7575757503509521,0.14162573218345642
YNR055C,YGR261C,0,3.875151,0.3540429472923279,0.7575757503509521,0.14172597229480743
YBR034C,YMR068W,0,3.874318,0.35388126969337463,0.7575757503509521,0.14182619750499725
YDR421W,YNR030W,0,3.8718586,0.3537197709083557,0.7575757503509521,0.14192643761634827
YLR357W,YGL175C,0,3.8713233,0.35355839133262634,0.7575757503509521,0.14202666282653809
YBR264C,YDL112W,0,3.8712077,0.3533971607685089,0.7575757503509521,0.1421268880367279
YDR463W,YBR179C,0,3.8691707,0.3532361090183258,0.7575757503509521,0.14222712814807892
YHR207C,YNL067W,0,3.8690488,0.35307517647743225,0.7575757503509521,0.14232735335826874
YDL076C,YNR047W,0,3.8688867,0.35291439294815063,0.7575757503509521,0.14242757856845856
YDL166C,YGL063W,0,3.8665662,0.35275375843048096,0.7575757503509521,0.14252781867980957
YBR267W,YMR002W,0,3.866372,0.3525932729244232,0.7575757503509521,0.1426280438899994
YIR015W,YBR008C,0,3.8659573,0.3524329364299774,0.7575757503509521,0.1427282691001892
YJL047C,YLR357W,0,3.8645756,0.35227271914482117,0.7575757503509521,0.14282850921154022
YML109W,YOL017W,1,3.8642018,0.35256701707839966,0.7585532665252686,0.14282850921154022
YER001W,YGR092W,0,3.8634644,0.35240688920021057,0.7585532665252686,0.14292873442173004
YNL329C,YLR256W,0,3.8624516,0.3522469401359558,0.7585532665252686,0.14302895963191986
YOR362C,YCL061C,0,3.8614242,0.3520871102809906,0.7585532665252686,0.14312919974327087
YLR210W,YPL202C,0,3.8611946,0.35192742943763733,0.7585532665252686,0.1432294249534607
YPL036W,YBR280C,0,3.8606806,0.351767897605896,0.7585532665252686,0.1433296650648117
YML022W,YIR031C,0,3.8606467,0.3516085147857666,0.7585532665252686,0.14342989027500153
YER063W,YML067C,0,3.8570056,0.35144928097724915,0.7585532665252686,0.14353011548519135
YPR049C,YKL032C,0,3.8545747,0.35129016637802124,0.7585532665252686,0.14363035559654236
YHR096C,YER074W-A,0,3.8543096,0.35113123059272766,0.7585532665252686,0.14373058080673218
YHL038C,YDL046W,0,3.853989,0.35097241401672363,0.7585532665252686,0.143830806016922
YJR140C,YER164W,1,3.853412,0.3512658178806305,0.759530782699585,0.143830806016922
YDR363W,YJL127C,1,3.8527694,0.35155898332595825,0.7605082988739014,0.143830806016922
YDR004W,YJL164C,0,3.847603,0.3514001667499542,0.7605082988739014,0.143931046128273
YFR036W,YBR060C,1,3.846996,0.3516930043697357,0.7614858150482178,0.143931046128273
YJR108W,YGL107C,0,3.8461213,0.35153430700302124,0.7614858150482178,0.14403127133846283
YGL121C,YBL004W,0,3.8440835,0.3513757288455963,0.7614858150482178,0.14413149654865265
YGR209C,YDR300C,0,3.8427868,0.3512172996997833,0.7614858150482178,0.14423173666000366
YDL201W,YNR026C,0,3.841432,0.35105904936790466,0.7614858150482178,0.14433196187019348
YOR375C,YCR083W,0,3.841404,0.35090088844299316,0.7614858150482178,0.1444321870803833
YLR055C,YGL111W,0,3.837191,0.350742906332016,0.7614858150482178,0.14453242719173431
YJL197W,YLR178C,0,3.8371894,0.35058507323265076,0.7614858150482178,0.14463265240192413
YHR118C,YLR141W,1,3.834962,0.35087719559669495,0.7624633312225342,0.14463265240192413
YOR078W,YDR523C,0,3.834056,0.3507194221019745,0.7624633312225342,0.14473289251327515
YKL191W,YLR363C,0,3.8319461,0.35056179761886597,0.7624633312225342,0.14483311772346497
YPR103W,YMR119W,0,3.828433,0.3504043221473694,0.7624633312225342,0.14493334293365479
YML045W,YDR276C,0,3.8284059,0.35024696588516235,0.7624633312225342,0.1450335830450058
YFR004W,YNL207W,0,3.8258576,0.35008975863456726,0.7624633312225342,0.14513380825519562
YGL090W,YBR094W,0,3.8245964,0.3499327003955841,0.7624633312225342,0.14523403346538544
YMR037C,YPL189W,0,3.8244896,0.3497757911682129,0.7624633312225342,0.14533427357673645
YEL017C-A,YPR073C,0,3.8243403,0.3496190011501312,0.7624633312225342,0.14543449878692627
YCR069W,YER060W-A,0,3.8231752,0.3494623601436615,0.7624633312225342,0.1455347239971161
YOR064C,YGR252W,1,3.8228283,0.3497537076473236,0.7634408473968506,0.1455347239971161
YJL081C,YDR397C,1,3.8217216,0.35004475712776184,0.764418363571167,0.1455347239971161
YHR167W,YBR167C,0,3.8206282,0.3498881459236145,0.764418363571167,0.1456349641084671
YEL032W,YIL115C,0,3.8188295,0.3497316539287567,0.764418363571167,0.14573518931865692
YOR056C,YJR161C,0,3.8183815,0.34957531094551086,0.764418363571167,0.14583541452884674
YHR098C,YKR077W,0,3.817542,0.34941911697387695,0.764418363571167,0.14593565464019775
YCR097W,YAL026C,0,3.8170981,0.349263072013855,0.764418363571167,0.14603587985038757
YBR202W,YBR081C,1,3.8163695,0.34955358505249023,0.7653958797454834,0.14603587985038757
YHR001W-A,YJL026W,0,3.816258,0.34939759969711304,0.7653958797454834,0.1461361199617386
YNL118C,YIL016W,0,3.8155155,0.3492417335510254,0.7653958797454834,0.1462363451719284
YBR015C,YDL168W,0,3.8138993,0.34908604621887207,0.7653958797454834,0.14633657038211823
YDR117C,YOR182C,0,3.812401,0.3489304780960083,0.7653958797454834,0.14643681049346924
YDL042C,YJR067C,0,3.8123367,0.34877505898475647,0.7653958797454834,0.14653703570365906
YGL127C,YJL118W,0,3.8121424,0.3486197590827942,0.7653958797454834,0.14663726091384888
YGR186W,YGL064C,0,3.8102202,0.34846460819244385,0.7653958797454834,0.1467375010251999
YOR156C,YER031C,0,3.808053,0.34830960631370544,0.7653958797454834,0.1468377262353897
YOR064C,YDR026C,1,3.8065522,0.348599374294281,0.7663733959197998,0.1468377262353897
YER122C,YDL092W,0,3.8020716,0.3484444320201874,0.7663733959197998,0.14693795144557953
YDR085C,YNL244C,0,3.801796,0.3482896387577057,0.7663733959197998,0.14703819155693054
YBR171W,YKL049C,0,3.7984939,0.34813499450683594,0.7663733959197998,0.14713841676712036
YDL106C,YER054C,0,3.7976012,0.34798046946525574,0.7663733959197998,0.14723864197731018
YDR517W,YDR119W,0,3.797082,0.3478260934352875,0.7663733959197998,0.1473388820886612
YFL044C,YKL140W,0,3.7964478,0.34767183661460876,0.7663733959197998,0.147439107298851
YEL046C,YOL056W,0,3.795309,0.347517728805542,0.7663733959197998,0.14753934741020203
YDR380W,YKR007W,0,3.7952862,0.34736377000808716,0.7663733959197998,0.14763957262039185
YMR149W,YLR135W,0,3.7951965,0.3472099304199219,0.7663733959197998,0.14773979783058167
YDL147W,YDL049C,0,3.794826,0.34705621004104614,0.7663733959197998,0.14784003794193268
YOR038C,YGR116W,1,3.7938666,0.34734514355659485,0.7673509120941162,0.14784003794193268
YGL130W,YMR199W,0,3.792752,0.3471915125846863,0.7673509120941162,0.1479402631521225
YLR361C,YLR372W,0,3.7891457,0.34703803062438965,0.7673509120941162,0.14804048836231232
YGR103W,YBL036C,0,3.788393,0.34688466787338257,0.7673509120941162,0.14814072847366333
YMR060C,YBR019C,0,3.7875614,0.3467314541339874,0.7673509120941162,0.14824095368385315
YNL189W,YER157W,0,3.7871509,0.34657835960388184,0.7673509120941162,0.14834117889404297
YLR423C,YKL056C,0,3.7857194,0.3464254140853882,0.7673509120941162,0.14844141900539398
YNL164C,YMR307W,0,3.7856736,0.34627261757850647,0.7673509120941162,0.1485416442155838
YER125W,YDR227W,1,3.7852817,0.34656083583831787,0.7683284282684326,0.1485416442155838
YDR191W,YPL096C-A,0,3.784669,0.34640809893608093,0.7683284282684326,0.14864186942577362
YOR123C,YPL129W,1,3.7831352,0.34669604897499084,0.769305944442749,0.14864186942577362
YPR019W,YNL098C,0,3.7821736,0.3465433716773987,0.769305944442749,0.14874210953712463
YKL212W,YCL059C,0,3.780976,0.34639084339141846,0.769305944442749,0.14884233474731445
YLR085C,YJL203W,0,3.780933,0.34623846411705017,0.769305944442749,0.14894257485866547
YMR268C,YPL262W,0,3.7807302,0.34608620405197144,0.769305944442749,0.14904280006885529
YDR207C,YMR239C,1,3.780244,0.34637361764907837,0.7702834606170654,0.14904280006885529
YNL323W,YER111C,0,3.7794037,0.3462214469909668,0.7702834606170654,0.1491430252790451
YIL112W,YML095C,0,3.7793741,0.3460693955421448,0.7702834606170654,0.14924326539039612
YGL086W,YGL213C,0,3.7761104,0.3459174633026123,0.7702834606170654,0.14934349060058594
YLR286C,YKL192C,0,3.7752972,0.3457656800746918,0.7702834606170654,0.14944371581077576
YGL128C,YBR212W,0,3.7729192,0.3456140458583832,0.7702834606170654,0.14954395592212677
YPL006W,YNL264C,0,3.7729182,0.34546253085136414,0.7702834606170654,0.1496441811323166
YLR229C,YKR087C,0,3.7713757,0.34531113505363464,0.7702834606170654,0.1497444063425064
YOR083W,YGR129W,0,3.7683005,0.3451598882675171,0.7702834606170654,0.14984464645385742
YDR123C,YBL105C,0,3.7676566,0.3450087606906891,0.7702834606170654,0.14994487166404724
YMR268C,YKL035W,0,3.766958,0.344857782125473,0.7702834606170654,0.15004509687423706
YGR007W,YFR028C,0,3.7658424,0.3447069227695465,0.7702834606170654,0.15014533698558807
YLR014C,YLR363C,0,3.7654562,0.34455618262290955,0.7702834606170654,0.1502455621957779
YPL231W,YHR121W,0,3.765157,0.3444055914878845,0.7702834606170654,0.1503458023071289
YDL095W,YLR023C,0,3.76465,0.34425511956214905,0.7702834606170654,0.15044602751731873
YOR140W,YMR021C,0,3.764359,0.3441047966480255,0.7702834606170654,0.15054625272750854
YKL141W,YNL252C,0,3.760342,0.34395459294319153,0.7702834606170654,0.15064649283885956
YML109W,YPL075W,1,3.7590075,0.34424084424972534,0.7712609767913818,0.15064649283885956
YPL045W,YJR067C,0,3.7578838,0.34409070014953613,0.7712609767913818,0.15074671804904938
YCL038C,YER164W,0,3.7571492,0.34394070506095886,0.7712609767913818,0.1508469432592392
YDR004W,YLR083C,0,3.7567897,0.34379085898399353,0.7712609767913818,0.1509471833705902
YJL092W,YGL127C,0,3.7566147,0.34364110231399536,0.7712609767913818,0.15104740858078003
YPL089C,YNL183C,0,3.7560933,0.3434915244579315,0.7712609767913818,0.15114763379096985
YMR179W,YJL115W,1,3.7553039,0.34377720952033997,0.7722384929656982,0.15114763379096985
YJR033C,YBR087W,0,3.7542033,0.3436276614665985,0.7722384929656982,0.15124787390232086
YJR048W,YPL198W,0,3.7529557,0.343478262424469,0.7722384929656982,0.15134809911251068
YDR111C,YGL009C,0,3.752408,0.34332898259162903,0.7722384929656982,0.1514483243227005
YBR248C,YBL014C,0,3.7522244,0.343179851770401,0.7722384929656982,0.1515485644340515
YPR186C,YKL059C,0,3.7506647,0.3430308401584625,0.7722384929656982,0.15164878964424133
YOR136W,YER074W-A,0,3.7486308,0.3428819477558136,0.7722384929656982,0.15174902975559235
YLR417W,YNL135C,0,3.7484171,0.3427331745624542,0.7722384929656982,0.15184925496578217
YGR029W,YBL072C,0,3.7472334,0.3425845503807068,0.7722384929656982,0.15194948017597198
YDL164C,YGL011C,0,3.7456453,0.3424360752105713,0.7722384929656982,0.152049720287323
YHR123W,YOL027C,0,3.7452278,0.34228768944740295,0.7722384929656982,0.15214994549751282
YOR149C,YNL030W,0,3.743947,0.34213945269584656,0.7722384929656982,0.15225017070770264
YLR099C,YJL026W,0,3.7430327,0.3419913351535797,0.7722384929656982,0.15235041081905365
YCR042C,YDR055W,0,3.7426076,0.3418433666229248,0.7722384929656982,0.15245063602924347
YHR014W,YAL003W,0,3.7425835,0.34169548749923706,0.7722384929656982,0.1525508612394333
YNL154C,YOR157C,0,3.74001,0.34154778718948364,0.7722384929656982,0.1526511013507843
YJL065C,YIL084C,1,3.738224,0.34183233976364136,0.7732160091400146,0.1526511013507843
YHR006W,YJR025C,0,3.7374969,0.3416846692562103,0.7732160091400146,0.15275132656097412
YMR080C,YGL243W,0,3.7372186,0.34153714776039124,0.7732160091400146,0.15285155177116394
YLR405W,YLR119W,0,3.7356713,0.3413897156715393,0.7732160091400146,0.15295179188251495
YOL039W,YOR266W,0,3.7356014,0.3412424623966217,0.7732160091400146,0.15305201709270477
YGR090W,YDR320C-A,0,3.7352986,0.34109529852867126,0.7732160091400146,0.1531522572040558
YJL072C,YKL087C,0,3.734535,0.34094828367233276,0.7732160091400146,0.1532524824142456
YDR279W,YKL092C,0,3.734356,0.3408013880252838,0.7732160091400146,0.15335270762443542
YIL131C,YLR058C,0,3.7330687,0.3406546115875244,0.7732160091400146,0.15345294773578644
YDL190C,YDR175C,0,3.7326407,0.34050795435905457,0.7732160091400146,0.15355317294597626
YKR092C,YHR215W,0,3.7306232,0.34036144614219666,0.7732160091400146,0.15365339815616608
YPL075W,YBR251W,0,3.7299218,0.3402150571346283,0.7732160091400146,0.1537536382675171
YDR399W,YOL152W,0,3.729827,0.3400687873363495,0.7732160091400146,0.1538538634777069
YAR003W,YMR274C,0,3.7293983,0.33992263674736023,0.7732160091400146,0.15395408868789673
YLR154C,YCL027C-A,0,3.725985,0.3397766351699829,0.7732160091400146,0.15405432879924774
YKL006W,YDL141W,0,3.7234073,0.33963075280189514,0.7732160091400146,0.15415455400943756
YDR500C,YDR486C,0,3.723267,0.3394849896430969,0.7732160091400146,0.15425477921962738
YKL004W,YGR163W,0,3.7226653,0.33933934569358826,0.7732160091400146,0.1543550193309784
YDR088C,YIL157C,0,3.722465,0.33919382095336914,0.7732160091400146,0.1544552445411682
YLL036C,YBR004C,0,3.7208745,0.33904844522476196,0.7732160091400146,0.15455548465251923
YNL329C,YML010W,0,3.720068,0.33890315890312195,0.7732160091400146,0.15465570986270905
YDR390C,YBR065C,0,3.7199101,0.33875802159309387,0.7732160091400146,0.15475593507289886
YBR069C,YOR264W,0,3.719419,0.33861300349235535,0.7732160091400146,0.15485617518424988
YJR102C,YHL025W,0,3.7186856,0.33846813440322876,0.7732160091400146,0.1549564003944397
YMR318C,YCR020W-B,0,3.718575,0.33832335472106934,0.7732160091400146,0.15505662560462952
YNL251C,YOL122C,0,3.7182891,0.33817869424819946,0.7732160091400146,0.15515686571598053
YMR047C,YBR131W,0,3.7163272,0.33803418278694153,0.7732160091400146,0.15525709092617035
YDR440W,YIL026C,0,3.7162771,0.33788979053497314,0.7732160091400146,0.15535731613636017
YLR210W,YOR386W,0,3.71584,0.3377455174922943,0.7732160091400146,0.15545755624771118
YOR122C,YLR214W,0,3.7154243,0.33760136365890503,0.7732160091400146,0.155557781457901
YLR027C,YDR143C,0,3.7149076,0.3374573290348053,0.7732160091400146,0.15565800666809082
YKL086W,YGR202C,0,3.7134354,0.3373134434223175,0.7732160091400146,0.15575824677944183
YLR181C,YBR166C,0,3.712176,0.3371696472167969,0.7732160091400146,0.15585847198963165
YJL115W,YNL194C,0,3.712022,0.3370260000228882,0.7732160091400146,0.15595871210098267
YMR179W,YDR026C,1,3.7112246,0.3373083472251892,0.774193525314331,0.15595871210098267
YJR067C,YKL193C,0,3.7098634,0.3371647596359253,0.774193525314331,0.15605893731117249
YBR098W,YJL033W,0,3.7070613,0.3370212912559509,0.774193525314331,0.1561591625213623
YBR073W,YIL026C,0,3.7065372,0.3368779122829437,0.774193525314331,0.15625940263271332
YPL146C,YJR050W,0,3.7052517,0.33673468232154846,0.774193525314331,0.15635962784290314
YNL167C,YIR023W,0,3.7050748,0.33659157156944275,0.774193525314331,0.15645985305309296
YEL046C,YGL055W,0,3.7044814,0.336448609828949,0.774193525314331,0.15656009316444397
YMR313C,YIL063C,0,3.7036293,0.33630573749542236,0.774193525314331,0.1566603183746338
YGR080W,YLR357W,0,3.7029357,0.3361629843711853,0.774193525314331,0.1567605435848236
YPR075C,YNL245C,0,3.7024546,0.3360203504562378,0.774193525314331,0.15686078369617462
YNR023W,YER068W,0,3.7015738,0.3358778655529022,0.774193525314331,0.15696100890636444
YML086C,YER074W-A,0,3.700916,0.3357354700565338,0.774193525314331,0.15706123411655426
YCR054C,YCR086W,0,3.699868,0.33559322357177734,0.774193525314331,0.15716147422790527
YKR019C,YBR231C,1,3.699802,0.33587461709976196,0.7751710414886475,0.15716147422790527
YER109C,YFL031W,0,3.699483,0.33573243021965027,0.7751710414886475,0.1572616994380951
YER029C,YGL111W,0,3.6966689,0.3355903625488281,0.7751710414886475,0.1573619395494461
YNL082W,YGR007W,0,3.695436,0.33544838428497314,0.7751710414886475,0.15746216475963593
YGL210W-A,YDR407C,0,3.694716,0.3353065550327301,0.7751710414886475,0.15756238996982574
YGL181W,YNL049C,0,3.6946936,0.3351648449897766,0.7751710414886475,0.15766263008117676
YJL183W,YPL076W,0,3.6931362,0.3350232243537903,0.7751710414886475,0.15776285529136658
YGL173C,YBR198C,0,3.6889992,0.3348817527294159,0.7751710414886475,0.1578630805015564
YOR217W,YKL059C,0,3.688243,0.33474040031433105,0.7751710414886475,0.1579633206129074
YDL220C,YLR396C,0,3.6860728,0.33459916710853577,0.7751710414886475,0.15806354582309723
YLR015W,YGL112C,1,3.6851137,0.3348797857761383,0.7761485576629639,0.15806354582309723
YLR321C,YGL112C,1,3.683896,0.33516019582748413,0.7771260738372803,0.15806354582309723
YIR017C,YML016C,0,3.6838222,0.33501896262168884,0.7771260738372803,0.15816377103328705
YJL179W,YLR226W,0,3.6837182,0.3348778486251831,0.7771260738372803,0.15826401114463806
YCL027C-A,YKL139W,0,3.6822352,0.3347368538379669,0.7771260738372803,0.15836423635482788
YDR014W,YHR056C,1,3.681757,0.3350168466567993,0.7781035900115967,0.15836423635482788
YDR052C,YKL221W,0,3.681639,0.3348758816719055,0.7781035900115967,0.1584644615650177
YGL144C,YDR545W,0,3.6808014,0.33473506569862366,0.7781035900115967,0.1585647016763687
YBL032W,YBR103W,1,3.6802008,0.3350147008895874,0.7790811061859131,0.1585647016763687
YPL023C,YBR291C,0,3.679805,0.3348739445209503,0.7790811061859131,0.15866492688655853
YDR123C,YOR386W,0,3.6783588,0.3347333073616028,0.7790811061859131,0.15876516699790955
YMR273C,YDL070W,1,3.6766257,0.3350125849246979,0.7800586223602295,0.15876516699790955
YDR011W,YJR097W,0,3.6760736,0.3348720073699951,0.7800586223602295,0.15886539220809937
YDR257C,YNL059C,0,3.6748593,0.3347315490245819,0.7800586223602295,0.15896561741828918
YNL167C,YCR035C,0,3.6720057,0.33459118008613586,0.7800586223602295,0.1590658575296402
YKR092C,YHR161C,0,3.6719673,0.33445096015930176,0.7800586223602295,0.15916608273983002
YFR036W,YPR034W,1,3.670372,0.33472979068756104,0.7810361385345459,0.15916608273983002
YPL075W,YJR161C,0,3.6681561,0.3345896005630493,0.7810361385345459,0.15926630795001984
YNL072W,YDL166C,0,3.668006,0.33444955945014954,0.7810361385345459,0.15936654806137085
YDR141C,YML063W,0,3.6667347,0.3343096375465393,0.7810361385345459,0.15946677327156067
YHL019C,YEL003W,0,3.6662846,0.33416980504989624,0.7810361385345459,0.1595669984817505
YJL020C,YLR172C,0,3.6660867,0.3340300917625427,0.7810361385345459,0.1596672385931015
YBL003C,YKL221W,0,3.6658604,0.33389052748680115,0.7810361385345459,0.15976746380329132
YLR274W,YBR081C,1,3.6654868,0.33416876196861267,0.7820137143135071,0.15976746380329132
YML093W,YKR059W,0,3.6646664,0.3340292274951935,0.7820137143135071,0.15986768901348114
YGR178C,YML098W,0,3.6640277,0.33388981223106384,0.7820137143135071,0.15996792912483215
YJL010C,YDL168W,0,3.6618967,0.33375051617622375,0.7820137143135071,0.16006815433502197
YDR288W,YMR275C,0,3.661687,0.3336113393306732,0.7820137143135071,0.16016839444637299
YPR086W,YOR210W,0,3.661141,0.33347228169441223,0.7820137143135071,0.1602686196565628
YGL115W,YDR130C,0,3.659233,0.3333333432674408,0.7820137143135071,0.16036884486675262
YDL108W,YLR144C,0,3.6588564,0.3331944942474365,0.7820137143135071,0.16046908497810364
YAR050W,YNL083W,0,3.6583958,0.3330557942390442,0.7820137143135071,0.16056931018829346
YLR246W,YPL241C,0,3.6582446,0.332917183637619,0.7820137143135071,0.16066953539848328
YKR087C,YDL164C,0,3.655198,0.3327786922454834,0.7820137143135071,0.1607697755098343
YNL224C,YOR383C,0,3.6527743,0.33264032006263733,0.7820137143135071,0.1608700007200241
YPR019W,YKL046C,0,3.6525617,0.3325020670890808,0.7820137143135071,0.16097022593021393
YIL131C,YIL063C,0,3.6524005,0.33236393332481384,0.7820137143135071,0.16107046604156494
YPR018W,YBL088C,1,3.6521173,0.3326411843299866,0.7829912304878235,0.16107046604156494
YBR136W,YMR286W,0,3.6517441,0.3325031101703644,0.7829912304878235,0.16117069125175476
YDR050C,YOR056C,0,3.6496654,0.33236515522003174,0.7829912304878235,0.16127091646194458
YNL330C,YMR260C,0,3.6496143,0.33222728967666626,0.7829912304878235,0.1613711565732956
YDR288W,YBR164C,0,3.6488557,0.33208954334259033,0.7829912304878235,0.1614713817834854
YML106W,YOL061W,0,3.6485977,0.33195191621780396,0.7829912304878235,0.16157162189483643
YPL139C,YDL106C,1,3.6472425,0.3322286605834961,0.7839687466621399,0.16157162189483643
YOR249C,YHR197W,0,3.6465597,0.3320910930633545,0.7839687466621399,0.16167184710502625
YBL042C,YPL047W,0,3.6462593,0.33195364475250244,0.7839687466621399,0.16177207231521606
YJL197W,YAL020C,0,3.6445825,0.33181631565093994,0.7839687466621399,0.16187231242656708
YKL059C,YPL076W,0,3.6439023,0.3316790759563446,0.7839687466621399,0.1619725376367569
YMR165C,YJL072C,0,3.6429024,0.3315419554710388,0.7839687466621399,0.16207276284694672
YER174C,YBR258C,0,3.6386926,0.3314049541950226,0.7839687466621399,0.16217300295829773
YOR007C,YBR003W,0,3.6382866,0.3312680721282959,0.7839687466621399,0.16227322816848755
YKR079C,YNL145W,0,3.637792,0.33113130927085876,0.7839687466621399,0.16237345337867737
YER012W,YPL148C,0,3.6375818,0.3309946358203888,0.7839687466621399,0.16247369349002838
YMR201C,YDL098C,0,3.6366165,0.3308580815792084,0.7839687466621399,0.1625739187002182
YPL089C,YNL291C,0,3.6356478,0.3307216465473175,0.7839687466621399,0.16267414391040802
YLR357W,YGL178W,0,3.6352646,0.3305853307247162,0.7839687466621399,0.16277438402175903
YIL144W,YBR179C,0,3.6350431,0.33044910430908203,0.7839687466621399,0.16287460923194885
YDL091C,YDR002W,0,3.634025,0.3303130269050598,0.7839687466621399,0.16297484934329987
YGL124C,YOR076C,0,3.6319537,0.33017703890800476,0.7839687466621399,0.16307507455348969
YMR135C,YLR221C,0,3.631058,0.33004114031791687,0.7839687466621399,0.1631752997636795
YDR051C,YBR273C,0,3.6307187,0.3299053907394409,0.7839687466621399,0.16327553987503052
YKR024C,YPL262W,0,3.6298308,0.32976973056793213,0.7839687466621399,0.16337576508522034
YFR008W,YFL037W,0,3.6295402,0.3296341896057129,0.7839687466621399,0.16347599029541016
YDR051C,YML019W,0,3.628855,0.3294987678527832,0.7839687466621399,0.16357623040676117
YOL072W,YLR079W,0,3.624753,0.3293634355068207,0.7839687466621399,0.163676455616951
YBR211C,YER146W,0,3.624415,0.3292282521724701,0.7839687466621399,0.1637766808271408
YER169W,YMR164C,0,3.6229546,0.32909315824508667,0.7839687466621399,0.16387692093849182
YLR141W,YEL056W,1,3.6228197,0.32936832308769226,0.7849462628364563,0.16387692093849182
YKL198C,YFR038W,0,3.6226287,0.3292332887649536,0.7849462628364563,0.16397714614868164
YBL097W,YLR451W,0,3.6222231,0.3290983736515045,0.7849462628364563,0.16407737135887146
YFL055W,YBR102C,0,3.622068,0.3289635479450226,0.7849462628364563,0.16417761147022247
YBL056W,YMR183C,0,3.6217508,0.3288288414478302,0.7849462628364563,0.1642778366804123
YNR052C,YMR271C,0,3.62148,0.328694224357605,0.7849462628364563,0.1643780767917633
YIL037C,YJR150C,0,3.6213999,0.3285597264766693,0.7849462628364563,0.16447830200195312
YLR246W,YOR269W,0,3.6212835,0.3284253478050232,0.7849462628364563,0.16457852721214294
YER007C-A,YDL159W,0,3.6212378,0.3282910883426666,0.7849462628364563,0.16467876732349396
YGR154C,YMR205C,0,3.6203578,0.3281569182872772,0.7849462628364563,0.16477899253368378
YIL096C,YDR338C,0,3.6200564,0.32802286744117737,0.7849462628364563,0.1648792177438736
YIL098C,YDL212W,0,3.619616,0.32788893580436707,0.7849462628364563,0.1649794578552246
YMR125W,YBL014C,0,3.618493,0.3277550935745239,0.7849462628364563,0.16507968306541443
YIL063C,YDL101C,0,3.6182773,0.32762137055397034,0.7849462628364563,0.16517990827560425
YIL063C,YBR038W,0,3.6156054,0.3274877667427063,0.7849462628364563,0.16528014838695526
YKL058W,YJL018W,0,3.6151037,0.3273542523384094,0.7849462628364563,0.16538037359714508
YBR039W,YDR175C,0,3.6139982,0.3272208571434021,0.7849462628364563,0.1654805988073349
YAR015W,YJL108C,0,3.613366,0.3270875811576843,0.7849462628364563,0.1655808389186859
YHR183W,YAL014C,0,3.6130958,0.3269543945789337,0.7849462628364563,0.16568106412887573
YKL143W,YFR040W,0,3.610164,0.32682132720947266,0.7849462628364563,0.16578130424022675
YMR080C,YCR009C,0,3.6089058,0.32668837904930115,0.7849462628364563,0.16588152945041656
YJR077C,YBR024W,0,3.6078653,0.3265555202960968,0.7849462628364563,0.16598175466060638
YGR208W,YOL120C,0,3.6073873,0.3264227509498596,0.7849462628364563,0.1660819947719574
YML077W,YPL128C,0,3.6063528,0.3262901306152344,0.7849462628364563,0.16618221998214722
YJR052W,YKL127W,0,3.604788,0.3261575996875763,0.7849462628364563,0.16628244519233704
YJL197W,YKL152C,0,3.6047287,0.3260251581668854,0.7849462628364563,0.16638268530368805
YJL145W,YDR376W,0,3.6043422,0.3258928656578064,0.7849462628364563,0.16648291051387787
YDR393W,YDR005C,0,3.6042173,0.3257606625556946,0.7849462628364563,0.1665831357240677
YJL076W,YNL135C,1,3.604072,0.3260340690612793,0.7859237790107727,0.1665831357240677
YMR277W,YJR118C,0,3.6014776,0.32590189576148987,0.7859237790107727,0.1666833758354187
YJR136C,YHR119W,1,3.6000679,0.3261750340461731,0.7869012951850891,0.1666833758354187
YOR140W,YMR058W,0,3.5999272,0.32604292035102844,0.7869012951850891,0.16678360104560852
YPL227C,YIL148W,0,3.5996194,0.32591092586517334,0.7869012951850891,0.16688382625579834
YFR031C-A,YGL017W,0,3.5980635,0.3257790505886078,0.7869012951850891,0.16698406636714935
YDR289C,YNL257C,0,3.5975597,0.325647234916687,0.7869012951850891,0.16708429157733917
YOR014W,YCL019W,0,3.5975103,0.3255155682563782,0.7869012951850891,0.16718453168869019
YAL025C,YKL212W,0,3.59457,0.3253839910030365,0.7869012951850891,0.16728475689888
YGR090W,YGL251C,0,3.5939128,0.3252525329589844,0.7869012951850891,0.16738498210906982
YCL011C,YER139C,0,3.5910635,0.3251211643218994,0.7869012951850891,0.16748522222042084
YPL046C,YLR381W,0,3.5895598,0.324989914894104,0.7869012951850891,0.16758544743061066
YKL043W,YOR330C,0,3.5871623,0.32485875487327576,0.7869012951850891,0.16768567264080048
YER074W-A,YDR028C,0,3.5866404,0.32472771406173706,0.7869012951850891,0.1677859127521515
YDR174W,YDR071C,1,3.5863829,0.32499998807907104,0.7878788113594055,0.1677859127521515
YFL029C,YDR200C,0,3.5851955,0.3248690068721771,0.7878788113594055,0.1678861379623413
YGL028C,YLR015W,0,3.583143,0.32473811507225037,0.7878788113594055,0.16798636317253113
YNL189W,YKR046C,0,3.5811634,0.32460734248161316,0.7878788113594055,0.16808660328388214
YPL171C,YLR438C-A,0,3.5801935,0.3244766592979431,0.7878788113594055,0.16818682849407196
YKR101W,YDR145W,1,3.5751886,0.3247484862804413,0.7888563275337219,0.16818682849407196
YDR392W,YJL019W,1,3.5741215,0.32502010464668274,0.7898338437080383,0.16818682849407196
YNL088W,YOR229W,1,3.5738885,0.3252915143966675,0.7908113598823547,0.16818682849407196
YOR319W,YFL034C-B,0,3.5704894,0.32516077160835266,0.7908113598823547,0.16828705370426178
YBR098W,YER088C,0,3.5695102,0.325030118227005,0.7908113598823547,0.1683872938156128
YDR315C,YPL143W,0,3.5681767,0.3248995840549469,0.7908113598823547,0.1684875190258026
YER183C,YNL116W,0,3.5657554,0.32476916909217834,0.7908113598823547,0.16858775913715363
YPR199C,YBR297W,0,3.5639243,0.32463884353637695,0.7908113598823547,0.16868798434734344
YNL025C,YIL127C,0,3.5638099,0.3245086371898651,0.7908113598823547,0.16878820955753326
YNL180C,YBL035C,0,3.5631971,0.32437852025032043,0.7908113598823547,0.16888844966888428
YFR036W,YJL105W,1,3.562072,0.32464930415153503,0.7917888760566711,0.16888844966888428
YIL147C,YFR010W,0,3.5615854,0.32451921701431274,0.7917888760566711,0.1689886748790741
YGL137W,YGL018C,0,3.5576122,0.3243892788887024,0.7917888760566711,0.16908890008926392
YGL008C,YIL107C,0,3.555774,0.3242594003677368,0.7917888760566711,0.16918914020061493
YMR021C,YOR358W,0,3.5547495,0.3241296410560608,0.7917888760566711,0.16928936541080475
YBR288C,YGR129W,0,3.554102,0.3240000009536743,0.7917888760566711,0.16938959062099457
YBR088C,YEL011W,0,3.551314,0.323870450258255,0.7917888760566711,0.16948983073234558
YCR089W,YPL235W,0,3.5501218,0.32374101877212524,0.7917888760566711,0.1695900559425354
YML121W,YPL016W,1,3.5493462,0.3240111768245697,0.7927663922309875,0.1695900559425354
YJL127C,YMR176W,1,3.5448747,0.32428115606307983,0.793743908405304,0.1695900559425354
YLR141W,YPL001W,1,3.544503,0.32455089688301086,0.7947214245796204,0.1695900559425354
YJL125C,YLR442C,0,3.542315,0.32442137598991394,0.7947214245796204,0.16969028115272522
YJL127C,YPL234C,0,3.5418243,0.32429197430610657,0.7947214245796204,0.16979052126407623
YNL330C,YDR407C,0,3.5416355,0.32416269183158875,0.7947214245796204,0.16989074647426605
YDR007W,YDR235W,0,3.541225,0.3240334689617157,0.7947214245796204,0.16999098658561707
YKL033W,YJR060W,1,3.5401807,0.3243027925491333,0.7956989407539368,0.16999098658561707
YBR175W,YKL057C,1,3.5397193,0.3245718777179718,0.7966764569282532,0.16999098658561707
YKR095W-A,YJL014W,0,3.535612,0.32444268465042114,0.7966764569282532,0.17009121179580688
YFL002C,YOR293W,0,3.5350041,0.32431358098983765,0.7966764569282532,0.1701914370059967
YOR375C,YFL026W,0,3.5341349,0.3241845667362213,0.7966764569282532,0.17029167711734772
YGR075C,YDR016C,0,3.5330153,0.32405567169189453,0.7966764569282532,0.17039190232753754
YPL008W,YDR013W,0,3.5328326,0.3239268660545349,0.7966764569282532,0.17049212753772736
YMR318C,YKL028W,0,3.5317955,0.32379817962646484,0.7966764569282532,0.17059236764907837
YPL008W,YMR302C,0,3.530546,0.32366958260536194,0.7966764569282532,0.1706925928592682
YLL021W,YKL178C,0,3.5304832,0.3235410749912262,0.7966764569282532,0.170792818069458
YGR275W,YGL066W,1,3.5300436,0.32380953431129456,0.7976539731025696,0.170792818069458
YLR022C,YLR106C,0,3.5281773,0.3236810863018036,0.7976539731025696,0.17089305818080902
YPL235W,YGR231C,0,3.52815,0.3235527276992798,0.7976539731025696,0.17099328339099884
YNL149C,YOR233W,0,3.5279784,0.32342448830604553,0.7976539731025696,0.17109350860118866
YLR070C,YDR299W,0,3.5277975,0.32329636812210083,0.7976539731025696,0.17119374871253967
YPR101W,YHR138C,0,3.5271816,0.3231683075428009,0.7976539731025696,0.1712939739227295
YLR214W,YGL189C,0,3.5252461,0.3230403661727905,0.7976539731025696,0.1713942140340805
YHR072W-A,YIR023W,0,3.5251782,0.3229125440120697,0.7976539731025696,0.17149443924427032
YMR288W,YGR109C,0,3.5247903,0.32278481125831604,0.7976539731025696,0.17159466445446014
YNL007C,YIL138C,0,3.524076,0.32265716791152954,0.7976539731025696,0.17169490456581116
YFR003C,YJL012C,0,3.523948,0.3225296437740326,0.7976539731025696,0.17179512977600098
YGR184C,YLR376C,0,3.523316,0.3224022090435028,0.7976539731025696,0.1718953549861908
YDL243C,YLR370C,0,3.522962,0.3222748935222626,0.7976539731025696,0.1719955950975418
YDR099W,YGR275W,0,3.5181565,0.3221476376056671,0.7976539731025696,0.17209582030773163
YER035W,YMR236W,0,3.5166008,0.3220205307006836,0.7976539731025696,0.17219604551792145
YBR106W,YJR110W,0,3.5161152,0.32189348340034485,0.7976539731025696,0.17229628562927246
YGL100W,YKL028W,0,3.515623,0.32176655530929565,0.7976539731025696,0.17239651083946228
YDR265W,YDR388W,0,3.5155246,0.321639746427536,0.7976539731025696,0.1724967360496521
YKL108W,YOR079C,0,3.512471,0.32151299715042114,0.7976539731025696,0.1725969761610031
YBL045C,YLL022C,0,3.5115316,0.3213863670825958,0.7976539731025696,0.17269720137119293
YPL012W,YBR160W,0,3.5111203,0.32125985622406006,0.7976539731025696,0.17279744148254395
YGL133W,YDR299W,0,3.5108802,0.32113340497016907,0.7976539731025696,0.17289766669273376
YGR202C,YBL097W,0,3.5094628,0.3210070729255676,0.7976539731025696,0.17299789190292358
YIL131C,YKR010C,1,3.50498,0.321274071931839,0.798631489276886,0.17299789190292358
YPR192W,YML069W,0,3.5047386,0.3211477994918823,0.798631489276886,0.1730981320142746
YKL129C,YOR004W,0,3.50463,0.3210216164588928,0.798631489276886,0.17319835722446442
YMR044W,YOR101W,0,3.5044768,0.3208955228328705,0.798631489276886,0.17329858243465424
YDL058W,YGL130W,0,3.5035858,0.3207695186138153,0.798631489276886,0.17339882254600525
YDR166C,YDL205C,0,3.5034795,0.3206436336040497,0.798631489276886,0.17349904775619507
YML029W,YBL027W,0,3.503274,0.3205178380012512,0.798631489276886,0.1735992729663849
YOL146W,YPL047W,0,3.5026808,0.3203921616077423,0.798631489276886,0.1736995130777359
YLR060W,YMR171C,0,3.4995575,0.32026657462120056,0.798631489276886,0.17379973828792572
YMR071C,YDR325W,0,3.4985437,0.320141077041626,0.798631489276886,0.17389996349811554
YDR190C,YJR001W,0,3.4975095,0.32001566886901855,0.798631489276886,0.17400020360946655
YPL248C,YNR037C,0,3.4962535,0.3198903799057007,0.798631489276886,0.17410042881965637
YER124C,YNL306W,0,3.4957278,0.31976518034935,0.798631489276886,0.17420066893100739
YNL062C,YAL047C,0,3.4950197,0.31964007019996643,0.798631489276886,0.1743008941411972
YJR117W,YKR053C,0,3.494422,0.31951504945755005,0.798631489276886,0.17440111935138702
YMR055C,YDR430C,0,3.4930725,0.3193901479244232,0.798631489276886,0.17450135946273804
YDR365C,YOR096W,0,3.4930062,0.31926533579826355,0.798631489276886,0.17460158467292786
YER063W,YML025C,0,3.492683,0.31914061307907104,0.798631489276886,0.17470180988311768
YIL018W,YMR207C,0,3.4897423,0.3190160095691681,0.798631489276886,0.1748020499944687
YNL118C,YPL160W,0,3.4860365,0.3188914954662323,0.798631489276886,0.1749022752046585
YHL025W,YGR189C,0,3.4856567,0.31876707077026367,0.798631489276886,0.17500250041484833
YJL183W,YFL024C,0,3.4854279,0.3186427354812622,0.798631489276886,0.17510274052619934
YDR517W,YML065W,0,3.484127,0.3185185194015503,0.798631489276886,0.17520296573638916
YMR280C,YLR127C,0,3.4831161,0.31839439272880554,0.798631489276886,0.17530319094657898
YIR033W,YMR072W,0,3.4828236,0.31827035546302795,0.798631489276886,0.17540343105793
YGR284C,YPL221W,0,3.4827883,0.31814640760421753,0.798631489276886,0.1755036562681198
YDR060W,YBR299W,0,3.4824467,0.31802257895469666,0.798631489276886,0.17560389637947083
YHL019C,YOR067C,0,3.4818728,0.31789883971214294,0.798631489276886,0.17570412158966064
YPR105C,YOR358W,0,3.480862,0.3177751898765564,0.798631489276886,0.17580434679985046
YDL156W,YNL054W,0,3.48033,0.317651629447937,0.798631489276886,0.17590458691120148
YAL055W,YGR074W,0,3.4802573,0.3175281882286072,0.798631489276886,0.1760048121213913
YPL115C,YBR119W,0,3.4781907,0.3174048066139221,0.798631489276886,0.17610503733158112
YBR217W,YOL125W,0,3.4770284,0.3172815442085266,0.798631489276886,0.17620527744293213
YDR206W,YGR013W,0,3.4769611,0.31715837121009827,0.798631489276886,0.17630550265312195
YFL049W,YPL139C,1,3.47372,0.31742337346076965,0.7996090054512024,0.17630550265312195
YDR191W,YGL229C,0,3.4730773,0.3173002302646637,0.7996090054512024,0.17640572786331177
YMR070W,YOR086C,0,3.4704022,0.3171772062778473,0.7996090054512024,0.17650596797466278
YKL113C,YGR123C,0,3.4701855,0.31705427169799805,0.7996090054512024,0.1766061931848526
YPR075C,YDR002W,0,3.469422,0.31693142652511597,0.7996090054512024,0.17670641839504242
YOR270C,YPR178W,0,3.4692645,0.31680867075920105,0.7996090054512024,0.17680665850639343
YPR103W,YFL034C-B,0,3.4679818,0.3166860342025757,0.7996090054512024,0.17690688371658325
YFR034C,YBR229C,0,3.4676871,0.3165634572505951,0.7996090054512024,0.17700710892677307
YBR289W,YPL246C,0,3.4669144,0.31644099950790405,0.7996090054512024,0.17710734903812408
YKR080W,YER126C,0,3.4666662,0.3163186311721802,0.7996090054512024,0.1772075742483139
YPR068C,YJL076W,1,3.4630852,0.31658291816711426,0.8005865216255188,0.1772075742483139
YDR358W,YLR106C,0,3.4627564,0.31646057963371277,0.8005865216255188,0.17730781435966492
YER065C,YCR020W-B,0,3.4620154,0.31633836030960083,0.8005865216255188,0.17740803956985474
YLR321C,YJR119C,1,3.4618874,0.31660231947898865,0.8015640377998352,0.17740803956985474
YPR094W,YER082C,0,3.460533,0.3164801299571991,0.8015640377998352,0.17750826478004456
YHR133C,YDR300C,0,3.4604583,0.3163580298423767,0.8015640377998352,0.17760850489139557
YPL235W,YJL100W,0,3.4600966,0.3162360191345215,0.8015640377998352,0.1777087301015854
YGL254W,YIL038C,0,3.459824,0.3161140978336334,0.8015640377998352,0.1778089553117752
YML095C,YNL183C,0,3.4561062,0.3159922957420349,0.8015640377998352,0.17790919542312622
YML102W,YER007W,0,3.4547172,0.31587058305740356,0.8015640377998352,0.17800942063331604
YER089C,YDR299W,0,3.4546347,0.315748929977417,0.8015640377998352,0.17810964584350586
YJL204C,YLR363C,0,3.4536915,0.31562739610671997,0.8015640377998352,0.17820988595485687
YDR409W,YBR030W,0,3.4533856,0.3155059516429901,0.8015640377998352,0.1783101111650467
YJR134C,YGR037C,0,3.4500895,0.3153846263885498,0.8015640377998352,0.1784103363752365
YMR311C,YAL002W,0,3.4487453,0.3152633607387543,0.8015640377998352,0.17851057648658752
YML074C,YLR449W,1,3.4468322,0.3155265152454376,0.8025415539741516,0.17851057648658752
YPR112C,YJR095W,0,3.4462104,0.31540530920028687,0.8025415539741516,0.17861080169677734
YML101C,YPR009W,0,3.4459944,0.31528419256210327,0.8025415539741516,0.17871104180812836
YBR004C,YGR078C,0,3.4448113,0.31516313552856445,0.8025415539741516,0.17881126701831818
YKL008C,YHL006C,0,3.4432654,0.3150421977043152,0.8025415539741516,0.178911492228508
YLR286C,YIL173W,0,3.4430156,0.31492137908935547,0.8025415539741516,0.179011732339859
YML121W,YMR176W,1,3.442206,0.3151840567588806,0.803519070148468,0.179011732339859
YGL181W,YGL070C,0,3.4405568,0.3150632381439209,0.803519070148468,0.17911195755004883
YNL128W,YDR382W,0,3.4401364,0.31494253873825073,0.803519070148468,0.17921218276023865
YMR314W,YMR167W,0,3.4399447,0.31482189893722534,0.803519070148468,0.17931242287158966
YOR245C,YAL019W,0,3.4387581,0.3147013783454895,0.803519070148468,0.17941264808177948
YBR279W,YLL018C,0,3.436604,0.3145809471607208,0.803519070148468,0.1795128732919693
YGR208W,YCL035C,0,3.4346528,0.3144606053829193,0.803519070148468,0.1796131134033203
YBR248C,YDR532C,0,3.433622,0.31434035301208496,0.803519070148468,0.17971333861351013
YKL108W,YDL020C,0,3.4318151,0.3142201900482178,0.803519070148468,0.17981356382369995
YKL149C,YKL183W,0,3.4311428,0.31410011649131775,0.803519070148468,0.17991380393505096
YDL046W,YNL291C,0,3.4311392,0.3139801323413849,0.803519070148468,0.18001402914524078
YMR190C,YNL242W,0,3.4305577,0.3138602375984192,0.803519070148468,0.1801142692565918
YCR035C,YHR001W,0,3.430317,0.31374046206474304,0.803519070148468,0.18021449446678162
YHR197W,YPR128C,0,3.4303021,0.31362074613571167,0.803519070148468,0.18031471967697144
YPL116W,YMR284W,1,3.430129,0.3138825297355652,0.8044965863227844,0.18031471967697144
YKL112W,YGR241C,0,3.42879,0.3137628734111786,0.8044965863227844,0.18041495978832245
YIL033C,YGL058W,0,3.427094,0.31364330649375916,0.8044965863227844,0.18051518499851227
YGR056W,YLR052W,1,3.4255085,0.3139047622680664,0.8054741024971008,0.18051518499851227
YOR058C,YBL024W,0,3.4228754,0.31378522515296936,0.8054741024971008,0.1806154102087021
YGR041W,YOL133W,0,3.4216285,0.3136657774448395,0.8054741024971008,0.1807156503200531
YDR046C,YDL046W,0,3.4214702,0.31354641914367676,0.8054741024971008,0.18081587553024292
YLL036C,YJL010C,0,3.4205475,0.3134271502494812,0.8054741024971008,0.18091610074043274
YOL005C,YBL018C,0,3.4179564,0.3133079707622528,0.8054741024971008,0.18101634085178375
YFR027W,YPL129W,1,3.4174483,0.31356897950172424,0.8064516186714172,0.18101634085178375
YGR090W,YPR148C,0,3.4167008,0.3134498596191406,0.8064516186714172,0.18111656606197357
YOL067C,YLR200W,0,3.4162636,0.3133307993412018,0.8064516186714172,0.1812167912721634
YHL013C,YBR005W,0,3.4141319,0.3132118582725525,0.8064516186714172,0.1813170313835144
YKR065C,YOR195W,0,3.4106212,0.313092976808548,0.8064516186714172,0.18141725659370422
YLR085C,YKR082W,1,3.4104204,0.313353568315506,0.8074291348457336,0.18141725659370422
YOR014W,YGL022W,0,3.4090886,0.31323474645614624,0.8074291348457336,0.18151749670505524
YBL021C,YPR180W,0,3.408778,0.3131159842014313,0.8074291348457336,0.18161772191524506
YLR266C,YBR146W,0,3.4087386,0.31299734115600586,0.8074291348457336,0.18171794712543488
YDR485C,YBR090C-A,1,3.4081938,0.3132575750350952,0.80840665102005,0.18171794712543488
YFR046C,YDR047W,0,3.4081573,0.3131389617919922,0.80840665102005,0.1818181872367859
YER082C,YLR078C,0,3.404286,0.3130204379558563,0.80840665102005,0.1819184124469757
YCR058C,YOL147C,0,3.402566,0.3129020035266876,0.80840665102005,0.18201863765716553
YDL079C,YMR009W,0,3.4025602,0.3127836585044861,0.80840665102005,0.18211887776851654
YLR071C,YOR128C,0,3.4016516,0.3126654028892517,0.80840665102005,0.18221910297870636
YKL059C,YGL243W,0,3.4013808,0.3125472366809845,0.80840665102005,0.18231932818889618
YNL245C,YBR213W,0,3.4005923,0.31242915987968445,0.80840665102005,0.1824195683002472
YML022W,YHR016C,0,3.3996806,0.31231117248535156,0.80840665102005,0.182519793510437
YDL201W,YOR027W,0,3.399405,0.31219327449798584,0.80840665102005,0.18262001872062683
YNL015W,YDL076C,0,3.3990836,0.3120754659175873,0.80840665102005,0.18272025883197784
YDR167W,YNL261W,1,3.3981037,0.31233495473861694,0.8093841671943665,0.18272025883197784
YMR037C,YLR083C,0,3.3980963,0.31221720576286316,0.8093841671943665,0.18282048404216766
YGL086W,YPL211W,0,3.3973274,0.31209951639175415,0.8093841671943665,0.18292072415351868
YDR182W,YOL109W,0,3.3965778,0.3119819164276123,0.8093841671943665,0.1830209493637085
YML041C,YPR085C,1,3.3955426,0.3122410476207733,0.8103616833686829,0.1830209493637085
YIL130W,YOL156W,0,3.3951135,0.31212350726127625,0.8103616833686829,0.18312117457389832
YDR359C,YKR048C,1,3.3948808,0.31238240003585815,0.8113391995429993,0.18312117457389832
YMR198W,YJL097W,0,3.3935094,0.3122648596763611,0.8113391995429993,0.18322141468524933
YER114C,YOR045W,0,3.3921738,0.31214743852615356,0.8113391995429993,0.18332163989543915
YIL126W,YPL242C,0,3.3919725,0.3120300769805908,0.8113391995429993,0.18342186510562897
YNL029C,YOR007C,0,3.3910003,0.31191280484199524,0.8113391995429993,0.18352210521697998
YLR384C,YML055W,0,3.3898864,0.3117956519126892,0.8113391995429993,0.1836223304271698
YBR018C,YGL213C,0,3.389872,0.31167855858802795,0.8113391995429993,0.18372255563735962
YBL046W,YJR089W,0,3.388709,0.31156155467033386,0.8113391995429993,0.18382279574871063
YBR152W,YDR198C,0,3.3876,0.31144464015960693,0.8113391995429993,0.18392302095890045
YPR164W,YDR279W,0,3.3859897,0.31132784485816956,0.8113391995429993,0.18402324616909027
YOR030W,YOR229W,0,3.383925,0.31121110916137695,0.8113391995429993,0.18412348628044128
YNL051W,YNR032C-A,0,3.3835628,0.3110944628715515,0.8113391995429993,0.1842237114906311
YLR144C,YKL092C,0,3.381919,0.31097790598869324,0.8113391995429993,0.18432395160198212
YCR086W,YDR329C,0,3.3806229,0.31086140871047974,0.8113391995429993,0.18442417681217194
YGL128C,YOR288C,0,3.379853,0.3107450306415558,0.8113391995429993,0.18452440202236176
YDR479C,YNL186W,0,3.3789146,0.310628741979599,0.8113391995429993,0.18462464213371277
YGL086W,YHR052W,0,3.378654,0.3105125427246094,0.8113391995429993,0.1847248673439026
YJR022W,YER003C,0,3.3786044,0.3103964030742645,0.8113391995429993,0.1848250925540924
YOL034W,YER178W,0,3.3785825,0.31028038263320923,0.8113391995429993,0.18492533266544342
YLR022C,YHR096C,0,3.3770595,0.3101644217967987,0.8113391995429993,0.18502555787563324
YMR273C,YMR219W,1,3.3742304,0.3104221224784851,0.8123167157173157,0.18502555787563324
YAL019W,YLR449W,1,3.3733125,0.3106796145439148,0.8132942318916321,0.18502555787563324
YOL059W,YFL024C,0,3.3732057,0.3105636537075043,0.8132942318916321,0.18512578308582306
YOR172W,YGL243W,0,3.3721678,0.3104477524757385,0.8132942318916321,0.18522602319717407
YPL248C,YGR124W,0,3.3711283,0.31033197045326233,0.8132942318916321,0.1853262484073639
YGL134W,YPL055C,0,3.3702269,0.3102162480354309,0.8132942318916321,0.1854264736175537
YBL005W-A,YAL044C,0,3.3697224,0.31010064482688904,0.8132942318916321,0.18552671372890472
YFR046C,YHL002W,0,3.3670423,0.30998510122299194,0.8132942318916321,0.18562693893909454
YNR038W,YGR104C,0,3.366397,0.309869647026062,0.8132942318916321,0.18572717905044556
YOR083W,YPR103W,0,3.3662388,0.30975428223609924,0.8132942318916321,0.18582740426063538
YPL097W,YIL009C-A,0,3.365954,0.30963900685310364,0.8132942318916321,0.1859276294708252
YOL148C,YDR407C,0,3.3657603,0.3095238208770752,0.8132942318916321,0.1860278695821762
YJL158C,YGR060W,0,3.3650157,0.30940869450569153,0.8132942318916321,0.18612809479236603
YMR056C,YPL001W,0,3.3646822,0.3092936873435974,0.8132942318916321,0.18622832000255585
YPL132W,YDR247W,0,3.364466,0.30917873978614807,0.8132942318916321,0.18632856011390686
YJL041W,YGL224C,0,3.3644457,0.3090638816356659,0.8132942318916321,0.18642878532409668
YML011C,YPL209C,0,3.359292,0.3089491128921509,0.8132942318916321,0.1865290105342865
YPL139C,YMR080C,1,3.3582668,0.30920565128326416,0.8142717480659485,0.1865290105342865
YPR019W,YPL055C,0,3.357938,0.30909091234207153,0.8142717480659485,0.1866292506456375
YDL154W,YBR267W,0,3.3576155,0.30897626280784607,0.8142717480659485,0.18672947585582733
YER120W,YPL032C,0,3.3565722,0.30886170268058777,0.8142717480659485,0.18682970106601715
YNL152W,YMR242C,0,3.356308,0.30874723196029663,0.8142717480659485,0.18692994117736816
YPR065W,YKR046C,0,3.3552275,0.30863282084465027,0.8142717480659485,0.18703016638755798
YDR191W,YJR025C,0,3.354898,0.30851852893829346,0.8142717480659485,0.187130406498909
YGL207W,YHR165C,0,3.3539424,0.3084042966365814,0.8142717480659485,0.18723063170909882
YPL138C,YMR040W,0,3.352526,0.30829015374183655,0.8142717480659485,0.18733085691928864
YML092C,YJR108W,0,3.3500118,0.30817610025405884,0.8142717480659485,0.18743109703063965
YMR128W,YBL074C,0,3.349867,0.3080621361732483,0.8142717480659485,0.18753132224082947
YGL035C,YDR150W,0,3.348578,0.3079482316970825,0.8142717480659485,0.1876315474510193
YCL039W,YMR163C,0,3.3479023,0.3078344464302063,0.8142717480659485,0.1877317875623703
YIL074C,YPL193W,0,3.3467994,0.30772072076797485,0.8142717480659485,0.18783201277256012
YBL100W-A,YGL150C,0,3.346549,0.30760708451271057,0.8142717480659485,0.18793223798274994
YPR193C,YBL003C,1,3.3461018,0.30786266922950745,0.8152492642402649,0.18793223798274994
YMR190C,YKL040C,0,3.3453252,0.30774906277656555,0.8152492642402649,0.18803247809410095
YHR072W-A,YKL150W,0,3.3442516,0.3076355457305908,0.8152492642402649,0.18813270330429077
YBR049C,YPL220W,0,3.3439436,0.30752211809158325,0.8152492642402649,0.1882329285144806
YKR089C,YDL018C,0,3.3425279,0.30740877985954285,0.8152492642402649,0.1883331686258316
YKR024C,YGR218W,0,3.34133,0.3072955012321472,0.8152492642402649,0.18843339383602142
YMR211W,YDL093W,0,3.339686,0.30718231201171875,0.8152492642402649,0.18853363394737244
YAR015W,YPL231W,0,3.3394184,0.30706921219825745,0.8152492642402649,0.18863385915756226
YPR175W,YIL084C,0,3.339408,0.3069562017917633,0.8152492642402649,0.18873408436775208
YDR047W,YHR016C,0,3.3390055,0.30684328079223633,0.8152492642402649,0.1888343244791031
YAL034C,YJR017C,1,3.3388076,0.3070982098579407,0.8162267804145813,0.1888343244791031
YBR142W,YHR191C,0,3.3385048,0.3069852888584137,0.8162267804145813,0.1889345496892929
YER124C,YBR123C,0,3.3384273,0.30687248706817627,0.8162267804145813,0.18903477489948273
YMR313C,YMR226C,0,3.3378046,0.3067597448825836,0.8162267804145813,0.18913501501083374
YJL167W,YOR288C,0,3.3375793,0.30664709210395813,0.8162267804145813,0.18923524022102356
YJL090C,YBR213W,0,3.336658,0.3065344989299774,0.8162267804145813,0.18933546543121338
YPL120W,YIR015W,0,3.3361144,0.30642202496528625,0.8162267804145813,0.1894357055425644
YEL013W,YDL166C,0,3.335803,0.30630961060523987,0.8162267804145813,0.1895359307527542
YNL227C,YDR289C,0,3.33543,0.30619728565216064,0.8162267804145813,0.18963615596294403
YPR005C,YPL101W,0,3.3344002,0.3060850501060486,0.8162267804145813,0.18973639607429504
YHR118C,YFR031C,1,3.3342257,0.3063393235206604,0.8172042965888977,0.18973639607429504
YPL161C,YDR086C,0,3.3317666,0.3062271177768707,0.8172042965888977,0.18983662128448486
YDR128W,YPL135W,0,3.3307743,0.30611497163772583,0.8172042965888977,0.18993686139583588
YDR006C,YDL020C,0,3.330566,0.3060029149055481,0.8172042965888977,0.1900370866060257
YDR399W,YOR253W,0,3.3296914,0.3058909475803375,0.8172042965888977,0.19013731181621552
YBR208C,YML014W,0,3.329627,0.3057790696620941,0.8172042965888977,0.19023755192756653
YJL048C,YAL003W,0,3.328681,0.30566728115081787,0.8172042965888977,0.19033777713775635
YML109W,YMR076C,1,3.3285449,0.3059210479259491,0.8181818127632141,0.19033777713775635
YOR110W,YKL137W,0,3.326397,0.30580928921699524,0.8181818127632141,0.19043800234794617
YLR377C,YHR023W,0,3.3260221,0.30569759011268616,0.8181818127632141,0.19053824245929718
YDR129C,YIL126W,0,3.3238916,0.30558598041534424,0.8181818127632141,0.190638467669487
YOR118W,YFL029C,0,3.3205187,0.3054744601249695,0.8181818127632141,0.19073869287967682
YDR270W,YNL129W,0,3.3199751,0.3053629994392395,0.8181818127632141,0.19083893299102783
YBR089C-A,YJL177W,0,3.319945,0.3052516281604767,0.8181818127632141,0.19093915820121765
YBR179C,YOR258W,0,3.3177125,0.30514034628868103,0.8181818127632141,0.19103938341140747
YOR058C,YFL037W,0,3.317389,0.30502915382385254,0.8181818127632141,0.19113962352275848
YGR261C,YOL049W,0,3.3171794,0.3049180209636688,0.8181818127632141,0.1912398487329483
YMR042W,YEL020W-A,0,3.315351,0.30480697751045227,0.8181818127632141,0.19134008884429932
YGL161C,YER109C,0,3.3136106,0.3046960234642029,0.8181818127632141,0.19144031405448914
YIL051C,YDR507C,0,3.313426,0.30458515882492065,0.8181818127632141,0.19154053926467896
YBL023C,YGL097W,0,3.312486,0.3044743537902832,0.8181818127632141,0.19164077937602997
YPR025C,YGR082W,0,3.3115468,0.3043636381626129,0.8181818127632141,0.1917410045862198
YPL195W,YJR094W-A,0,3.3112607,0.3042530119419098,0.8181818127632141,0.1918412297964096
YNL216W,YLR335W,1,3.3100219,0.3045058250427246,0.8191593289375305,0.1918412297964096
YHR207C,YLR089C,0,3.3086605,0.3043951988220215,0.8191593289375305,0.19194146990776062
YLR376C,YPL173W,0,3.3071208,0.3042846620082855,0.8191593289375305,0.19204169511795044
YCR033W,YLR155C,0,3.3063514,0.3041742146015167,0.8191593289375305,0.19214192032814026
YKR022C,YLR333C,0,3.3061514,0.3040638566017151,0.8191593289375305,0.19224216043949127
YDR168W,YMR094W,0,3.3052845,0.3039535582065582,0.8191593289375305,0.1923423856496811
YMR119W,YDL081C,0,3.3045683,0.3038433790206909,0.8191593289375305,0.1924426108598709
YNL076W,YPR134W,0,3.3041818,0.303733229637146,0.8191593289375305,0.19254285097122192
YLR372W,YMR017W,0,3.3039887,0.3036231994628906,0.8191593289375305,0.19264307618141174
YOR213C,YBR088C,1,3.303257,0.3038754165172577,0.8201368451118469,0.19264307618141174
YFL061W,YDR341C,0,3.3029082,0.3037653863430023,0.8201368451118469,0.19274331629276276
YER038C,YPL133C,0,3.30179,0.3036554455757141,0.8201368451118469,0.19284354150295258
YER061C,YDL064W,0,3.3012822,0.30354559421539307,0.8201368451118469,0.1929437667131424
YPR108W,YBR153W,0,3.3001077,0.3034358024597168,0.8201368451118469,0.1930440068244934
YIL073C,YPR100W,0,3.2999713,0.3033261001110077,0.8201368451118469,0.19314423203468323
YJL190C,YGL253W,0,3.2985826,0.30321648716926575,0.8201368451118469,0.19324445724487305
YPL049C,YOR115C,0,3.2974358,0.3031069338321686,0.8201368451118469,0.19334469735622406
YLR055C,YER125W,1,3.296492,0.30335861444473267,0.8211143612861633,0.19334469735622406
YLR090W,YDL141W,0,3.294489,0.3032490909099579,0.8211143612861633,0.19344492256641388
YOL012C,YDR329C,0,3.2931986,0.30313965678215027,0.8211143612861633,0.1935451477766037
YIL037C,YBR012W-A,0,3.2921474,0.3030303120613098,0.8211143612861633,0.1936453878879547
YDR019C,YHR216W,0,3.2917166,0.30292102694511414,0.8211143612861633,0.19374561309814453
YLR136C,YBR114W,0,3.291551,0.3028118312358856,0.8211143612861633,0.19384583830833435
YGL066W,YKR008W,1,3.2912395,0.3030630648136139,0.8220918774604797,0.19384583830833435
YER026C,YBR167C,0,3.2897153,0.30295389890670776,0.8220918774604797,0.19394607841968536
YGL003C,YJL123C,0,3.2890205,0.3028447926044464,0.8220918774604797,0.19404630362987518
YNL126W,YIL075C,0,3.288776,0.3027357757091522,0.8220918774604797,0.1941465437412262
YGR140W,YBR188C,0,3.288279,0.3026268482208252,0.8220918774604797,0.19424676895141602
YHR079C-B,YOR007C,0,3.2877753,0.30251798033714294,0.8220918774604797,0.19434699416160583
YDR362C,YIR023W,0,3.2875798,0.30240920186042786,0.8220918774604797,0.19444723427295685
YJR135C,YLR262C,0,3.2834206,0.30230051279067993,0.8220918774604797,0.19454745948314667
YML001W,YNL059C,0,3.2823539,0.3021918833255768,0.8220918774604797,0.1946476846933365
YPL204W,YIL120W,0,3.2821817,0.3020833432674408,0.8220918774604797,0.1947479248046875
YDR047W,YPR188C,0,3.28154,0.3019748628139496,0.8220918774604797,0.19484815001487732
YNL292W,YKL046C,0,3.2810574,0.30186647176742554,0.8220918774604797,0.19494837522506714
YJL078C,YDR280W,0,3.2808917,0.30175817012786865,0.8220918774604797,0.19504861533641815
YFL005W,YBR131W,0,3.279177,0.30164992809295654,0.8220918774604797,0.19514884054660797
YOR060C,YDR012W,0,3.2788773,0.3015417754650116,0.8220918774604797,0.1952490657567978
YHR201C,YNR030W,0,3.2784991,0.3014336824417114,0.8220918774604797,0.1953493058681488
YPL126W,YBR055C,0,3.2784352,0.3013256788253784,0.8220918774604797,0.19544953107833862
YJL020C,YPL096C-A,0,3.2776318,0.3012177646160126,0.8220918774604797,0.19554977118968964
YJR132W,YPL162C,0,3.2764583,0.3011099100112915,0.8220918774604797,0.19564999639987946
YML041C,YLR216C,0,3.2753005,0.3010021448135376,0.8220918774604797,0.19575022161006927
YLR313C,YBR251W,0,3.275196,0.30089446902275085,0.8220918774604797,0.1958504617214203
YBR046C,YKL137W,0,3.2735078,0.3007868528366089,0.8220918774604797,0.1959506869316101
YOR181W,YGL194C,0,3.2724419,0.3006792962551117,0.8220918774604797,0.19605091214179993
YDL095W,YDR524C,0,3.2713592,0.30057182908058167,0.8220918774604797,0.19615115225315094
YGR037C,YBL019W,0,3.2713425,0.3004644513130188,0.8220918774604797,0.19625137746334076
YOR267C,YER108C,0,3.269992,0.3003571331501007,0.8220918774604797,0.19635160267353058
YDL212W,YDR441C,0,3.2697954,0.3002499043941498,0.8220918774604797,0.1964518427848816
YML106W,YER174C,0,3.2695324,0.300142765045166,0.8220918774604797,0.1965520679950714
YGR295C,YMR125W,0,3.2668452,0.300035685300827,0.8220918774604797,0.19665229320526123
YKR048C,YDR536W,0,3.2638097,0.2999286651611328,0.8220918774604797,0.19675253331661224
YGR295C,YHR191C,0,3.2609687,0.29982173442840576,0.8220918774604797,0.19685275852680206
YLR347C,YIL112W,0,3.2594433,0.2997148931026459,0.8220918774604797,0.19695299863815308
YKR067W,YHL025W,0,3.258101,0.29960811138153076,0.8220918774604797,0.1970532238483429
YDR466W,YDR299W,0,3.2573836,0.2995014190673828,0.8220918774604797,0.19715344905853271
YOR151C,YBR216C,0,3.256861,0.299394816160202,0.8220918774604797,0.19725368916988373
YMR316W,YGL070C,0,3.2567568,0.29928824305534363,0.8220918774604797,0.19735391438007355
YLR131C,YDL008W,0,3.255876,0.2991817891597748,0.8220918774604797,0.19745413959026337
YOL130W,YBR171W,0,3.2554612,0.2990753948688507,0.8220918774604797,0.19755437970161438
YDR069C,YDR097C,0,3.2535777,0.2989690601825714,0.8220918774604797,0.1976546049118042
YJL115W,YIL026C,0,3.252461,0.2988628149032593,0.8220918774604797,0.19775483012199402
YDL207W,YPL202C,0,3.2523031,0.2987566590309143,0.8220918774604797,0.19785507023334503
YML069W,YPL270W,0,3.25173,0.2986505627632141,0.8220918774604797,0.19795529544353485
YDR427W,YGR203W,0,3.2489023,0.2985445559024811,0.8220918774604797,0.19805552065372467
YCL063W,YLR097C,0,3.2451658,0.2984386086463928,0.8220918774604797,0.19815576076507568
YAL043C,YPL189W,0,3.2438731,0.29833275079727173,0.8220918774604797,0.1982559859752655
YKL149C,YML102W,0,3.2433083,0.2982269525527954,0.8220918774604797,0.19835622608661652
YBL040C,YEL034W,0,3.2429023,0.29812124371528625,0.8220918774604797,0.19845645129680634
YKL160W,YBR203W,0,3.2422066,0.2980155944824219,0.8220918774604797,0.19855667650699615
YPR082C,YGR008C,0,3.2420697,0.29791003465652466,0.8220918774604797,0.19865691661834717
YJR119C,YGR116W,1,3.2408292,0.2981586456298828,0.8230693936347961,0.19865691661834717
YOL065C,YER161C,0,3.2407262,0.2980530858039856,0.8230693936347961,0.198757141828537
YDR299W,YOR077W,0,3.239014,0.29794761538505554,0.8230693936347961,0.1988573670387268
YGL201C,YDR524C,0,3.2349348,0.29784223437309265,0.8230693936347961,0.19895760715007782
YKL220C,YGL032C,0,3.2347963,0.29773691296577454,0.8230693936347961,0.19905783236026764
YPL095C,YIL106W,0,3.2334013,0.2976316809654236,0.8230693936347961,0.19915805757045746
YER100W,YDR129C,0,3.231921,0.2975265085697174,0.8230693936347961,0.19925829768180847
YER032W,YCR071C,0,3.2311397,0.297421395778656,0.8230693936347961,0.1993585228919983
YGR178C,YNL097C,0,3.2311337,0.29731637239456177,0.8230693936347961,0.1994587481021881
YLR175W,YER122C,0,3.2306945,0.2972114384174347,0.8230693936347961,0.19955898821353912
YMR216C,YMR287C,0,3.2303052,0.2971065640449524,0.8230693936347961,0.19965921342372894
YDL154W,YJR123W,0,3.2274966,0.29700174927711487,0.8230693936347961,0.19975945353507996
YDR328C,YGR029W,0,3.2271585,0.2968970239162445,0.8230693936347961,0.19985967874526978
YNL265C,YKR080W,0,3.2261333,0.2967923879623413,0.8230693936347961,0.1999599039554596
YGR278W,YDR003W,0,3.2258606,0.2966878116130829,0.8230693936347961,0.2000601440668106
YGR206W,YER157W,0,3.22536,0.29658329486846924,0.8230693936347961,0.20016036927700043
YNL123W,YKL092C,0,3.224473,0.29647886753082275,0.8230693936347961,0.20026059448719025
YJR052W,YDR298C,0,3.223868,0.29637452960014343,0.8230693936347961,0.20036083459854126
YLR381W,YKL211C,0,3.2236753,0.2962702214717865,0.8230693936347961,0.20046105980873108
YKL209C,YPR169W,0,3.2229495,0.2961660325527191,0.8230693936347961,0.2005612850189209
YKR089C,YDR511W,0,3.2228389,0.2960618734359741,0.8230693936347961,0.2006615251302719
YOR284W,YDL095W,0,3.2206972,0.2959578335285187,0.8230693936347961,0.20076175034046173
YDL145C,YER045C,0,3.2203627,0.2958538234233856,0.8230693936347961,0.20086197555065155
YDL008W,YFL049W,0,3.2201066,0.2957499027252197,0.8230693936347961,0.20096221566200256
YGR006W,YOR295W,0,3.2200713,0.295646071434021,0.8230693936347961,0.20106244087219238
YGR047C,YKL052C,0,3.219345,0.29554229974746704,0.8230693936347961,0.2011626809835434
YCL051W,YLR134W,0,3.2186852,0.29543858766555786,0.8230693936347961,0.20126290619373322
YJR050W,YPL171C,0,3.2184038,0.29533496499061584,0.8230693936347961,0.20136313140392303
YAL030W,YJR077C,0,3.2183113,0.2952314019203186,0.8230693936347961,0.20146337151527405
YOR057W,YNL053W,0,3.2169378,0.2951279282569885,0.8230693936347961,0.20156359672546387
YGL137W,YGR128C,0,3.216515,0.2950245141983032,0.8230693936347961,0.2016638219356537
YOL068C,YCR073C,0,3.2164998,0.2949211895465851,0.8230693936347961,0.2017640620470047
YPR120C,YPL040C,0,3.2164764,0.2948179244995117,0.8230693936347961,0.20186428725719452
YPL220W,YIL040W,0,3.2135277,0.2947147488594055,0.8230693936347961,0.20196451246738434
YDL197C,YLR335W,1,3.2128782,0.29496151208877563,0.8240469098091125,0.20196451246738434
YKR053C,YGL227W,0,3.2118897,0.29485833644866943,0.8240469098091125,0.20206475257873535
YDR028C,YBR095C,1,3.2094843,0.29510489106178284,0.825024425983429,0.20206475257873535
YCR065W,YLR058C,0,3.2092433,0.295001745223999,0.825024425983429,0.20216497778892517
YGR090W,YOR101W,0,3.2092347,0.29489865899086,0.825024425983429,0.202265202999115
YKR058W,YKL045W,0,3.2090814,0.2947956621646881,0.825024425983429,0.202365443110466
YLR260W,YOR330C,0,3.2076936,0.294692724943161,0.825024425983429,0.20246566832065582
YKL010C,YDR244W,0,3.2068682,0.2945898771286011,0.825024425983429,0.20256590843200684
YBR107C,YOR094W,0,3.2061224,0.2944870889186859,0.825024425983429,0.20266613364219666
YJR143C,YBR211C,0,3.2051,0.2943843603134155,0.825024425983429,0.20276635885238647
YKR001C,YNL129W,0,3.205093,0.2942817211151123,0.825024425983429,0.2028665989637375
YJL035C,YJR076C,0,3.203041,0.29417917132377625,0.825024425983429,0.2029668241739273
YFR013W,YDR359C,1,3.2027576,0.2944251000881195,0.8260019421577454,0.2029668241739273
YER133W,YHR150W,0,3.202733,0.29432255029678345,0.8260019421577454,0.20306704938411713
YDR399W,YLR319C,0,3.2022495,0.29422006011009216,0.8260019421577454,0.20316728949546814
YDR519W,YDR108W,0,3.2020078,0.29411765933036804,0.8260019421577454,0.20326751470565796
YBR060C,YIL084C,1,3.201787,0.29436326026916504,0.8269794583320618,0.20326751470565796
YPR107C,YKL091C,0,3.2017703,0.2942608594894409,0.8269794583320618,0.20336773991584778
YBR236C,YGR047C,0,3.201406,0.29415854811668396,0.8269794583320618,0.2034679800271988
YNL149C,YBR236C,0,3.2013788,0.2940562963485718,0.8269794583320618,0.2035682052373886
YGR098C,YIL019W,0,3.2013252,0.29395413398742676,0.8269794583320618,0.20366843044757843
YPR110C,YDR086C,0,3.2008054,0.2938520312309265,0.8269794583320618,0.20376867055892944
YMR043W,YBR279W,0,3.2004108,0.29374998807907104,0.8269794583320618,0.20386889576911926
YPL256C,YML121W,0,3.199613,0.29364803433418274,0.8269794583320618,0.20396913588047028
YDR188W,YFL025C,0,3.1969645,0.2935461401939392,0.8269794583320618,0.2040693610906601
YPL192C,YPR133C,0,3.193791,0.29344433546066284,0.8269794583320618,0.20416958630084991
YNR038W,YNR011C,0,3.1932406,0.29334259033203125,0.8269794583320618,0.20426982641220093
YBL046W,YDR268W,0,3.1931157,0.29324090480804443,0.8269794583320618,0.20437005162239075
YDR087C,YOR001W,0,3.1914935,0.2931392788887024,0.8269794583320618,0.20447027683258057
YPL170W,YHR124W,0,3.190536,0.2930377423763275,0.8269794583320618,0.20457051694393158
YPL004C,YNL316C,0,3.190189,0.2929362952709198,0.8269794583320618,0.2046707421541214
YBL032W,YBR279W,1,3.189023,0.29318103194236755,0.8279569745063782,0.2046707421541214
YER070W,YDL046W,0,3.188339,0.29307958483695984,0.8279569745063782,0.20477096736431122
YBR215W,YLL031C,0,3.1878211,0.2929781973361969,0.8279569745063782,0.20487120747566223
YBR279W,YMR024W,0,3.186247,0.2928768992424011,0.8279569745063782,0.20497143268585205
YOL089C,YOR256C,0,3.1824613,0.2927756607532501,0.8279569745063782,0.20507165789604187
YKL149C,YNL257C,0,3.1819997,0.2926745116710663,0.8279569745063782,0.20517189800739288
YAL032C,YML026C,0,3.1812997,0.29257339239120483,0.8279569745063782,0.2052721232175827
YNL124W,YKL114C,0,3.1809235,0.29247236251831055,0.8279569745063782,0.20537236332893372
YBR077C,YMR220W,0,3.1799428,0.2923714220523834,0.8279569745063782,0.20547258853912354
YGR090W,YPL145C,0,3.1797643,0.2922705411911011,0.8279569745063782,0.20557281374931335
YGL087C,YBR159W,0,3.1788292,0.2921697199344635,0.8279569745063782,0.20567305386066437
YLR092W,YNL148C,0,3.1779642,0.2920689582824707,0.8279569745063782,0.2057732790708542
YOR039W,YEL016C,0,3.1769443,0.29196828603744507,0.8279569745063782,0.205873504281044
YGL139W,YIL157C,0,3.1768436,0.2918676733970642,0.8279569745063782,0.20597374439239502
YDR145W,YOR338W,1,3.1738772,0.2921116054058075,0.8289344906806946,0.20597374439239502
YHR027C,YLR022C,0,3.173859,0.292011022567749,0.8289344906806946,0.20607396960258484
YPR025C,YDR308C,0,3.173728,0.2919104993343353,0.8289344906806946,0.20617419481277466
YBR234C,YBR244W,0,3.1719937,0.2918100357055664,0.8289344906806946,0.20627443492412567
YBR191W,YBR198C,0,3.1719189,0.29170966148376465,0.8289344906806946,0.2063746601343155
YMR290C,YMR004W,0,3.1717653,0.29160934686660767,0.8289344906806946,0.2064748853445053
YGL012W,YOL056W,0,3.1715577,0.29150912165641785,0.8289344906806946,0.20657512545585632
YJL207C,YJR025C,0,3.1710644,0.2914089262485504,0.8289344906806946,0.20667535066604614
YMR026C,YPL187W,0,3.1698585,0.29130882024765015,0.8289344906806946,0.20677559077739716
YJR046W,YDL020C,0,3.1697907,0.29120880365371704,0.8289344906806946,0.20687581598758698
YNR011C,YNL293W,0,3.169456,0.2911088168621063,0.8289344906806946,0.2069760411977768
YML058W,YMR167W,0,3.169327,0.29100891947746277,0.8289344906806946,0.2070762813091278
YFL008W,YLR256W,0,3.1684527,0.290909081697464,0.8289344906806946,0.20717650651931763
YML001W,YNL063W,0,3.166872,0.2908093333244324,0.8289344906806946,0.20727673172950745
YMR211W,YML121W,0,3.1668239,0.29070964455604553,0.8289344906806946,0.20737697184085846
YDR213W,YGL246C,0,3.1665633,0.29061001539230347,0.8289344906806946,0.20747719705104828
YGR186W,YDR165W,0,3.1663604,0.2905104458332062,0.8289344906806946,0.2075774222612381
YPL015C,YDL065C,0,3.1659334,0.29041096568107605,0.8289344906806946,0.2076776623725891
YML120C,YDR325W,0,3.165622,0.2903115451335907,0.8289344906806946,0.20777788758277893
YMR284W,YKR008W,1,3.1647596,0.290554404258728,0.829912006855011,0.20777788758277893
YPL255W,YDR386W,0,3.1643047,0.29045501351356506,0.829912006855011,0.20787811279296875
YER096W,YKL139W,0,3.1633973,0.2903556823730469,0.829912006855011,0.20797835290431976
YAR002W,YGL066W,1,3.1607785,0.2905983030796051,0.8308895230293274,0.20797835290431976
YNL090W,YJL042W,0,3.1584802,0.2904989719390869,0.8308895230293274,0.20807857811450958
YML077W,YOR064C,0,3.1554089,0.2903997302055359,0.8308895230293274,0.2081788182258606
YHR039C,YKL138C-A,0,3.1553974,0.29030054807662964,0.8308895230293274,0.20827904343605042
YFR013W,YOR244W,1,3.154542,0.2905428409576416,0.8318670392036438,0.20827904343605042
YPR048W,YOR030W,0,3.153431,0.29044368863105774,0.8318670392036438,0.20837926864624023
YOR347C,YDR291W,0,3.1523545,0.29034459590911865,0.8318670392036438,0.20847950875759125
YJR104C,YLR079W,0,3.1510396,0.29024556279182434,0.8318670392036438,0.20857973396778107
YDR487C,YNL039W,0,3.1508646,0.2901466190814972,0.8318670392036438,0.2086799591779709
YCR052W,YLR086W,1,3.1507056,0.2903885543346405,0.8328445553779602,0.2086799591779709
YDL049C,YHR042W,0,3.1491632,0.29028961062431335,0.8328445553779602,0.2087801992893219
YDR372C,YOR172W,0,3.14902,0.290190726518631,0.8328445553779602,0.20888042449951172
YKR022C,YJL106W,0,3.1486866,0.29009193181991577,0.8328445553779602,0.20898064970970154
YGL156W,YLR002C,0,3.1480958,0.28999319672584534,0.8328445553779602,0.20908088982105255
YPR085C,YOR274W,1,3.1459546,0.29023477435112,0.8338220715522766,0.20908088982105255
YGL144C,YAL001C,0,3.145391,0.29013606905937195,0.8338220715522766,0.20918111503124237
YBR168W,YDR377W,0,3.1445618,0.2900373935699463,0.8338220715522766,0.2092813402414322
YDR425W,YJL123C,0,3.1443522,0.2899388074874878,0.8338220715522766,0.2093815803527832
YPL132W,YMR235C,0,3.1441722,0.28984031081199646,0.8338220715522766,0.20948180556297302
YGL021W,YML007W,0,3.143497,0.2897418439388275,0.8338220715522766,0.20958204567432404
YIL066C,YPR165W,0,3.1424432,0.28964346647262573,0.8338220715522766,0.20968227088451385
YDR545W,YDR176W,0,3.1387944,0.2895451486110687,0.8338220715522766,0.20978249609470367
YDL116W,YNR023W,1,3.1376457,0.2897862195968628,0.834799587726593,0.20978249609470367
YER032W,YDR324C,0,3.1371064,0.2896879315376282,0.834799587726593,0.2098827362060547
YGR014W,YIR008C,0,3.136922,0.28958970308303833,0.834799587726593,0.2099829614162445
YNL041C,YKR029C,0,3.1360922,0.28949153423309326,0.834799587726593,0.21008318662643433
YLR274W,YKL221W,0,3.1355262,0.28939342498779297,0.834799587726593,0.21018342673778534
YBL046W,YLR424W,0,3.1350563,0.28929540514945984,0.834799587726593,0.21028365194797516
YBR244W,YBR009C,0,3.1345992,0.2891974151134491,0.834799587726593,0.21038387715816498
YBR077C,YKR001C,0,3.1340606,0.2890995144844055,0.834799587726593,0.210484117269516
YDR441C,YAL034W-A,0,3.133528,0.2890017032623291,0.834799587726593,0.2105843424797058
YOR061W,YNL272C,0,3.132864,0.2889039218425751,0.834799587726593,0.21068456768989563
YJL050W,YBR038W,0,3.1326256,0.2888062298297882,0.834799587726593,0.21078480780124664
YKL004W,YDR142C,0,3.1323805,0.2887085974216461,0.834799587726593,0.21088503301143646
YKL010C,YMR323W,0,3.1321974,0.2886110246181488,0.834799587726593,0.21098527312278748
YDL164C,YLR313C,0,3.1320782,0.28851351141929626,0.834799587726593,0.2110854983329773
YEL038W,YDL101C,0,3.131517,0.2884160876274109,0.834799587726593,0.21118572354316711
YJL036W,YEL017C-A,0,3.1311657,0.2883186936378479,0.834799587726593,0.21128596365451813
YOL059W,YNL250W,0,3.1303449,0.2882213890552521,0.834799587726593,0.21138618886470795
YFR036W,YCR020W-B,1,3.1300695,0.2884615361690521,0.8357771039009094,0.21138618886470795
YDR181C,YPL129W,1,3.129817,0.28870150446891785,0.8367546200752258,0.21138618886470795
YOL110W,YAR014C,0,3.1290386,0.28860417008399963,0.8367546200752258,0.21148641407489777
YDR315C,YHR064C,0,3.1260648,0.2885068953037262,0.8367546200752258,0.21158665418624878
YFL008W,YDR354W,0,3.1246886,0.2884097099304199,0.8367546200752258,0.2116868793964386
YLR189C,YAL035W,0,3.123952,0.28831255435943604,0.8367546200752258,0.21178710460662842
YOR025W,YHR118C,1,3.1235561,0.2885521948337555,0.8377321362495422,0.21178710460662842
YKL212W,YBR273C,0,3.1235368,0.288455069065094,0.8377321362495422,0.21188734471797943
YDR099W,YFL049W,0,3.1233318,0.28835800290107727,0.8377321362495422,0.21198756992816925
YDR382W,YMR167W,0,3.1225634,0.2882610261440277,0.8377321362495422,0.21208779513835907
YBR082C,YLR059C,0,3.120603,0.28816407918930054,0.8377321362495422,0.21218803524971008
YKL164C,YLL052C,0,3.1188445,0.2880672216415405,0.8377321362495422,0.2122882604598999
YNL088W,YDL092W,0,3.116885,0.2879704236984253,0.8377321362495422,0.21238850057125092
YOR101W,YMR076C,0,3.1154718,0.28787368535995483,0.8377321362495422,0.21248872578144073
YER012W,YLR226W,0,3.1141114,0.28777703642845154,0.8377321362495422,0.21258895099163055
YLL015W,YOR092W,0,3.1128407,0.28768041729927063,0.8377321362495422,0.21268919110298157
YIL105C,YEL038W,0,3.1126914,0.2875838875770569,0.8377321362495422,0.2127894163131714
YAL025C,YDR466W,0,3.1114664,0.2874874174594879,0.8377321362495422,0.2128896415233612
YDR466W,YGR091W,0,3.1100655,0.2873910069465637,0.8377321362495422,0.21298988163471222
YER036C,YER060W-A,0,3.1099415,0.2872946560382843,0.8377321362495422,0.21309010684490204
YMR092C,YBR122C,0,3.109764,0.28719839453697205,0.8377321362495422,0.21319033205509186
YDR121W,YJL122W,0,3.107826,0.2871021628379822,0.8377321362495422,0.21329057216644287
YDR178W,YML045W,0,3.105918,0.2870060205459595,0.8377321362495422,0.2133907973766327
YPR108W,YHR101C,0,3.105618,0.28690993785858154,0.8377321362495422,0.2134910225868225
YLR136C,YLR010C,0,3.1051402,0.2868139147758484,0.8377321362495422,0.21359126269817352
YBR248C,YBL018C,0,3.1042354,0.28671795129776,0.8377321362495422,0.21369148790836334
YMR033W,YNL206C,1,3.103448,0.2869565188884735,0.8387096524238586,0.21369148790836334
YPR164W,YDR099W,0,3.1028883,0.2868605852127075,0.8387096524238586,0.21379172801971436
YGR202C,YJR084W,0,3.1025577,0.2867647111415863,0.8387096524238586,0.21389195322990417
YOR014W,YIL138C,0,3.1018305,0.28666889667510986,0.8387096524238586,0.213992178440094
YLR194C,YML018C,0,3.101409,0.2865731418132782,0.8387096524238586,0.214092418551445
YOL008W,YNL197C,0,3.1003304,0.2864774763584137,0.8387096524238586,0.21419264376163483
YBR248C,YCL059C,0,3.0988407,0.2863818407058716,0.8387096524238586,0.21429286897182465
YLR318W,YGL207W,0,3.097435,0.28628629446029663,0.8387096524238586,0.21439310908317566
YPL020C,YBR094W,0,3.094367,0.28619080781936646,0.8387096524238586,0.21449333429336548
YPL140C,YDR292C,0,3.0917177,0.28609535098075867,0.8387096524238586,0.2145935595035553
YLR418C,YMR014W,0,3.0906305,0.28600001335144043,0.8387096524238586,0.2146937996149063
YOR189W,YML085C,0,3.0903988,0.2859047055244446,0.8387096524238586,0.21479402482509613
YER170W,YOR271C,0,3.0885015,0.2858094573020935,0.8387096524238586,0.21489425003528595
YHL031C,YPL179W,0,3.0884576,0.2857142984867096,0.8387096524238586,0.21499449014663696
YER111C,YNR020C,0,3.0864959,0.28561916947364807,0.8387096524238586,0.21509471535682678
YGL016W,YHR013C,0,3.085915,0.2855241298675537,0.8387096524238586,0.2151949554681778
YGL246C,YDL056W,0,3.0856867,0.2854291498661041,0.8387096524238586,0.21529518067836761
YJL072C,YJL157C,0,3.0844846,0.2853342294692993,0.8387096524238586,0.21539540588855743
YMR110C,YNL061W,0,3.0833097,0.2852393686771393,0.8387096524238586,0.21549564599990845
YDR207C,YGL037C,1,3.0830293,0.2854768931865692,0.839687168598175,0.21549564599990845
YGR280C,YNL101W,0,3.0827732,0.28538206219673157,0.839687168598175,0.21559587121009827
YJR014W,YBR228W,0,3.0821342,0.2852872908115387,0.839687168598175,0.21569609642028809
YER174C,YML072C,0,3.0815887,0.2851925492286682,0.839687168598175,0.2157963365316391
YDR532C,YAL007C,0,3.0814846,0.2850978970527649,0.839687168598175,0.21589656174182892
YFR034C,YCR010C,0,3.0814013,0.28500330448150635,0.839687168598175,0.21599678695201874
YJL157C,YDR086C,0,3.079908,0.28490880131721497,0.839687168598175,0.21609702706336975
YER070W,YBL002W,0,3.0797749,0.28481432795524597,0.839687168598175,0.21619725227355957
YKL052C,YDL194W,0,3.079678,0.28471991419792175,0.839687168598175,0.2162974774837494
YOR386W,YJR025C,0,3.0796432,0.2846255898475647,0.839687168598175,0.2163977175951004
YER053C,YKL021C,0,3.0795512,0.28453129529953003,0.839687168598175,0.21649794280529022
YJR014W,YMR190C,0,3.0784214,0.2844370901584625,0.839687168598175,0.21659818291664124
YGL198W,YML114C,0,3.0778227,0.2843429446220398,0.839687168598175,0.21669840812683105
YJR048W,YJR060W,0,3.077199,0.28424882888793945,0.839687168598175,0.21679863333702087
YMR220W,YGL246C,0,3.075441,0.2841548025608063,0.839687168598175,0.2168988734483719
YML081W,YPL156C,0,3.0742056,0.28406083583831787,0.839687168598175,0.2169990986585617
YAL014C,YPR112C,0,3.0738258,0.28396692872047424,0.839687168598175,0.21709932386875153
YLR427W,YIR023W,0,3.0729938,0.2838731110095978,0.839687168598175,0.21719956398010254
YOL067C,YIR023W,0,3.0713153,0.2837793231010437,0.839687168598175,0.21729978919029236
YDR228C,YGR262C,0,3.070369,0.2836855947971344,0.839687168598175,0.21740001440048218
YPL253C,YGL240W,0,3.0677142,0.28359195590019226,0.839687168598175,0.2175002545118332
YDR288W,YLR248W,0,3.0667052,0.2834983468055725,0.839687168598175,0.217600479722023
YGR295C,YKL154W,0,3.064916,0.2834048271179199,0.839687168598175,0.21770070493221283
YGL028C,YKR037C,0,3.0631118,0.2833113372325897,0.839687168598175,0.21780094504356384
YOR066W,YGR157W,0,3.0617266,0.2832179367542267,0.839687168598175,0.21790117025375366
YOR209C,YER125W,1,3.0615635,0.28345417976379395,0.8406646847724915,0.21790117025375366
YNL025C,YJR099W,0,3.0607858,0.2833607792854309,0.8406646847724915,0.21800141036510468
YPR108W,YOR144C,0,3.0584378,0.28326746821403503,0.8406646847724915,0.2181016355752945
YGL012W,YDR293C,0,3.0573468,0.28317418694496155,0.8406646847724915,0.21820186078548431
YKL158W,YKL194C,0,3.0562043,0.28308096528053284,0.8406646847724915,0.21830210089683533
YPR162C,YLR086W,1,3.0556262,0.28331688046455383,0.8416422009468079,0.21830210089683533
YOR358W,YJL069C,0,3.0552998,0.2832236886024475,0.8416422009468079,0.21840232610702515
YDR531W,YBR054W,0,3.053639,0.28313055634498596,0.8416422009468079,0.21850255131721497
YOR381W,YJL189W,0,3.0478892,0.2830374836921692,0.8416422009468079,0.21860279142856598
YKL198C,YML065W,0,3.0470006,0.2829444706439972,0.8416422009468079,0.2187030166387558
YAR042W,YDL067C,0,3.0463142,0.28285151720046997,0.8416422009468079,0.21880324184894562
YJL139C,YOR188W,0,3.0460467,0.2827586233615875,0.8416422009468079,0.21890348196029663
YNR059W,YGR108W,0,3.0457168,0.28266578912734985,0.8416422009468079,0.21900370717048645
YOR362C,YML055W,0,3.0448303,0.28257301449775696,0.8416422009468079,0.21910393238067627
YOL034W,YHR207C,0,3.0446043,0.2824803292751312,0.8416422009468079,0.21920417249202728
YDR088C,YDR027C,0,3.0435576,0.2823876738548279,0.8416422009468079,0.2193043977022171
YDR088C,YKL208W,0,3.0418797,0.2822950780391693,0.8416422009468079,0.21940463781356812
YGR098C,YNL330C,0,3.0387583,0.2822025418281555,0.8416422009468079,0.21950486302375793
YDR481C,YPL210C,0,3.0381408,0.2821100950241089,0.8416422009468079,0.21960508823394775
YDR532C,YMR004W,0,3.0375419,0.28201767802238464,0.8416422009468079,0.21970532834529877
YDL099W,YHR019C,0,3.0362012,0.28192535042762756,0.8416422009468079,0.2198055535554886
YCL035C,YNL063W,0,3.032963,0.28183305263519287,0.8416422009468079,0.2199057787656784
YCL027C-A,YCR017C,0,3.0327868,0.28174084424972534,0.8416422009468079,0.22000601887702942
YDR463W,YFR007W,0,3.0319257,0.2816486656665802,0.8416422009468079,0.22010624408721924
YFL004W,YCR020W-B,0,3.0315459,0.2815565764904022,0.8416422009468079,0.22020646929740906
YJL096W,YGR060W,0,3.0314212,0.28146451711654663,0.8416422009468079,0.22030670940876007
YAR002W,YOR123C,1,3.0309424,0.28169935941696167,0.8426197171211243,0.22030670940876007
YMR063W,YKR027W,0,3.028439,0.28160732984542847,0.8426197171211243,0.2204069346189499
YDL114W,YCL019W,0,3.026318,0.28151535987854004,0.8426197171211243,0.2205071598291397
YBR280C,YPL269W,0,3.0260458,0.2814234495162964,0.8426197171211243,0.22060739994049072
YDR050C,YFR028C,0,3.0240214,0.2813315987586975,0.8426197171211243,0.22070762515068054
YJL018W,YOR244W,1,3.0234494,0.2815660536289215,0.8435972332954407,0.22070762515068054
YGR212W,YMR153W,0,3.023368,0.281474232673645,0.8435972332954407,0.22080786526203156
YMR198W,YLR381W,0,3.0231657,0.2813824713230133,0.8435972332954407,0.22090809047222137
YJL097W,YOR383C,0,3.0227878,0.281290739774704,0.8435972332954407,0.2210083156824112
YOR122C,YOR141C,0,3.0208397,0.2811990976333618,0.8435972332954407,0.2211085557937622
YDR189W,YMR285C,0,3.0200124,0.28110748529434204,0.8435972332954407,0.22120878100395203
YGL096W,YCL019W,0,3.0199926,0.28101596236228943,0.8435972332954407,0.22130900621414185
YHR120W,YDR328C,0,3.0197082,0.2809244692325592,0.8435972332954407,0.22140924632549286
YOR058C,YDL014W,0,3.0179024,0.28083306550979614,0.8435972332954407,0.22150947153568268
YER125W,YDR145W,1,3.016619,0.28106701374053955,0.8445748090744019,0.22150947153568268
YPL190C,YPL024W,0,3.0162916,0.2809756100177765,0.8445748090744019,0.2216096967458725
YAR033W,YMR223W,0,3.0147982,0.2808842658996582,0.8445748090744019,0.2217099368572235
YHR142W,YGR163W,0,3.0127468,0.2807929813861847,0.8445748090744019,0.22181016206741333
YCR088W,YPL053C,0,3.0116432,0.28070175647735596,0.8445748090744019,0.22191038727760315
YLR292C,YML040W,0,3.0111418,0.280610591173172,0.8445748090744019,0.22201062738895416
YBR236C,YJR120W,0,3.0105102,0.2805194854736328,0.8445748090744019,0.22211085259914398
YBL020W,YGR133W,0,3.0078323,0.2804284393787384,0.8445748090744019,0.222211092710495
YNL167C,YOR217W,0,3.007606,0.28033745288848877,0.8445748090744019,0.22231131792068481
YIR002C,YJL137C,0,3.0067677,0.2802465260028839,0.8445748090744019,0.22241154313087463
YJR152W,YGR124W,0,3.0067024,0.28015562891960144,0.8445748090744019,0.22251178324222565
YBR240C,YBR122C,0,3.0059638,0.28006482124328613,0.8445748090744019,0.22261200845241547
YBR236C,YEL048C,0,3.004652,0.2799740731716156,0.8445748090744019,0.22271223366260529
YCR044C,YER161C,0,3.0038452,0.27988338470458984,0.8445748090744019,0.2228124737739563
YDR227W,YCR081W,0,3.0022693,0.27979275584220886,0.8445748090744019,0.22291269898414612
YPR019W,YMR287C,0,3.0007987,0.27970215678215027,0.8445748090744019,0.22301292419433594
YJL184W,YML048W,0,2.998983,0.27961164712905884,0.8445748090744019,0.22311316430568695
YCR068W,YKL155C,0,2.9979892,0.2795211970806122,0.8445748090744019,0.22321338951587677
YPR052C,YDR381W,0,2.997485,0.2794307768344879,0.8445748090744019,0.2233136147260666
YOR273C,YIL019W,0,2.9961786,0.2793404459953308,0.8445748090744019,0.2234138548374176
YHR206W,YDR155C,0,2.9942365,0.2792501747608185,0.8445748090744019,0.22351408004760742
YMR055C,YNL051W,0,2.9940112,0.27915993332862854,0.8445748090744019,0.22361432015895844
YLR369W,YLR039C,0,2.9925761,0.27906978130340576,0.8445748090744019,0.22371454536914825
YOL034W,YFR041C,0,2.992161,0.27897965908050537,0.8445748090744019,0.22381477057933807
YLL052C,YKR046C,0,2.9916294,0.27888959646224976,0.8445748090744019,0.2239150106906891
YML008C,YDR524C,0,2.9900408,0.2787996232509613,0.8445748090744019,0.2240152359008789
YNL218W,YMR006C,0,2.9887931,0.27870967984199524,0.8445748090744019,0.22411546111106873
YCR088W,YML012W,0,2.987022,0.27861979603767395,0.8445748090744019,0.22421570122241974
YDL105W,YBR146W,0,2.9855137,0.27852997183799744,0.8445748090744019,0.22431592643260956
YJR132W,YLR371W,0,2.9853587,0.2784402072429657,0.8445748090744019,0.22441615164279938
YOL090W,YPR018W,1,2.9852092,0.2786726951599121,0.8455523252487183,0.22441615164279938
YER023W,YEL009C,0,2.9850974,0.27858293056488037,0.8455523252487183,0.2245163917541504
YDR103W,YML034W,0,2.9845428,0.2784932255744934,0.8455523252487183,0.2246166169643402
YIL110W,YOR192C,0,2.9842882,0.2784036099910736,0.8455523252487183,0.22471684217453003
YLR370C,YHR096C,0,2.9833436,0.2783140242099762,0.8455523252487183,0.22481708228588104
YOL041C,YKL160W,0,2.98299,0.27822449803352356,0.8455523252487183,0.22491730749607086
YGL250W,YKL069W,0,2.9818747,0.2781350612640381,0.8455523252487183,0.22501754760742188
YKL216W,YLR347C,0,2.9817474,0.278045654296875,0.8455523252487183,0.2251177728176117
YDL060W,YAL005C,0,2.9784608,0.2779563069343567,0.8455523252487183,0.2252179980278015
YOR257W,YDR128W,0,2.9779744,0.27786701917648315,0.8455523252487183,0.22531823813915253
YKL006C-A,YBR029C,0,2.9776454,0.2777777910232544,0.8455523252487183,0.22541846334934235
YDL098C,YBR171W,0,2.9774137,0.277688592672348,0.8455523252487183,0.22551868855953217
YGL201C,YDR495C,0,2.9762468,0.2775994837284088,0.8455523252487183,0.22561892867088318
YOR083W,YMR282C,0,2.9755383,0.2775104343891144,0.8455523252487183,0.225719153881073
YMR236W,YPL184C,1,2.9736176,0.2777421474456787,0.8465298414230347,0.225719153881073
YIL131C,YMR101C,0,2.9717817,0.2776530981063843,0.8465298414230347,0.22581937909126282
YIL073C,YGL246C,0,2.9699137,0.2775641083717346,0.8465298414230347,0.22591961920261383
YCR097W,YLR144C,0,2.9670577,0.27747517824172974,0.8465298414230347,0.22601984441280365
YBL074C,YDR225W,0,2.9667585,0.27738627791404724,0.8465298414230347,0.22612006962299347
YDR058C,YDR013W,0,2.964676,0.2772974669933319,0.8465298414230347,0.22622030973434448
YJR159W,YAR071W,0,2.9641259,0.27720871567726135,0.8465298414230347,0.2263205349445343
YDR379W,YMR316W,0,2.963629,0.2771199941635132,0.8465298414230347,0.22642077505588531
YOL072W,YER122C,0,2.961724,0.2770313620567322,0.8465298414230347,0.22652100026607513
YKL042W,YKL176C,0,2.9611392,0.27694275975227356,0.8465298414230347,0.22662122547626495
YBR033W,YJL137C,0,2.9607239,0.2768542170524597,0.8465298414230347,0.22672146558761597
YGR061C,YBR272C,0,2.959887,0.27676573395729065,0.8465298414230347,0.2268216907978058
YHR188C,YNL254C,0,2.9583564,0.27667731046676636,0.8465298414230347,0.2269219160079956
YOR191W,YPL249C,0,2.9558887,0.27658894658088684,0.8465298414230347,0.22702215611934662
YAR003W,YHR056C,1,2.9556308,0.2768199145793915,0.8475073575973511,0.22702215611934662
YGR289C,YHR079C-A,0,2.9544787,0.27673158049583435,0.8475073575973511,0.22712238132953644
YNL278W,YDL102W,0,2.9543278,0.2766432762145996,0.8475073575973511,0.22722260653972626
YLL004W,YOR080W,1,2.9523563,0.27687400579452515,0.8484848737716675,0.22722260653972626
YGR181W,YPL254W,0,2.9512525,0.2767857015132904,0.8484848737716675,0.22732284665107727
YDL201W,YJR088C,0,2.9502585,0.2766974866390228,0.8484848737716675,0.2274230718612671
YKL039W,YFL031W,0,2.9493241,0.27660930156707764,0.8484848737716675,0.2275232970714569
YDR043C,YKL042W,0,2.9478831,0.2765211760997772,0.8484848737716675,0.22762353718280792
YDR303C,YJR013W,0,2.9465487,0.2764331102371216,0.8484848737716675,0.22772376239299774
YOL148C,YKL127W,0,2.9460423,0.2763451039791107,0.8484848737716675,0.22782400250434875
YFL022C,YLR054C,0,2.9452825,0.27625715732574463,0.8484848737716675,0.22792422771453857
YDR004W,YMR023C,0,2.945015,0.2761692702770233,0.8484848737716675,0.2280244529247284
YIL062C,YER083C,0,2.9436975,0.2760814130306244,0.8484848737716675,0.2281246930360794
YDR202C,YBL004W,0,2.943345,0.2759936451911926,0.8484848737716675,0.22822491824626923
YDL064W,YFR014C,0,2.943024,0.27590590715408325,0.8484848737716675,0.22832514345645905
YGR063C,YJL156C,0,2.942875,0.27581822872161865,0.8484848737716675,0.22842538356781006
YIR009W,YML009C,0,2.9406838,0.27573060989379883,0.8484848737716675,0.22852560877799988
YML066C,YLR435W,0,2.9394093,0.2756430506706238,0.8484848737716675,0.2286258339881897
YCR052W,YJR017C,1,2.9376945,0.27587300539016724,0.8494623899459839,0.2286258339881897
YJL197W,YAL008W,0,2.9368744,0.2757854759693146,0.8494623899459839,0.2287260740995407
YBR158W,YAR008W,0,2.9367676,0.2756979763507843,0.8494623899459839,0.22882629930973053
YOL121C,YMR081C,0,2.9358282,0.2756105363368988,0.8494623899459839,0.22892652451992035
YBR101C,YPL210C,0,2.9354553,0.2755231559276581,0.8494623899459839,0.22902676463127136
YJR089W,YNL229C,0,2.9322731,0.27543580532073975,0.8494623899459839,0.22912698984146118
YCL029C,YER174C,0,2.9320488,0.2753485441207886,0.8494623899459839,0.2292272299528122
YHR039C,YER006W,0,2.929846,0.2752613127231598,0.8494623899459839,0.22932745516300201
YDR395W,YLR442C,0,2.9291773,0.27517417073249817,0.8494623899459839,0.22942768037319183
YKR097W,YML026C,0,2.9280856,0.27508705854415894,0.8494623899459839,0.22952792048454285
YMR260C,YNL054W,0,2.9280407,0.2750000059604645,0.8494623899459839,0.22962814569473267
YBR060C,YJR123W,0,2.9279363,0.2749130129814148,0.8494623899459839,0.22972837090492249
YOR191W,YNL183C,0,2.927457,0.2748260498046875,0.8494623899459839,0.2298286110162735
YJR022W,YER094C,0,2.9255123,0.27473917603492737,0.8494623899459839,0.22992883622646332
YMR121C,YOL139C,0,2.9239874,0.2746523320674896,0.8494623899459839,0.23002906143665314
YER119C,YDL095W,0,2.9239042,0.27456554770469666,0.8494623899459839,0.23012930154800415
YPR181C,YDL161W,0,2.9237595,0.27447882294654846,0.8494623899459839,0.23022952675819397
YBR107C,YML118W,0,2.9230247,0.27439215779304504,0.8494623899459839,0.2303297519683838
YOR341W,YDL231C,0,2.9207351,0.2743055522441864,0.8494623899459839,0.2304299920797348
YMR055C,YGR108W,0,2.9199667,0.27421900629997253,0.8494623899459839,0.23053021728992462
YPR082C,YGR156W,0,2.9186618,0.27413249015808105,0.8494623899459839,0.23063045740127563
YLR061W,YDR224C,0,2.9185483,0.27404603362083435,0.8494623899459839,0.23073068261146545
YGR013W,YDR231C,0,2.9181185,0.2739596366882324,0.8494623899459839,0.23083090782165527
YGL210W,YDR201W,0,2.917848,0.27387329936027527,0.8494623899459839,0.2309311479330063
YJR082C,YMR284W,1,2.9176855,0.2741020917892456,0.8504399061203003,0.2309311479330063
YNL293W,YOL146W,0,2.9151878,0.27401575446128845,0.8504399061203003,0.2310313731431961
YOR118W,YLR262C,0,2.9145882,0.2739294767379761,0.8504399061203003,0.23113159835338593
YKR037C,YKL012W,0,2.9133048,0.27384325861930847,0.8504399061203003,0.23123183846473694
YDR409W,YFL056C,0,2.9127555,0.27375707030296326,0.8504399061203003,0.23133206367492676
YFR036W,YLR247C,1,2.9124532,0.27398553490638733,0.8514174222946167,0.23133206367492676
YEL032W,YCL050C,0,2.9122946,0.2738993763923645,0.8514174222946167,0.23143228888511658
YLR238W,YKL006C-A,0,2.9116645,0.27381327748298645,0.8514174222946167,0.2315325289964676
YJR132W,YKL051W,0,2.9115334,0.2737272083759308,0.8514174222946167,0.2316327542066574
YBL032W,YBR081C,1,2.9110231,0.273955374956131,0.8523949384689331,0.2316327542066574
YNL090W,YPR145W,0,2.9058955,0.2738693356513977,0.8523949384689331,0.23173297941684723
YPR031W,YML094W,0,2.9057803,0.2737833559513092,0.8523949384689331,0.23183321952819824
YBL069W,YBR254C,0,2.9053926,0.2736974358558655,0.8523949384689331,0.23193344473838806
YFL062W,YJR027W,0,2.9042823,0.27361154556274414,0.8523949384689331,0.23203368484973907
YJR075W,YOR177C,0,2.9023094,0.2735257148742676,0.8523949384689331,0.2321339100599289
YDL075W,YOL116W,0,2.897842,0.2734399437904358,0.8523949384689331,0.2322341352701187
YDR463W,YOL065C,0,2.8975985,0.2733542323112488,0.8523949384689331,0.23233437538146973
YLR285W,YML069W,1,2.8973339,0.27358195185661316,0.8533724546432495,0.23233437538146973
YPL139C,YPR018W,1,2.8956585,0.2738095223903656,0.8543499708175659,0.23233437538146973
YJR042W,YLR023C,0,2.894507,0.2737237811088562,0.8543499708175659,0.23243460059165955
YIL153W,YIL098C,0,2.8933415,0.2736380696296692,0.8543499708175659,0.23253482580184937
YGL028C,YGL092W,0,2.8930314,0.27355241775512695,0.8543499708175659,0.23263506591320038
YPR103W,YNL047C,0,2.891343,0.2734668254852295,0.8543499708175659,0.2327352911233902
YGL104C,YOL005C,0,2.8902655,0.2733812928199768,0.8543499708175659,0.23283551633358002
YGL016W,YJR152W,0,2.8893614,0.2732958197593689,0.8543499708175659,0.23293575644493103
YMR179W,YLR373C,1,2.8878012,0.2735229730606079,0.8553274869918823,0.23293575644493103
YOR014W,YIL068C,0,2.887452,0.2734375,0.8553274869918823,0.23303598165512085
YBL103C,YOR174W,0,2.887055,0.27335208654403687,0.8553274869918823,0.23313620686531067
YDR372C,YGR188C,0,2.8868358,0.2732667028903961,0.8553274869918823,0.23323644697666168
YMR313C,YML070W,0,2.8859334,0.27318137884140015,0.8553274869918823,0.2333366721868515
YHR043C,YGL226W,0,2.8848567,0.27309614419937134,0.8553274869918823,0.23343691229820251
YBL032W,YMR080C,1,2.8821769,0.2733229398727417,0.8563050031661987,0.23343691229820251
YOR078W,YLR446W,0,2.8811545,0.2732376754283905,0.8563050031661987,0.23353713750839233
YOR057W,YDL044C,0,2.8798554,0.2731524705886841,0.8563050031661987,0.23363736271858215
YNR051C,YBL093C,0,2.8796983,0.27306732535362244,0.8563050031661987,0.23373760282993317
YJR045C,YIL167W,0,2.8795571,0.27298223972320557,0.8563050031661987,0.23383782804012299
YKL039W,YPL081W,0,2.8793082,0.2728971838951111,0.8563050031661987,0.2339380532503128
YJR119C,YPL015C,1,2.8785567,0.2731236517429352,0.8572825193405151,0.2339380532503128
YGL029W,YAR007C,0,2.8779132,0.2730385959148407,0.8572825193405151,0.23403829336166382
YKL110C,YDR224C,0,2.8777018,0.2729536294937134,0.8572825193405151,0.23413851857185364
YDL007W,YMR037C,0,2.8771882,0.27286869287490845,0.8572825193405151,0.23423874378204346
YKR098C,YJL173C,0,2.8755326,0.2727838158607483,0.8572825193405151,0.23433898389339447
YPR082C,YHR188C,0,2.8750205,0.2726989984512329,0.8572825193405151,0.2344392091035843
YDR244W,YGL224C,0,2.873317,0.2726142406463623,0.8572825193405151,0.2345394343137741
YMR035W,YJR035W,0,2.8723707,0.2725295126438141,0.8572825193405151,0.23463967442512512
YCR042C,YJL083W,0,2.8721461,0.27244484424591064,0.8572825193405151,0.23473989963531494
YNL041C,YPL194W,0,2.8710506,0.272360235452652,0.8572825193405151,0.23484013974666595
YJR093C,YHR142W,0,2.8705916,0.2722756862640381,0.8572825193405151,0.23494036495685577
YJR058C,YJL091C,0,2.8701954,0.27219119668006897,0.8572825193405151,0.2350405901670456
YNR055C,YOL068C,0,2.868318,0.27210673689842224,0.8572825193405151,0.2351408302783966
YLL036C,YJR134C,0,2.8678184,0.2720223367214203,0.8572825193405151,0.23524105548858643
YDR418W,YMR059W,0,2.8672523,0.2719379961490631,0.8572825193405151,0.23534128069877625
YPL040C,YOR191W,0,2.8665047,0.2718536853790283,0.8572825193405151,0.23544152081012726
YFR051C,YER169W,0,2.8662019,0.2717694342136383,0.8572825193405151,0.23554174602031708
YMR243C,YML092C,0,2.8654575,0.27168524265289307,0.8572825193405151,0.2356419712305069
YLR098C,YBL066C,0,2.8653667,0.2716011106967926,0.8572825193405151,0.2357422113418579
YDR257C,YML023C,0,2.8651786,0.2715170383453369,0.8572825193405151,0.23584243655204773
YJL013C,YBR082C,0,2.860948,0.2714329957962036,0.8572825193405151,0.23594266176223755
YGR090W,YAL041W,0,2.8566933,0.2713490128517151,0.8572825193405151,0.23604290187358856
YML041C,YGR092W,0,2.8562489,0.27126508951187134,0.8572825193405151,0.23614312708377838
YDR135C,YPL242C,0,2.855991,0.27118119597435,0.8572825193405151,0.2362433522939682
YBR237W,YGR152C,0,2.8548133,0.2710973620414734,0.8572825193405151,0.2363435924053192
YBR060C,YHR107C,0,2.8525963,0.2710135877132416,0.8572825193405151,0.23644381761550903
YJR119C,YLR385C,1,2.8523965,0.2712388038635254,0.8582600355148315,0.23644381761550903
YLR398C,YMR289W,0,2.8510714,0.2711550295352936,0.8582600355148315,0.23654405772686005
YPR029C,YLR102C,0,2.8498778,0.27107131481170654,0.8582600355148315,0.23664428293704987
YOR257W,YDR339C,0,2.8497803,0.2709876596927643,0.8582600355148315,0.23674450814723969
YER005W,YNL077W,0,2.8490458,0.2709040343761444,0.8582600355148315,0.2368447482585907
YLR038C,YBR094W,0,2.84838,0.2708204686641693,0.8582600355148315,0.23694497346878052
YIL119C,YBL051C,0,2.8478508,0.270736962556839,0.8582600355148315,0.23704519867897034
YDL146W,YPL154C,0,2.847545,0.27065351605415344,0.8582600355148315,0.23714543879032135
YGR041W,YOR167C,0,2.8464704,0.2705700993537903,0.8582600355148315,0.23724566400051117
YBR019C,YBR171W,0,2.8446984,0.2704867422580719,0.8582600355148315,0.237345889210701
YJR022W,YGR206W,0,2.8426008,0.2704034447669983,0.8582600355148315,0.237446129322052
YBR015C,YGL189C,0,2.8422198,0.27032020688056946,0.8582600355148315,0.23754635453224182
YMR273C,YGR275W,1,2.84116,0.27054479718208313,0.859237551689148,0.23754635453224182
YJL052W,YGL238W,0,2.8400612,0.2704615294933319,0.859237551689148,0.23764657974243164
YNL123W,YER122C,0,2.8389425,0.27037835121154785,0.859237551689148,0.23774681985378265
YDL191W,YMR167W,0,2.8388715,0.2702952027320862,0.859237551689148,0.23784704506397247
YBR065C,YDR318W,0,2.8382971,0.2702121138572693,0.859237551689148,0.2379472851753235
YIL115C,YHR191C,0,2.8375015,0.27012908458709717,0.859237551689148,0.2380475103855133
YGL205W,YGR286C,0,2.8372388,0.27004608511924744,0.859237551689148,0.23814773559570312
YDR434W,YGL226W,0,2.8351984,0.2699631452560425,0.859237551689148,0.23824797570705414
YGL028C,YER060W,0,2.834956,0.2698802649974823,0.859237551689148,0.23834820091724396
YDR288W,YOR256C,0,2.8303041,0.2697974145412445,0.859237551689148,0.23844842612743378
YKL020C,YAL019W,1,2.829862,0.2700214684009552,0.8602150678634644,0.23844842612743378
YKR025W,YNL162W,0,2.826065,0.2699386477470398,0.8602150678634644,0.2385486662387848
YDR145W,YMR135C,0,2.825238,0.26985588669776917,0.8602150678634644,0.2386488914489746
YLR347C,YOR018W,0,2.8244438,0.2697731554508209,0.8602150678634644,0.23874911665916443
YNL118C,YIR004W,0,2.8242245,0.26969045400619507,0.8602150678634644,0.23884935677051544
YDR372C,YOR010C,0,2.823749,0.2696078419685364,0.8602150678634644,0.23894958198070526
YGR284C,YBR240C,0,2.8220608,0.2695252597332001,0.8602150678634644,0.23904980719089508
YAL013W,YDR174W,1,2.8204007,0.2697489261627197,0.8611925840377808,0.23904980719089508
YBR038W,YPL096C-A,0,2.8199077,0.2696663737297058,0.8611925840377808,0.2391500473022461
YPR107C,YEL063C,0,2.8169193,0.2695838510990143,0.8611925840377808,0.2392502725124359
YPL237W,YGL023C,0,2.816473,0.26950138807296753,0.8611925840377808,0.23935051262378693
YIL010W,YDR376W,0,2.8139753,0.26941895484924316,0.8611925840377808,0.23945073783397675
YNL209W,YNL059C,0,2.812773,0.2693365812301636,0.8611925840377808,0.23955096304416656
YKL137W,YDL132W,0,2.810196,0.26925426721572876,0.8611925840377808,0.23965120315551758
YLR090W,YHR088W,0,2.8096275,0.2691720128059387,0.8611925840377808,0.2397514283657074
YBR083W,YGL245W,0,2.808364,0.26908978819847107,0.8611925840377808,0.23985165357589722
YMR043W,YOR328W,0,2.80637,0.2690076231956482,0.8611925840377808,0.23995189368724823
YBL106C,YFR004W,0,2.805163,0.2689255177974701,0.8611925840377808,0.24005211889743805
YOR202W,YLR388W,0,2.8047285,0.2688434422016144,0.8611925840377808,0.24015234410762787
YCR039C,YGR296W,0,2.8047256,0.26876142621040344,0.8611925840377808,0.24025258421897888
YBR049C,YDR523C,0,2.8027039,0.2686794698238373,0.8611925840377808,0.2403528094291687
YMR053C,YMR233W,0,2.8026474,0.2685975730419159,0.8611925840377808,0.24045303463935852
YMR021C,YDR284C,0,2.8021178,0.2685157060623169,0.8611925840377808,0.24055327475070953
YCR033W,YFL025C,0,2.802073,0.2684338688850403,0.8611925840377808,0.24065349996089935
YGL086W,YDR385W,0,2.8012414,0.26835212111473083,0.8611925840377808,0.24075374007225037
YGL181W,YHR076W,0,2.7998507,0.2682704031467438,0.8611925840377808,0.24085396528244019
YGR198W,YDR246W,0,2.7995198,0.2681887447834015,0.8611925840377808,0.24095419049263
YDL099W,YBR302C,0,2.798571,0.2681071162223816,0.8611925840377808,0.24105443060398102
YDL147W,YML016C,0,2.7982697,0.26802554726600647,0.8611925840377808,0.24115465581417084
YMR264W,YBR043C,0,2.7977376,0.2679440379142761,0.8611925840377808,0.24125488102436066
YGL125W,YGR241C,0,2.7977333,0.26786255836486816,0.8611925840377808,0.24135512113571167
YIL036W,YLR196W,0,2.797309,0.26778116822242737,0.8611925840377808,0.2414553463459015
YGR279C,YER096W,0,2.7960708,0.2676997780799866,0.8611925840377808,0.2415555715560913
YDR007W,YJR099W,0,2.7952642,0.26761847734451294,0.8611925840377808,0.24165581166744232
YPR156C,YBR176W,0,2.7923236,0.2675372064113617,0.8611925840377808,0.24175603687763214
YJL013C,YOL044W,0,2.7921638,0.2674559950828552,0.8611925840377808,0.24185626208782196
YKR072C,YOR266W,0,2.791981,0.26737481355667114,0.8611925840377808,0.24195650219917297
YHR147C,YMR171C,0,2.7916813,0.26729369163513184,0.8611925840377808,0.2420567274093628
YJL065C,YKR007W,0,2.79153,0.2672126293182373,0.8611925840377808,0.2421569675207138
YLR298C,YKR007W,0,2.791471,0.26713159680366516,0.8611925840377808,0.24225719273090363
YOR224C,YER123W,0,2.7909815,0.2670506238937378,0.8611925840377808,0.24235741794109344
YDL220C,YGR170W,0,2.7884514,0.2669697105884552,0.8611925840377808,0.24245765805244446
YPL217C,YMR154C,0,2.7881165,0.266888827085495,0.8611925840377808,0.24255788326263428
YAL034C,YLR442C,1,2.7879395,0.2671108543872833,0.8621701002120972,0.24255788326263428
YDL136W,YLR115W,0,2.7873952,0.2670299708843231,0.8621701002120972,0.2426581084728241
YMR037C,YMR098C,0,2.7873118,0.2669491469860077,0.8621701002120972,0.2427583485841751
YMR273C,YLR442C,1,2.7872589,0.2671709656715393,0.8631476163864136,0.2427583485841751
YKR019C,YER164W,1,2.787139,0.2673926055431366,0.86412513256073,0.2427583485841751
YGL073W,YER039C,0,2.7868452,0.2673117518424988,0.86412513256073,0.24285857379436493
YJR067C,YDL006W,0,2.7858038,0.26723095774650574,0.86412513256073,0.24295879900455475
YFL044C,YDR280W,0,2.78544,0.2671501934528351,0.86412513256073,0.24305903911590576
YAL014C,YDL112W,0,2.7853005,0.2670694887638092,0.86412513256073,0.24315926432609558
YBR018C,YPL133C,0,2.7829313,0.2669888138771057,0.86412513256073,0.2432594895362854
YOR001W,YLR438C-A,0,2.7826927,0.266908198595047,0.86412513256073,0.2433597296476364
YHR114W,YAR071W,0,2.7822068,0.26682764291763306,0.86412513256073,0.24345995485782623
YOR244W,YNL254C,0,2.781989,0.2667471468448639,0.86412513256073,0.24356019496917725
YAL055W,YLR084C,0,2.7818613,0.2666666805744171,0.86412513256073,0.24366042017936707
YDR051C,YJR068W,0,2.7805362,0.2665862441062927,0.86412513256073,0.24376064538955688
YLR055C,YMR162C,0,2.780501,0.2665058672428131,0.86412513256073,0.2438608855009079
YGL251C,YPL101W,0,2.7803478,0.26642554998397827,0.86412513256073,0.24396111071109772
YHR154W,YML116W,0,2.7749743,0.2663452923297882,0.86412513256073,0.24406133592128754
YDR084C,YBL074C,0,2.7712936,0.26626506447792053,0.86412513256073,0.24416157603263855
YBR015C,YGL238W,0,2.769742,0.26618489623069763,0.86412513256073,0.24426180124282837
YMR188C,YBR082C,0,2.768348,0.2661047577857971,0.86412513256073,0.2443620264530182
YMR219W,YBR112C,1,2.7681367,0.26632562279701233,0.8651026487350464,0.2443620264530182
YKR101W,YMR075W,1,2.7677898,0.2665463387966156,0.8660801649093628,0.2443620264530182
YLR096W,YKL012W,0,2.767304,0.2664661705493927,0.8660801649093628,0.2444622665643692
YNL103W,YER060W-A,0,2.766974,0.2663860619068146,0.8660801649093628,0.24456249177455902
YML031W,YLR212C,0,2.7658112,0.26630598306655884,0.8660801649093628,0.24466271698474884
YPL232W,YER082C,0,2.765771,0.2662259638309479,0.8660801649093628,0.24476295709609985
YDR162C,YKL110C,0,2.7656918,0.2661460041999817,0.8660801649093628,0.24486318230628967
YML081W,YOR045W,0,2.7656708,0.2660660743713379,0.8660801649093628,0.24496342241764069
YNR051C,YLR424W,0,2.7642488,0.26598620414733887,0.8660801649093628,0.2450636476278305
YNL289W,YBR161W,0,2.7610505,0.26590636372566223,0.8660801649093628,0.24516387283802032
YIL119C,YOR045W,0,2.7607768,0.26582658290863037,0.8660801649093628,0.24526411294937134
YKL012W,YMR312W,0,2.7583036,0.2657468616962433,0.8660801649093628,0.24536433815956116
YOR077W,YCL011C,0,2.7580929,0.2656671702861786,0.8660801649093628,0.24546456336975098
YNL072W,YMR261C,0,2.757607,0.26558753848075867,0.8660801649093628,0.245564803481102
YIR010W,YIL085C,0,2.7572784,0.26550793647766113,0.8660801649093628,0.2456650286912918
YIL112W,YCR107W,0,2.7530415,0.2654283940792084,0.8660801649093628,0.24576525390148163
YIL033C,YOR334W,0,2.7519026,0.2653489112854004,0.8660801649093628,0.24586549401283264
YLR453C,YBR022W,0,2.7495625,0.2652694582939148,0.8660801649093628,0.24596571922302246
YJR093C,YML067C,0,2.7489805,0.265190064907074,0.8660801649093628,0.24606594443321228
YER063W,YKL018W,0,2.747641,0.26511070132255554,0.8660801649093628,0.2461661845445633
YLR242C,YPL132W,0,2.7464035,0.2650313973426819,0.8660801649093628,0.2462664097547531
YMR268C,YNL116W,0,2.7450402,0.264952152967453,0.8660801649093628,0.24636664986610413
YMR014W,YIL044C,0,2.7438674,0.2648729383945465,0.8660801649093628,0.24646687507629395
YNR036C,YOR381W,0,2.7431898,0.2647937834262848,0.8660801649093628,0.24656710028648376
YPL190C,YBL091C,0,2.7429287,0.26471465826034546,0.8660801649093628,0.24666734039783478
YDR043C,YOR195W,0,2.7415633,0.2646355926990509,0.8660801649093628,0.2467675656080246
YNL256W,YDR208W,0,2.7410579,0.2645565867424011,0.8660801649093628,0.24686779081821442
YLR017W,YDR018C,0,2.7384198,0.26447761058807373,0.8660801649093628,0.24696803092956543
YPL048W,YDL080C,0,2.738256,0.2643986940383911,0.8660801649093628,0.24706825613975525
YGL054C,YIL051C,0,2.7376046,0.2643198072910309,0.8660801649093628,0.24716848134994507
YHR136C,YOR322C,0,2.7349362,0.26424098014831543,0.8660801649093628,0.24726872146129608
YGL095C,YER060W,0,2.7340996,0.26416218280792236,0.8660801649093628,0.2473689466714859
YIL173W,YGR124W,0,2.7330983,0.2640834450721741,0.8660801649093628,0.24746917188167572
YPL095C,YDL235C,0,2.7319572,0.26400476694107056,0.8660801649093628,0.24756941199302673
YDR420W,YDR381W,0,2.7317548,0.26392611861228943,0.8660801649093628,0.24766963720321655
YDL236W,YOR081C,0,2.7309043,0.2638475298881531,0.8660801649093628,0.24776987731456757
YNL082W,YDR477W,0,2.7293377,0.2637689709663391,0.8660801649093628,0.24787010252475739
YMR190C,YNR022C,0,2.7290103,0.2636904716491699,0.8660801649093628,0.2479703277349472
YML031W,YER183C,0,2.7280903,0.2636120319366455,0.8660801649093628,0.24807056784629822
YPR017C,YNL119W,0,2.7271981,0.2635336220264435,0.8660801649093628,0.24817079305648804
YDR025W,YKL218C,0,2.7271886,0.26345524191856384,0.8660801649093628,0.24827101826667786
YKL081W,YER048W-A,0,2.7263541,0.263376921415329,0.8660801649093628,0.24837125837802887
YDR243C,YOL122C,0,2.7254715,0.2632986605167389,0.8660801649093628,0.2484714835882187
YDR163W,YDL159W,0,2.7230332,0.2632204294204712,0.8660801649093628,0.2485717087984085
YLR285W,YNL107W,1,2.722401,0.26343926787376404,0.8670576810836792,0.2485717087984085
YDL019C,YCL011C,0,2.7216835,0.26336103677749634,0.8670576810836792,0.24867194890975952
YMR202W,YJL090C,0,2.7205052,0.2632828652858734,0.8670576810836792,0.24877217411994934
YDR045C,YLR078C,0,2.7199106,0.26320475339889526,0.8670576810836792,0.24887239933013916
YPL239W,YAR033W,0,2.7195327,0.2631266713142395,0.8670576810836792,0.24897263944149017
YDR243C,YDL141W,0,2.7193708,0.2630486488342285,0.8670576810836792,0.24907286465168
YJR089W,YKL220C,0,2.718881,0.2629706561565399,0.8670576810836792,0.249173104763031
YGL125W,YKL040C,0,2.7187598,0.2628927230834961,0.8670576810836792,0.24927332997322083
YHR165C,YDR320C-A,0,2.718374,0.26281481981277466,0.8670576810836792,0.24937355518341064
YDR051C,YKL002W,0,2.7174902,0.262736976146698,0.8670576810836792,0.24947379529476166
YDR402C,YMR002W,0,2.715714,0.2626591622829437,0.8670576810836792,0.24957402050495148
YGL035C,YLR376C,0,2.7156024,0.26258140802383423,0.8670576810836792,0.2496742457151413
YDL189W,YBR301W,0,2.7153962,0.2625037133693695,0.8670576810836792,0.2497744858264923
YGL210W,YDL191W,0,2.71508,0.2624260485172272,0.8670576810836792,0.24987471103668213
YGR002C,YOR110W,0,2.7133718,0.2623484134674072,0.8670576810836792,0.24997493624687195
YMR121C,YJL138C,0,2.7119823,0.26227083802223206,0.8670576810836792,0.25007516145706177
YLR077W,YBR041W,0,2.711145,0.26219332218170166,0.8670576810836792,0.250175416469574
YNR043W,YCR092C,0,2.711026,0.26211583614349365,0.8670576810836792,0.2502756416797638
YOR010C,YNL218W,0,2.7109845,0.2620384097099304,0.8670576810836792,0.2503758668899536
YBL023C,YDR510W,0,2.7107067,0.2619610130786896,0.8670576810836792,0.25047609210014343
YNL103W,YKR007W,0,2.7101736,0.2618836760520935,0.8670576810836792,0.25057631731033325
YLR013W,YAR050W,0,2.7100658,0.2618063688278198,0.8670576810836792,0.25067654252052307
YHR185C,YPL242C,0,2.7087493,0.2617291212081909,0.8670576810836792,0.2507767975330353
YKL191W,YHR200W,0,2.7076743,0.2616519033908844,0.8670576810836792,0.2508770227432251
YPL232W,YNL216W,0,2.7075653,0.26157474517822266,0.8670576810836792,0.2509772479534149
YIR004W,YCR010C,0,2.7064111,0.2614976465702057,0.8670576810836792,0.25107747316360474
YGL115W,YJR019C,0,2.7053037,0.2614205777645111,0.8670576810836792,0.25117769837379456
YCR033W,YHR033W,0,2.7052612,0.2613435387611389,0.8670576810836792,0.25127795338630676
YBR228W,YDL098C,0,2.7048283,0.2612665593624115,0.8670576810836792,0.2513781785964966
YMR188C,YMR314W,0,2.7036843,0.26118963956832886,0.8670576810836792,0.2514784038066864
YGL139W,YDR224C,0,2.7012267,0.2611127495765686,0.8670576810836792,0.2515786290168762
YDR130C,YOR381W,0,2.7005658,0.26103588938713074,0.8670576810836792,0.25167885422706604
YFR031C,YPR018W,1,2.700509,0.261253297328949,0.8680351972579956,0.25167885422706604
YDR043C,YGL206C,0,2.7001762,0.2611764669418335,0.8680351972579956,0.25177907943725586
YMR266W,YML067C,0,2.6986547,0.2610996663570404,0.8680351972579956,0.25187933444976807
YOR207C,YDR320C-A,0,2.6968517,0.2610229253768921,0.8680351972579956,0.2519795596599579
YDL154W,YGL153W,0,2.696835,0.26094621419906616,0.8680351972579956,0.2520797848701477
YPR114W,YER045C,0,2.6959743,0.260869562625885,0.8680351972579956,0.2521800100803375
YDR500C,YBR166C,0,2.695439,0.26079294085502625,0.8680351972579956,0.25228023529052734
YGL055W,YLR287C-A,0,2.6951816,0.26071637868881226,0.8680351972579956,0.25238046050071716
YKL012W,YKR097W,0,2.6946127,0.26063984632492065,0.8680351972579956,0.25248071551322937
YDL052C,YDR107C,0,2.6927185,0.26056337356567383,0.8680351972579956,0.2525809407234192
YPR192W,YDL154W,0,2.6913562,0.2604869604110718,0.8680351972579956,0.252681165933609
YPL126W,YPL141C,0,2.6906223,0.2604105472564697,0.8680351972579956,0.25278139114379883
YBL084C,YOR321W,0,2.6899197,0.26033422350883484,0.8680351972579956,0.25288161635398865
YPR046W,YMR100W,0,2.6898751,0.26025789976119995,0.8680351972579956,0.25298187136650085
YPR143W,YKL091C,0,2.6888454,0.2601816654205322,0.8680351972579956,0.2530820965766907
YML043C,YIL038C,0,2.6865182,0.2601054608821869,0.8680351972579956,0.2531823217868805
YER096W,YDL137W,0,2.6862001,0.26002928614616394,0.8680351972579956,0.2532825469970703
YPR041W,YMR307W,0,2.6854582,0.25995317101478577,0.8680351972579956,0.25338277220726013
YBL054W,YEL016C,0,2.6839612,0.25987708568573,0.8680351972579956,0.25348299741744995
YDR129C,YML124C,0,2.6819468,0.25980105996131897,0.8680351972579956,0.25358325242996216
YJL125C,YER140W,0,2.6808014,0.25972506403923035,0.8680351972579956,0.253683477640152
YPL045W,YKL196C,0,2.6791492,0.2596491277217865,0.8680351972579956,0.2537837028503418
YNL072W,YBR043C,0,2.6789236,0.25957322120666504,0.8680351972579956,0.2538839280605316
YER063W,YHR207C,0,2.6758556,0.25949737429618835,0.8680351972579956,0.25398415327072144
YDR162C,YOR253W,0,2.6757734,0.25942155718803406,0.8680351972579956,0.25408440828323364
YGR252W,YPL016W,1,2.6756465,0.25963786244392395,0.869012713432312,0.25408440828323364
YJL108C,YNL001W,0,2.674894,0.25956204533576965,0.869012713432312,0.25418463349342346
YML111W,YLR304C,0,2.674385,0.25948628783226013,0.869012713432312,0.2542848587036133
YLR051C,YGL107C,0,2.674183,0.259410560131073,0.869012713432312,0.2543850839138031
YLR181C,YJR022W,0,2.6738162,0.25933489203453064,0.869012713432312,0.2544853091239929
YDR495C,YKL046C,0,2.6732645,0.25925925374031067,0.869012713432312,0.25458553433418274
YPR106W,YOR252W,0,2.6727095,0.2591836750507355,0.869012713432312,0.25468578934669495
YLR158C,YPL081W,0,2.6724591,0.25910812616348267,0.869012713432312,0.25478601455688477
YLR015W,YDL018C,0,2.6712432,0.25903263688087463,0.869012713432312,0.2548862397670746
YBR207W,YKL221W,0,2.6698265,0.258957177400589,0.869012713432312,0.2549864649772644
YOL068C,YDL043C,0,2.669539,0.2588817775249481,0.869012713432312,0.2550866901874542
YPL164C,YMR312W,0,2.6686096,0.25880640745162964,0.869012713432312,0.25518691539764404
YPL228W,YBR103W,0,2.666854,0.25873109698295593,0.869012713432312,0.25528717041015625
YMR127C,YKL057C,1,2.665856,0.2589467465877533,0.8699902296066284,0.25528717041015625
YDL075W,YOL149W,0,2.665039,0.2588714361190796,0.8699902296066284,0.25538739562034607
YGL137W,YLR074C,0,2.6649256,0.25879615545272827,0.8699902296066284,0.2554876208305359
YDL156W,YPL130W,0,2.6624422,0.25872093439102173,0.8699902296066284,0.2555878460407257
YOL147C,YCR098C,0,2.6624155,0.2586457431316376,0.8699902296066284,0.2556880712509155
YDR235W,YBL017C,0,2.6616883,0.2585706114768982,0.8699902296066284,0.25578832626342773
YPL146C,YMR092C,0,2.6616275,0.2584955096244812,0.8699902296066284,0.25588855147361755
YDR071C,YOL148C,1,2.6614337,0.2587108016014099,0.8709677457809448,0.25588855147361755
YGL092W,YNL111C,0,2.6602945,0.2586356997489929,0.8709677457809448,0.2559887766838074
YNL069C,YPL091W,0,2.6596422,0.2585606575012207,0.8709677457809448,0.2560890018939972
YAR033W,YEL003W,0,2.6595645,0.2584856450557709,0.8709677457809448,0.256189227104187
YJR144W,YDR027C,0,2.6562905,0.25841066241264343,0.8709677457809448,0.25628945231437683
YPR019W,YBL016W,0,2.6561077,0.25833573937416077,0.8709677457809448,0.25638970732688904
YGR047C,YGL077C,0,2.6559696,0.2582608759403229,0.8709677457809448,0.25648993253707886
YLL021W,YNL299W,0,2.6550055,0.2581860423088074,0.8709677457809448,0.2565901577472687
YDR014W,YPR114W,0,2.6545777,0.25811123847961426,0.8709677457809448,0.2566903829574585
YLR340W,YLR324W,0,2.6545563,0.2580364942550659,0.8709677457809448,0.2567906081676483
YJL047C,YGL206C,0,2.6543274,0.25796177983283997,0.8709677457809448,0.2568908631801605
YGL012W,YDL185W,0,2.6539593,0.2578871250152588,0.8709677457809448,0.25699108839035034
YDR255C,YML058W,0,2.652367,0.2578125,0.8709677457809448,0.25709131360054016
YNL225C,YER074W-A,0,2.6515164,0.257737934589386,0.8709677457809448,0.25719153881073
YLR035C,YCR081W,0,2.650858,0.25766339898109436,0.8709677457809448,0.2572917640209198
YPR048W,YMR128W,0,2.6504536,0.2575888931751251,0.8709677457809448,0.2573919892311096
YCL051W,YOR156C,0,2.6473718,0.25751444697380066,0.8709677457809448,0.2574922442436218
YMR257C,YCL005W-A,0,2.6463597,0.25744006037712097,0.8709677457809448,0.25759246945381165
YML098W,YMR086W,0,2.6443393,0.2573656737804413,0.8709677457809448,0.25769269466400146
YGL106W,YBR102C,0,2.6439672,0.25729137659072876,0.8709677457809448,0.2577929198741913
YER173W,YDR341C,0,2.6406348,0.25721707940101624,0.8709677457809448,0.2578931450843811
YDL007W,YDR538W,0,2.6396644,0.2571428716182709,0.8709677457809448,0.2579933702945709
YDR191W,YDR167W,1,2.6389315,0.2573571801185608,0.8719452619552612,0.2579933702945709
YHR206W,YNL222W,0,2.6356099,0.25728294253349304,0.8719452619552612,0.25809362530708313
YBR162W-A,YCL033C,0,2.63329,0.25720876455307007,0.8719452619552612,0.25819385051727295
YDL192W,YOR081C,0,2.6331205,0.2571346163749695,0.8719452619552612,0.25829407572746277
YKR025W,YMR072W,0,2.6328764,0.25706052780151367,0.8719452619552612,0.2583943009376526
YNL041C,YLR056W,0,2.6312351,0.25698646903038025,0.8719452619552612,0.2584945261478424
YPL036W,YKR009C,0,2.630191,0.2569124400615692,0.8719452619552612,0.2585947811603546
YDR317W,YFL018W-A,0,2.6269772,0.25683847069740295,0.8719452619552612,0.25869500637054443
YNL169C,YLR189C,0,2.6265783,0.2567645311355591,0.8719452619552612,0.25879523158073425
YER023W,YDR006C,0,2.625694,0.25669065117836,0.8719452619552612,0.2588954567909241
YAL034W-A,YOL080C,0,2.6246777,0.2566168010234833,0.8719452619552612,0.2589956820011139
YPL156C,YPR188C,0,2.6225605,0.25654301047325134,0.8719452619552612,0.2590959072113037
YBR068C,YLR170C,0,2.6224947,0.2564692497253418,0.8719452619552612,0.2591961622238159
YPL046C,YCR106W,0,2.6216364,0.25639551877975464,0.8719452619552612,0.25929638743400574
YDR330W,YGR286C,0,2.6201468,0.25632184743881226,0.8719452619552612,0.25939661264419556
YDR216W,YBR090C-A,1,2.619715,0.25653547048568726,0.8729227781295776,0.25939661264419556
YBR198C,YDR002W,0,2.6190865,0.2564617991447449,0.8729227781295776,0.2594968378543854
YGL021W,YDR485C,0,2.618801,0.2563881576061249,0.8729227781295776,0.2595970630645752
YNL025C,YDR532C,0,2.6147227,0.25631457567214966,0.8729227781295776,0.2596973180770874
YHR170W,YGL254W,0,2.6147199,0.2562410235404968,0.8729227781295776,0.2597975432872772
YOR357C,YNR030W,0,2.614346,0.25616753101348877,0.8729227781295776,0.25989776849746704
YGR217W,YLR466W,0,2.6138418,0.2560940682888031,0.8729227781295776,0.25999799370765686
YDR350C,YDR147W,0,2.6137404,0.2560206353664398,0.8729227781295776,0.2600982189178467
YNL161W,YPR100W,0,2.613052,0.2559472620487213,0.8729227781295776,0.2601984441280365
YOR140W,YHR086W,0,2.612508,0.2558739185333252,0.8729227781295776,0.2602986991405487
YMR060C,YBR188C,0,2.6114929,0.25580063462257385,0.8729227781295776,0.2603989243507385
YPL187W,YNR037C,0,2.6104221,0.2557273805141449,0.8729227781295776,0.26049914956092834
YML046W,YER015W,0,2.6084156,0.25565415620803833,0.8729227781295776,0.26059937477111816
YOR341W,YOR217W,0,2.6066928,0.25558099150657654,0.8729227781295776,0.260699599981308
YML088W,YHR028C,0,2.605522,0.25550785660743713,0.8729227781295776,0.2607998251914978
YAR015W,YBR216C,0,2.604738,0.2554347813129425,0.8729227781295776,0.26090008020401
YER106W,YJL136C,0,2.604644,0.25536173582077026,0.8729227781295776,0.26100030541419983
YDR283C,YKL110C,0,2.6041985,0.2552887499332428,0.8729227781295776,0.26110053062438965
YGL125W,YCR028C,0,2.6031046,0.25521576404571533,0.8729227781295776,0.26120075583457947
YMR284W,YNL261W,1,2.6014698,0.25542858242988586,0.873900294303894,0.26120075583457947
YGL207W,YIL124W,0,2.599467,0.2553556263446808,0.873900294303894,0.2613009810447693
YJL105W,YOR244W,1,2.5985267,0.2555682361125946,0.8748778104782104,0.2613009810447693
YHR120W,YER058W,0,2.596602,0.2554952800273895,0.8748778104782104,0.2614012360572815
YJR058C,YDR202C,0,2.5951076,0.2554223835468292,0.8748778104782104,0.2615014612674713
YOL125W,YGR274C,0,2.5946937,0.2553494870662689,0.8748778104782104,0.26160168647766113
YGR152C,YEL039C,0,2.5929406,0.2552766799926758,0.8748778104782104,0.26170191168785095
YOL078W,YDR126W,0,2.5921445,0.25520387291908264,0.8748778104782104,0.26180213689804077
YML101C,YPL202C,0,2.5893927,0.2551311254501343,0.8748778104782104,0.2619023621082306
YBL005W,YDR041W,0,2.5892487,0.2550584077835083,0.8748778104782104,0.2620026171207428
YOL030W,YDR098C,0,2.5892057,0.2549857497215271,0.8748778104782104,0.2621028423309326
YOR115C,YDR198C,0,2.589159,0.2549131214618683,0.8748778104782104,0.26220306754112244
YLR006C,YPL095C,0,2.5891535,0.25484055280685425,0.8748778104782104,0.26230329275131226
YPL190C,YPR070W,0,2.588922,0.2547680139541626,0.8748778104782104,0.2624035179615021
YMR224C,YML019W,0,2.5875778,0.25469550490379333,0.8748778104782104,0.2625037729740143
YJL047C,YIL038C,0,2.5863822,0.25462305545806885,0.8748778104782104,0.2626039981842041
YDR517W,YOL137W,0,2.5863552,0.25455063581466675,0.8748778104782104,0.2627042233943939
YAL021C,YML019W,0,2.5848477,0.25447824597358704,0.8748778104782104,0.26280444860458374
YCL016C,YIL034C,0,2.5841918,0.2544059157371521,0.8748778104782104,0.26290467381477356
YGL195W,YIL078W,0,2.5835974,0.25433361530303955,0.8748778104782104,0.2630048990249634
YLR214W,YOR045W,0,2.5820327,0.2542613744735718,0.8748778104782104,0.2631051540374756
YML067C,YHR184W,0,2.5818374,0.2541891634464264,0.8748778104782104,0.2632053792476654
YDR177W,YPL140C,0,2.5810783,0.2541169822216034,0.8748778104782104,0.2633056044578552
YAL020C,YBR123C,0,2.5798628,0.25404486060142517,0.8748778104782104,0.26340582966804504
YPL214C,YJR017C,0,2.57938,0.25397276878356934,0.8748778104782104,0.26350605487823486
YOR077W,YCL026C-A,0,2.5793746,0.2539007067680359,0.8748778104782104,0.2636062800884247
YBR201W,YIL118W,0,2.574703,0.2538287043571472,0.8748778104782104,0.2637065351009369
YFR042W,YJR027W,0,2.5739672,0.25375673174858093,0.8748778104782104,0.2638067603111267
YAL041W,YKR003W,0,2.573648,0.2536848187446594,0.8748778104782104,0.26390698552131653
YML047C,YPL181W,0,2.572928,0.2536129355430603,0.8748778104782104,0.26400721073150635
YAL001C,YPR016C,0,2.571466,0.25354108214378357,0.8748778104782104,0.26410743594169617
YPR082C,YBR023C,0,2.5713763,0.2534692585468292,0.8748778104782104,0.2642076909542084
YLR337C,YFR009W,0,2.5712914,0.25339749455451965,0.8748778104782104,0.2643079161643982
YDR265W,YBR087W,0,2.5707517,0.25332579016685486,0.8748778104782104,0.264408141374588
YGL157W,YPR019W,0,2.5685587,0.25325411558151245,0.8748778104782104,0.26450836658477783
YKL156W,YML088W,0,2.5679765,0.25318247079849243,0.8748778104782104,0.26460859179496765
YOL051W,YML107C,0,2.5664039,0.2531108558177948,0.8748778104782104,0.26470881700515747
YPR029C,YFR004W,0,2.5657923,0.25303930044174194,0.8748778104782104,0.2648090720176697
YJL174W,YFL061W,0,2.5657647,0.2529677748680115,0.8748778104782104,0.2649092972278595
YFL035C-B,YKR049C,0,2.5653543,0.2528963088989258,0.8748778104782104,0.2650095224380493
YDR328C,YDR446W,0,2.5621996,0.2528248727321625,0.8748778104782104,0.26510974764823914
YHR014W,YMR298W,0,2.5592434,0.25275346636772156,0.8748778104782104,0.26520997285842896
YBR057C,YIL007C,0,2.5583267,0.252682089805603,0.8748778104782104,0.26531022787094116
YBR193C,YNL066W,0,2.5550928,0.2526107728481293,0.8748778104782104,0.265410453081131
YBR078W,YML058W,0,2.5549922,0.2525395154953003,0.8748778104782104,0.2655106782913208
YIL109C,YHR013C,0,2.55449,0.2524682581424713,0.8748778104782104,0.2656109035015106
YER146W,YFL005W,0,2.5529647,0.2523970603942871,0.8748778104782104,0.26571112871170044
YOR269W,YOL080C,0,2.5527062,0.2523259222507477,0.8748778104782104,0.26581135392189026
YPL176C,YDR388W,0,2.5520444,0.25225478410720825,0.8748778104782104,0.26591160893440247
YDR142C,YOL144W,0,2.5519166,0.2521837055683136,0.8748778104782104,0.2660118341445923
YCR044C,YNL014W,0,2.5510638,0.2521126866340637,0.8748778104782104,0.2661120593547821
YMR260C,YML107C,0,2.550765,0.25204166769981384,0.8748778104782104,0.2662122845649719
YGL001C,YNL088W,0,2.5481672,0.25197070837020874,0.8748778104782104,0.26631250977516174
YIL026C,YMR226C,0,2.5461736,0.2518998086452484,0.8748778104782104,0.26641273498535156
YIL017C,YIL168W,0,2.5450299,0.2518289387226105,0.8748778104782104,0.26651298999786377
YLR262C,YLR221C,0,2.5435987,0.2517580986022949,0.8748778104782104,0.2666132152080536
YGL120C,YBL097W,0,2.5432246,0.25168728828430176,0.8748778104782104,0.2667134404182434
YPL283C,YKL040C,0,2.543018,0.25161653757095337,0.8748778104782104,0.2668136656284332
YLR059C,YBL016W,0,2.5425072,0.25154581665992737,0.8748778104782104,0.26691389083862305
YLR220W,YGR271C-A,0,2.5420427,0.25147512555122375,0.8748778104782104,0.26701414585113525
YLR318W,YDR377W,0,2.5418944,0.2514044940471649,0.8748778104782104,0.2671143710613251
YIL049W,YOL056W,0,2.5418797,0.25133389234542847,0.8748778104782104,0.2672145962715149
YMR199W,YBL005W,0,2.5417988,0.2512633204460144,0.8748778104782104,0.2673148214817047
YBR015C,YBR069C,0,2.5404284,0.2511928081512451,0.8748778104782104,0.26741504669189453
YML045W,YDL002C,0,2.5388813,0.2511223256587982,0.8748778104782104,0.26751527190208435
YLR045C,YOR003W,0,2.5388393,0.2510519027709961,0.8748778104782104,0.26761552691459656
YBL055C,YCR042C,0,2.5387652,0.25098147988319397,0.8748778104782104,0.2677157521247864
YIR034C,YOR032C,0,2.538384,0.2509111166000366,0.8748778104782104,0.2678159773349762
YPL086C,YGR231C,0,2.5375683,0.25084081292152405,0.8748778104782104,0.267916202545166
YOR094W,YCL031C,0,2.536624,0.2507705092430115,0.8748778104782104,0.26801642775535583
YCR037C,YNL030W,0,2.5364242,0.25070029497146606,0.8748778104782104,0.26811668276786804
YOR260W,YNL240C,0,2.5342994,0.25063008069992065,0.8748778104782104,0.26821690797805786
YCR029C-A,YJR123W,0,2.5334415,0.25055989623069763,0.8748778104782104,0.2683171331882477
YOR213C,YPL181W,1,2.5314803,0.2507696747779846,0.8758553266525269,0.2683171331882477
YHR206W,YHR117W,0,2.5304594,0.2506994903087616,0.8758553266525269,0.2684173583984375
YCL038C,YAL020C,0,2.5296965,0.25062936544418335,0.8758553266525269,0.2685175836086273
YPR161C,YGL076C,0,2.5286117,0.2505592703819275,0.8758553266525269,0.26861780881881714
YFL037W,YOL017W,0,2.5281463,0.2504892349243164,0.8758553266525269,0.26871806383132935
YJR010C-A,YPL105C,0,2.5262458,0.2504192292690277,0.8758553266525269,0.26881828904151917
YDR531W,YMR189W,0,2.5252862,0.2503492534160614,0.8758553266525269,0.268918514251709
YJL073W,YDR346C,0,2.523721,0.25027933716773987,0.8758553266525269,0.2690187394618988
YBR018C,YGR220C,0,2.523712,0.2502094507217407,0.8758553266525269,0.2691189646720886
YMR100W,YNL139C,0,2.522594,0.25013959407806396,0.8758553266525269,0.26921918988227844
YHR121W,YPL126W,0,2.521009,0.2500697672367096,0.8758553266525269,0.26931944489479065
YIL033C,YOR157C,0,2.5207636,0.25,0.8758553266525269,0.26941967010498047
YPL038W,YDL126C,0,2.5205746,0.2499302625656128,0.8758553266525269,0.2695198953151703
YHR084W,YHR037W,0,2.5202742,0.24986056983470917,0.8758553266525269,0.2696201205253601
YDR420W,YJR067C,0,2.5195289,0.24979090690612793,0.8758553266525269,0.2697203457355499
YOR007C,YLR023C,0,2.5195286,0.24972128868103027,0.8758553266525269,0.26982060074806213
YBL040C,YJL054W,0,2.5157032,0.2496517151594162,0.8758553266525269,0.26992082595825195
YMR037C,YDR320C,0,2.515481,0.2495821714401245,0.8758553266525269,0.2700210511684418
YKL033W,YGR218W,0,2.5145576,0.2495126724243164,0.8758553266525269,0.2701212763786316
YIL040W,YER082C,0,2.5138793,0.2494432032108307,0.8758553266525269,0.2702215015888214
YFR055W,YKR052C,0,2.5137494,0.24937377870082855,0.8758553266525269,0.27032172679901123
YIL037C,YGR211W,0,2.513566,0.24930439889431,0.8758553266525269,0.27042198181152344
YJL127C,YOR381W,0,2.5134623,0.24923504889011383,0.8758553266525269,0.27052220702171326
YKR081C,YLR190W,0,2.51264,0.24916574358940125,0.8758553266525269,0.2706224322319031
YBR105C,YEL059C-A,0,2.5115268,0.24909646809101105,0.8758553266525269,0.2707226574420929
YER112W,YLR293C,0,2.511053,0.24902723729610443,0.8758553266525269,0.2708228826522827
YGR159C,YMR288W,0,2.51074,0.2489580512046814,0.8758553266525269,0.2709231376647949
YGR056W,YDL197C,1,2.5106127,0.24916666746139526,0.8768328428268433,0.2709231376647949
YML009C,YER003C,0,2.510356,0.24909746646881104,0.8768328428268433,0.27102336287498474
YER120W,YHR157W,0,2.5096893,0.2490283101797104,0.8768328428268433,0.27112358808517456
YFL035C-B,YLR310C,0,2.5091906,0.24895919859409332,0.8768328428268433,0.2712238132953644
YDR014W,YOL084W,0,2.507889,0.24889011681079865,0.8768328428268433,0.2713240385055542
YDR463W,YML114C,0,2.507835,0.24882107973098755,0.8768328428268433,0.271424263715744
YOL011W,YMR001C,0,2.506329,0.24875207245349884,0.8768328428268433,0.2715245187282562
YDR071C,YPR188C,0,2.5062685,0.2486831098794937,0.8768328428268433,0.27162474393844604
YGL116W,YIL118W,0,2.5054197,0.24861419200897217,0.8768328428268433,0.27172496914863586
YNR039C,YLR406C,0,2.5036163,0.248545303940773,0.8768328428268433,0.2718251943588257
YKL116C,YIL026C,0,2.5032372,0.24847646057605743,0.8768328428268433,0.2719254195690155
YMR051C,YML087C,0,2.5020638,0.24840764701366425,0.8768328428268433,0.2720256447792053
YNL149C,YMR293C,0,2.5014977,0.24833886325359344,0.8768328428268433,0.27212589979171753
YER088C,YCR076C,1,2.5004346,0.24854691326618195,0.8778103590011597,0.27212589979171753
YKL005C,YHR147C,0,2.499188,0.24847814440727234,0.8778103590011597,0.27222612500190735
YDR096W,YPR193C,1,2.4972978,0.2486860305070877,0.8787878751754761,0.27222612500190735
YGR217W,YIL157C,0,2.4949574,0.2486172616481781,0.8787878751754761,0.27232635021209717
YPR068C,YER112W,0,2.4947443,0.24854852259159088,0.8787878751754761,0.272426575422287
YPL155C,YLR077W,0,2.4925923,0.24847982823848724,0.8787878751754761,0.2725268006324768
YLR360W,YBR189W,0,2.4912972,0.248411163687706,0.8787878751754761,0.272627055644989
YJL121C,YIL084C,0,2.4907951,0.24834254384040833,0.8787878751754761,0.27272728085517883
YPL048W,YHR118C,0,2.4904044,0.24827395379543304,0.8787878751754761,0.27282750606536865
YNL106C,YER174C,0,2.4894228,0.24820540845394135,0.8787878751754761,0.27292773127555847
YDR483W,YNL024C-A,0,2.4890437,0.24813690781593323,0.8787878751754761,0.2730279564857483
YDR288W,YPL100W,0,2.4873123,0.2480684369802475,0.8787878751754761,0.2731281816959381
YJL159W,YOR236W,0,2.4871514,0.24799999594688416,0.8787878751754761,0.2732284367084503
YHL016C,YDR446W,0,2.4865026,0.2479315996170044,0.8787878751754761,0.27332866191864014
YIL018W,YER054C,0,2.4861188,0.24786324799060822,0.8787878751754761,0.27342888712882996
YHR171W,YFL005W,0,2.4850035,0.24779492616653442,0.8787878751754761,0.2735291123390198
YPL227C,YNR059W,0,2.4843204,0.2477266490459442,0.8787878751754761,0.2736293375492096
YGL131C,YHR037W,0,2.484113,0.2476584017276764,0.8787878751754761,0.2737295925617218
YBR160W,YLR442C,0,2.4840302,0.24759019911289215,0.8787878751754761,0.2738298177719116
YBR038W,YPL030W,0,2.4838958,0.2475220263004303,0.8787878751754761,0.27393004298210144
YGL116W,YCL027W,0,2.4815195,0.24745389819145203,0.8787878751754761,0.27403026819229126
YGL124C,YGR063C,0,2.479135,0.24738579988479614,0.8787878751754761,0.2741304934024811
YGL120C,YCR069W,0,2.4790087,0.24731774628162384,0.8787878751754761,0.2742307186126709
YGL136C,YDR510W,0,2.478701,0.24724972248077393,0.8787878751754761,0.2743309736251831
YIL011W,YER146W,0,2.4779637,0.2471817433834076,0.8787878751754761,0.2744311988353729
YOL090W,YCR084C,1,2.474754,0.24738867580890656,0.8797653913497925,0.2744311988353729
YLR327C,YNL252C,0,2.4733803,0.24732069671154022,0.8797653913497925,0.27453142404556274
YBL074C,YDR450W,0,2.4691682,0.24725274741649628,0.8797653913497925,0.27463164925575256
YIL096C,YOL033W,0,2.469133,0.2471848428249359,0.8797653913497925,0.2747318744659424
YBR265W,YDR520C,0,2.4686427,0.24711696803569794,0.8797653913497925,0.2748320996761322
YJR143C,YKL018W,0,2.467902,0.24704913794994354,0.8797653913497925,0.2749323546886444
YNL049C,YDR097C,0,2.4678793,0.24698133766651154,0.8797653913497925,0.27503257989883423
YOR119C,YPL189C-A,0,2.467566,0.2469135820865631,0.8797653913497925,0.27513280510902405
YLR266C,YPL001W,0,2.4667764,0.24684585630893707,0.8797653913497925,0.27523303031921387
YDR381W,YNL162W,0,2.466086,0.24677817523479462,0.8797653913497925,0.2753332555294037
YKL212W,YMR211W,0,2.465588,0.24671052396297455,0.8797653913497925,0.2754335105419159
YLR035C,YML120C,0,2.4651942,0.24664291739463806,0.8797653913497925,0.2755337357521057
YLR229C,YCR079W,0,2.464585,0.24657534062862396,0.8797653913497925,0.27563396096229553
YDL030W,YLR064W,0,2.4638,0.24650780856609344,0.8797653913497925,0.27573418617248535
YDR409W,YJR052W,0,2.4631934,0.24644030630588531,0.8797653913497925,0.27583441138267517
YGR116W,YDR016C,0,2.4629078,0.24637284874916077,0.8797653913497925,0.275934636592865
YLR032W,YJR015W,0,2.4620385,0.2463054209947586,0.8797653913497925,0.2760348916053772
YGR202C,YGR092W,0,2.4618466,0.24623802304267883,0.8797653913497925,0.276135116815567
YDL141W,YER014W,0,2.4598494,0.24617068469524384,0.8797653913497925,0.27623534202575684
YPL193W,YDL209C,0,2.4572482,0.24610336124897003,0.8797653913497925,0.27633556723594666
YNL066W,YEL038W,0,2.4571466,0.2460360825061798,0.8797653913497925,0.2764357924461365
YPL268W,YER146W,0,2.4564166,0.24596884846687317,0.8797653913497925,0.2765360474586487
YDR299W,YLR355C,0,2.4553304,0.24590164422988892,0.8797653913497925,0.2766362726688385
YDR394W,YGR274C,0,2.454863,0.24583446979522705,0.8797653913497925,0.2767364978790283
YMR075W,YGL037C,1,2.454184,0.24604041874408722,0.8807429075241089,0.2767364978790283
YDR443C,YIR008C,0,2.4541597,0.24597324430942535,0.8807429075241089,0.27683672308921814
YKL026C,YBR283C,0,2.45371,0.24590611457824707,0.8807429075241089,0.27693694829940796
YML078W,YDR488C,0,2.4532194,0.24583901464939117,0.8807429075241089,0.2770371735095978
YPL255W,YHR108W,0,2.4529698,0.24577195942401886,0.8807429075241089,0.27713742852211
YML024W,YBR127C,0,2.4513896,0.24570493400096893,0.8807429075241089,0.2772376537322998
YFR028C,YNL242W,0,2.4510665,0.2456379532814026,0.8807429075241089,0.2773378789424896
YKL160W,YML125C,0,2.45052,0.24557100236415863,0.8807429075241089,0.27743810415267944
YGL179C,YJL008C,0,2.450028,0.24550408124923706,0.8807429075241089,0.27753832936286926
YNL220W,YNL099C,0,2.449455,0.24543720483779907,0.8807429075241089,0.2776385545730591
YIL016W,YNL164C,0,2.4490876,0.24537037312984467,0.8807429075241089,0.2777388095855713
YJL151C,YLR019W,0,2.448745,0.24530357122421265,0.8807429075241089,0.2778390347957611
YFL055W,YHR170W,0,2.448661,0.24523679912090302,0.8807429075241089,0.2779392600059509
YDR128W,YGR253C,0,2.4462647,0.24517007172107697,0.8807429075241089,0.27803948521614075
YLR439W,YFR047C,0,2.4455214,0.2451033741235733,0.8807429075241089,0.27813971042633057
YGL028C,YOR141C,0,2.4450843,0.24503672122955322,0.8807429075241089,0.2782399654388428
YKR099C-A,YDL235C,0,2.4448714,0.24497009813785553,0.8807429075241089,0.2783401906490326
YLR013W,YDR441C,0,2.444765,0.24490350484848022,0.8807429075241089,0.2784404158592224
YDR513W,YDR536W,0,2.4441862,0.2448369562625885,0.8807429075241089,0.27854064106941223
YLR170C,YGR109C,0,2.443591,0.24477043747901917,0.8807429075241089,0.27864086627960205
YKL024C,YNR022C,0,2.4435046,0.2447039633989334,0.8807429075241089,0.27874109148979187
YGR202C,YDR447C,0,2.4434638,0.24463751912117004,0.8807429075241089,0.2788413465023041
YJR014W,YJL020C,0,2.4423287,0.24457111954689026,0.8807429075241089,0.2789415717124939
YCR004C,YML075C,0,2.4415412,0.24450474977493286,0.8807429075241089,0.2790417969226837
YDR122W,YNL075W,0,2.441389,0.24443840980529785,0.8807429075241089,0.27914202213287354
YGR080W,YJL196C,0,2.4412796,0.24437211453914642,0.8807429075241089,0.27924224734306335
YDR243C,YPL144W,0,2.441171,0.24430586397647858,0.8807429075241089,0.27934250235557556
YGL223C,YPL255W,0,2.4407086,0.24423962831497192,0.8807429075241089,0.2794427275657654
YDR075W,YDR462W,0,2.440457,0.24417343735694885,0.8807429075241089,0.2795429527759552
YCL067C,YDL166C,0,2.440024,0.24410729110240936,0.8807429075241089,0.279643177986145
YJL127C,YMR069W,1,2.4390373,0.24431203305721283,0.8817204236984253,0.279643177986145
YLR090W,YLR071C,0,2.4387584,0.24424587190151215,0.8817204236984253,0.27974340319633484
YKL059C,YMR024W,0,2.4380703,0.24417975544929504,0.8817204236984253,0.27984362840652466
YOL005C,YAL068C,0,2.4373868,0.24411366879940033,0.8817204236984253,0.27994388341903687
YFL062W,YDR139C,0,2.4370887,0.244047611951828,0.8817204236984253,0.2800441086292267
YPL005W,YHR118C,0,2.4349546,0.24398159980773926,0.8817204236984253,0.2801443338394165
YOR177C,YMR044W,0,2.4349523,0.2439156323671341,0.8817204236984253,0.2802445590496063
YDL098C,YNL159C,0,2.434624,0.24384969472885132,0.8817204236984253,0.28034478425979614
YGL166W,YJL129C,0,2.4342022,0.24378378689289093,0.8817204236984253,0.28044500946998596
YLR192C,YDL095W,0,2.431694,0.24371790885925293,0.8817204236984253,0.28054526448249817
YHR207C,YGL035C,0,2.4310386,0.2436520755290985,0.8817204236984253,0.280645489692688
YDL051W,YNL189W,0,2.430152,0.24358628690242767,0.8817204236984253,0.2807457149028778
YIL168W,YBR012W-B,0,2.4300847,0.24352051317691803,0.8817204236984253,0.2808459401130676
YGL017W,YBL091C,0,2.4289532,0.24345478415489197,0.8817204236984253,0.28094616532325745
YJL143W,YHR026W,0,2.4286578,0.2433890998363495,0.8817204236984253,0.28104642033576965
YOL041C,YER161C,0,2.4285412,0.2433234453201294,0.8817204236984253,0.2811466455459595
YER142C,YBR279W,0,2.4284413,0.2432578206062317,0.8817204236984253,0.2812468707561493
YCR068W,YDR058C,0,2.4266253,0.24319224059581757,0.8817204236984253,0.2813470959663391
YLR467W,YGL194C,0,2.4265223,0.24312669038772583,0.8817204236984253,0.28144732117652893
YGR142W,YDR300C,0,2.4264884,0.24306116998195648,0.8817204236984253,0.28154754638671875
YPL169C,YDR284C,0,2.4258149,0.24299569427967072,0.8817204236984253,0.28164780139923096
YKL218C,YPR118W,0,2.4244623,0.24293024837970734,0.8817204236984253,0.2817480266094208
YEL015W,YBR087W,0,2.4238024,0.24286483228206635,0.8817204236984253,0.2818482518196106
YOR234C,YIR002C,0,2.4234755,0.24279946088790894,0.8817204236984253,0.2819484770298004
YJL207C,YMR135C,0,2.4232001,0.2427341192960739,0.8817204236984253,0.28204870223999023
YLR214W,YHR216W,0,2.4229674,0.24266882240772247,0.8817204236984253,0.28214895725250244
YGR098C,YLR451W,0,2.4217277,0.24260355532169342,0.8817204236984253,0.28224918246269226
YJR097W,YGL206C,0,2.4184518,0.24253831803798676,0.8817204236984253,0.2823494076728821
YHL007C,YHR099W,0,2.418275,0.24247312545776367,0.8817204236984253,0.2824496328830719
YGL065C,YML095C,0,2.4171057,0.24240794777870178,0.8817204236984253,0.2825498580932617
YGL029W,YAL008W,0,2.4170966,0.24234282970428467,0.8817204236984253,0.28265008330345154
YCR052W,YGR002C,1,2.4164526,0.24254633486270905,0.8826979398727417,0.28265008330345154
YNL090W,YPL226W,0,2.4126256,0.24248120188713074,0.8826979398727417,0.28275033831596375
YLR390W-A,YDR323C,0,2.4116461,0.242416113615036,0.8826979398727417,0.28285056352615356
YDL019C,YMR149W,0,2.4104695,0.24235104024410248,0.8826979398727417,0.2829507887363434
YDR246W,YGL087C,0,2.4103565,0.24228602647781372,0.8826979398727417,0.2830510139465332
YOL059W,YML066C,0,2.4098854,0.24222102761268616,0.8826979398727417,0.283151239156723
YAR002W,YDR106W,1,2.4098825,0.24242424964904785,0.8836754560470581,0.283151239156723
YLR034C,YMR009W,0,2.40981,0.2423592507839203,0.8836754560470581,0.28325146436691284
YKL081W,YNR032W,0,2.4091105,0.2422942966222763,0.8836754560470581,0.28335171937942505
YNL326C,YER155C,0,2.4088953,0.2422293722629547,0.8836754560470581,0.28345194458961487
YOR242C,YNL326C,0,2.4063597,0.2421644777059555,0.8836754560470581,0.2835521697998047
YBL021C,YLR056W,0,2.405178,0.24209962785243988,0.8836754560470581,0.2836523950099945
YDL030W,YIL016W,0,2.4047248,0.24203480780124664,0.8836754560470581,0.2837526202201843
YBR218C,YLL052C,0,2.404654,0.2419700175523758,0.8836754560470581,0.28385287523269653
YLR370C,YPL190C,0,2.4045715,0.24190527200698853,0.8836754560470581,0.28395310044288635
YML086C,YKR029C,0,2.4042144,0.24184055626392365,0.8836754560470581,0.28405332565307617
YKL173W,YGR030C,0,2.4025826,0.24177587032318115,0.8836754560470581,0.284153550863266
YGL194C,YJL021C,0,2.4023223,0.24171122908592224,0.8836754560470581,0.2842537760734558
YOL090W,YAL019W,1,2.4020796,0.24191392958164215,0.8846529722213745,0.2842537760734558
YEL044W,YFL035C-A,0,2.4019816,0.24184927344322205,0.8846529722213745,0.28435400128364563
YKL188C,YKL160W,0,2.4019136,0.24178466200828552,0.8846529722213745,0.28445425629615784
YCR039C,YPR183W,0,2.4011295,0.2417200803756714,0.8846529722213745,0.28455448150634766
YGL065C,YLR398C,0,2.400399,0.24165554344654083,0.8846529722213745,0.2846547067165375
YDL104C,YLL038C,0,2.397444,0.24159103631973267,0.8846529722213745,0.2847549319267273
YER144C,YPR046W,0,2.3964376,0.2415265589952469,0.8846529722213745,0.2848551571369171
YBR264C,YKL143W,0,2.3941476,0.2414621114730835,0.8846529722213745,0.2849554121494293
YAL034C,YDR310C,1,2.393078,0.24166443943977356,0.8856304883956909,0.2849554121494293
YPR140W,YPL137C,0,2.3930511,0.24160000681877136,0.8856304883956909,0.28505563735961914
YMR051C,YNR045W,0,2.3926694,0.24153558909893036,0.8856304883956909,0.28515586256980896
YHL007C,YDR238C,0,2.3922958,0.24147121608257294,0.8856304883956909,0.2852560877799988
YDR425W,YAR050W,0,2.3918476,0.2414068728685379,0.8856304883956909,0.2853563129901886
YER124C,YHR026W,0,2.3917994,0.24134257435798645,0.8856304883956909,0.2854565382003784
YFL036W,YLR119W,0,2.3915539,0.2412782907485962,0.8856304883956909,0.2855567932128906
YFL039C,YOR306C,0,2.3905258,0.24121405184268951,0.8856304883956909,0.28565701842308044
YMR154C,YER176W,0,2.3885465,0.24114985764026642,0.8856304883956909,0.28575724363327026
YCL039W,YOL089C,0,2.3879776,0.24108567833900452,0.8856304883956909,0.2858574688434601
YLL010C,YML076C,0,2.3864608,0.2410215437412262,0.8856304883956909,0.2859576940536499
YLL010C,YNL064C,0,2.3859067,0.24095745384693146,0.8856304883956909,0.2860579192638397
YAL023C,YDR086C,0,2.3848891,0.2408933788537979,0.8856304883956909,0.28615817427635193
YLR066W,YPR032W,0,2.3842847,0.24082934856414795,0.8856304883956909,0.28625839948654175
YDR279W,YNL005C,0,2.3842301,0.24076534807682037,0.8856304883956909,0.28635862469673157
YPL169C,YMR100W,0,2.3839965,0.24070137739181519,0.8856304883956909,0.2864588499069214
YBL091C,YIL114C,0,2.3834114,0.24063745141029358,0.8856304883956909,0.2865590751171112
YBL106C,YKL137W,0,2.3825336,0.24057355523109436,0.8856304883956909,0.2866593301296234
YEL001C,YOL006C,0,2.3821146,0.24050968885421753,0.8856304883956909,0.28675955533981323
YMR063W,YEL002C,0,2.3819242,0.24044586718082428,0.8856304883956909,0.28685978055000305
YML027W,YDR312W,0,2.3817914,0.24038206040859222,0.8856304883956909,0.28696000576019287
YML123C,YPL204W,0,2.3816712,0.24031829833984375,0.8856304883956909,0.2870602309703827
YDR050C,YNL312W,0,2.3806443,0.24025458097457886,0.8856304883956909,0.2871604561805725
YGL086W,YFR016C,0,2.3802524,0.24019087851047516,0.8856304883956909,0.2872607111930847
YPL117C,YML031W,0,2.3799515,0.24012722074985504,0.8856304883956909,0.28736093640327454
YBL030C,YDR487C,0,2.3790135,0.2400635927915573,0.8856304883956909,0.28746116161346436
YGL016W,YLR333C,0,2.3789396,0.23999999463558197,0.8856304883956909,0.2875613868236542
YGR013W,YKL091C,0,2.3779979,0.2399364411830902,0.8856304883956909,0.287661612033844
YHL003C,YKR046C,0,2.3774629,0.23987291753292084,0.8856304883956909,0.2877618670463562
YER065C,YPL048W,0,2.3773243,0.23980942368507385,0.8856304883956909,0.287862092256546
YOR335C,YKL011C,0,2.3770719,0.23974595963954926,0.8856304883956909,0.28796231746673584
YLR467W,YGL137W,0,2.377054,0.23968254029750824,0.8856304883956909,0.28806254267692566
YER142C,YBR167C,0,2.3761866,0.2396191507577896,0.8856304883956909,0.2881627678871155
YPR068C,YOR213C,1,2.3761768,0.239820197224617,0.8866080045700073,0.2881627678871155
YBR049C,YGL054C,0,2.3746028,0.23975680768489838,0.8866080045700073,0.2882629930973053
YGR163W,YDR238C,0,2.372852,0.23969344794750214,0.8866080045700073,0.2883632481098175
YPR008W,YGR129W,0,2.37253,0.23963011801242828,0.8866080045700073,0.2884634733200073
YDL117W,YNL183C,0,2.3703747,0.23956681787967682,0.8866080045700073,0.28856369853019714
YLR433C,YCL005W-A,0,2.3699954,0.23950356245040894,0.8866080045700073,0.28866392374038696
YKR099W,YML116W,0,2.3696547,0.23944033682346344,0.8866080045700073,0.2887641489505768
YDR071C,YCR020W-B,1,2.368353,0.23964107036590576,0.8875855207443237,0.2887641489505768
YPR046W,YJR015W,0,2.367858,0.23957782983779907,0.8875855207443237,0.2888643741607666
YNL030W,YPL216W,1,2.3669686,0.23977842926979065,0.8885630369186401,0.2888643741607666
YPL227C,YMR234W,0,2.3668003,0.23971518874168396,0.8885630369186401,0.2889646291732788
YLR258W,YER068W,0,2.3666983,0.23965199291706085,0.8885630369186401,0.28906485438346863
YBR188C,YIL158W,0,2.3644493,0.23958882689476013,0.8885630369186401,0.28916507959365845
YMR125W,YGR262C,0,2.3642688,0.2395256906747818,0.8885630369186401,0.28926530480384827
YIR033W,YPL265W,0,2.3642085,0.23946259915828705,0.8885630369186401,0.2893655300140381
YGR295C,YDR019C,0,2.3639698,0.2393995225429535,0.8885630369186401,0.2894657850265503
YMR318C,YER183C,0,2.3629642,0.23933649063110352,0.8885630369186401,0.2895660102367401
YAL021C,YML107C,0,2.3628488,0.23927348852157593,0.8885630369186401,0.28966623544692993
YBL103C,YLL005C,0,2.3626175,0.23921053111553192,0.8885630369186401,0.28976646065711975
YER032W,YER170W,0,2.362578,0.2391475886106491,0.8885630369186401,0.28986668586730957
YOL059W,YJR090C,0,2.3587193,0.23908469080924988,0.8885630369186401,0.2899669110774994
YMR311C,YOL115W,0,2.3584461,0.23902182281017303,0.8885630369186401,0.2900671660900116
YHR001W,YLR451W,0,2.3573523,0.23895898461341858,0.8885630369186401,0.2901673913002014
YEL032W,YPR065W,0,2.3559036,0.2388961911201477,0.8885630369186401,0.29026761651039124
YGR289C,YHR188C,0,2.3553078,0.23883342742919922,0.8885630369186401,0.29036784172058105
YMR045C,YJR086W,0,2.3547935,0.23877067863941193,0.8885630369186401,0.2904680669307709
YNL066W,YMR059W,0,2.353457,0.2387079894542694,0.8885630369186401,0.2905683219432831
YPL157W,YOR068C,0,2.3529706,0.23864531517028809,0.8885630369186401,0.2906685471534729
YJL080C,YLR442C,1,2.3525841,0.23884513974189758,0.8895405530929565,0.2906685471534729
YLR077W,YMR220W,0,2.3516116,0.23878246545791626,0.8895405530929565,0.2907687723636627
YLR417W,YNL289W,0,2.3499494,0.23871983587741852,0.8895405530929565,0.29086899757385254
YJL008C,YBL064C,0,2.3491633,0.23865722119808197,0.8895405530929565,0.29096922278404236
YAL048C,YJR150C,0,2.3481984,0.238594651222229,0.8895405530929565,0.2910694479942322
YER096W,YGR200C,0,2.3476408,0.23853211104869843,0.8895405530929565,0.2911697030067444
YHR039C,YOR034C,0,2.3475966,0.23846960067749023,0.8895405530929565,0.2912699282169342
YOR081C,YML063W,0,2.3464289,0.23840712010860443,0.8895405530929565,0.291370153427124
YPR079W,YPL053C,0,2.345377,0.2383446842432022,0.8895405530929565,0.29147037863731384
YNR024W,YNL308C,0,2.3443017,0.23828227818012238,0.8895405530929565,0.29157060384750366
YJL154C,YBR254C,0,2.344283,0.23821990191936493,0.8895405530929565,0.2916708290576935
YHR207C,YDL143W,0,2.3441954,0.23815755546092987,0.8895405530929565,0.2917710840702057
YOL130W,YBL016W,0,2.3419108,0.2380952388048172,0.8895405530929565,0.2918713092803955
YOR224C,YIR010W,0,2.3396878,0.23803295195102692,0.8895405530929565,0.2919715344905853
YDL145C,YLR115W,0,2.3396697,0.23797070980072021,0.8895405530929565,0.29207175970077515
YKL049C,YDR329C,0,2.3394432,0.2379084974527359,0.8895405530929565,0.29217198491096497
YGR033C,YOR030W,0,2.3388543,0.23784631490707397,0.8895405530929565,0.2922722399234772
YDR244W,YOL003C,0,2.338717,0.23778416216373444,0.8895405530929565,0.292372465133667
YPL069C,YMR059W,0,2.3358846,0.23772205412387848,0.8895405530929565,0.2924726903438568
YGL029W,YJL184W,0,2.3353364,0.23765996098518372,0.8895405530929565,0.29257291555404663
YIL017C,YAL032C,0,2.334804,0.23759791254997253,0.8895405530929565,0.29267314076423645
YCR039C,YPL055C,0,2.3347526,0.23753589391708374,0.8895405530929565,0.29277336597442627
YCR018C,YGL238W,0,2.3330364,0.23747390508651733,0.8895405530929565,0.2928736209869385
YOR153W,YIL041W,0,2.3328662,0.23741194605827332,0.8895405530929565,0.2929738461971283
YCR020C,YBL063W,0,2.3324652,0.23735003173351288,0.8895405530929565,0.2930740714073181
YJL219W,YPL156C,0,2.3308654,0.23728813230991364,0.8895405530929565,0.29317429661750793
YLR285W,YDL070W,1,2.3305662,0.23748695850372314,0.890518069267273,0.29317429661750793
YFL062W,YAL014C,0,2.329011,0.2374250739812851,0.890518069267273,0.29327452182769775
YOR103C,YLR448W,0,2.3239837,0.23736320436000824,0.890518069267273,0.29337477684020996
YNL081C,YIL085C,0,2.3239336,0.23730137944221497,0.890518069267273,0.2934750020503998
YJR108W,YNL031C,0,2.3219519,0.23723958432674408,0.890518069267273,0.2935752272605896
YKL054C,YOL030W,0,2.3204508,0.23717781901359558,0.890518069267273,0.2936754524707794
YIL109C,YPR005C,0,2.3202887,0.23711608350276947,0.890518069267273,0.29377567768096924
YEL054C,YDL049C,0,2.31996,0.23705437779426575,0.890518069267273,0.29387590289115906
YBL042C,YML121W,0,2.3199415,0.2369927167892456,0.890518069267273,0.29397615790367126
YDL240W,YLR045C,0,2.3196118,0.23693108558654785,0.890518069267273,0.2940763831138611
YLR229C,YBR153W,0,2.3182929,0.2368694692850113,0.890518069267273,0.2941766083240509
YER153C,YDR023W,0,2.3174648,0.2368078976869583,0.890518069267273,0.2942768335342407
YJL129C,YAL035W,0,2.314675,0.23674635589122772,0.890518069267273,0.29437705874443054
YOR003W,YDL139C,0,2.3146195,0.2366848587989807,0.890518069267273,0.29447728395462036
YGR055W,YCL020W,0,2.314612,0.2366233766078949,0.890518069267273,0.29457753896713257
YJR052W,YLR118C,0,2.3145332,0.23656193912029266,0.890518069267273,0.2946777641773224
YJR102C,YDR127W,0,2.3105726,0.23650051653385162,0.890518069267273,0.2947779893875122
YBL017C,YMR235C,0,2.3102427,0.23643913865089417,0.890518069267273,0.294878214597702
YLR310C,YHR034C,0,2.3093407,0.2363777905702591,0.890518069267273,0.29497843980789185
YKL043W,YGR040W,0,2.3078637,0.2363164722919464,0.890518069267273,0.29507869482040405
YPR107C,YNL245C,0,2.3072844,0.23625518381595612,0.890518069267273,0.29517892003059387
YHR072W-A,YBR044C,0,2.307078,0.2361939400434494,0.890518069267273,0.2952791452407837
YJL121C,YDL231C,0,2.3059583,0.23613271117210388,0.890518069267273,0.2953793704509735
YPR104C,YHR160C,0,2.3053827,0.23607152700424194,0.890518069267273,0.29547959566116333
YLR210W,YNL045W,0,2.3039837,0.2360103577375412,0.890518069267273,0.29557982087135315
YLR307W,YBR296C,0,2.3030944,0.23594923317432404,0.890518069267273,0.29568007588386536
YER065C,YOR175C,0,2.3025084,0.23588813841342926,0.890518069267273,0.2957803010940552
YEL016C,YOR273C,0,2.3024254,0.23582707345485687,0.890518069267273,0.295880526304245
YKR092C,YGR028W,0,2.3021843,0.23576603829860687,0.890518069267273,0.2959807515144348
YPL117C,YBR089C-A,0,2.2981303,0.23570504784584045,0.890518069267273,0.29608097672462463
YJL076W,YKL198C,0,2.298019,0.23564407229423523,0.890518069267273,0.29618120193481445
YOR075W,YML015C,0,2.297719,0.2355831414461136,0.890518069267273,0.29628145694732666
YGR023W,YKL006C-A,0,2.2976043,0.23552224040031433,0.890518069267273,0.2963816821575165
YGL222C,YGL211W,0,2.2972946,0.23546135425567627,0.890518069267273,0.2964819073677063
YDL239C,YKL196C,0,2.296057,0.2354005128145218,0.890518069267273,0.2965821325778961
YBL071W-A,YLR004C,0,2.295496,0.2353397011756897,0.890518069267273,0.29668235778808594
YKL020C,YBR195C,1,2.2954135,0.23553718626499176,0.8914955854415894,0.29668235778808594
YIR009W,YPL228W,0,2.2953932,0.23547637462615967,0.8914955854415894,0.29678261280059814
YGR028W,YLR106C,0,2.293568,0.23541559278964996,0.8914955854415894,0.29688283801078796
YLL009C,YNL048W,0,2.2927618,0.23535484075546265,0.8914955854415894,0.2969830632209778
YNL007C,YAR018C,0,2.290596,0.23529411852359772,0.8914955854415894,0.2970832884311676
YIL016W,YMR242C,0,2.288258,0.23523342609405518,0.8914955854415894,0.2971835136413574
YIL124W,YOR116C,0,2.2880387,0.23517276346683502,0.8914955854415894,0.29728373885154724
YGL012W,YHR007C,0,2.2856343,0.23511214554309845,0.8914955854415894,0.29738399386405945
YDR303C,YDR477W,0,2.2856102,0.23505154252052307,0.8914955854415894,0.29748421907424927
YKL010C,YPL069C,0,2.285509,0.23499098420143127,0.8914955854415894,0.2975844442844391
YPL096C-A,YDR339C,0,2.2848492,0.23493044078350067,0.8914955854415894,0.2976846694946289
YGL198W,YOL067C,0,2.2846773,0.23486994206905365,0.8914955854415894,0.2977848947048187
YMR158W,YJL026W,0,2.2840176,0.23480947315692902,0.8914955854415894,0.29788514971733093
YML115C,YGL211W,0,2.2812042,0.23474903404712677,0.8914955854415894,0.29798537492752075
YJL183W,YOR227W,0,2.280902,0.2346886247396469,0.8914955854415894,0.29808560013771057
YMR055C,YCR094W,0,2.280823,0.23462824523448944,0.8914955854415894,0.2981858253479004
YAL055W,YDR012W,0,2.2800598,0.23456789553165436,0.8914955854415894,0.2982860505580902
YBR208C,YPL029W,0,2.2792814,0.23450759053230286,0.8914955854415894,0.29838627576828003
YER087C-A,YMR201C,0,2.2791615,0.23444730043411255,0.8914955854415894,0.29848653078079224
YKR031C,YDL008W,0,2.2789006,0.23438704013824463,0.8914955854415894,0.29858675599098206
YIL138C,YKR029C,0,2.278782,0.2343268245458603,0.8914955854415894,0.2986869812011719
YBR004C,YBR078W,0,2.2770274,0.23426663875579834,0.8914955854415894,0.2987872064113617
YER016W,YOR150W,0,2.2753835,0.23420646786689758,0.8914955854415894,0.2988874316215515
YJL047C,YDR363W-A,0,2.2738743,0.2341463416814804,0.8914955854415894,0.29898765683174133
YDR483W,YPL123C,0,2.2729402,0.23408624529838562,0.8914955854415894,0.29908791184425354
YJR135C,YBR058C,0,2.2726264,0.23402617871761322,0.8914955854415894,0.29918813705444336
YJR117W,YAL056W,0,2.2715263,0.2339661419391632,0.8914955854415894,0.2992883622646332
YJL197W,YPL249C-A,0,2.2702081,0.23390613496303558,0.8914955854415894,0.299388587474823
YPR082C,YBL016W,0,2.2695587,0.23384615778923035,0.8914955854415894,0.2994888126850128
YKL112W,YNR061C,0,2.2689297,0.2337862104177475,0.8914955854415894,0.299589067697525
YFR055W,YDL117W,0,2.2688234,0.23372629284858704,0.8914955854415894,0.29968929290771484
YNL106C,YPR057W,0,2.2685392,0.23366640508174896,0.8914955854415894,0.29978951811790466
YLR128W,YGL027C,0,2.2675018,0.23360656201839447,0.8914955854415894,0.2998897433280945
YCL016C,YOL061W,0,2.267291,0.23354673385620117,0.8914955854415894,0.2999899685382843
YPL015C,YDR532C,0,2.2670827,0.23348695039749146,0.8914955854415894,0.3000901937484741
YJL143W,YNL159C,0,2.2655377,0.23342718183994293,0.8914955854415894,0.30019044876098633
YLR189C,YEL015W,0,2.2648103,0.233367457985878,0.8914955854415894,0.30029067397117615
YDL243C,YBR123C,0,2.2645917,0.23330774903297424,0.8914955854415894,0.30039089918136597
YGL210W-A,YDR279W,0,2.2640889,0.23324808478355408,0.8914955854415894,0.3004911243915558
YKL012W,YDR376W,0,2.264061,0.2331884354352951,0.8914955854415894,0.3005913496017456
YDR367W,YMR149W,0,2.2640586,0.23312883079051971,0.8914955854415894,0.3006916046142578
YML065W,YBL079W,1,2.262141,0.2333248108625412,0.8924731016159058,0.3006916046142578
YNL210W,YCL019W,0,2.2618313,0.2332652062177658,0.8924731016159058,0.30079182982444763
YBR015C,YKR049C,0,2.2617168,0.2332056164741516,0.8924731016159058,0.30089205503463745
YGL105W,YLR144C,0,2.2599864,0.233146071434021,0.8924731016159058,0.30099228024482727
YPL057C,YDL004W,0,2.2574494,0.23308654129505157,0.8924731016159058,0.3010925054550171
YGR261C,YBL099W,0,2.25697,0.23302705585956573,0.8924731016159058,0.3011927306652069
YJL092W,YPL123C,0,2.2551677,0.23296760022640228,0.8924731016159058,0.3012929856777191
YDR160W,YDR376W,0,2.2546382,0.23290815949440002,0.8924731016159058,0.30139321088790894
YJL127C,YCR017C,0,2.25458,0.23284876346588135,0.8924731016159058,0.30149343609809875
YHR006W,YBR299W,0,2.2538776,0.23278939723968506,0.8924731016159058,0.3015936613082886
YNL002C,YKR048C,0,2.2537766,0.23273006081581116,0.8924731016159058,0.3016938865184784
YOR058C,YNL051W,0,2.2536545,0.23267073929309845,0.8924731016159058,0.3017941117286682
YDL134C-A,YKL042W,0,2.2532642,0.23261146247386932,0.8924731016159058,0.3018943667411804
YMR045C,YGR063C,0,2.2529788,0.23255221545696259,0.8924731016159058,0.30199459195137024
YHR072W,YDL002C,0,2.2521656,0.23249299824237823,0.8924731016159058,0.30209481716156006
YDR495C,YLR034C,0,2.2515283,0.23243381083011627,0.8924731016159058,0.3021950423717499
YER114C,YAR050W,0,2.2511363,0.2323746532201767,0.8924731016159058,0.3022952675819397
YDR071C,YJR136C,1,2.2501588,0.23256997764110565,0.8934506177902222,0.3022952675819397
YOR265W,YDR323C,0,2.2497654,0.23251080513000488,0.8934506177902222,0.3023955225944519
YHR043C,YHR081W,0,2.2491827,0.2324516773223877,0.8934506177902222,0.3024957478046417
YML077W,YML093W,0,2.2487712,0.2323925793170929,0.8934506177902222,0.30259597301483154
YLR210W,YMR223W,0,2.247921,0.2323334962129593,0.8934506177902222,0.30269619822502136
YOR046C,YOR330C,0,2.24781,0.23227445781230927,0.8934506177902222,0.3027964234352112
YDL195W,YOL096C,0,2.2454605,0.23221544921398163,0.8934506177902222,0.302896648645401
YER127W,YLR368W,0,2.2439575,0.23215647041797638,0.8934506177902222,0.3029969036579132
YKR029C,YER140W,0,2.241805,0.23209750652313232,0.8934506177902222,0.303097128868103
YCR069W,YDR462W,0,2.2414863,0.23203858733177185,0.8934506177902222,0.30319735407829285
YPL157W,YDR113C,0,2.2409687,0.23197969794273376,0.8934506177902222,0.30329757928848267
YDL239C,YOR205C,0,2.2402072,0.23192083835601807,0.8934506177902222,0.3033978044986725
YPL089C,YKR099C-A,0,2.2395802,0.23186199367046356,0.8934506177902222,0.3034980595111847
YDR118W,YMR100W,0,2.239493,0.23180319368839264,0.8934506177902222,0.3035982847213745
YNL339C,YOR070C,0,2.2388308,0.2317444235086441,0.8934506177902222,0.30369850993156433
YAL032C,YJR052W,0,2.2387476,0.23168568313121796,0.8934506177902222,0.30379873514175415
YPL038W,YNL130C,0,2.2386632,0.231626957654953,0.8934506177902222,0.30389896035194397
YPR036W,YPR017C,0,2.238412,0.23156827688217163,0.8934506177902222,0.3039991855621338
YJR073C,YPR118W,0,2.2381058,0.23150962591171265,0.8934506177902222,0.304099440574646
YDL060W,YNL099C,0,2.2349064,0.23145100474357605,0.8934506177902222,0.3041996657848358
YER063W,YHR112C,0,2.2336373,0.23139239847660065,0.8934506177902222,0.30429989099502563
YHR072W-A,YML129C,0,2.2306027,0.23133383691310883,0.8934506177902222,0.30440011620521545
YIL072W,YMR121C,0,2.2302167,0.2312753051519394,0.8934506177902222,0.3045003414154053
YIL062C,YIL148W,0,2.2300353,0.23121680319309235,0.8934506177902222,0.3046005666255951
YFL025C,YKL087C,0,2.2296631,0.2311583161354065,0.8934506177902222,0.3047008216381073
YGL089C,YGR108W,0,2.229422,0.23109987378120422,0.8934506177902222,0.3048010468482971
YDR027C,YOR290C,0,2.2263837,0.23104146122932434,0.8934506177902222,0.30490127205848694
YBR203W,YPL028W,0,2.2248535,0.23098306357860565,0.8934506177902222,0.30500149726867676
YIL063C,YOR272W,0,2.2245727,0.23092471063137054,0.8934506177902222,0.3051017224788666
YGR278W,YDL175C,0,2.2238135,0.23086638748645782,0.8934506177902222,0.3052019774913788
YPL153C,YDR268W,0,2.2236056,0.2308080792427063,0.8934506177902222,0.3053022027015686
YML120C,YJL168C,0,2.2229571,0.23074981570243835,0.8934506177902222,0.3054024279117584
YLR229C,YDL165W,0,2.2228692,0.2306915670633316,0.8934506177902222,0.30550265312194824
YDR446W,YOL080C,0,2.2228024,0.23063336312770844,0.8934506177902222,0.30560287833213806
YIL062C,YJR007W,0,2.2220917,0.23057517409324646,0.8934506177902222,0.3057031035423279
YBL002W,YPL121C,0,2.2219458,0.23051702976226807,0.8934506177902222,0.3058033585548401
YDR379W,YKR094C,0,2.2211986,0.23045890033245087,0.8934506177902222,0.3059035837650299
YKR101W,YNL136W,1,2.2203526,0.23065288364887238,0.8944281339645386,0.3059035837650299
YOR080W,YDR480W,0,2.2194228,0.23059475421905518,0.8944281339645386,0.3060038089752197
YAL032C,YER007W,0,2.2184105,0.23053665459156036,0.8944281339645386,0.30610403418540955
YKR086W,YLR313C,0,2.218282,0.23047858476638794,0.8944281339645386,0.30620425939559937
YMR071C,YGR063C,0,2.2180865,0.2304205447435379,0.8944281339645386,0.3063045144081116
YOR103C,YLR409C,0,2.2168932,0.23036253452301025,0.8944281339645386,0.3064047396183014
YML031W,YLR174W,0,2.2168183,0.230304554104805,0.8944281339645386,0.3065049648284912
YOL125W,YCR028C-A,0,2.2159019,0.23024660348892212,0.8944281339645386,0.30660519003868103
YMR029C,YGL063W,0,2.215228,0.23018868267536163,0.8944281339645386,0.30670541524887085
YMR292W,YIL147C,0,2.2146487,0.23013079166412354,0.8944281339645386,0.30680564045906067
YLR098C,YNL218W,0,2.2127213,0.23007291555404663,0.8944281339645386,0.3069058954715729
YOR344C,YDR398W,0,2.2115223,0.2300150841474533,0.8944281339645386,0.3070061206817627
YML059C,YML077W,0,2.2105122,0.22995728254318237,0.8944281339645386,0.3071063458919525
YER133W,YLR293C,0,2.2104816,0.22989949584007263,0.8944281339645386,0.30720657110214233
YML123C,YGL147C,0,2.2099376,0.22984175384044647,0.8944281339645386,0.30730679631233215
YML001W,YNL101W,0,2.2092938,0.2297840267419815,0.8944281339645386,0.307407021522522
YPL138C,YGL224C,0,2.2086916,0.22972634434700012,0.8944281339645386,0.3075072765350342
YBR087W,YHL008C,0,2.2079077,0.22966867685317993,0.8944281339645386,0.307607501745224
YOR083W,YER088C,0,2.2060738,0.22961103916168213,0.8944281339645386,0.3077077269554138
YKL008C,YPL161C,0,2.2047381,0.2295534312725067,0.8944281339645386,0.30780795216560364
YGR120C,YKL099C,0,2.2045424,0.22949586808681488,0.8944281339645386,0.30790817737579346
YOR213C,YPL075W,1,2.2043371,0.22968906164169312,0.895405650138855,0.30790817737579346
YKR083C,YGL093W,0,2.202433,0.2296314835548401,0.895405650138855,0.30800843238830566
YJR027W,YDL120W,0,2.2008362,0.22957393527030945,0.895405650138855,0.3081086575984955
YPL232W,YPR102C,0,2.1991134,0.2295164167881012,0.895405650138855,0.3082088828086853
YJL139C,YER146W,0,2.1989272,0.22945891320705414,0.895405650138855,0.3083091080188751
YDR315C,YOR057W,0,2.1985419,0.22940145432949066,0.895405650138855,0.30840933322906494
YIL147C,YOL039W,0,2.1973858,0.22934401035308838,0.895405650138855,0.30850955843925476
YDR130C,YNL037C,0,2.1967804,0.22928661108016968,0.895405650138855,0.30860981345176697
YEL019C,YDR354W,0,2.195169,0.22922922670841217,0.895405650138855,0.3087100386619568
YBR043C,YDL105W,0,2.1943078,0.22917187213897705,0.895405650138855,0.3088102638721466
YLR341W,YDR342C,0,2.1940026,0.2291145622730255,0.895405650138855,0.3089104890823364
YNL082W,YER004W,0,2.1934338,0.22905726730823517,0.895405650138855,0.30901071429252625
YJR093C,YCR096C,0,2.1928031,0.2290000021457672,0.895405650138855,0.30911096930503845
YML069W,YFL013C,1,2.1924706,0.22919270396232605,0.8963831663131714,0.30911096930503845
YOL019W,YJL033W,0,2.1912203,0.2291354387998581,0.8963831663131714,0.30921119451522827
YBL046W,YPL189C-A,0,2.188592,0.22907818853855133,0.8963831663131714,0.3093114197254181
YFR055W,YER146W,0,2.1884282,0.22902098298072815,0.8963831663131714,0.3094116449356079
YFL009W,YPL049C,0,2.1862924,0.22896379232406616,0.8963831663131714,0.30951187014579773
YDR463W,YGR286C,0,2.1847677,0.22890664637088776,0.8963831663131714,0.30961209535598755
YKL113C,YBR233W-A,0,2.1840792,0.22884951531887054,0.8963831663131714,0.30971235036849976
YIL096C,YML121W,0,2.183522,0.22879241406917572,0.8963831663131714,0.3098125755786896
YFL004W,YHL009C,0,2.1834269,0.22873534262180328,0.8963831663131714,0.3099128007888794
YCL060C,YBR089C-A,1,2.1820183,0.22892768681049347,0.8973606824874878,0.3099128007888794
YML121W,YOL148C,1,2.181835,0.2291199266910553,0.8983381986618042,0.3099128007888794
YHR133C,YDR524C,0,2.1818304,0.22906281054019928,0.8983381986618042,0.3100130259990692
YJL044C,YDR481C,0,2.181248,0.22900572419166565,0.8983381986618042,0.31011325120925903
YDR135C,YIL040W,0,2.1806335,0.2289486825466156,0.8983381986618042,0.31021347641944885
YCR094W,YOR067C,0,2.180246,0.22889165580272675,0.8983381986618042,0.31031373143196106
YJL035C,YGL139W,0,2.1799855,0.22883465886116028,0.8983381986618042,0.3104139566421509
YKR062W,YML062C,0,2.1797726,0.2287776917219162,0.8983381986618042,0.3105141818523407
YPL116W,YER164W,1,2.178605,0.22896963357925415,0.8993157148361206,0.3105141818523407
YOL095C,YMR223W,0,2.1774757,0.22891266644001007,0.8993157148361206,0.3106144070625305
YGR056W,YGR116W,1,2.177267,0.22910447418689728,0.900293231010437,0.3106144070625305
YIL144W,YBR058C,0,2.1752758,0.2290475070476532,0.900293231010437,0.31071463227272034
YPL258C,YLR011W,0,2.1736858,0.2289905548095703,0.900293231010437,0.31081488728523254
YHR207C,YML048W,0,2.1731215,0.22893363237380981,0.900293231010437,0.31091511249542236
YOR344C,YBR162C,0,2.172658,0.2288767397403717,0.900293231010437,0.3110153377056122
YJL019W,YCR053W,0,2.1708677,0.22881987690925598,0.900293231010437,0.311115562915802
YJL050W,YOL049W,0,2.1706321,0.22876304388046265,0.900293231010437,0.3112157881259918
YDR169C,YER056C,0,2.1695304,0.2287062257528305,0.900293231010437,0.31131601333618164
YPL023C,YPL237W,0,2.168901,0.22864945232868195,0.900293231010437,0.31141626834869385
YIL040W,YKL127W,0,2.1687038,0.22859270870685577,0.900293231010437,0.31151649355888367
YDL123W,YBL084C,0,2.1667771,0.2285359799861908,0.900293231010437,0.3116167187690735
YJL115W,YJR056C,0,2.165341,0.2284792810678482,0.900293231010437,0.3117169439792633
YGL131C,YKR105C,0,2.1652405,0.228422611951828,0.900293231010437,0.3118171691894531
YOR321W,YPR156C,0,2.164676,0.22836598753929138,0.900293231010437,0.31191742420196533
YLR097C,YGR274C,0,2.1638546,0.22830936312675476,0.900293231010437,0.31201764941215515
YOR067C,YGL238W,0,2.1631808,0.22825278341770172,0.900293231010437,0.31211787462234497
YER065C,YIL117C,0,2.1631684,0.22819623351097107,0.900293231010437,0.3122180998325348
YLR342W,YLR438C-A,0,2.1604595,0.2281397134065628,0.900293231010437,0.3123183250427246
YPR122W,YGL253W,0,2.1598387,0.22808320820331573,0.900293231010437,0.31241855025291443
YDR054C,YDL043C,0,2.1583712,0.22802673280239105,0.900293231010437,0.31251880526542664
YER111C,YPL033C,0,2.1568713,0.22797030210494995,0.900293231010437,0.31261903047561646
YPL092W,YPL283C,0,2.1555252,0.22791388630867004,0.900293231010437,0.3127192556858063
YGL073W,YLR369W,0,2.155401,0.22785750031471252,0.900293231010437,0.3128194808959961
YER133W,YIL118W,0,2.153319,0.2278011441230774,0.900293231010437,0.3129197061061859
YPR121W,YDR427W,0,2.1533058,0.22774480283260345,0.900293231010437,0.31301993131637573
YLR335W,YPL127C,1,2.1525486,0.22793571650981903,0.9012707471847534,0.31301993131637573
YPL006W,YPL269W,0,2.1521587,0.2278793901205063,0.9012707471847534,0.31312018632888794
YKR072C,YBR293W,0,2.1520686,0.22782307863235474,0.9012707471847534,0.31322041153907776
YGR099W,YBR038W,0,2.1490119,0.22776679694652557,0.9012707471847534,0.3133206367492676
YCR097W,YDR339C,0,2.148112,0.2277105450630188,0.9012707471847534,0.3134208619594574
YBR132C,YLR451W,0,2.147962,0.2276543229818344,0.9012707471847534,0.3135210871696472
YDR135C,YOR017W,0,2.1477273,0.2275981307029724,0.9012707471847534,0.3136213421821594
YPL045W,YAL019W,0,2.1475446,0.2275419533252716,0.9012707471847534,0.31372156739234924
YML042W,YGL098W,0,2.1455092,0.2274858057498932,0.9012707471847534,0.31382179260253906
YLR136C,YGR086C,0,2.1453178,0.22742970287799835,0.9012707471847534,0.3139220178127289
YER042W,YDR532C,0,2.144597,0.2273736149072647,0.9012707471847534,0.3140222430229187
YDL147W,YKL150W,0,2.1445422,0.22731755673885345,0.9012707471847534,0.3141224682331085
YIL126W,YNL194C,0,2.1439228,0.2272615283727646,0.9012707471847534,0.3142227232456207
YPL224C,YEL061C,0,2.1434572,0.22720551490783691,0.9012707471847534,0.31432294845581055
YBR101C,YNL275W,0,2.1429133,0.22714954614639282,0.9012707471847534,0.31442317366600037
YDL052C,YGL229C,0,2.1416426,0.22709359228610992,0.9012707471847534,0.3145233988761902
YDR111C,YNR045W,0,2.1410997,0.22703766822814941,0.9012707471847534,0.31462362408638
YOR369C,YER114C,0,2.140739,0.22698178887367249,0.9012707471847534,0.3147238790988922
YNL180C,YLR438C-A,0,2.1406984,0.22692590951919556,0.9012707471847534,0.31482410430908203
YDR212W,YPL141C,0,2.1404338,0.2268700748682022,0.9012707471847534,0.31492432951927185
YPR201W,YCR031C,0,2.1400719,0.22681427001953125,0.9012707471847534,0.31502455472946167
YBR185C,YML124C,0,2.139463,0.22675848007202148,0.9012707471847534,0.3151247799396515
YIL017C,YLR144C,0,2.1377456,0.2267027348279953,0.9012707471847534,0.3152250051498413
YML124C,YER108C,0,2.133719,0.2266470044851303,0.9012707471847534,0.3153252601623535
YOL012C,YML033W,0,2.1332493,0.2265913039445877,0.9012707471847534,0.31542548537254333
YNL129W,YBR283C,0,2.1319132,0.2265356332063675,0.9012707471847534,0.31552571058273315
YDR267C,YKL158W,0,2.131571,0.22647997736930847,0.9012707471847534,0.315625935792923
YHR128W,YJL021C,0,2.1310015,0.22642436623573303,0.9012707471847534,0.3157261610031128
YOR207C,YNL244C,0,2.130837,0.2263687700033188,0.9012707471847534,0.3158263862133026
YOL103W,YOR358W,0,2.1287136,0.22631320357322693,0.9012707471847534,0.3159266412258148
YMR314W,YOR334W,0,2.1285627,0.22625766694545746,0.9012707471847534,0.31602686643600464
YIL026C,YOR175C,0,2.1283135,0.22620216012001038,0.9012707471847534,0.31612709164619446
YPL156C,YFL024C,0,2.1278658,0.22614668309688568,0.9012707471847534,0.3162273168563843
YBR015C,YKL116C,0,2.127798,0.22609122097492218,0.9012707471847534,0.3163275420665741
YLR090W,YGR292W,0,2.126976,0.22603578865528107,0.9012707471847534,0.3164277970790863
YNL280C,YLR328W,0,2.126658,0.22598038613796234,0.9012707471847534,0.3165280222892761
YGR215W,YAL013W,0,2.1247437,0.225925013422966,0.9012707471847534,0.31662824749946594
YPL115C,YKL109W,0,2.124431,0.22586967051029205,0.9012707471847534,0.31672847270965576
YBR244W,YLR196W,0,2.1242955,0.2258143573999405,0.9012707471847534,0.3168286979198456
YMR081C,YGL013C,0,2.1240416,0.22575905919075012,0.9012707471847534,0.3169289231300354
YDR084C,YBL093C,0,2.1236472,0.22570379078388214,0.9012707471847534,0.3170291781425476
YGR028W,YKL087C,0,2.1235952,0.22564855217933655,0.9012707471847534,0.3171294033527374
YKL184W,YHL001W,0,2.1235294,0.22559334337711334,0.9012707471847534,0.31722962856292725
YDL082W,YPR133C,0,2.1220622,0.22553816437721252,0.9012707471847534,0.31732985377311707
YBR133C,YAL014C,0,2.120867,0.2254830002784729,0.9012707471847534,0.3174300789833069
YNL083W,YFR034C,0,2.1192968,0.22542786598205566,0.9012707471847534,0.3175303339958191
YML021C,YHL002W,0,2.1175718,0.225372776389122,0.9012707471847534,0.3176305592060089
YJL080C,YJL176C,1,2.1173258,0.22556206583976746,0.9022482633590698,0.3176305592060089
YLR220W,YBR009C,0,2.116706,0.2255069613456726,0.9022482633590698,0.31773078441619873
YDL220C,YGL249W,0,2.1151824,0.22545188665390015,0.9022482633590698,0.31783100962638855
YJR110W,YLR298C,0,2.1151147,0.22539682686328888,0.9022482633590698,0.31793123483657837
YIL138C,YIR004W,0,2.1149473,0.225341796875,0.9022482633590698,0.3180314600467682
YLR127C,YPL178W,0,2.113795,0.2252867966890335,0.9022482633590698,0.3181317150592804
YLR044C,YNR027W,0,2.1124651,0.2252318263053894,0.9022482633590698,0.3182319402694702
YKL173W,YPL162C,0,2.1103835,0.2251768708229065,0.9022482633590698,0.31833216547966003
YGR159C,YNL088W,0,2.1102774,0.22512194514274597,0.9022482633590698,0.31843239068984985
YDL019C,YMR283C,0,2.1098917,0.22506706416606903,0.9022482633590698,0.3185326159000397
YMR080C,YDR108W,0,2.108531,0.2250121831893921,0.9022482633590698,0.3186328411102295
YLR134W,YCR020W-B,0,2.108162,0.22495734691619873,0.9022482633590698,0.3187330961227417
YDR021W,YFL025C,0,2.1078682,0.22490254044532776,0.9022482633590698,0.3188333213329315
YOR057W,YNL243W,0,2.107246,0.22484774887561798,0.9022482633590698,0.31893354654312134
YMR080C,YDR430C,0,2.1058998,0.2247929871082306,0.9022482633590698,0.31903377175331116
YCR092C,YKR088C,0,2.10569,0.2247382551431656,0.9022482633590698,0.319133996963501
YIL147C,YLR092W,0,2.1044898,0.22468353807926178,0.9022482633590698,0.3192342519760132
YMR235C,YOR092W,0,2.103672,0.22462886571884155,0.9022482633590698,0.319334477186203
YDR079C-A,YOR059C,0,2.1031637,0.22457420825958252,0.9022482633590698,0.3194347023963928
YGL240W,YGL133W,1,2.1027231,0.22476282715797424,0.9032257795333862,0.3194347023963928
YML076C,YKL099C,0,2.1014678,0.2247081696987152,0.9032257795333862,0.31953492760658264
YIR028W,YMR001C,0,2.101232,0.22465354204177856,0.9032257795333862,0.31963515281677246
YIR002C,YBR164C,0,2.1012225,0.2245989292860031,0.9032257795333862,0.3197353780269623
YML001W,YDR495C,0,2.100975,0.22454434633255005,0.9032257795333862,0.3198356330394745
YBL067C,YPR028W,0,2.1006863,0.22448979318141937,0.9032257795333862,0.3199358582496643
YMR044W,YML096W,0,2.099094,0.22443526983261108,0.9032257795333862,0.3200360834598541
YFR027W,YDL103C,0,2.0984294,0.224380761384964,0.9032257795333862,0.32013630867004395
YDL143W,YDL184C,0,2.0980606,0.22432629764080048,0.9032257795333862,0.32023653388023376
YNL051W,YMR165C,0,2.0980487,0.22427184879779816,0.9032257795333862,0.32033678889274597
YER051W,YFR031C,1,2.0965114,0.22446008026599884,0.9042032957077026,0.32033678889274597
YKL183W,YEL039C,0,2.0942621,0.22440563142299652,0.9042032957077026,0.3204370141029358
YDR326C,YMR242C,0,2.0941625,0.2243511974811554,0.9042032957077026,0.3205372393131256
YJL197W,YIL160C,0,2.094083,0.22429679334163666,0.9042032957077026,0.32063746452331543
YGR033C,YML011C,0,2.0929797,0.2242424190044403,0.9042032957077026,0.32073768973350525
YDR440W,YOR038C,1,2.0918188,0.22443044185638428,0.905180811882019,0.32073768973350525
YML038C,YJL111W,0,2.0912912,0.22437606751918793,0.905180811882019,0.32083791494369507
YCL027C-A,YDL010W,0,2.0911562,0.22432170808315277,0.905180811882019,0.3209381699562073
YFR049W,YNL154C,0,2.0910678,0.22426737844944,0.905180811882019,0.3210383951663971
YGR154C,YDR334W,0,2.0904994,0.22421307861804962,0.905180811882019,0.3211386203765869
YHR072W,YER119C,0,2.0904071,0.22415879368782043,0.905180811882019,0.32123884558677673
YBR065C,YDR122W,0,2.0901246,0.22410455346107483,0.905180811882019,0.32133907079696655
YBR068C,YBR218C,0,2.0859985,0.22405032813549042,0.905180811882019,0.32143929600715637
YDR379W,YML116W,0,2.0847182,0.2239961326122284,0.905180811882019,0.3215395510196686
YBR119W,YOR272W,0,2.083564,0.22394195199012756,0.905180811882019,0.3216397762298584
YIL022W,YCL010C,0,2.082613,0.22388781607151031,0.905180811882019,0.3217400014400482
YNL015W,YKL208W,0,2.081965,0.22383369505405426,0.905180811882019,0.32184022665023804
YGL125W,YDR481C,0,2.0819294,0.2237796038389206,0.905180811882019,0.32194045186042786
YIL017C,YGL079W,0,2.0805936,0.22372554242610931,0.905180811882019,0.32204070687294006
YGL168W,YML045W,0,2.0801864,0.22367149591445923,0.905180811882019,0.3221409320831299
YLL006W,YHR184W,0,2.07922,0.22361747920513153,0.905180811882019,0.3222411572933197
YCR054C,YOR386W,0,2.0788968,0.22356349229812622,0.905180811882019,0.3223413825035095
YNL025C,YNL081C,0,2.077989,0.2235095351934433,0.905180811882019,0.32244160771369934
YIL063C,YGR209C,0,2.0771081,0.22345559298992157,0.905180811882019,0.32254183292388916
YNL216W,YNL279W,0,2.07694,0.22340169548988342,0.905180811882019,0.32264208793640137
YKR100C,YHL004W,0,2.0768502,0.22334779798984528,0.905180811882019,0.3227423131465912
YCL029C,YER048W-A,0,2.0766783,0.2232939451932907,0.905180811882019,0.322842538356781
YOR070C,YJL125C,0,2.0756135,0.22324012219905853,0.905180811882019,0.3229427635669708
YDL065C,YLR102C,0,2.0753357,0.22318631410598755,0.905180811882019,0.32304298877716064
YLR427W,YGR206W,0,2.0751803,0.22313253581523895,0.905180811882019,0.32314324378967285
YLR181C,YOR207C,0,2.0749364,0.22307877242565155,0.905180811882019,0.32324346899986267
YKR101W,YJL127C,1,2.0746439,0.2232659012079239,0.9061583280563354,0.32324346899986267
YIR012W,YDR541C,0,2.074223,0.2232121378183365,0.9061583280563354,0.3233436942100525
YMR081C,YBL027W,0,2.0740612,0.22315840423107147,0.9061583280563354,0.3234439194202423
YGR198W,YKL012W,0,2.0716627,0.22310470044612885,0.9061583280563354,0.32354414463043213
YOL013C,YOR193W,0,2.0703402,0.2230510115623474,0.9061583280563354,0.32364436984062195
YKL140W,YDR002W,0,2.0700502,0.22299735248088837,0.9061583280563354,0.32374462485313416
YGR002C,YDR264C,0,2.0693467,0.2229437232017517,0.9061583280563354,0.323844850063324
YMR273C,YMR307W,1,2.0686,0.22313055396080017,0.9071359038352966,0.323844850063324
YBR089C-A,YOR338W,1,2.0682747,0.22331731021404266,0.908113420009613,0.323844850063324
YMR286W,YDR005C,0,2.06788,0.22326363623142242,0.908113420009613,0.3239450752735138
YMR268C,YJL203W,0,2.0663605,0.22320999205112457,0.908113420009613,0.3240453004837036
YDR180W,YDR489W,0,2.0657165,0.2231563776731491,0.908113420009613,0.32414552569389343
YPL092W,YBR119W,0,2.065574,0.22310279309749603,0.908113420009613,0.32424575090408325
YHR206W,YDR190C,0,2.064839,0.22304922342300415,0.908113420009613,0.32434600591659546
YBL007C,YJR017C,0,2.063906,0.22299568355083466,0.908113420009613,0.3244462311267853
YHR147C,YOL123W,0,2.0629723,0.22294215857982635,0.908113420009613,0.3245464563369751
YPL138C,YER112W,0,2.0629635,0.22288867831230164,0.908113420009613,0.3246466815471649
YGL002W,YBR094W,0,2.062817,0.2228352129459381,0.908113420009613,0.32474690675735474
YGL240W,YCL010C,1,2.061262,0.22302158176898956,0.9090909361839294,0.32474690675735474
YDR358W,YCL067C,0,2.0590978,0.22296811640262604,0.9090909361839294,0.32484716176986694
YER069W,YGR086C,0,2.0586667,0.2229146659374237,0.9090909361839294,0.32494738698005676
YIL008W,YBL014C,0,2.0586357,0.22286124527454376,0.9090909361839294,0.3250476121902466
YKR101W,YLR285W,1,2.0569968,0.2230474352836609,0.9100684523582458,0.3250476121902466
YML127W,YNL257C,0,2.0550601,0.22299401462078094,0.9100684523582458,0.3251478374004364
YPL161C,YHR019C,0,2.052503,0.2229406088590622,0.9100684523582458,0.3252480626106262
YGR284C,YDR179C,0,2.0497925,0.22288723289966583,0.9100684523582458,0.32534828782081604
YLR441C,YIL087C,0,2.0492237,0.22283388674259186,0.9100684523582458,0.32544854283332825
YBR038W,YDR126W,0,2.0462117,0.22278057038784027,0.9100684523582458,0.32554876804351807
YOR109W,YEL038W,0,2.045814,0.22272726893424988,0.9100684523582458,0.3256489932537079
YDR315C,YEL015W,0,2.0449162,0.22267399728298187,0.9100684523582458,0.3257492184638977
YMR230W,YAL048C,0,2.0438495,0.22262075543403625,0.9100684523582458,0.3258494436740875
YBL071W-A,YHR185C,0,2.043206,0.22256752848625183,0.9100684523582458,0.32594969868659973
YOR003W,YLR010C,0,2.0423224,0.222514346241951,0.9100684523582458,0.32604992389678955
YFR046C,YPL103C,0,2.0402517,0.22246116399765015,0.9100684523582458,0.32615014910697937
YOR269W,YLL066C,0,2.0396752,0.22240802645683289,0.9100684523582458,0.3262503743171692
YPR036W,YMR058W,0,2.0388339,0.22235490381717682,0.9100684523582458,0.326350599527359
YKR038C,YLR061W,0,2.0386097,0.22230181097984314,0.9100684523582458,0.32645082473754883
YGL210W,YEL042W,0,2.038292,0.22224874794483185,0.9100684523582458,0.32655107975006104
YMR014W,YDR080W,0,2.0381505,0.22219569981098175,0.9100684523582458,0.32665130496025085
YLR333C,YBL100W-B,0,2.0378141,0.22214268147945404,0.9100684523582458,0.3267515301704407
YML022W,YDR300C,0,2.0360155,0.22208969295024872,0.9100684523582458,0.3268517553806305
YOL116W,YOR231W,0,2.0358315,0.22203673422336578,0.9100684523582458,0.3269519805908203
YBR003W,YKR007W,0,2.0353153,0.22198379039764404,0.9100684523582458,0.32705220580101013
YDR482C,YPL258C,0,2.0350916,0.2219308763742447,0.9100684523582458,0.32715246081352234
YGR241C,YPL029W,0,2.0347419,0.22187797725200653,0.9100684523582458,0.32725268602371216
YFL009W,YCR097W,0,2.0346024,0.22182510793209076,0.9100684523582458,0.327352911233902
YDR002W,YHR110W,0,2.0341234,0.22177226841449738,0.9100684523582458,0.3274531364440918
YFL009W,YCR096C,0,2.0338998,0.22171945869922638,0.9100684523582458,0.3275533616542816
YBR217W,YMR286W,0,2.0338883,0.22166666388511658,0.9100684523582458,0.3276536166667938
YIL027C,YDL072C,0,2.0333195,0.22161389887332916,0.9100684523582458,0.32775384187698364
YGR063C,YOR230W,1,2.0331788,0.22179915010929108,0.9110459685325623,0.32775384187698364
YNL246W,YIL018W,0,2.0318942,0.22174637019634247,0.9110459685325623,0.32785406708717346
YKL209C,YAL051W,0,2.027162,0.22169362008571625,0.9110459685325623,0.3279542922973633
YPL239W,YBR283C,0,2.026984,0.22164089977741241,0.9110459685325623,0.3280545175075531
YJL115W,YLR312C-B,0,2.0265436,0.22158820927143097,0.9110459685325623,0.3281547427177429
YLR248W,YPL164C,0,2.0265357,0.22153553366661072,0.9110459685325623,0.3282549977302551
YBR253W,YGL168W,0,2.0256288,0.22148288786411285,0.9110459685325623,0.32835522294044495
YOL116W,YLR396C,0,2.0254574,0.22143027186393738,0.9110459685325623,0.32845544815063477
YHR181W,YHL028W,0,2.023617,0.2213776707649231,0.9110459685325623,0.3285556733608246
YDR354W,YAR007C,0,2.0217488,0.2213250994682312,0.9110459685325623,0.3286558985710144
YML074C,YEL047C,0,2.0192034,0.2212725579738617,0.9110459685325623,0.3287561535835266
YJL129C,YHR108W,0,2.0191905,0.22122003138065338,0.9110459685325623,0.32885637879371643
YMR236W,YDR402C,0,2.018136,0.22116753458976746,0.9110459685325623,0.32895660400390625
YKR067W,YPL160W,0,2.0170536,0.22111506760120392,0.9110459685325623,0.32905682921409607
YBR097W,YDL060W,0,2.0170102,0.22106261551380157,0.9110459685325623,0.3291570544242859
YDR503C,YDR107C,0,2.016593,0.22101019322872162,0.9110459685325623,0.3292572796344757
YDL065C,YOL149W,0,2.0142212,0.22095780074596405,0.9110459685325623,0.3293575346469879
YKR025W,YNR053C,0,2.0140095,0.22090542316436768,0.9110459685325623,0.32945775985717773
YJL050W,YMR135C,0,2.013308,0.2208530753850937,0.9110459685325623,0.32955798506736755
YDL069C,YFR047C,0,2.013251,0.2208007574081421,0.9110459685325623,0.3296582102775574
YMR313C,YDL130W-A,0,2.012642,0.22074845433235168,0.9110459685325623,0.3297584354877472
YOR278W,YDL207W,0,2.0116138,0.22069618105888367,0.9110459685325623,0.329858660697937
YOR234C,YHR205W,0,2.0115101,0.22064393758773804,0.9110459685325623,0.3299589157104492
YER021W,YDR200C,0,2.0111043,0.2205917090177536,0.9110459685325623,0.33005914092063904
YMR035W,YER041W,0,2.0110111,0.22053951025009155,0.9110459685325623,0.33015936613082886
YLR336C,YGR217W,0,2.01002,0.2204873412847519,0.9110459685325623,0.3302595913410187
YDR079C-A,YHL015W,0,2.0099173,0.22043518722057343,0.9110459685325623,0.3303598165512085
YFL037W,YCL016C,0,2.0097713,0.22038306295871735,0.9110459685325623,0.3304600715637207
YOL100W,YKL158W,0,2.0094652,0.22033096849918365,0.9110459685325623,0.3305602967739105
YOR110W,YBL106C,0,2.0076551,0.22027888894081116,0.9110459685325623,0.33066052198410034
YPL132W,YBR161W,0,2.006687,0.22022683918476105,0.9110459685325623,0.33076074719429016
YHR120W,YAL013W,0,2.0054517,0.22017481923103333,0.9110459685325623,0.33086097240448
YNR036C,YOR210W,0,2.0052466,0.2201228141784668,0.9110459685325623,0.3309611976146698
YDL065C,YDL008W,0,2.0049958,0.22007083892822266,0.9110459685325623,0.331061452627182
YOR384W,YGL013C,0,2.0045285,0.2200188785791397,0.9110459685325623,0.3311616778373718
YOL059W,YLR376C,0,2.0036657,0.21996696293354034,0.9110459685325623,0.33126190304756165
YBR109C,YER048C,0,2.0035565,0.21991504728794098,0.9110459685325623,0.33136212825775146
YKR050W,YEL058W,0,2.0013146,0.2198631763458252,0.9110459685325623,0.3314623534679413
YHR014W,YIL115C,0,2.0005965,0.2198113203048706,0.9110459685325623,0.3315626084804535
YDR407C,YKR001C,0,1.9998131,0.2197594940662384,0.9110459685325623,0.3316628336906433
YLR337C,YOL138C,0,1.9993495,0.2197076827287674,0.9110459685325623,0.33176305890083313
YJL122W,YOR231W,0,1.9985751,0.21965590119361877,0.9110459685325623,0.33186328411102295
YMR322C,YGL031C,0,1.9985731,0.21960414946079254,0.9110459685325623,0.33196350932121277
YLR220W,YNL077W,0,1.9983155,0.2195524126291275,0.9110459685325623,0.3320637345314026
YDL075W,YFR007W,0,1.9974214,0.21950070559978485,0.9110459685325623,0.3321639895439148
YDL069C,YBL066C,0,1.9972608,0.2194490283727646,0.9110459685325623,0.3322642147541046
YER005W,YPL126W,0,1.996366,0.21939736604690552,0.9110459685325623,0.33236443996429443
YCR028C,YFR038W,0,1.9962423,0.21934573352336884,0.9110459685325623,0.33246466517448425
YHR194W,YNR053C,0,1.9936337,0.21929411590099335,0.9110459685325623,0.3325648903846741
YBR135W,YML072C,0,1.9924667,0.21924252808094025,0.9110459685325623,0.3326651155948639
YLR172C,YPR057W,0,1.9922636,0.21919097006320953,0.9110459685325623,0.3327653706073761
YDR466W,YBR251W,0,1.990829,0.21913942694664001,0.9110459685325623,0.3328655958175659
YOR011W,YFR015C,0,1.9895382,0.21908791363239288,0.9110459685325623,0.33296582102775574
YOR171C,YDR028C,0,1.9893262,0.21903643012046814,0.9110459685325623,0.33306604623794556
YDR009W,YDR533C,0,1.9887855,0.2189849615097046,0.9110459685325623,0.3331662714481354
YIL014W,YKL028W,0,1.9884474,0.21893352270126343,0.9110459685325623,0.3332665264606476
YMR271C,YBR058C-A,0,1.9874917,0.21888209879398346,0.9110459685325623,0.3333667516708374
YDR179C,YPR175W,0,1.9868013,0.21883070468902588,0.9110459685325623,0.3334669768810272
YNL289W,YLR054C,0,1.9863307,0.21877934038639069,0.9110459685325623,0.33356720209121704
YJR016C,YMR161W,0,1.985635,0.2187279909849167,0.9110459685325623,0.33366742730140686
YLR022C,YLR132C,0,1.9850228,0.21867667138576508,0.9110459685325623,0.3337676525115967
YMR091C,YDR037W,0,1.9845963,0.21862538158893585,0.9110459685325623,0.3338679075241089
YGR198W,YGR002C,0,1.9837717,0.21857410669326782,0.9110459685325623,0.3339681327342987
YGR279C,YHL009C,0,1.9836817,0.21852286159992218,0.9110459685325623,0.3340683579444885
YGL157W,YNL134C,0,1.9831991,0.21847163140773773,0.9110459685325623,0.33416858315467834
YPR164W,YMR106C,0,1.9819918,0.21842043101787567,0.9110459685325623,0.33426880836486816
YJL047C,YNL315C,0,1.9809996,0.218369260430336,0.9110459685325623,0.33436906337738037
YPL227C,YKR067W,0,1.9807322,0.21831810474395752,0.9110459685325623,0.3344692885875702
YGL157W,YCR073C,0,1.9802725,0.21826697885990143,0.9110459685325623,0.33456951379776
YGL136C,YNL076W,0,1.9780674,0.21821586787700653,0.9110459685325623,0.33466973900794983
YOR337W,YDR189W,0,1.9777492,0.21816478669643402,0.9110459685325623,0.33476996421813965
YDR174W,YJL076W,1,1.9765201,0.21834775805473328,0.9120234847068787,0.33476996421813965
YDR488C,YDR038C,0,1.9764959,0.21829667687416077,0.9120234847068787,0.33487018942832947
YGR101W,YNL047C,0,1.9757705,0.21824561059474945,0.9120234847068787,0.3349704444408417
YBL046W,YOR066W,0,1.9754491,0.21819457411766052,0.9120234847068787,0.3350706696510315
YDL175C,YPR174C,0,1.9752762,0.2181435525417328,0.9120234847068787,0.3351708948612213
YER172C,YDR529C,0,1.9742064,0.21809256076812744,0.9120234847068787,0.33527112007141113
YMR278W,YGL043W,0,1.9732265,0.21804159879684448,0.9120234847068787,0.33537134528160095
YBL099W,YKL150W,0,1.9730471,0.21799065172672272,0.9120234847068787,0.33547157049179077
YDR259C,YGL016W,0,1.9726092,0.21793973445892334,0.9120234847068787,0.335571825504303
YCR024C,YGR047C,0,1.9719062,0.21788883209228516,0.9120234847068787,0.3356720507144928
YOR336W,YDL139C,0,1.9713187,0.21783795952796936,0.9120234847068787,0.3357722759246826
YFR046C,YDR322C-A,0,1.9699063,0.21778711676597595,0.9120234847068787,0.33587250113487244
YJR046W,YLR328W,0,1.9696486,0.21773628890514374,0.9120234847068787,0.33597272634506226
YGL191W,YPR122W,0,1.9670789,0.2176854908466339,0.9120234847068787,0.33607298135757446
YBR181C,YMR263W,0,1.9670482,0.21763470768928528,0.9120234847068787,0.3361732065677643
YNL071W,YDR270W,0,1.9666862,0.21758395433425903,0.9120234847068787,0.3362734317779541
YHR081W,YGR223C,0,1.964005,0.21753323078155518,0.9120234847068787,0.3363736569881439
YMR047C,YDR301W,0,1.9619768,0.2174825221300125,0.9120234847068787,0.33647388219833374
YDR440W,YPL216W,1,1.9617671,0.21766488254070282,0.9130010008811951,0.33647388219833374
YOR344C,YLR003C,0,1.9613156,0.21761415898799896,0.9130010008811951,0.33657410740852356
YNL151C,YOR045W,0,1.9610925,0.2175634801387787,0.9130010008811951,0.33667436242103577
YGL161C,YMR199W,0,1.9581081,0.2175128012895584,0.9130010008811951,0.3367745876312256
YOR153W,YJL099W,0,1.9573253,0.21746216714382172,0.9130010008811951,0.3368748128414154
YLR002C,YFR024C,0,1.955859,0.21741154789924622,0.9130010008811951,0.3369750380516052
YDR409W,YKL049C,0,1.9557955,0.2173609435558319,0.9130010008811951,0.33707526326179504
YDR071C,YDL070W,1,1.9548784,0.21754305064678192,0.9139785170555115,0.33707526326179504
YPL029W,YJR001W,0,1.9545981,0.21749244630336761,0.9139785170555115,0.33717551827430725
YGL198W,YLR185W,0,1.9543302,0.2174418568611145,0.9139785170555115,0.33727574348449707
YDR377W,YCR038C,0,1.9539264,0.21739129722118378,0.9139785170555115,0.3373759686946869
YOL110W,YDR299W,0,1.9531729,0.21734076738357544,0.9139785170555115,0.3374761939048767
YKL096W,YLR263W,0,1.9527507,0.2172902673482895,0.9139785170555115,0.33757641911506653
YPL105C,YNL003C,0,1.9526956,0.21723978221416473,0.9139785170555115,0.33767664432525635
YKL157W,YMR289W,0,1.9519241,0.21718931198120117,0.9139785170555115,0.33777689933776855
YAL048C,YOR241W,0,1.9518979,0.21713887155056,0.9139785170555115,0.3378771245479584
YPL116W,YGR106C,0,1.9518386,0.2170884609222412,0.9139785170555115,0.3379773497581482
YNL326C,YKL046C,0,1.9499061,0.21703806519508362,0.9139785170555115,0.338077574968338
YGR140W,YOR369C,0,1.9489279,0.2169876992702484,0.9139785170555115,0.33817780017852783
YKR025W,YDR408C,0,1.9482664,0.2169373482465744,0.9139785170555115,0.33827802538871765
YPL116W,YOR233W,0,1.9479992,0.21688702702522278,0.9139785170555115,0.33837828040122986
YMR230W,YPL271W,0,1.9478955,0.21683673560619354,0.9139785170555115,0.3384785056114197
YJR041C,YBR218C,0,1.9453125,0.2167864590883255,0.9139785170555115,0.3385787308216095
YJR052W,YDL100C,0,1.9445007,0.21673621237277985,0.9139785170555115,0.3386789560317993
YGR241C,YOR258W,0,1.9427938,0.21668598055839539,0.9139785170555115,0.33877918124198914
YIL039W,YHR044C,0,1.9426138,0.2166357785463333,0.9139785170555115,0.33887943625450134
YIR004W,YNL098C,0,1.9420573,0.21658559143543243,0.9139785170555115,0.33897966146469116
YMR211W,YER026C,0,1.9412352,0.21653543412685394,0.9139785170555115,0.339079886674881
YPL179W,YLR147C,0,1.9406896,0.21648529171943665,0.9139785170555115,0.3391801118850708
YPR161C,YPR058W,0,1.9402589,0.21643517911434174,0.9139785170555115,0.3392803370952606
YBL023C,YLR432W,0,1.9396079,0.2163850963115692,0.9139785170555115,0.33938056230545044
YBL040C,YMR170C,0,1.9367244,0.21633502840995789,0.9139785170555115,0.33948081731796265
YNL330C,YPL028W,0,1.9365903,0.21628499031066895,0.9139785170555115,0.33958104252815247
YDR197W,YHR184W,0,1.9350171,0.2162349671125412,0.9139785170555115,0.3396812677383423
YNL329C,YNL254C,0,1.9327552,0.21618497371673584,0.9139785170555115,0.3397814929485321
YML022W,YKR030W,0,1.9327204,0.21613499522209167,0.9139785170555115,0.3398817181587219
YNL265C,YLR233C,0,1.9326861,0.2160850465297699,0.9139785170555115,0.33998197317123413
YPR201W,YIR010W,0,1.932543,0.21603511273860931,0.9139785170555115,0.34008219838142395
YMR118C,YNL188W,0,1.9324138,0.21598520874977112,0.9139785170555115,0.34018242359161377
YOL056W,YNL148C,0,1.9321721,0.2159353345632553,0.9139785170555115,0.3402826488018036
YOR119C,YKR097W,0,1.9313614,0.2158854752779007,0.9139785170555115,0.3403828740119934
YKL183W,YDR395W,0,1.930416,0.21583564579486847,0.9139785170555115,0.3404830992221832
YML022W,YEL015W,0,1.9301319,0.21578583121299744,0.9139785170555115,0.34058335423469543
YGL223C,YBL042C,0,1.9294385,0.2157360464334488,0.9139785170555115,0.34068357944488525
YGR101W,YOR095C,0,1.9289516,0.21568627655506134,0.9139785170555115,0.3407838046550751
YKL010C,YJL158C,0,1.9280386,0.21563653647899628,0.9139785170555115,0.3408840298652649
YLR070C,YMR015C,0,1.9261034,0.2155868113040924,0.9139785170555115,0.3409842550754547
YHR070W,YGR083C,0,1.9255491,0.21553711593151093,0.9139785170555115,0.34108448028564453
YDR117C,YJR126C,0,1.9253969,0.21548743546009064,0.9139785170555115,0.34118473529815674
YPL097W,YJL136C,0,1.9239285,0.21543778479099274,0.9139785170555115,0.34128496050834656
YDL124W,YAR007C,0,1.922953,0.21538816392421722,0.9139785170555115,0.3413851857185364
YNL169C,YDR037W,0,1.9217362,0.2153385579586029,0.9139785170555115,0.3414854109287262
YDR047W,YMR223W,0,1.9216945,0.21528896689414978,0.9139785170555115,0.341585636138916
YLL015W,YPL232W,0,1.9212474,0.21523940563201904,0.9139785170555115,0.3416858911514282
YGR068C,YGL061C,0,1.9205326,0.2151898741722107,0.9139785170555115,0.34178611636161804
YOL032W,YLR056W,0,1.9195415,0.21514035761356354,0.9139785170555115,0.34188634157180786
YGR280C,YPL086C,0,1.9189397,0.21509087085723877,0.9139785170555115,0.3419865667819977
YLR131C,YLR092W,0,1.9187436,0.2150413990020752,0.9139785170555115,0.3420867919921875
YIL033C,YJR064W,0,1.9178293,0.214991956949234,0.9139785170555115,0.3421870172023773
YHL003C,YDL205C,0,1.9177828,0.21494252979755402,0.9139785170555115,0.3422872722148895
YLR131C,YGR162W,0,1.9169661,0.2148931324481964,0.9139785170555115,0.34238749742507935
YPL157W,YGR172C,0,1.9167051,0.21484375,0.9139785170555115,0.34248772263526917
YHL031C,YBR279W,0,1.9164057,0.21479439735412598,0.9139785170555115,0.342587947845459
YOR057W,YBR046C,0,1.9163983,0.21474505960941315,0.9139785170555115,0.3426881730556488
YLR215C,YJL008C,0,1.916234,0.2146957516670227,0.9139785170555115,0.342788428068161
YLR077W,YJL145W,0,1.9160377,0.21464645862579346,0.9139785170555115,0.34288865327835083
YGR247W,YPL262W,0,1.9159312,0.2145971953868866,0.9139785170555115,0.34298887848854065
YBR210W,YDR007W,0,1.9157033,0.21454796195030212,0.9139785170555115,0.34308910369873047
YOR046C,YLR059C,0,1.9154136,0.21449874341487885,0.9139785170555115,0.3431893289089203
YKR022C,YOL029C,0,1.9152206,0.21444953978061676,0.9139785170555115,0.3432895541191101
YJR102C,YOR247W,0,1.9148175,0.21440036594867706,0.9139785170555115,0.3433898091316223
YGL078C,YPL145C,0,1.9137442,0.21435122191905975,0.9139785170555115,0.34349003434181213
YIL056W,YOR017W,0,1.9137201,0.21430209279060364,0.9139785170555115,0.34359025955200195
YDR395W,YGL033W,0,1.9129646,0.21425297856330872,0.9139785170555115,0.3436904847621918
YDL180W,YNL151C,0,1.9128317,0.21420389413833618,0.9139785170555115,0.3437907099723816
YLR315W,YJL051W,0,1.9111,0.21415483951568604,0.9139785170555115,0.3438909351825714
YDR534C,YGL253W,0,1.9105663,0.21410579979419708,0.9139785170555115,0.3439911901950836
YER102W,YGR241C,0,1.9099517,0.21405677497386932,0.9139785170555115,0.34409141540527344
YGL070C,YKL139W,0,1.9091481,0.21400777995586395,0.9139785170555115,0.34419164061546326
YGL131C,YGR157W,0,1.9089959,0.21395881474018097,0.9139785170555115,0.3442918658256531
YKL108W,YDR113C,0,1.9080765,0.21390986442565918,0.9139785170555115,0.3443920910358429
YMR035W,YJL058C,0,1.9080632,0.21386092901229858,0.9139785170555115,0.3444923460483551
YIL011W,YKL149C,0,1.9078672,0.21381202340126038,0.9139785170555115,0.3445925712585449
YLR242C,YNR027W,0,1.9070829,0.21376314759254456,0.9139785170555115,0.34469279646873474
YKL184W,YLR004C,0,1.9061768,0.21371428668498993,0.9139785170555115,0.34479302167892456
YDR135C,YNL210W,0,1.9057701,0.2136654406785965,0.9139785170555115,0.3448932468891144
YIL044C,YGL142C,0,1.904983,0.21361663937568665,0.9139785170555115,0.3449934720993042
YPL203W,YLR419W,0,1.9048374,0.2135678380727768,0.9139785170555115,0.3450937271118164
YPR086W,YNL146W,0,1.903487,0.21351906657218933,0.9139785170555115,0.3451939523220062
YCL057C-A,YNL241C,0,1.9024814,0.21347032487392426,0.9139785170555115,0.34529417753219604
YIR028W,YOR010C,0,1.9018354,0.21342159807682037,0.9139785170555115,0.34539440274238586
YML013W,YFR015C,0,1.9007494,0.21337288618087769,0.9139785170555115,0.3454946279525757
YMR037C,YIL009C-A,0,1.9003282,0.21332420408725739,0.9139785170555115,0.3455948829650879
YEL015W,YOL137W,0,1.8998574,0.21327555179595947,0.9139785170555115,0.3456951081752777
YJR102C,YGR271C-A,0,1.8989041,0.21322691440582275,0.9139785170555115,0.34579533338546753
YPL231W,YNR037C,0,1.8969874,0.21317829191684723,0.9139785170555115,0.34589555859565735
YDL190C,YDL017W,0,1.8936888,0.2131296992301941,0.9139785170555115,0.34599578380584717
YHL017W,YIL158W,0,1.8934511,0.21308113634586334,0.9139785170555115,0.346096009016037
YPL048W,YPR128C,0,1.8927678,0.2130325883626938,0.9139785170555115,0.3461962640285492
YHR117W,YNL098C,0,1.8922096,0.21298405528068542,0.9139785170555115,0.346296489238739
YNL176C,YBR087W,0,1.8915609,0.21293555200099945,0.9139785170555115,0.34639671444892883
YOL126C,YOL133W,0,1.8905398,0.21288706362247467,0.9139785170555115,0.34649693965911865
YHR079C-B,YBR171W,0,1.8905184,0.21283860504627228,0.9139785170555115,0.34659716486930847
YIL119C,YGR188C,0,1.8887792,0.21279016137123108,0.9139785170555115,0.3466973900794983
YDR356W,YLR084C,0,1.8874702,0.21274174749851227,0.9139785170555115,0.3467976450920105
YLR014C,YDR534C,0,1.8873231,0.21269336342811584,0.9139785170555115,0.3468978703022003
YLR242C,YJR067C,0,1.8871334,0.21264497935771942,0.9139785170555115,0.34699809551239014
YPL132W,YIL036W,0,1.8867577,0.21259663999080658,0.9139785170555115,0.34709832072257996
YAL014C,YOL137W,0,1.885481,0.21254830062389374,0.9139785170555115,0.3471985459327698
YMR067C,YGL243W,0,1.8850365,0.21250000596046448,0.9139785170555115,0.347298800945282
YMR109W,YKL132C,0,1.8850297,0.21245171129703522,0.9139785170555115,0.3473990261554718
YML009C,YNL294C,0,1.8843477,0.21240344643592834,0.9139785170555115,0.3474992513656616
YMR105C,YDR279W,0,1.8802044,0.21235521137714386,0.9139785170555115,0.34759947657585144
YNL323W,YHR107C,0,1.8799014,0.21230699121952057,0.9139785170555115,0.34769970178604126
YHR072W,YHL018W,0,1.8776687,0.21225880086421967,0.9139785170555115,0.3477999269962311
YJR017C,YDR026C,1,1.8772893,0.21243758499622345,0.9149560332298279,0.3477999269962311
YPR161C,YHR035W,0,1.8768517,0.21238937973976135,0.9149560332298279,0.3479001820087433
YBL002W,YOR131C,0,1.8762186,0.21234120428562164,0.9149560332298279,0.3480004072189331
YDR039C,YLL009C,0,1.8760424,0.21229304373264313,0.9149560332298279,0.3481006324291229
YHR141C,YCR017C,0,1.8756535,0.2122448980808258,0.9149560332298279,0.34820085763931274
YCL057C-A,YBL042C,0,1.8755778,0.21219678223133087,0.9149560332298279,0.34830108284950256
YPR056W,YBR016W,0,1.8748164,0.21214868128299713,0.9149560332298279,0.34840133786201477
YPL046C,YIL075C,0,1.8748107,0.21210061013698578,0.9149560332298279,0.3485015630722046
YKR077W,YDR368W,0,1.8747342,0.21205255389213562,0.9149560332298279,0.3486017882823944
YLR135W,YBR035C,0,1.8739386,0.21200452744960785,0.9149560332298279,0.34870201349258423
YPR164W,YDR253C,0,1.8738904,0.21195651590824127,0.9149560332298279,0.34880223870277405
YDR311W,YMR119W,0,1.8738103,0.21190853416919708,0.9149560332298279,0.34890246391296387
YBR097W,YGL130W,0,1.8728187,0.2118605673313141,0.9149560332298279,0.3490027189254761
YMR280C,YLR413W,0,1.8718092,0.21181263029575348,0.9149560332298279,0.3491029441356659
YOR278W,YEL003W,0,1.8697588,0.21176470816135406,0.9149560332298279,0.3492031693458557
YLR055C,YJL018W,1,1.8695922,0.21194300055503845,0.9159335494041443,0.3492031693458557
YOR260W,YIR013C,0,1.8686805,0.21189506351947784,0.9159335494041443,0.34930339455604553
YFR050C,YPL258C,0,1.868248,0.21184715628623962,0.9159335494041443,0.34940361976623535
YOR321W,YEL054C,0,1.8681316,0.2117992788553238,0.9159335494041443,0.34950384497642517
YHR098C,YLR194C,0,1.8671925,0.21175141632556915,0.9159335494041443,0.3496040999889374
YPR100W,YNL164C,0,1.8656038,0.2117035686969757,0.9159335494041443,0.3497043251991272
YPL008W,YPL246C,0,1.8625684,0.21165575087070465,0.9159335494041443,0.349804550409317
YPR028W,YPL270W,0,1.8599436,0.2116079479455948,0.9159335494041443,0.34990477561950684
YDL046W,YOR073W,0,1.8599023,0.2115601748228073,0.9159335494041443,0.35000500082969666
YAR044W,YPL128C,0,1.8597796,0.21151241660118103,0.9159335494041443,0.35010525584220886
YIL043C,YOL135C,0,1.8597019,0.21146467328071594,0.9159335494041443,0.3502054810523987
YFR036W,YJL081C,1,1.8591865,0.21164259314537048,0.9169110655784607,0.3502054810523987
YKR080W,YHR099W,0,1.8591022,0.2115948498249054,0.9169110655784607,0.3503057062625885
YNR045W,YMR079W,0,1.8579788,0.2115471363067627,0.9169110655784607,0.3504059314727783
YDR480W,YBL047C,0,1.857883,0.2114994376897812,0.9169110655784607,0.35050615668296814
YIL127C,YHR023W,0,1.8572327,0.21145175397396088,0.9169110655784607,0.35060638189315796
YDL149W,YBL097W,0,1.8561146,0.21140410006046295,0.9169110655784607,0.35070663690567017
YOL138C,YER041W,0,1.855127,0.21135646104812622,0.9169110655784607,0.35080686211586
YDR350C,YMR171C,0,1.8532479,0.21130885183811188,0.9169110655784607,0.3509070873260498
YBL056W,YOR368W,0,1.8524363,0.21126125752925873,0.9169110655784607,0.3510073125362396
YBL020W,YNR027W,0,1.8510704,0.21121369302272797,0.9169110655784607,0.35110753774642944
YPL232W,YDL189W,0,1.8509216,0.2111661434173584,0.9169110655784607,0.35120779275894165
YPL085W,YIL137C,0,1.850527,0.21111860871315002,0.9169110655784607,0.35130801796913147
YMR042W,YNL217W,0,1.850509,0.21107110381126404,0.9169110655784607,0.3514082431793213
YLR370C,YDR004W,0,1.8504817,0.21102362871170044,0.9169110655784607,0.3515084683895111
YJL044C,YKL028W,0,1.8485518,0.21097615361213684,0.9169110655784607,0.3516086935997009
YPL015C,YGL116W,0,1.8480196,0.21092872321605682,0.9169110655784607,0.35170891880989075
YKL145W,YLL054C,0,1.8468411,0.2108812928199768,0.9169110655784607,0.35180917382240295
YBR265W,YBR207W,0,1.8463039,0.21083389222621918,0.9169110655784607,0.3519093990325928
YIL167W,YBR121C,0,1.8461488,0.21078652143478394,0.9169110655784607,0.3520096242427826
YPL177C,YJR135W-A,0,1.845944,0.2107391655445099,0.9169110655784607,0.3521098494529724
YDR477W,YER166W,0,1.8442615,0.21069182455539703,0.9169110655784607,0.35221007466316223
YHR101C,YDR252W,0,1.8435637,0.21064451336860657,0.9169110655784607,0.35231029987335205
YKL164C,YOL027C,0,1.8421113,0.2105972170829773,0.9169110655784607,0.35241055488586426
YKR034W,YPL049C,0,1.8419752,0.2105499505996704,0.9169110655784607,0.3525107800960541
YNL082W,YLL005C,0,1.8414173,0.21050269901752472,0.9169110655784607,0.3526110053062439
YDR069C,YOR211C,0,1.8413533,0.21045546233654022,0.9169110655784607,0.3527112305164337
YHR098C,YDR468C,0,1.8402785,0.2104082554578781,0.9169110655784607,0.35281145572662354
YML023C,YPR178W,0,1.8393798,0.2103610634803772,0.9169110655784607,0.35291171073913574
YCR094W,YJL136C,0,1.8390532,0.21031390130519867,0.9169110655784607,0.35301193594932556
YCL016C,YGR227W,0,1.8389122,0.21026675403118134,0.9169110655784607,0.3531121611595154
YJR075W,YFL022C,0,1.8380935,0.2102196365594864,0.9169110655784607,0.3532123863697052
YDR026C,YOL068C,1,1.836812,0.21039658784866333,0.9178885817527771,0.3532123863697052
YNR036C,YDL002C,0,1.8362132,0.2103494554758072,0.9178885817527771,0.353312611579895
YGR057C,YDR483W,0,1.8361926,0.21030235290527344,0.9178885817527771,0.35341283679008484
YJR042W,YDR150W,0,1.8360286,0.21025526523590088,0.9178885817527771,0.35351309180259705
YPL212C,YJR109C,0,1.8355801,0.21020819246768951,0.9178885817527771,0.35361331701278687
YBR162W-A,YGR215W,0,1.8350431,0.21016114950180054,0.9178885817527771,0.3537135422229767
YOR360C,YDR103W,0,1.8348101,0.21011412143707275,0.9178885817527771,0.3538137674331665
YPL089C,YEL059C-A,0,1.8341926,0.21006710827350616,0.9178885817527771,0.3539139926433563
YGL137W,YEL054C,0,1.8320911,0.21002012491226196,0.9178885817527771,0.35401421785354614
YHR152W,YDR446W,0,1.8316891,0.20997317135334015,0.9178885817527771,0.35411447286605835
YPR085C,YGR002C,1,1.8313248,0.21014979481697083,0.9188660979270935,0.35411447286605835
YGL105W,YPR180W,0,1.8313127,0.21010281145572662,0.9188660979270935,0.35421469807624817
YKL005C,YBR160W,0,1.8312852,0.210055872797966,0.9188660979270935,0.354314923286438
YOL117W,YBR008C,0,1.8299701,0.21000893414020538,0.9188660979270935,0.3544151484966278
YDR130C,YGR260W,0,1.829823,0.20996202528476715,0.9188660979270935,0.3545153737068176
YLR318W,YNL183C,0,1.8297708,0.2099151462316513,0.9188660979270935,0.35461562871932983
YKL080W,YDL223C,0,1.8297107,0.20986826717853546,0.9188660979270935,0.35471585392951965
YLR327C,YGL064C,0,1.8295257,0.2098214328289032,0.9188660979270935,0.3548160791397095
YBR254C,YJL090C,0,1.8292538,0.20977459847927094,0.9188660979270935,0.3549163043498993
YDR156W,YBL016W,0,1.8291945,0.20972779393196106,0.9188660979270935,0.3550165295600891
YBR132C,YMR001C,0,1.8291659,0.20968101918697357,0.9188660979270935,0.35511675477027893
YLR320W,YNR022C,0,1.8282415,0.20963425934314728,0.9188660979270935,0.35521700978279114
YKL014C,YNL213C,0,1.8270135,0.20958751440048218,0.9188660979270935,0.35531723499298096
YBR302C,YNL322C,0,1.8261992,0.20954079926013947,0.9188660979270935,0.3554174602031708
YDL137W,YPL090C,0,1.8255084,0.20949409902095795,0.9188660979270935,0.3555176854133606
YNL152W,YDR219C,0,1.8217518,0.20944741368293762,0.9188660979270935,0.3556179106235504
YDR424C,YGL084C,0,1.8210087,0.20940075814723969,0.9188660979270935,0.3557181656360626
YCR024C,YOR046C,0,1.8201594,0.20935411751270294,0.9188660979270935,0.35581839084625244
YOL117W,YBR030W,0,1.8201319,0.2093075066804886,0.9188660979270935,0.35591861605644226
YFR007W,YDL212W,0,1.8197038,0.20926091074943542,0.9188660979270935,0.3560188412666321
YKL141W,YNL053W,0,1.8188467,0.20921432971954346,0.9188660979270935,0.3561190664768219
YDR106W,YEL032W,1,1.8184044,0.2093902975320816,0.9198436141014099,0.3561190664768219
YGL006W,YOR192C,0,1.8177471,0.20934371650218964,0.9198436141014099,0.3562192916870117
YGL157W,YER069W,0,1.8160027,0.20929715037345886,0.9198436141014099,0.3563195466995239
YMR051C,YDL008W,0,1.8159299,0.20925061404705048,0.9198436141014099,0.35641977190971375
YHL004W,YLL038C,0,1.8146086,0.20920409262180328,0.9198436141014099,0.35651999711990356
YBR200W,YNL186W,0,1.8141551,0.20915758609771729,0.9198436141014099,0.3566202223300934
YER147C,YGR283C,0,1.813621,0.20911110937595367,0.9198436141014099,0.3567204475402832
YIL063C,YBR023C,0,1.8129319,0.20906464755535126,0.9198436141014099,0.356820672750473
YDR443C,YER155C,0,1.8125106,0.20901821553707123,0.9198436141014099,0.35692092776298523
YOR157C,YOL064C,0,1.8123693,0.2089717984199524,0.9198436141014099,0.35702115297317505
YPR161C,YGR266W,0,1.8122442,0.20892539620399475,0.9198436141014099,0.35712137818336487
YDR005C,YOR338W,1,1.8105445,0.20910099148750305,0.9208211302757263,0.35712137818336487
YMR022W,YJR001W,0,1.8104541,0.2090545892715454,0.9208211302757263,0.3572216033935547
YGL044C,YDR385W,0,1.8096509,0.20900821685791016,0.9208211302757263,0.3573218286037445
YLL039C,YMR163C,0,1.8096449,0.2089618444442749,0.9208211302757263,0.3574220836162567
YIL009C-A,YOR259C,0,1.8094901,0.20891550183296204,0.9208211302757263,0.35752230882644653
YDR484W,YDL188C,0,1.8092892,0.20886917412281036,0.9208211302757263,0.35762253403663635
YBR088C,YLR037C,0,1.8090937,0.20882287621498108,0.9208211302757263,0.35772275924682617
YDR243C,YMR058W,0,1.8085082,0.208776593208313,0.9208211302757263,0.357822984457016
YOR335C,YLR119W,0,1.8082843,0.20873034000396729,0.9208211302757263,0.3579232096672058
YLR070C,YGR200C,0,1.8071449,0.20868408679962158,0.9208211302757263,0.358023464679718
YDR106W,YNL215W,1,1.8056288,0.20885935425758362,0.9217986464500427,0.358023464679718
YDL014W,YOR266W,0,1.8055515,0.2088131159543991,0.9217986464500427,0.35812368988990784
YPL198W,YKR039W,0,1.8051775,0.2087668776512146,0.9217986464500427,0.35822391510009766
YCR020C,YGL027C,0,1.804989,0.20872066915035248,0.9217986464500427,0.3583241403102875
YCL057C-A,YMR322C,0,1.8048813,0.20867449045181274,0.9217986464500427,0.3584243655204773
YOR130C,YAL043C,0,1.8048804,0.208628311753273,0.9217986464500427,0.3585246205329895
YOL125W,YCL026C-A,0,1.8037266,0.20858217775821686,0.9217986464500427,0.3586248457431793
YJL083W,YOR175C,0,1.797571,0.2085360437631607,0.9217986464500427,0.35872507095336914
YNL317W,YAL014C,0,1.7972955,0.20848993957042694,0.9217986464500427,0.35882529616355896
YOR119C,YOR227W,0,1.7968383,0.20844385027885437,0.9217986464500427,0.3589255213737488
YNL326C,YGL111W,0,1.7967138,0.2083977907896042,0.9217986464500427,0.3590257465839386
YGL044C,YHR165C,0,1.7962732,0.2083517462015152,0.9217986464500427,0.3591260015964508
YBR175W,YDL144C,0,1.7954574,0.2083057165145874,0.9217986464500427,0.3592262268066406
YML091C,YLR234W,0,1.794046,0.208259716629982,0.9217986464500427,0.35932645201683044
YPL061W,YCR092C,0,1.793642,0.20821373164653778,0.9217986464500427,0.35942667722702026
YPL075W,YDR359C,1,1.7934606,0.2083885222673416,0.9227761626243591,0.35942667722702026
YKL193C,YLR438C-A,0,1.792867,0.2083425223827362,0.9227761626243591,0.3595269024372101
YHR185C,YFL003C,0,1.7927752,0.20829655230045319,0.9227761626243591,0.3596271276473999
YMR322C,YNL061W,0,1.7923087,0.20825061202049255,0.9227761626243591,0.3597273826599121
YER149C,YOR115C,0,1.7917197,0.20820467174053192,0.9227761626243591,0.35982760787010193
YJR093C,YPL013C,0,1.79079,0.20815876126289368,0.9227761626243591,0.35992783308029175
YAL001C,YDR108W,0,1.7901331,0.20811288058757782,0.9227761626243591,0.36002805829048157
YHR072W-A,YBL047C,0,1.7892307,0.20806699991226196,0.9227761626243591,0.3601282835006714
YJR093C,YDR407C,0,1.7878087,0.2080211490392685,0.9227761626243591,0.3602285385131836
YER093C,YPL140C,0,1.7856355,0.2079753279685974,0.9227761626243591,0.3603287637233734
YBL071W-A,YOR358W,0,1.7855597,0.20792952179908752,0.9227761626243591,0.36042898893356323
YDR434W,YFL056C,0,1.7854555,0.20788373053073883,0.9227761626243591,0.36052921414375305
YKL017C,YHR190W,0,1.7837999,0.20783795416355133,0.9227761626243591,0.36062943935394287
YOR242C,YJR002W,0,1.7826784,0.20779220759868622,0.9227761626243591,0.3607296645641327
YPR120C,YHR201C,0,1.780814,0.2077464759349823,0.9227761626243591,0.3608299195766449
YLR308W,YBR060C,0,1.7803288,0.20770077407360077,0.9227761626243591,0.3609301447868347
YML062C,YML004C,0,1.7788483,0.20765508711338043,0.9227761626243591,0.36103036999702454
YMR198W,YDR356W,0,1.778341,0.2076094150543213,0.9227761626243591,0.36113059520721436
YER160C,YGR068C,0,1.7766361,0.20756375789642334,0.9227761626243591,0.3612308204174042
YNL020C,YGR156W,0,1.7762449,0.20751813054084778,0.9227761626243591,0.3613310754299164
YLR070C,YOL080C,0,1.7752876,0.2074725329875946,0.9227761626243591,0.3614313006401062
YLL042C,YPR041W,0,1.7746768,0.20742693543434143,0.9227761626243591,0.361531525850296
YHR188C,YPL177C,0,1.7746291,0.20738136768341064,0.9227761626243591,0.36163175106048584
YJR104C,YMR225C,0,1.7737472,0.20733582973480225,0.9227761626243591,0.36173197627067566
YPL004C,YKL062W,0,1.7715561,0.20729029178619385,0.9227761626243591,0.3618322014808655
YDR533C,YJR045C,0,1.7714065,0.20724478363990784,0.9227761626243591,0.3619324564933777
YPR121W,YKL048C,0,1.770763,0.20719929039478302,0.9227761626243591,0.3620326817035675
YIR037W,YBR288C,0,1.770637,0.2071538269519806,0.9227761626243591,0.3621329069137573
YNL002C,YIL137C,0,1.770229,0.20710837841033936,0.9227761626243591,0.36223313212394714
YBR068C,YDR158W,0,1.7694066,0.2070629596710205,0.9227761626243591,0.36233335733413696
YJR139C,YGR092W,0,1.7684064,0.20701754093170166,0.9227761626243591,0.3624335825443268
YGL135W,YML088W,0,1.7682614,0.2069721519947052,0.9227761626243591,0.362533837556839
YDR297W,YPL137C,0,1.7681029,0.20692679286003113,0.9227761626243591,0.3626340627670288
YGL173C,YGL245W,0,1.7680415,0.20688143372535706,0.9227761626243591,0.36273428797721863
YLR431C,YPL183C,0,1.7670224,0.20683610439300537,0.9227761626243591,0.36283451318740845
YGL157W,YPL281C,0,1.7662355,0.20679080486297607,0.9227761626243591,0.36293473839759827
YPL089C,YJR095W,0,1.7655623,0.20674550533294678,0.9227761626243591,0.3630349934101105
YJL012C,YGL123W,0,1.7639235,0.20670023560523987,0.9227761626243591,0.3631352186203003
YAL041W,YEL051W,0,1.7631505,0.20665499567985535,0.9227761626243591,0.3632354438304901
YLR381W,YDR361C,0,1.76291,0.20660975575447083,0.9227761626243591,0.36333566904067993
YLR127C,YHR169W,0,1.76189,0.2065645456314087,0.9227761626243591,0.36343589425086975
YCR079W,YDL178W,0,1.7618861,0.20651936531066895,0.9227761626243591,0.36353611946105957
YMR045C,YGR074W,0,1.7605488,0.2064741849899292,0.9227761626243591,0.3636363744735718
YFL002W-A,YCR088W,0,1.7600679,0.20642903447151184,0.9227761626243591,0.3637365996837616
YJL108C,YDR098C,0,1.7596649,0.20638391375541687,0.9227761626243591,0.3638368248939514
YCL055W,YDL210W,0,1.7593977,0.2063387930393219,0.9227761626243591,0.36393705010414124
YCR043C,YHL002W,0,1.7592764,0.20629370212554932,0.9227761626243591,0.36403727531433105
YDR427W,YKL016C,0,1.7582959,0.20624864101409912,0.9227761626243591,0.36413753032684326
YFL011W,YLL018C,0,1.7581582,0.20620357990264893,0.9227761626243591,0.3642377555370331
YDR503C,YIR013C,0,1.7575487,0.20615854859352112,0.9227761626243591,0.3643379807472229
YDR399W,YCR102C,0,1.756181,0.2061135321855545,0.9227761626243591,0.3644382059574127
YDR334W,YGR049W,0,1.7560791,0.20606854557991028,0.9227761626243591,0.36453843116760254
YER131W,YMR235C,0,1.7549642,0.20602357387542725,0.9227761626243591,0.36463865637779236
YPL121C,YLR293C,0,1.7532359,0.2059786170721054,0.9227761626243591,0.36473891139030457
YML114C,YNL009W,0,1.7528954,0.20593367516994476,0.9227761626243591,0.3648391366004944
YJR095W,YOR253W,0,1.7521256,0.2058887630701065,0.9227761626243591,0.3649393618106842
YHR185C,YKR027W,0,1.7509513,0.20584386587142944,0.9227761626243591,0.365039587020874
YOL139C,YDR113C,0,1.750775,0.20579899847507477,0.9227761626243591,0.36513981223106384
YER060W,YPL211W,0,1.7503084,0.2057541459798813,0.9227761626243591,0.36524003744125366
YPL015C,YGR123C,0,1.7495341,0.205709308385849,0.9227761626243591,0.36534029245376587
YPL075W,YDR438W,0,1.749474,0.2056644856929779,0.9227761626243591,0.3654405176639557
YCR027C,YOR156C,0,1.7477136,0.2056196928024292,0.9227761626243591,0.3655407428741455
YDL098C,YKL154W,0,1.7470981,0.2055749148130417,0.9227761626243591,0.3656409680843353
YNL021W,YLR332W,0,1.7464403,0.20553015172481537,0.9227761626243591,0.36574119329452515
YER093C,YML088W,0,1.7458053,0.20548541843891144,0.9227761626243591,0.36584144830703735
YNL289W,YJR110W,0,1.7456466,0.2054407000541687,0.9227761626243591,0.3659416735172272
YHR186C,YOR290C,0,1.7450504,0.20539599657058716,0.9227761626243591,0.366041898727417
YNL254C,YML016C,0,1.7440088,0.205351322889328,0.9227761626243591,0.3661421239376068
YFR051C,YDR313C,0,1.7417239,0.20530664920806885,0.9227761626243591,0.36624234914779663
YDL156W,YDR394W,0,1.7414284,0.20526202023029327,0.9227761626243591,0.36634257435798645
YDR174W,YEL056W,1,1.741045,0.20543478429317474,0.9237536787986755,0.36634257435798645
YGL095C,YBR089C-A,0,1.7406853,0.20539012551307678,0.9237536787986755,0.36644282937049866
YIL157C,YMR070W,0,1.7403045,0.2053454965353012,0.9237536787986755,0.3665430545806885
YBR198C,YPR071W,0,1.739801,0.20530089735984802,0.9237536787986755,0.3666432797908783
YDR135C,YDL136W,0,1.7389803,0.20525629818439484,0.9237536787986755,0.3667435050010681
YIR010W,YPL053C,0,1.7346065,0.20521172881126404,0.9237536787986755,0.36684373021125793
YGL008C,YDR284C,0,1.7338986,0.20516717433929443,0.9237536787986755,0.36694398522377014
YJR132W,YOR386W,0,1.732332,0.20512263476848602,0.9237536787986755,0.36704421043395996
YDR320C-A,YER019W,0,1.7321644,0.205078125,0.9237536787986755,0.3671444356441498
YDR032C,YPL051W,0,1.731262,0.20503363013267517,0.9237536787986755,0.3672446608543396
YBR248C,YPR041W,0,1.7309833,0.20498915016651154,0.9237536787986755,0.3673448860645294
YOR224C,YOL098C,0,1.7307025,0.2049447000026703,0.9237536787986755,0.36744511127471924
YIL017C,YBR207W,0,1.7298028,0.20490026473999023,0.9237536787986755,0.36754536628723145
YCR048W,YHR099W,0,1.7296982,0.20485584437847137,0.9237536787986755,0.36764559149742126
YNL088W,YDR044W,0,1.7294166,0.2048114389181137,0.9237536787986755,0.3677458167076111
YOL071W,YLR442C,0,1.7285364,0.20476706326007843,0.9237536787986755,0.3678460419178009
YFR010W,YNL012W,0,1.7262008,0.20472270250320435,0.9237536787986755,0.3679462671279907
YOR060C,YGL065C,0,1.7260587,0.20467835664749146,0.9237536787986755,0.36804649233818054
YAL014C,YNL294C,0,1.7237078,0.20463404059410095,0.9237536787986755,0.36814674735069275
YLR304C,YDR398W,0,1.7234842,0.20458973944187164,0.9237536787986755,0.36824697256088257
YGL022W,YGR004W,0,1.7232844,0.20454545319080353,0.9237536787986755,0.3683471977710724
YJL033W,YGL077C,0,1.7225913,0.2045011967420578,0.9237536787986755,0.3684474229812622
YBL021C,YNR032C-A,0,1.722167,0.20445694029331207,0.9237536787986755,0.368547648191452
YNL323W,YOR039W,0,1.7214742,0.20441271364688873,0.9237536787986755,0.36864790320396423
YDR463W,YNR043W,0,1.7212918,0.20436851680278778,0.9237536787986755,0.36874812841415405
YGL210W,YJL159W,0,1.7201071,0.20432431995868683,0.9237536787986755,0.36884835362434387
YJL123C,YGR152C,0,1.7188898,0.20428015291690826,0.9237536787986755,0.3689485788345337
YFR038W,YDR462W,0,1.7187591,0.2042360007762909,0.9237536787986755,0.3690488040447235
YLR037C,YDR399W,0,1.7184896,0.2041918784379959,0.9237536787986755,0.36914902925491333
YDL212W,YJL083W,0,1.7182426,0.20414777100086212,0.9237536787986755,0.36924928426742554
YJL035C,YDL212W,0,1.7178297,0.20410367846488953,0.9237536787986755,0.36934950947761536
YGL226W,YLR438C-A,0,1.7172238,0.20405960083007812,0.9237536787986755,0.3694497346878052
YOL004W,YER164W,1,1.7165208,0.20423142611980438,0.9247311949729919,0.3694497346878052
YOL021C,YIL030C,0,1.7158499,0.20418734848499298,0.9247311949729919,0.369549959897995
YBR135W,YLL001W,0,1.7134887,0.20414328575134277,0.9247311949729919,0.3696501851081848
YBR210W,YDR390C,0,1.7129912,0.20409923791885376,0.9247311949729919,0.369750440120697
YDR007W,YDR341C,0,1.7124741,0.20405521988868713,0.9247311949729919,0.36985066533088684
YDR517W,YCL061C,0,1.7114491,0.2040112167596817,0.9247311949729919,0.36995089054107666
YLR178C,YGL045W,0,1.7111822,0.20396722853183746,0.9247311949729919,0.3700511157512665
YJR009C,YNL254C,0,1.7086291,0.20392325520515442,0.9247311949729919,0.3701513409614563
YNR011C,YCR035C,0,1.7084775,0.20387931168079376,0.9247311949729919,0.3702515661716461
YJR014W,YML034W,0,1.707775,0.2038353830575943,0.9247311949729919,0.3703518211841583
YPL139C,YGL194C,1,1.707318,0.20400689542293549,0.9257087111473083,0.3703518211841583
YPR186C,YBR041W,0,1.7070382,0.20396295189857483,0.9257087111473083,0.37045204639434814
YNL323W,YBR058C,0,1.7069321,0.20391903817653656,0.9257087111473083,0.37055227160453796
YJL174W,YNL063W,0,1.70676,0.20387513935565948,0.9257087111473083,0.3706524968147278
YJL044C,YJR007W,0,1.704968,0.2038312554359436,0.9257087111473083,0.3707527220249176
YGR284C,YMR051C,0,1.7043009,0.20378738641738892,0.9257087111473083,0.3708529472351074
YPL195W,YOR117W,0,1.7028239,0.20374354720115662,0.9257087111473083,0.37095320224761963
YDR439W,YIL040W,0,1.7022955,0.2036997228860855,0.9257087111473083,0.37105342745780945
YGR208W,YBR083W,0,1.7006805,0.2036559134721756,0.9257087111473083,0.37115365266799927
YER060W,YGL087C,0,1.699919,0.20361213386058807,0.9257087111473083,0.3712538778781891
YOL042W,YER075C,0,1.699827,0.20356835424900055,0.9257087111473083,0.3713541030883789
YPR161C,YMR262W,0,1.6992497,0.2035246044397354,0.9257087111473083,0.3714543581008911
YMR130W,YDL102W,0,1.6990826,0.20348086953163147,0.9257087111473083,0.37155458331108093
YJL076W,YOR228C,0,1.6989174,0.20343716442584991,0.9257087111473083,0.37165480852127075
YOL023W,YAR010C,0,1.6986676,0.20339347422122955,0.9257087111473083,0.37175503373146057
YDL126C,YLR355C,0,1.6980934,0.20334979891777039,0.9257087111473083,0.3718552589416504
YGR038W,YLR385C,0,1.6977646,0.2033061385154724,0.9257087111473083,0.3719554841518402
YLR081W,YDR356W,0,1.6972538,0.20326250791549683,0.9257087111473083,0.3720557391643524
YHR170W,YMR234W,0,1.6961089,0.20321887731552124,0.9257087111473083,0.37215596437454224
YHL047C,YNL039W,0,1.6952752,0.20317529141902924,0.9257087111473083,0.37225618958473206
YPR108W,YFR015C,0,1.6940094,0.20313170552253723,0.9257087111473083,0.3723564147949219
YDL064W,YNL306W,0,1.6913538,0.20308813452720642,0.9257087111473083,0.3724566400051117
YPR102C,YCR017C,0,1.6903186,0.203044593334198,0.9257087111473083,0.3725568950176239
YPL139C,YJR136C,1,1.6901821,0.20321543514728546,0.9266862273216248,0.3725568950176239
YJR089W,YHR096C,0,1.6899036,0.20317187905311584,0.9266862273216248,0.3726571202278137
YDR227W,YJL181W,0,1.6890173,0.20312835276126862,0.9266862273216248,0.37275734543800354
YNL245C,YHL008C,0,1.6888316,0.2030848264694214,0.9266862273216248,0.37285757064819336
YJR135W-A,YIR019C,0,1.6878121,0.20304132997989655,0.9266862273216248,0.3729577958583832
YDL149W,YLR175W,0,1.6862395,0.2029978632926941,0.9266862273216248,0.373058021068573
YEL019C,YGR280C,0,1.6857737,0.20295439660549164,0.9266862273216248,0.3731582760810852
YBR030W,YNL186W,0,1.6855441,0.20291095972061157,0.9266862273216248,0.373258501291275
YAL041W,YBR094W,0,1.6853926,0.2028675377368927,0.9266862273216248,0.37335872650146484
YGL124C,YLR363C,0,1.6846838,0.20282413065433502,0.9266862273216248,0.37345895171165466
YPR085C,YLR288C,1,1.6833462,0.20299465954303741,0.9276637434959412,0.37345895171165466
YBR221C,YOL132W,0,1.6833346,0.20295123755931854,0.9276637434959412,0.3735591769218445
YKR079C,YDL136W,0,1.6827631,0.20290784537792206,0.9276637434959412,0.3736594021320343
YDL190C,YPL156C,0,1.6825831,0.20286446809768677,0.9276637434959412,0.3737596571445465
YGL141W,YJL164C,0,1.6824112,0.20282112061977386,0.9276637434959412,0.37385988235473633
YOR172W,YNR045W,0,1.6804641,0.20277777314186096,0.9276637434959412,0.37396010756492615
YIL173W,YNL148C,0,1.6798084,0.20273445546627045,0.9276637434959412,0.37406033277511597
YMR058W,YBL047C,0,1.6785454,0.20269115269184113,0.9276637434959412,0.3741605579853058
YPL085W,YNL083W,0,1.6782297,0.2026478797197342,0.9276637434959412,0.374260812997818
YDR540C,YDR153C,0,1.6777587,0.20260460674762726,0.9276637434959412,0.3743610382080078
YMR091C,YJL045W,0,1.6774849,0.2025613635778427,0.9276637434959412,0.37446126341819763
YNL252C,YDL127W,0,1.6767781,0.20251813530921936,0.9276637434959412,0.37456148862838745
YGR125W,YNL062C,0,1.6766481,0.2024749368429184,0.9276637434959412,0.37466171383857727
YDL006W,YKL046C,0,1.676636,0.20243173837661743,0.9276637434959412,0.3747619390487671
YKL113C,YLR238W,0,1.6762013,0.20238856971263885,0.9276637434959412,0.3748621940612793
YOL002C,YER081W,0,1.6753135,0.20234541594982147,0.9276637434959412,0.3749624192714691
YJR139C,YJL021C,0,1.6742966,0.20230227708816528,0.9276637434959412,0.37506264448165894
YIL110W,YGR120C,0,1.6736128,0.20225916802883148,0.9276637434959412,0.37516286969184875
YDR259C,YDR424C,0,1.6732066,0.20221607387065887,0.9276637434959412,0.3752630949020386
YDR158W,YBR058C,0,1.6720196,0.20217297971248627,0.9276637434959412,0.3753633499145508
YKL055C,YER094C,0,1.6716732,0.20212993025779724,0.9276637434959412,0.3754635751247406
YKR098C,YLR106C,0,1.6714098,0.20208688080310822,0.9276637434959412,0.3755638003349304
YNL093W,YBR254C,0,1.6700866,0.20204386115074158,0.9276637434959412,0.37566402554512024
YNR020C,YCL019W,0,1.6694998,0.20200085639953613,0.9276637434959412,0.37576425075531006
YLR450W,YLR362W,0,1.6687365,0.20195786654949188,0.9276637434959412,0.3758644759654999
YLR166C,YML111W,0,1.6685818,0.20191489160060883,0.9276637434959412,0.3759647309780121
YOR368W,YNL125C,0,1.6676655,0.20187194645404816,0.9276637434959412,0.3760649561882019
YBR295W,YGL086W,0,1.6674411,0.20182901620864868,0.9276637434959412,0.3761651813983917
YLL042C,YGL156W,0,1.6669537,0.2017861008644104,0.9276637434959412,0.37626540660858154
YBL017C,YKL018W,0,1.6669004,0.2017432004213333,0.9276637434959412,0.37636563181877136
YGL135W,YJL137C,0,1.6667346,0.20170031487941742,0.9276637434959412,0.3764658570289612
YHR079C-B,YBR022W,0,1.6656848,0.2016574591398239,0.9276637434959412,0.3765661120414734
YKL096W,YPR175W,0,1.6655906,0.2016146183013916,0.9276637434959412,0.3766663372516632
YNL222W,YDR519W,0,1.6634121,0.20157179236412048,0.9276637434959412,0.376766562461853
YAL021C,YDL017W,0,1.6633797,0.20152898132801056,0.9276637434959412,0.37686678767204285
YPL266W,YNL088W,0,1.6631365,0.20148620009422302,0.9276637434959412,0.37696701288223267
YPL231W,YKL073W,0,1.6629919,0.20144343376159668,0.9276637434959412,0.3770672678947449
YOR335C,YML058W,0,1.6629665,0.20140068233013153,0.9276637434959412,0.3771674931049347
YNL151C,YCL063W,0,1.6629064,0.20135794579982758,0.9276637434959412,0.3772677183151245
YBR237W,YCR083W,0,1.6628621,0.20131522417068481,0.9276637434959412,0.37736794352531433
YIL093C,YMR036C,0,1.6621041,0.20127253234386444,0.9276637434959412,0.37746816873550415
YOR073W,YPL095C,0,1.6617218,0.20122985541820526,0.9276637434959412,0.37756839394569397
YBL030C,YML058W,0,1.661382,0.20118719339370728,0.9276637434959412,0.3776686489582062
YDL079C,YER177W,0,1.6599644,0.20114454627037048,0.9276637434959412,0.377768874168396
YKL160W,YLR001C,0,1.6598487,0.20110192894935608,0.9276637434959412,0.3778690993785858
YNL103W,YJR120W,0,1.6594093,0.20105932652950287,0.9276637434959412,0.37796932458877563
YHR056C,YPL127C,1,1.6590405,0.2012285590171814,0.9286412596702576,0.37796932458877563
YNL036W,YKR049C,0,1.6588666,0.201185941696167,0.9286412596702576,0.37806954979896545
YDR027C,YFL049W,0,1.6588242,0.20114333927631378,0.9286412596702576,0.37816980481147766
YCL012W,YEL061C,0,1.6584516,0.20110076665878296,0.9286412596702576,0.3782700300216675
YOR290C,YMR033W,1,1.6584196,0.20126983523368835,0.929618775844574,0.3782700300216675
YOL004W,YJL115W,1,1.6581126,0.20143884420394897,0.9305962920188904,0.3782700300216675
YJR013W,YPL215W,0,1.6575359,0.20139624178409576,0.9305962920188904,0.3783702552318573
YJR048W,YOR354C,0,1.6559918,0.20135363936424255,0.9305962920188904,0.3784704804420471
YNL064C,YNL066W,0,1.6555132,0.20131106674671173,0.9305962920188904,0.37857070565223694
YDR127W,YKL056C,0,1.6536254,0.2012684941291809,0.9305962920188904,0.37867093086242676
YBR217W,YNL197C,0,1.6531906,0.20122595131397247,0.9305962920188904,0.37877118587493896
YKL154W,YBR091C,0,1.6520232,0.20118343830108643,0.9305962920188904,0.3788714110851288
YGR161C,YER053C,0,1.6514332,0.20114092528820038,0.9305962920188904,0.3789716362953186
YOL128C,YCR034W,0,1.6512082,0.20109844207763672,0.9305962920188904,0.3790718615055084
YER061C,YDR363W,0,1.6494653,0.20105595886707306,0.9305962920188904,0.37917208671569824
YKR104W,YGR198W,0,1.6488049,0.20101352035999298,0.9305962920188904,0.37927231192588806
YDL066W,YLR010C,0,1.6478608,0.2009710818529129,0.9305962920188904,0.37937256693840027
YDL076C,YCR040W,0,1.6474609,0.20092865824699402,0.9305962920188904,0.3794727921485901
YHR139C,YDR289C,0,1.6463645,0.20088626444339752,0.9305962920188904,0.3795730173587799
YJL106W,YEL020W-A,0,1.646311,0.20084388554096222,0.9305962920188904,0.3796732425689697
YHL007C,YLR032W,0,1.6459985,0.2008015215396881,0.9305962920188904,0.37977346777915955
YPR005C,YGL013C,0,1.6457825,0.2007591724395752,0.9305962920188904,0.37987372279167175
YBR019C,YGR191W,0,1.645458,0.20071685314178467,0.9305962920188904,0.3799739480018616
YDR071C,YKR053C,0,1.6453443,0.20067453384399414,0.9305962920188904,0.3800741732120514
YJR066W,YLR204W,0,1.6446387,0.200632244348526,0.9305962920188904,0.3801743984222412
YMR035W,YOR369C,0,1.6440572,0.20058996975421906,0.9305962920188904,0.38027462363243103
YPL004C,YDL235C,0,1.6435521,0.2005477100610733,0.9305962920188904,0.38037484884262085
YIL013C,YGR060W,0,1.6431019,0.20050548017024994,0.9305962920188904,0.38047510385513306
YBR057C,YJL109C,0,1.6427326,0.20046325027942657,0.9305962920188904,0.3805753290653229
YDR092W,YOR272W,0,1.6402969,0.2004210501909256,0.9305962920188904,0.3806755542755127
YML126C,YHR112C,0,1.6400707,0.20037886500358582,0.9305962920188904,0.3807757794857025
YNR055C,YLR362W,0,1.6394083,0.20033669471740723,0.9305962920188904,0.38087600469589233
YMR080C,YPL144W,0,1.638435,0.20029455423355103,0.9305962920188904,0.38097625970840454
YFR034C,YCR076C,1,1.6383243,0.20046277344226837,0.9315738081932068,0.38097625970840454
YPR096C,YJL118W,0,1.6371808,0.20042060315608978,0.9315738081932068,0.38107648491859436
YML062C,YDL174C,0,1.6362195,0.20037846267223358,0.9315738081932068,0.3811767101287842
YHR105W,YBL017C,0,1.636217,0.20033635199069977,0.9315738081932068,0.381276935338974
YDR051C,YIL121W,0,1.6360888,0.20029424130916595,0.9315738081932068,0.3813771605491638
YDR308C,YCL068C,0,1.6357672,0.20025216042995453,0.9315738081932068,0.38147738575935364
YCR034W,YOR092W,0,1.6352518,0.2002100795507431,0.9315738081932068,0.38157764077186584
YOL138C,YDR204W,0,1.6348121,0.20016802847385406,0.9315738081932068,0.38167786598205566
YOR046C,YLR040C,0,1.6346991,0.20012599229812622,0.9315738081932068,0.3817780911922455
YKL101W,YML072C,0,1.634501,0.20008398592472076,0.9315738081932068,0.3818783164024353
YGL156W,YMR127C,0,1.6333714,0.2000419795513153,0.9315738081932068,0.3819785416126251
YBR200W,YDL108W,0,1.6333106,0.20000000298023224,0.9315738081932068,0.38207876682281494
YPR141C,YCR070W,0,1.6294758,0.19995804131031036,0.9315738081932068,0.38217902183532715
YJR117W,YNL083W,0,1.6289611,0.19991609454154968,0.9315738081932068,0.38227924704551697
YIL173W,YNL214W,0,1.6288407,0.1998741626739502,0.9315738081932068,0.3823794722557068
YER089C,YBR176W,0,1.6287968,0.1998322457075119,0.9315738081932068,0.3824796974658966
YMR022W,YPR162C,1,1.6268973,0.20000000298023224,0.9325513243675232,0.3824796974658966
YOR267C,YFR007W,0,1.626842,0.19995808601379395,0.9325513243675232,0.3825799226760864
YDR106W,YAL019W,1,1.6249332,0.20012573897838593,0.9335288405418396,0.3825799226760864
YHL020C,YOR037W,0,1.6241069,0.20008380711078644,0.9335288405418396,0.38268017768859863
YOR009W,YMR068W,0,1.623671,0.20004189014434814,0.9335288405418396,0.38278040289878845
YKL179C,YML095C,0,1.623436,0.20000000298023224,0.9335288405418396,0.38288062810897827
YDL093W,YNL264C,0,1.6227565,0.19995813071727753,0.9335288405418396,0.3829808533191681
YDR253C,YHR107C,0,1.6221635,0.19991625845432281,0.9335288405418396,0.3830810785293579
YMR316W,YMR289W,0,1.6202453,0.19987443089485168,0.9335288405418396,0.38318130373954773
YNL329C,YBR297W,0,1.6201129,0.19983260333538055,0.9335288405418396,0.38328155875205994
YDR528W,YML106W,0,1.619942,0.19979079067707062,0.9335288405418396,0.38338178396224976
YER109C,YBR288C,0,1.6184394,0.19974900782108307,0.9335288405418396,0.3834820091724396
YJL080C,YDR300C,0,1.6183745,0.1997072398662567,0.9335288405418396,0.3835822343826294
YDR440W,YJR135W-A,0,1.6180992,0.19966548681259155,0.9335288405418396,0.3836824595928192
YNR048W,YPR134W,0,1.6173787,0.19962374866008759,0.9335288405418396,0.3837827146053314
YDR368W,YDR128W,0,1.614991,0.1995820254087448,0.9335288405418396,0.38388293981552124
YOR060C,YOR027W,0,1.6138937,0.19954033195972443,0.9335288405418396,0.38398316502571106
YDR316W,YKR027W,0,1.613766,0.19949863851070404,0.9335288405418396,0.3840833902359009
YLR214W,YIL093C,0,1.6134654,0.19945697486400604,0.9335288405418396,0.3841836154460907
YDR026C,YDR397C,1,1.612948,0.19962413609027863,0.934506356716156,0.3841836154460907
YER183C,YDL060W,0,1.6110035,0.19958245754241943,0.934506356716156,0.3842838406562805
YOR329C,YDL184C,0,1.6107575,0.19954080879688263,0.934506356716156,0.3843840956687927
YOR197W,YLR119W,0,1.6099443,0.19949916005134583,0.934506356716156,0.38448432087898254
YDR162C,YER040W,0,1.6095707,0.1994575411081314,0.934506356716156,0.38458454608917236
YNL071W,YKL176C,0,1.6091635,0.19941593706607819,0.934506356716156,0.3846847712993622
YDR311W,YJL164C,0,1.6076646,0.19937434792518616,0.934506356716156,0.384784996509552
YHR201C,YPL228W,0,1.6075603,0.19933277368545532,0.934506356716156,0.3848852217197418
YLR369W,YBL051C,0,1.6060628,0.19929122924804688,0.934506356716156,0.38498547673225403
YHR136C,YJL026W,0,1.605853,0.19924968481063843,0.934506356716156,0.38508570194244385
YHR031C,YGL243W,0,1.605566,0.19920817017555237,0.934506356716156,0.38518592715263367
YIR012W,YOL103W,0,1.6054766,0.1991666704416275,0.934506356716156,0.3852861523628235
YER060W,YER177W,0,1.6051719,0.19912518560886383,0.934506356716156,0.3853863775730133
YNL029C,YOR080W,0,1.6027411,0.19908371567726135,0.934506356716156,0.3854866325855255
YDR093W,YOR229W,0,1.6013916,0.19904226064682007,0.934506356716156,0.38558685779571533
YHR185C,YPR070W,0,1.6005987,0.19900083541870117,0.934506356716156,0.38568708300590515
YPL105C,YNL245C,0,1.5994228,0.19895941019058228,0.934506356716156,0.38578730821609497
YOR298C-A,YGR198W,0,1.5991254,0.19891801476478577,0.934506356716156,0.3858875334262848
YLR320W,YNL229C,0,1.5990388,0.19887663424015045,0.934506356716156,0.3859877586364746
YIL010W,YBR033W,0,1.5953727,0.19883526861667633,0.934506356716156,0.3860880136489868
YGR234W,YGL005C,0,1.5943991,0.1987939327955246,0.934506356716156,0.38618823885917664
YCR042C,YLL028W,0,1.5933831,0.19875259697437286,0.934506356716156,0.38628846406936646
YCL057C-A,YML081W,0,1.5926775,0.19871129095554352,0.934506356716156,0.3863886892795563
YBL102W,YFR014C,0,1.5922656,0.19866998493671417,0.934506356716156,0.3864889144897461
YMR275C,YER139C,0,1.5919161,0.19862870872020721,0.934506356716156,0.3865891695022583
YOL125W,YPR055W,0,1.5914547,0.19858744740486145,0.934506356716156,0.3866893947124481
YDR162C,YDL154W,0,1.5902683,0.19854621589183807,0.934506356716156,0.38678961992263794
YDL141W,YBR058C,0,1.5882401,0.1985049843788147,0.934506356716156,0.38688984513282776
YMR179W,YBR111W-A,1,1.5881269,0.1986713707447052,0.9354838728904724,0.38688984513282776
YGL058W,YDR219C,0,1.5877637,0.19863013923168182,0.9354838728904724,0.3869900703430176
YCL064C,YBR221C,0,1.5869915,0.19858892261981964,0.9354838728904724,0.3870902955532074
YLR362W,YMR023C,0,1.586419,0.19854772090911865,0.9354838728904724,0.3871905505657196
YLR411W,YAR014C,0,1.5859165,0.19850653409957886,0.9354838728904724,0.3872907757759094
YOR061W,YEL071W,0,1.585865,0.19846536219120026,0.9354838728904724,0.38739100098609924
YBR211C,YOR224C,0,1.5847394,0.19842422008514404,0.9354838728904724,0.38749122619628906
YBL036C,YDL200C,0,1.584268,0.19838307797908783,0.9354838728904724,0.3875914514064789
YDR216W,YGL125W,0,1.583742,0.198341965675354,0.9354838728904724,0.3876916766166687
YML014W,YDR166C,0,1.5833452,0.19830086827278137,0.9354838728904724,0.3877919316291809
YCR027C,YIL038C,0,1.5825157,0.19825978577136993,0.9354838728904724,0.3878921568393707
YGR017W,YDL223C,0,1.5816684,0.1982187181711197,0.9354838728904724,0.38799238204956055
YOL103W,YPL037C,0,1.5793346,0.19817768037319183,0.9354838728904724,0.38809260725975037
YAL002W,YML058W,0,1.5779473,0.19813664257526398,0.9354838728904724,0.3881928324699402
YCR018C,YNL242W,0,1.577814,0.1980956345796585,0.9354838728904724,0.3882930874824524
YLR037C,YJR145C,0,1.5777576,0.19805464148521423,0.9354838728904724,0.3883933126926422
YLR186W,YLR275W,0,1.5776958,0.19801366329193115,0.9354838728904724,0.38849353790283203
YML078W,YMR311C,0,1.5775096,0.19797269999980927,0.9354838728904724,0.38859376311302185
YDR026C,YCR086W,1,1.5764883,0.19813857972621918,0.9364613890647888,0.38859376311302185
YDR326C,YOR167C,0,1.5762212,0.1980976015329361,0.9364613890647888,0.38869398832321167
YOL091W,YER095W,0,1.5760808,0.1980566531419754,0.9364613890647888,0.3887942135334015
YNL310C,YGL240W,0,1.5760304,0.1980157047510147,0.9364613890647888,0.3888944685459137
YML123C,YJL008C,0,1.5757129,0.1979747861623764,0.9364613890647888,0.3889946937561035
YBR201W,YOR290C,0,1.5755608,0.1979338824748993,0.9364613890647888,0.38909491896629333
YMR110C,YER075C,0,1.5737499,0.19789299368858337,0.9364613890647888,0.38919514417648315
YOL041C,YKL179C,0,1.5736268,0.19785211980342865,0.9364613890647888,0.389295369386673
YHR092C,YLR419W,0,1.5727735,0.1978112757205963,0.9364613890647888,0.3893956243991852
YBR133C,YDR092W,0,1.571867,0.19777043163776398,0.9364613890647888,0.389495849609375
YDR041W,YBR094W,0,1.5716639,0.19772961735725403,0.9364613890647888,0.3895960748195648
YCR068W,YPR143W,0,1.5714369,0.19768881797790527,0.9364613890647888,0.38969630002975464
YJL110C,YCL026C-A,0,1.5705583,0.1976480334997177,0.9364613890647888,0.38979652523994446
YBR012W-A,YHR011W,0,1.5690817,0.19760726392269135,0.9364613890647888,0.3898967504501343
YPL100W,YBR086C,0,1.5687244,0.19756650924682617,0.9364613890647888,0.3899970054626465
YKL149C,YCL068C,0,1.5684934,0.1975257694721222,0.9364613890647888,0.3900972306728363
YHR146W,YBL017C,0,1.5682399,0.1974850594997406,0.9364613890647888,0.3901974558830261
YGR254W,YGR129W,0,1.5637231,0.197444349527359,0.9364613890647888,0.39029768109321594
YPL092W,YCL048W,0,1.563377,0.1974036693572998,0.9364613890647888,0.39039790630340576
YGL163C,YOR230W,1,1.5625718,0.19756901264190674,0.9374389052391052,0.39039790630340576
YFL037W,YKL137W,0,1.5622332,0.19752831757068634,0.9374389052391052,0.3904981315135956
YNL062C,YMR165C,0,1.5614089,0.19748763740062714,0.9374389052391052,0.3905983865261078
YPL089C,YNL076W,0,1.5613391,0.19744698703289032,0.9374389052391052,0.3906986117362976
YGL013C,YPL171C,0,1.5578287,0.1974063366651535,0.9374389052391052,0.3907988369464874
YHR136C,YDL207W,0,1.5572746,0.19736571609973907,0.9374389052391052,0.39089906215667725
YKL146W,YMR231W,0,1.5566149,0.19732509553432465,0.9374389052391052,0.39099928736686707
YMR079W,YBR079C,0,1.5563829,0.1972845047712326,0.9374389052391052,0.3910995423793793
YOR094W,YBR103W,0,1.5563219,0.19724392890930176,0.9374389052391052,0.3911997675895691
YNR026C,YNL123W,0,1.555337,0.1972033679485321,0.9374389052391052,0.3912999927997589
YIL036W,YDL211C,0,1.5546234,0.19716282188892365,0.9374389052391052,0.39140021800994873
YDR026C,YBR089C-A,1,1.554314,0.1973278522491455,0.9384164214134216,0.39140021800994873
YDR201W,YPR102C,0,1.5537994,0.19728730618953705,0.9384164214134216,0.39150044322013855
YML123C,YMR231W,0,1.5536704,0.1972467601299286,0.9384164214134216,0.39160066843032837
YBL061C,YHR197W,0,1.5533316,0.19720624387264252,0.9384164214134216,0.3917009234428406
YPR082C,YMR242C,0,1.5526807,0.19716574251651764,0.9384164214134216,0.3918011486530304
YHR165C,YBL010C,0,1.5502564,0.19712525606155396,0.9384164214134216,0.3919013738632202
YMR243C,YPL009C,0,1.5500888,0.19708478450775146,0.9384164214134216,0.39200159907341003
YKR092C,YGL253W,0,1.5496963,0.19704432785511017,0.9384164214134216,0.39210182428359985
YOR119C,YER139C,0,1.5496348,0.19700390100479126,0.9384164214134216,0.39220207929611206
YGL222C,YHL004W,0,1.5485657,0.19696347415447235,0.9384164214134216,0.3923023045063019
YBR069C,YPL232W,0,1.5481982,0.19692307710647583,0.9384164214134216,0.3924025297164917
YBL054W,YML066C,0,1.5481397,0.1968826949596405,0.9384164214134216,0.3925027549266815
YIL147C,YDR036C,0,1.5475683,0.19684232771396637,0.9384164214134216,0.39260298013687134
YDR130C,YKR077W,0,1.5466151,0.19680197536945343,0.9384164214134216,0.39270320534706116
YFL035C-A,YDR158W,0,1.5431576,0.19676163792610168,0.9384164214134216,0.39280346035957336
YHR092C,YDL120W,0,1.5431564,0.19672131538391113,0.9384164214134216,0.3929036855697632
YLR017W,YMR083W,0,1.540852,0.19668100774288177,0.9384164214134216,0.393003910779953
YKL081W,YJL012C,0,1.540531,0.1966407150030136,0.9384164214134216,0.3931041359901428
YMR198W,YNL087W,0,1.540036,0.19660045206546783,0.9384164214134216,0.39320436120033264
YOL069W,YGR253C,0,1.5391082,0.19656018912792206,0.9384164214134216,0.39330458641052246
YBR005W,YMR106C,0,1.5390381,0.19651995599269867,0.9384164214134216,0.39340484142303467
YLR189C,YBR012W-B,0,1.538304,0.19647973775863647,0.9384164214134216,0.3935050666332245
YDR069C,YOL041C,0,1.5351208,0.19643953442573547,0.9384164214134216,0.3936052918434143
YJR058C,YKR083C,0,1.5349238,0.19639934599399567,0.9384164214134216,0.3937055170536041
YPL161C,YER025W,0,1.5345261,0.19635917246341705,0.9384164214134216,0.39380574226379395
YHL024W,YHR088W,0,1.5325295,0.19631901383399963,0.9384164214134216,0.39390599727630615
YML014W,YKL101W,0,1.5322766,0.1962788850069046,0.9384164214134216,0.39400622248649597
YKR072C,YHL031C,0,1.5322589,0.19623875617980957,0.9384164214134216,0.3941064476966858
YKL110C,YGR030C,0,1.531643,0.19619865715503693,0.9384164214134216,0.3942066729068756
YJR102C,YPL006W,0,1.53093,0.19615855813026428,0.9384164214134216,0.39430689811706543
YBR168W,YJL143W,0,1.5305648,0.19611848890781403,0.9384164214134216,0.39440712332725525
YIL078W,YHR034C,0,1.5299952,0.19607843458652496,0.9384164214134216,0.39450737833976746
YEL044W,YGL037C,1,1.5287809,0.19624260067939758,0.939393937587738,0.39450737833976746
YLR194C,YMR001C,0,1.5279214,0.19620253145694733,0.939393937587738,0.3946076035499573
YIL062C,YPL116W,0,1.5278686,0.19616247713565826,0.939393937587738,0.3947078287601471
YNL189W,YLR193C,0,1.5275426,0.1961224526166916,0.939393937587738,0.3948080539703369
YMR074C,YDR380W,0,1.5266633,0.19608242809772491,0.939393937587738,0.39490827918052673
YER023W,YPL242C,0,1.5264357,0.19604243338108063,0.939393937587738,0.39500853419303894
YJL089W,YDL049C,0,1.5257666,0.19600245356559753,0.939393937587738,0.39510875940322876
YOL156W,YCR091W,0,1.524072,0.19596247375011444,0.939393937587738,0.3952089846134186
YCR047C,YER127W,0,1.5232353,0.19592252373695374,0.939393937587738,0.3953092098236084
YDR489W,YHR161C,0,1.5230919,0.19588258862495422,0.939393937587738,0.3954094350337982
YHR147C,YKR090W,0,1.5226064,0.1958426684141159,0.939393937587738,0.39550966024398804
YJL078C,YDL229W,0,1.5225633,0.19580277800559998,0.939393937587738,0.39560991525650024
YPL227C,YCR035C,0,1.5224653,0.19576288759708405,0.939393937587738,0.39571014046669006
YKR058W,YML026C,0,1.5223175,0.1957230120897293,0.939393937587738,0.3958103656768799
YGL201C,YLR361C,0,1.521863,0.19568316638469696,0.939393937587738,0.3959105908870697
YLR019W,YPL221W,0,1.5197566,0.1956433206796646,0.939393937587738,0.3960108160972595
YBR130C,YNR008W,0,1.5165937,0.19560350477695465,0.939393937587738,0.39611104130744934
YPL234C,YBR058C-A,0,1.5153881,0.1955636888742447,0.939393937587738,0.39621129631996155
YOR118W,YAR014C,0,1.5127959,0.19552390277385712,0.939393937587738,0.39631152153015137
YBR049C,YNL009W,0,1.5127342,0.19548413157463074,0.939393937587738,0.3964117467403412
YPL088W,YJR123W,0,1.5125988,0.19544437527656555,0.939393937587738,0.396511971950531
YKR053C,YLR398C,0,1.5122902,0.19540463387966156,0.939393937587738,0.3966121971607208
YKR075C,YOR307C,0,1.5113155,0.19536490738391876,0.939393937587738,0.39671245217323303
YDR297W,YDL193W,0,1.5106068,0.19532521069049835,0.939393937587738,0.39681267738342285
YLR070C,YJL170C,0,1.5099448,0.19528551399707794,0.939393937587738,0.39691290259361267
YOL130W,YNL270C,0,1.5092151,0.19524583220481873,0.939393937587738,0.3970131278038025
YPL124W,YMR208W,0,1.5089009,0.1952061802148819,0.939393937587738,0.3971133530139923
YDR037W,YML121W,0,1.5081918,0.19516652822494507,0.939393937587738,0.39721357822418213
YML106W,YOR100C,0,1.507148,0.19512690603733063,0.939393937587738,0.39731383323669434
YDR287W,YLR385C,0,1.5068045,0.19508729875087738,0.939393937587738,0.39741405844688416
YBR201W,YAR003W,0,1.5066257,0.19504769146442413,0.939393937587738,0.397514283657074
YFL009W,YBR024W,0,1.5064499,0.19500811398029327,0.939393937587738,0.3976145088672638
YPL023C,YGL064C,0,1.5062194,0.1949685513973236,0.939393937587738,0.3977147340774536
YHR204W,YFL049W,0,1.5046955,0.19492900371551514,0.939393937587738,0.3978149890899658
YDL154W,YFR051C,0,1.5040438,0.19488947093486786,0.939393937587738,0.39791521430015564
YEL071W,YLR460C,0,1.5031216,0.19484995305538177,0.939393937587738,0.39801543951034546
YBL103C,YFR015C,0,1.5028226,0.19481046497821808,0.939393937587738,0.3981156647205353
YDR267C,YDR495C,0,1.5019526,0.19477097690105438,0.939393937587738,0.3982158899307251
YKL033W,YGL131C,0,1.5017626,0.19473150372505188,0.939393937587738,0.3983161151409149
YCR107W,YIL121W,0,1.5016375,0.19469206035137177,0.939393937587738,0.3984163701534271
YOR344C,YER160C,0,1.497422,0.19465261697769165,0.939393937587738,0.39851659536361694
YNR022C,YGR004W,0,1.4968219,0.19461320340633392,0.939393937587738,0.39861682057380676
YIL162W,YGL090W,0,1.4945652,0.1945738047361374,0.939393937587738,0.3987170457839966
YDL123W,YMR116C,0,1.4939644,0.19453440606594086,0.939393937587738,0.3988172709941864
YLR158C,YDR292C,0,1.4934605,0.1944950371980667,0.939393937587738,0.3989174962043762
YKL197C,YNL325C,0,1.4932265,0.19445568323135376,0.939393937587738,0.3990177512168884
YOR063W,YDR540C,0,1.4921463,0.194416344165802,0.939393937587738,0.39911797642707825
YDR334W,YDL109C,0,1.4910221,0.19437702000141144,0.939393937587738,0.39921820163726807
YJR041C,YGR047C,0,1.4901166,0.19433771073818207,0.939393937587738,0.3993184268474579
YKL113C,YML066C,0,1.4900839,0.1942984163761139,0.939393937587738,0.3994186520576477
YDR158W,YJR144W,0,1.4883646,0.1942591518163681,0.939393937587738,0.3995189070701599
YGL106W,YBR283C,0,1.4881917,0.19421988725662231,0.939393937587738,0.39961913228034973
YDR169C,YLR442C,0,1.4878793,0.19418063759803772,0.939393937587738,0.39971935749053955
YIR002C,YGR163W,0,1.4866346,0.1941414177417755,0.939393937587738,0.39981958270072937
YHR080C,YCL020W,0,1.4851949,0.1941021978855133,0.939393937587738,0.3999198079109192
YKR083C,YAL062W,0,1.4850895,0.1940630078315735,0.939393937587738,0.400020033121109
YHR084W,YOR131C,0,1.4848838,0.19402381777763367,0.939393937587738,0.4001202881336212
YLR234W,YJR090C,0,1.4847436,0.19398465752601624,0.939393937587738,0.40022051334381104
YER099C,YAR019C,0,1.4844902,0.19394551217556,0.939393937587738,0.40032073855400085
YOR242C,YMR230W,0,1.4828457,0.19390638172626495,0.939393937587738,0.4004209637641907
YML060W,YLL023C,0,1.482585,0.1938672512769699,0.939393937587738,0.4005211889743805
YML127W,YNL243W,0,1.482521,0.19382815062999725,0.939393937587738,0.4006214439868927
YBR015C,YLR357W,0,1.4785651,0.1937890648841858,0.939393937587738,0.4007216691970825
YOL008W,YGL059W,0,1.477946,0.19374999403953552,0.939393937587738,0.40082189440727234
YGL100W,YDR368W,0,1.4774082,0.19371093809604645,0.939393937587738,0.40092211961746216
YBR193C,YJR118C,0,1.4748913,0.19367191195487976,0.939393937587738,0.401022344827652
YDR208W,YER081W,0,1.4739969,0.19363288581371307,0.939393937587738,0.4011225700378418
YDR117C,YDR086C,0,1.4726409,0.19359387457370758,0.939393937587738,0.401222825050354
YJR014W,YER074W-A,0,1.4722606,0.19355487823486328,0.939393937587738,0.4013230502605438
YJR002W,YCL055W,0,1.4716051,0.19351591169834137,0.939393937587738,0.40142327547073364
YNL221C,YPL236C,0,1.4690318,0.19347694516181946,0.939393937587738,0.40152350068092346
YOR269W,YKL132C,0,1.4684263,0.19343800842761993,0.939393937587738,0.4016237258911133
YOR197W,YGR099W,0,1.4680449,0.1933990716934204,0.939393937587738,0.4017239511013031
YBR008C,YER157W,0,1.4677207,0.19336016476154327,0.939393937587738,0.4018242061138153
YDR368W,YOR380W,0,1.4672945,0.19332125782966614,0.939393937587738,0.4019244313240051
YDR422C,YDL056W,0,1.4667456,0.1932823807001114,0.939393937587738,0.40202465653419495
YKL209C,YIL113W,0,1.4660333,0.19324351847171783,0.939393937587738,0.40212488174438477
YGL134W,YHR102W,0,1.4660243,0.19320467114448547,0.939393937587738,0.4022251069545746
YDR361C,YER078C,0,1.4649616,0.1931658238172531,0.939393937587738,0.4023253619670868
YHL006C,YLR247C,0,1.4646248,0.19312700629234314,0.939393937587738,0.4024255871772766
YDR080W,YJL069C,0,1.4621446,0.19308820366859436,0.939393937587738,0.40252581238746643
YNL310C,YBL022C,0,1.4621003,0.19304941594600677,0.939393937587738,0.40262603759765625
YJL018W,YML102W,1,1.4619641,0.19321148097515106,0.9403714537620544,0.40262603759765625
YPL170W,YDR437W,0,1.459831,0.19317269325256348,0.9403714537620544,0.40272626280784607
YGL005C,YJL100W,0,1.4594319,0.1931339055299759,0.9403714537620544,0.4028264880180359
YGL049C,YER164W,0,1.4592069,0.1930951476097107,0.9403714537620544,0.4029267430305481
YGL002W,YOR172W,0,1.4590744,0.1930563896894455,0.9403714537620544,0.4030269682407379
YPL265W,YDR198C,0,1.4590476,0.19301766157150269,0.9403714537620544,0.40312719345092773
YDL226C,YJR035W,0,1.4588783,0.19297893345355988,0.9403714537620544,0.40322741866111755
YER053C,YFL002C,0,1.4583745,0.19294023513793945,0.9403714537620544,0.4033276438713074
YMR281W,YNL270C,0,1.458323,0.19290153682231903,0.9403714537620544,0.4034278988838196
YMR199W,YCR102C,0,1.457391,0.192862868309021,0.9403714537620544,0.4035281240940094
YNR037C,YIR019C,0,1.4562154,0.19282421469688416,0.9403714537620544,0.4036283493041992
YDR096W,YDR054C,0,1.4544115,0.1927855759859085,0.9403714537620544,0.40372857451438904
YNL035C,YOL084W,0,1.453903,0.19274693727493286,0.9403714537620544,0.40382879972457886
YOL069W,YHR039C-B,0,1.4535184,0.1927083283662796,0.9403714537620544,0.4039290249347687
YBR100W,YOL120C,0,1.4531987,0.19266973435878754,0.9403714537620544,0.4040292799472809
YOR256C,YGR170W,0,1.4526684,0.19263115525245667,0.9403714537620544,0.4041295051574707
YJR105W,YOR018W,0,1.4526248,0.192592591047287,0.9403714537620544,0.4042297303676605
YLR201C,YML094W,0,1.452445,0.1925540417432785,0.9403714537620544,0.40432995557785034
YOL075C,YIR012W,0,1.4521835,0.1925155073404312,0.9403714537620544,0.40443018078804016
YDR009W,YCR106W,0,1.4519717,0.19247698783874512,0.9403714537620544,0.40453040599823
YOR196C,YGR029W,0,1.4517977,0.19243848323822021,0.9403714537620544,0.4046306610107422
YDR422C,YMR257C,0,1.4512517,0.1923999935388565,0.9403714537620544,0.404730886220932
YGL128C,YIL023C,0,1.450654,0.19236153364181519,0.9403714537620544,0.4048311114311218
YER161C,YOL157C,0,1.4493445,0.19232307374477386,0.9403714537620544,0.40493133664131165
YOR035C,YCL011C,0,1.4492593,0.19228462874889374,0.9403714537620544,0.40503156185150146
YOL041C,YLR127C,0,1.4480523,0.1922461986541748,0.9403714537620544,0.40513181686401367
YIL154C,YHR186C,0,1.4478208,0.19220779836177826,0.9403714537620544,0.4052320420742035
YGR289C,YDR313C,0,1.447341,0.1921693980693817,0.9403714537620544,0.4053322672843933
YKL017C,YHR062C,0,1.4470832,0.19213101267814636,0.9403714537620544,0.40543249249458313
YDL030W,YMR040W,0,1.4466839,0.1920926570892334,0.9403714537620544,0.40553271770477295
YOR298C-A,YKR083C,0,1.4466782,0.19205430150032043,0.9403714537620544,0.40563294291496277
YBL091C,YPL175W,0,1.4463348,0.19201596081256866,0.9403714537620544,0.405733197927475
YLR450W,YOL030W,0,1.4459264,0.19197764992713928,0.9403714537620544,0.4058334231376648
YHL003C,YLR019W,0,1.4452515,0.1919393390417099,0.9403714537620544,0.4059336483478546
YCR065W,YHR202W,0,1.4446753,0.1919010579586029,0.9403714537620544,0.40603387355804443
YBR228W,YCR079W,0,1.4445112,0.1918627768754959,0.9403714537620544,0.40613409876823425
YDR207C,YBR111W-A,1,1.4441237,0.19202393293380737,0.9413489699363708,0.40613409876823425
YDR326C,YBR231C,0,1.4436189,0.19198565185070038,0.9413489699363708,0.40623435378074646
YER111C,YLR174W,0,1.4427572,0.19194738566875458,0.9413489699363708,0.4063345789909363
YER094C,YIL137C,0,1.44274,0.19190913438796997,0.9413489699363708,0.4064348042011261
YMR088C,YHR205W,0,1.4386477,0.19187089800834656,0.9413489699363708,0.4065350294113159
YCL020W,YLR059C,0,1.438555,0.19183267652988434,0.9413489699363708,0.40663525462150574
YGR245C,YBR283C,0,1.4384825,0.1917944699525833,0.9413489699363708,0.40673547983169556
YLR263W,YOR290C,0,1.4382856,0.19175627827644348,0.9413489699363708,0.40683573484420776
YJR064W,YBR085W,0,1.437888,0.19171810150146484,0.9413489699363708,0.4069359600543976
YJR086W,YCR020W-B,0,1.437877,0.1916799396276474,0.9413489699363708,0.4070361852645874
YKL029C,YCR027C,0,1.437768,0.19164179265499115,0.9413489699363708,0.4071364104747772
YOR257W,YGR263C,0,1.4368662,0.1916036605834961,0.9413489699363708,0.40723663568496704
YHR185C,YMR004W,0,1.4359937,0.19156554341316223,0.9413489699363708,0.40733686089515686
YMR156C,YNL300W,0,1.4348407,0.19152744114398956,0.9413489699363708,0.40743711590766907
YDL066W,YPL137C,0,1.4347771,0.19148936867713928,0.9413489699363708,0.4075373411178589
YDR036C,YDL235C,0,1.4340403,0.191451296210289,0.9413489699363708,0.4076375663280487
YGL210W-A,YFL024C,0,1.4331224,0.19141323864459991,0.9413489699363708,0.4077377915382385
YMR313C,YGL012W,0,1.4323832,0.19137519598007202,0.9413489699363708,0.40783801674842834
YOL030W,YOL020W,0,1.432179,0.19133716821670532,0.9413489699363708,0.40793827176094055
YDR437W,YJL174W,0,1.4305286,0.191299170255661,0.9413489699363708,0.40803849697113037
YNL222W,YDR510W,0,1.427757,0.1912611722946167,0.9413489699363708,0.4081387221813202
YMR215W,YOR229W,0,1.427312,0.19122318923473358,0.9413489699363708,0.40823894739151
YPL156C,YHL032C,0,1.4273107,0.19118523597717285,0.9413489699363708,0.40833917260169983
YGR121C,YBL087C,0,1.4254087,0.19114728271961212,0.9413489699363708,0.40843939781188965
YGR074W,YEL039C,0,1.4247499,0.19110934436321259,0.9413489699363708,0.40853965282440186
YLR188W,YAL020C,0,1.4244146,0.19107143580913544,0.9413489699363708,0.4086398780345917
YML106W,YKL087C,0,1.424407,0.1910335272550583,0.9413489699363708,0.4087401032447815
YGL195W,YBR082C,0,1.4234607,0.19099563360214233,0.9413489699363708,0.4088403284549713
YMR071C,YGL033W,0,1.4234465,0.19095776975154877,0.9413489699363708,0.40894055366516113
YGR174C,YMR127C,0,1.4230816,0.1909199059009552,0.9413489699363708,0.40904080867767334
YPR018W,YJR084W,0,1.4228057,0.19088205695152283,0.9413489699363708,0.40914103388786316
YDL104C,YHR158C,0,1.4227602,0.19084423780441284,0.9413489699363708,0.409241259098053
YER161C,YKR088C,0,1.4216247,0.19080641865730286,0.9413489699363708,0.4093414843082428
YOR087W,YMR150C,0,1.4203744,0.19076861441135406,0.9413489699363708,0.4094417095184326
YLR361C,YOR307C,0,1.4192533,0.19073083996772766,0.9413489699363708,0.40954193472862244
YIL131C,YGR054W,0,1.416642,0.19069306552410126,0.9413489699363708,0.40964218974113464
YLR139C,YHR011W,0,1.4149898,0.19065532088279724,0.9413489699363708,0.40974241495132446
YPL211W,YPL101W,0,1.414328,0.19061757624149323,0.9413489699363708,0.4098426401615143
YDR466W,YOR356W,0,1.4139814,0.1905798465013504,0.9413489699363708,0.4099428653717041
YBL080C,YMR264W,0,1.412748,0.19054214656352997,0.9413489699363708,0.4100430905818939
YJL153C,YPR023C,0,1.411371,0.19050444662570953,0.9413489699363708,0.41014331579208374
YOL077W-A,YPR046W,0,1.4110098,0.1904667764902115,0.9413489699363708,0.41024357080459595
YKR018C,YDR523C,0,1.4099607,0.19042910635471344,0.9413489699363708,0.41034379601478577
YDR050C,YLR426W,0,1.4086964,0.19039146602153778,0.9413489699363708,0.4104440212249756
YER005W,YLR110C,0,1.4079256,0.19035382568836212,0.9413489699363708,0.4105442464351654
YHR043C,YPL283C,0,1.4075181,0.19031620025634766,0.9413489699363708,0.4106444716453552
YDR438W,YNL329C,0,1.4072727,0.19027860462665558,0.9413489699363708,0.41074472665786743
YDR135C,YBR019C,0,1.4071089,0.1902410089969635,0.9413489699363708,0.41084495186805725
YDR117C,YML067C,0,1.407099,0.1902034431695938,0.9413489699363708,0.41094517707824707
YBR161W,YJR064W,0,1.4055175,0.19016587734222412,0.9413489699363708,0.4110454022884369
YNL106C,YDL007W,0,1.4050109,0.19012832641601562,0.9413489699363708,0.4111456274986267
YER041W,YJL137C,0,1.4041635,0.19009080529212952,0.9413489699363708,0.41124585270881653
YOR205C,YNL317W,0,1.4037551,0.1900532841682434,0.9413489699363708,0.41134610772132874
YDL075W,YDL150W,0,1.4030516,0.1900157779455185,0.9413489699363708,0.41144633293151855
YCL057C-A,YJL209W,0,1.4028354,0.18997830152511597,0.9413489699363708,0.4115465581417084
YKL096W,YNL083W,0,1.4026538,0.18994082510471344,0.9413489699363708,0.4116467833518982
YDR235W,YBR100W,0,1.4015725,0.1899033784866333,0.9413489699363708,0.411747008562088
YMR045C,YFL056C,0,1.4008384,0.18986593186855316,0.9413489699363708,0.41184723377227783
YBR186W,YGL240W,0,1.399847,0.18982850015163422,0.9413489699363708,0.41194748878479004
YML014W,YBL061C,0,1.3994021,0.18979109823703766,0.9413489699363708,0.41204771399497986
YHR129C,YNR047W,0,1.3986596,0.1897536963224411,0.9413489699363708,0.4121479392051697
YJL065C,YLR121C,0,1.3976645,0.18971630930900574,0.9413489699363708,0.4122481644153595
YLR246W,YIR015W,0,1.3966043,0.18967893719673157,0.9413489699363708,0.4123483896255493
YGR094W,YER183C,0,1.3960261,0.18964159488677979,0.9413489699363708,0.4124486446380615
YAL034C,YDR174W,1,1.3960063,0.1898011416196823,0.9423264861106873,0.4124486446380615
YFL035C-A,YKR079C,0,1.3950448,0.18976378440856934,0.9423264861106873,0.41254886984825134
YDR130C,YDR200C,0,1.394,0.18972642719745636,0.9423264861106873,0.41264909505844116
YBR101C,YGL142C,0,1.3937092,0.18968909978866577,0.9423264861106873,0.412749320268631
YJR022W,YIL062C,0,1.3932607,0.18965178728103638,0.9423264861106873,0.4128495454788208
YOL069W,YJR108W,0,1.3922186,0.18961447477340698,0.9423264861106873,0.4129497706890106
YOR046C,YDR301W,0,1.392159,0.18957719206809998,0.9423264861106873,0.4130500257015228
YGL167C,YKR031C,0,1.3917825,0.18953990936279297,0.9423264861106873,0.41315025091171265
YNL183C,YFL002C,0,1.3902308,0.18950265645980835,0.9423264861106873,0.41325047612190247
YGL028C,YLR246W,0,1.3900236,0.18946540355682373,0.9423264861106873,0.4133507013320923
YMR130W,YLR032W,0,1.3897641,0.1894281804561615,0.9423264861106873,0.4134509265422821
YPL056C,YLR185W,0,1.387753,0.18939095735549927,0.9423264861106873,0.4135511815547943
YDR043C,YEL044W,0,1.3872378,0.18935376405715942,0.9423264861106873,0.41365140676498413
YAL034C,YJL115W,1,1.3865836,0.1895129680633545,0.9433040022850037,0.41365140676498413
YDL243C,YHL003C,0,1.3843343,0.18947574496269226,0.9433040022850037,0.41375163197517395
YPL016W,YLR352W,0,1.384176,0.18943855166435242,0.9433040022850037,0.41385185718536377
YJR014W,YDR395W,0,1.3839762,0.18940137326717377,0.9433040022850037,0.4139520823955536
YKR034W,YBR212W,0,1.3837283,0.1893642097711563,0.9433040022850037,0.4140523076057434
YIL093C,YHR103W,0,1.3833213,0.18932706117630005,0.9433040022850037,0.4141525626182556
YDR023W,YKL208W,0,1.3832932,0.1892899125814438,0.9433040022850037,0.41425278782844543
YGL131C,YNL090W,0,1.3818624,0.1892527937889099,0.9433040022850037,0.41435301303863525
YMR271C,YFR015C,0,1.3810453,0.18921568989753723,0.9433040022850037,0.4144532382488251
YJL018W,YKR010C,1,1.3803434,0.1893746256828308,0.9442815184593201,0.4144532382488251
YKL087C,YJL138C,0,1.3790898,0.18933752179145813,0.9442815184593201,0.4145534634590149
YGR014W,YDR073W,0,1.3785319,0.18930041790008545,0.9442815184593201,0.4146536886692047
YJR046W,YNL035C,0,1.3784838,0.18926332890987396,0.9442815184593201,0.4147539436817169
YOR115C,YLR167W,0,1.3781041,0.18922625482082367,0.9442815184593201,0.41485416889190674
YFR049W,YIL072W,0,1.3777988,0.18918919563293457,0.9442815184593201,0.41495439410209656
YOL034W,YDL101C,0,1.3774562,0.18915215134620667,0.9442815184593201,0.4150546193122864
YPR168W,YHR214W,0,1.3767548,0.18911510705947876,0.9442815184593201,0.4151548445224762
YPR128C,YNL099C,0,1.3766143,0.18907809257507324,0.9442815184593201,0.4152550995349884
YNR012W,YDR130C,0,1.3755124,0.18904109299182892,0.9442815184593201,0.4153553247451782
YER028C,YLR201C,0,1.3752375,0.1890041083097458,0.9442815184593201,0.41545554995536804
YGL066W,YPL016W,1,1.3750148,0.18916276097297668,0.9452590346336365,0.41545554995536804
YAL021C,YJR043C,0,1.374896,0.18912576138973236,0.9452590346336365,0.41555577516555786
YNL270C,YOR069W,0,1.3741255,0.18908877670764923,0.9452590346336365,0.4156560003757477
YLR410W,YKL028W,0,1.3735578,0.1890518069267273,0.9452590346336365,0.4157562255859375
YGR204W,YKL176C,0,1.3722842,0.18901485204696655,0.9452590346336365,0.4158564805984497
YML033W,YDR020C,0,1.3716626,0.188977912068367,0.9452590346336365,0.4159567058086395
YBL074C,YBR012W-B,0,1.371582,0.18894098699092865,0.9452590346336365,0.41605693101882935
YBR097W,YKR034W,0,1.3709656,0.1889040768146515,0.9452590346336365,0.41615715622901917
YGR184C,YMR094W,0,1.3700486,0.18886718153953552,0.9452590346336365,0.416257381439209
YOL117W,YGL153W,0,1.3690711,0.18883030116558075,0.9452590346336365,0.4163576364517212
YBL071W-A,YML107C,0,1.3674109,0.18879343569278717,0.9452590346336365,0.416457861661911
YIL109C,YAR014C,0,1.3672382,0.18875658512115479,0.9452590346336365,0.41655808687210083
YJL012C,YOR207C,0,1.3670552,0.1887197494506836,0.9452590346336365,0.41665831208229065
YIR017C,YOR348C,0,1.3666232,0.1886829286813736,0.9452590346336365,0.41675853729248047
YGL070C,YNL185C,0,1.3648891,0.1886461228132248,0.9452590346336365,0.4168587625026703
YGL173C,YML048W,0,1.3647429,0.188609316945076,0.9452590346336365,0.4169590175151825
YMR211W,YBL018C,0,1.3640778,0.18857254087924957,0.9452590346336365,0.4170592427253723
YMR109W,YBL016W,0,1.3625242,0.18853577971458435,0.9452590346336365,0.41715946793556213
YJL208C,YMR164C,0,1.3622906,0.18849901854991913,0.9452590346336365,0.41725969314575195
YEL064C,YBR215W,0,1.3614879,0.1884622871875763,0.9452590346336365,0.4173599183559418
YLR022C,YPR166C,0,1.3601639,0.18842557072639465,0.9452590346336365,0.4174601435661316
YER149C,YGL178W,0,1.3601028,0.188388854265213,0.9452590346336365,0.4175603985786438
YIL069C,YDL193W,0,1.3600843,0.18835216760635376,0.9452590346336365,0.4176606237888336
YDL112W,YDL230W,0,1.3600745,0.1883154809474945,0.9452590346336365,0.41776084899902344
YDR099W,YPL281C,0,1.3598509,0.18827880918979645,0.9452590346336365,0.41786107420921326
YLR188W,YGL189C,0,1.3591436,0.18824216723442078,0.9452590346336365,0.4179612994194031
YCR088W,YEL003W,0,1.357003,0.1882055252790451,0.9452590346336365,0.4180615544319153
YOR094W,YPL037C,0,1.3563436,0.18816889822483063,0.9452590346336365,0.4181617796421051
YOR178C,YPR058W,0,1.3556397,0.18813230097293854,0.9452590346336365,0.4182620048522949
YLR332W,YOR175C,0,1.3533573,0.18809570372104645,0.9452590346336365,0.41836223006248474
YHL003C,YCR042C,0,1.3521861,0.18805912137031555,0.9452590346336365,0.41846245527267456
YBR293W,YAR007C,0,1.352101,0.18802255392074585,0.9452590346336365,0.4185626804828644
YFR008W,YDR045C,0,1.3517549,0.18798600137233734,0.9452590346336365,0.4186629354953766
YOR205C,YIL069C,0,1.3516083,0.18794946372509003,0.9452590346336365,0.4187631607055664
YOL058W,YOR358W,0,1.3514043,0.1879129409790039,0.9452590346336365,0.4188633859157562
YDR206W,YPL254W,0,1.3491358,0.18787643313407898,0.9452590346336365,0.41896361112594604
YNL222W,YBR119W,0,1.349046,0.18783994019031525,0.9452590346336365,0.41906383633613586
YKL143W,YPL111W,0,1.3474509,0.1878034621477127,0.9452590346336365,0.41916409134864807
YIL044C,YOR067C,0,1.3469194,0.18776698410511017,0.9452590346336365,0.4192643165588379
YKR053C,YJR035W,0,1.3468802,0.18773053586483002,0.9452590346336365,0.4193645417690277
YMR060C,YKL156W,0,1.3466945,0.18769410252571106,0.9452590346336365,0.41946476697921753
YPL242C,YCL019W,0,1.3460438,0.1876576691865921,0.9452590346336365,0.41956499218940735
YGR003W,YDR156W,0,1.3460152,0.18762126564979553,0.9452590346336365,0.41966521739959717
YDL130W,YFR028C,0,1.3458147,0.18758486211299896,0.9452590346336365,0.4197654724121094
YIL156W,YOR017W,0,1.345356,0.18754848837852478,0.9452590346336365,0.4198656976222992
YPR008W,YGL178W,0,1.3450949,0.1875121146440506,0.9452590346336365,0.419965922832489
YER093C,YJL157C,0,1.3450297,0.1874757707118988,0.9452590346336365,0.42006614804267883
YEL001C,YIL122W,0,1.344932,0.187439426779747,0.9452590346336365,0.42016637325286865
YGL257C,YDR201W,0,1.344295,0.1874030977487564,0.9452590346336365,0.42026659846305847
YNR051C,YOR198C,0,1.3429977,0.187366783618927,0.9452590346336365,0.4203668534755707
YNL067W,YEL004W,0,1.3427911,0.18733049929141998,0.9452590346336365,0.4204670786857605
YJR029W,YPL123C,0,1.3418945,0.18729421496391296,0.9452590346336365,0.4205673038959503
YOL041C,YDR242W,0,1.3417767,0.18725794553756714,0.9452590346336365,0.42066752910614014
YHR187W,YGR162W,0,1.3408821,0.1872216910123825,0.9452590346336365,0.42076775431632996
YOR363C,YBR036C,0,1.3401651,0.18718543648719788,0.9452590346336365,0.42086800932884216
YDR400W,YNL151C,0,1.3399239,0.18714921176433563,0.9452590346336365,0.420968234539032
YJR090C,YPR023C,0,1.3397675,0.18711300194263458,0.9452590346336365,0.4210684597492218
YPL056C,YLR276C,0,1.3395668,0.18707680702209473,0.9452590346336365,0.4211686849594116
YLR139C,YIR013C,0,1.3395114,0.18704061210155487,0.9452590346336365,0.42126891016960144
YGR055W,YBR213W,0,1.3390082,0.1870044469833374,0.9452590346336365,0.42136913537979126
YMR052W,YNL326C,0,1.3389225,0.18696829676628113,0.9452590346336365,0.42146939039230347
YEL013W,YDR080W,0,1.3372226,0.18693214654922485,0.9452590346336365,0.4215696156024933
YPL249C-A,YLR115W,0,1.3370461,0.18689601123332977,0.9452590346336365,0.4216698408126831
YGL181W,YBL005W-A,0,1.3349533,0.18685990571975708,0.9452590346336365,0.4217700660228729
YLR131C,YDR386W,0,1.3346918,0.1868238002061844,0.9452590346336365,0.42187029123306274
YJL094C,YKL040C,0,1.3346224,0.1867877095937729,0.9452590346336365,0.42197054624557495
YHR067W,YPL118W,0,1.3345046,0.18675164878368378,0.9452590346336365,0.42207077145576477
YGL156W,YMR167W,0,1.333556,0.18671558797359467,0.9452590346336365,0.4221709966659546
YDR033W,YPR022C,0,1.3335464,0.18667954206466675,0.9452590346336365,0.4222712218761444
YPL121C,YJR059W,0,1.3327526,0.18664351105690002,0.9452590346336365,0.42237144708633423
YMR067C,YKL099C,0,1.3320101,0.1866074800491333,0.9452590346336365,0.42247167229652405
YBR044C,YKL040C,0,1.3314898,0.18657147884368896,0.9452590346336365,0.42257192730903625
YLR417W,YJL091C,0,1.3314272,0.18653549253940582,0.9452590346336365,0.4226721525192261
YDL085W,YLR106C,0,1.3310373,0.18649952113628387,0.9452590346336365,0.4227723777294159
YBR084W,YMR199W,0,1.3308799,0.18646354973316193,0.9452590346336365,0.4228726029396057
YPR162C,YJL127C,1,1.3305988,0.18662039935588837,0.9462365508079529,0.4228726029396057
YOR278W,YGL086W,0,1.3305395,0.18658442795276642,0.9462365508079529,0.42297282814979553
YBR050C,YHR007C,0,1.328985,0.18654847145080566,0.9462365508079529,0.42307305335998535
YBR098W,YDL191W,0,1.3284413,0.1865125298500061,0.9462365508079529,0.42317330837249756
YNL093W,YBR122C,0,1.3277597,0.18647658824920654,0.9462365508079529,0.4232735335826874
YCL069W,YIL097W,0,1.3272452,0.18644067645072937,0.9462365508079529,0.4233737587928772
YML042W,YJL118W,0,1.3264399,0.1864047795534134,0.9462365508079529,0.423473984003067
YHR118C,YBR111W-A,1,1.326409,0.18656142055988312,0.9472140669822693,0.423473984003067
YDR147W,YOR132W,0,1.3263738,0.18652550876140594,0.9472140669822693,0.42357420921325684
YPL111W,YPL116W,0,1.3260764,0.18648961186408997,0.9472140669822693,0.42367446422576904
YKL086W,YER054C,0,1.3259734,0.18645372986793518,0.9472140669822693,0.42377468943595886
YCR088W,YFL035C-B,0,1.3253052,0.1864178478717804,0.9472140669822693,0.4238749146461487
YOR267C,YJR052W,0,1.3249646,0.186381995677948,0.9472140669822693,0.4239751398563385
YOR063W,YLR369W,0,1.3249125,0.1863461583852768,0.9472140669822693,0.4240753650665283
YGL096W,YML031W,0,1.3242947,0.1863103210926056,0.9472140669822693,0.42417559027671814
YPL146C,YER019W,0,1.3242239,0.18627451360225677,0.9472140669822693,0.42427584528923035
YCR039C,YHR076W,0,1.3242118,0.18623870611190796,0.9472140669822693,0.42437607049942017
YKL208W,YOR319W,0,1.3240978,0.18620291352272034,0.9472140669822693,0.42447629570961
YPL132W,YDR041W,0,1.3238789,0.1861671507358551,0.9472140669822693,0.4245765209197998
YDL108W,YKR081C,0,1.3236599,0.18613138794898987,0.9472140669822693,0.4246767461299896
YDL154W,YNL001W,0,1.3236558,0.18609564006328583,0.9472140669822693,0.42477700114250183
YNL152W,YGR262C,0,1.3231616,0.18605990707874298,0.9472140669822693,0.42487722635269165
YLR406C,YDR393W,0,1.3229814,0.18602418899536133,0.9472140669822693,0.42497745156288147
YCL047C,YDL042C,0,1.3204174,0.18598848581314087,0.9472140669822693,0.4250776767730713
YGR123C,YGR296W,0,1.3201798,0.1859527975320816,0.9472140669822693,0.4251779019832611
YLR405W,YDR309C,0,1.3195772,0.18591710925102234,0.9472140669822693,0.4252781271934509
YGL129C,YJR019C,0,1.31933,0.18588145077228546,0.9472140669822693,0.42537838220596313
YBR286W,YLR427W,0,1.3190639,0.18584580719470978,0.9472140669822693,0.42547860741615295
YGR068C,YBR279W,0,1.3190116,0.1858101636171341,0.9472140669822693,0.4255788326263428
YLR120C,YNL133C,0,1.3182168,0.1857745349407196,0.9472140669822693,0.4256790578365326
YDR484W,YER122C,0,1.3161796,0.1857389360666275,0.9472140669822693,0.4257792830467224
YDR367W,YBL084C,0,1.3158002,0.1857033371925354,0.9472140669822693,0.42587950825691223
YFL026W,YPL137C,0,1.3151392,0.1856677532196045,0.9472140669822693,0.42597976326942444
YBR264C,YOL031C,0,1.3150017,0.18563218414783478,0.9472140669822693,0.42607998847961426
YPL006W,YEL017C-A,0,1.3143173,0.18559662997722626,0.9472140669822693,0.4261802136898041
YBR100W,YDR536W,0,1.3139669,0.18556109070777893,0.9472140669822693,0.4262804388999939
YLR201C,YOR096W,0,1.3131045,0.1855255663394928,0.9472140669822693,0.4263806641101837
YDR259C,YHL020C,0,1.3121855,0.18549004197120667,0.9472140669822693,0.4264809191226959
YGL226W,YOR322C,0,1.3118247,0.18545454740524292,0.9472140669822693,0.42658114433288574
YER001W,YOR322C,0,1.3114095,0.18541905283927917,0.9472140669822693,0.42668136954307556
YDR027C,YDL214C,0,1.3113632,0.18538358807563782,0.9472140669822693,0.4267815947532654
YPL124W,YLR139C,0,1.3113302,0.18534812331199646,0.9472140669822693,0.4268818199634552
YCL027C-A,YNL229C,0,1.3092417,0.1853126734495163,0.9472140669822693,0.426982045173645
YNL007C,YER016W,0,1.3091592,0.18527725338935852,0.9472140669822693,0.4270823001861572
YHR072W-A,YGR215W,0,1.3087176,0.18524183332920074,0.9472140669822693,0.42718252539634705
YGL201C,YGL085W,0,1.3083487,0.18520642817020416,0.9472140669822693,0.42728275060653687
YHL031C,YHR001W,0,1.3080992,0.18517102301120758,0.9472140669822693,0.4273829758167267
YLR371W,YKL209C,0,1.3080363,0.1851356476545334,0.9472140669822693,0.4274832010269165
YNL227C,YPR173C,0,1.3076718,0.18510028719902039,0.9472140669822693,0.4275834560394287
YNL029C,YNL265C,0,1.3075954,0.18506494164466858,0.9472140669822693,0.42768368124961853
YER155C,YAR050W,0,1.3056349,0.18502959609031677,0.9472140669822693,0.42778390645980835
YKR014C,YNL299W,0,1.3055302,0.18499426543712616,0.9472140669822693,0.42788413166999817
YBL032W,YDL197C,1,1.3051131,0.18514983355998993,0.9481915831565857,0.42788413166999817
YDR032C,YJL184W,0,1.3050268,0.18511450290679932,0.9481915831565857,0.427984356880188
YHR147C,YBR237W,0,1.3039842,0.1850791871547699,0.9481915831565857,0.4280845820903778
YLR320W,YPR061C,0,1.3027053,0.18504387140274048,0.9481915831565857,0.42818483710289
YPL268W,YER122C,0,1.302002,0.18500858545303345,0.9481915831565857,0.42828506231307983
YOR026W,YMR283C,0,1.3013406,0.18497329950332642,0.9481915831565857,0.42838528752326965
YDR242W,YMR167W,0,1.3001642,0.18493804335594177,0.9481915831565857,0.4284855127334595
YOR095C,YGR007W,0,1.2988558,0.18490278720855713,0.9481915831565857,0.4285857379436493
YCR020C,YEL059C-A,0,1.2987317,0.18486754596233368,0.9481915831565857,0.4286859631538391
YOR381W,YDL076C,0,1.2983626,0.18483231961727142,0.9481915831565857,0.4287862181663513
YBR041W,YDR273W,0,1.2983117,0.18479710817337036,0.9481915831565857,0.42888644337654114
YBR044C,YOL077W-A,0,1.2979726,0.1847619116306305,0.9481915831565857,0.42898666858673096
YDR011W,YNL216W,0,1.2970735,0.18472671508789062,0.9481915831565857,0.4290868937969208
YHR134W,YBR058C,0,1.2966503,0.18469154834747314,0.9481915831565857,0.4291871190071106
YDR372C,YDR038C,0,1.2966207,0.18465638160705566,0.9481915831565857,0.4292873740196228
YOR330C,YCL051W,0,1.2958715,0.18462124466896057,0.9481915831565857,0.4293875992298126
YGL049C,YDL137W,0,1.2953438,0.18458610773086548,0.9481915831565857,0.42948782444000244
YMR048W,YGR257C,0,1.2945352,0.18455098569393158,0.9481915831565857,0.42958804965019226
YMR309C,YDR162C,0,1.2939395,0.18451587855815887,0.9481915831565857,0.4296882748603821
YBR240C,YDR354W,0,1.2931368,0.18448078632354736,0.9481915831565857,0.4297885000705719
YPR036W,YJR143C,0,1.2925397,0.18444570899009705,0.9481915831565857,0.4298887550830841
YNL103W,YHR080C,0,1.2918751,0.18441064655780792,0.9481915831565857,0.4299889802932739
YKL134C,YIR023W,0,1.2914214,0.18437559902668,0.9481915831565857,0.43008920550346375
YDR483W,YDR118W,0,1.2912192,0.18434055149555206,0.9481915831565857,0.43018943071365356
YER129W,YER060W-A,0,1.2901409,0.18430553376674652,0.9481915831565857,0.4302896559238434
YDR056C,YPR165W,0,1.2898092,0.18427051603794098,0.9481915831565857,0.4303899109363556
YDR377W,YGR065C,0,1.2878739,0.18423551321029663,0.9481915831565857,0.4304901361465454
YMR257C,YNL308C,0,1.2875651,0.18420052528381348,0.9481915831565857,0.43059036135673523
YPR124W,YDL150W,0,1.2872739,0.18416555225849152,0.9481915831565857,0.43069058656692505
YPR075C,YNL039W,0,1.2870889,0.18413059413433075,0.9481915831565857,0.43079081177711487
YNL306W,YOL133W,0,1.2865692,0.18409565091133118,0.9481915831565857,0.4308910369873047
YLL005C,YLR192C,0,1.2863503,0.1840607225894928,0.9481915831565857,0.4309912919998169
YNL154C,YNR056C,0,1.2861468,0.18402579426765442,0.9481915831565857,0.4310915172100067
YJL167W,YBL010C,0,1.285485,0.18399089574813843,0.9481915831565857,0.43119174242019653
YGL128C,YKR059W,0,1.2853255,0.18395599722862244,0.9481915831565857,0.43129196763038635
YDR056C,YLR048W,0,1.2842414,0.18392112851142883,0.9481915831565857,0.43139219284057617
YLR066W,YER003C,0,1.2840029,0.18388625979423523,0.9481915831565857,0.431492418050766
YPL169C,YAR009C,0,1.2829303,0.18385140597820282,0.9481915831565857,0.4315926730632782
YML111W,YJL033W,0,1.2817705,0.1838165670633316,0.9481915831565857,0.431692898273468
YPL079W,YNL123W,0,1.2817308,0.1837817281484604,0.9481915831565857,0.43179312348365784
YPL143W,YBR058C,0,1.2814091,0.18374691903591156,0.9481915831565857,0.43189334869384766
YKL010C,YJL026W,0,1.2805812,0.18371212482452393,0.9481915831565857,0.4319935739040375
YGR028W,YDR028C,0,1.2787571,0.1836773306131363,0.9481915831565857,0.4320938289165497
YOR158W,YHL040C,0,1.2769951,0.18364256620407104,0.9481915831565857,0.4321940541267395
YCL057C-A,YCR098C,0,1.2762467,0.1836078017950058,0.9481915831565857,0.4322942793369293
YKL146W,YGL027C,0,1.2730982,0.18357305228710175,0.9481915831565857,0.43239450454711914
YJR110W,YOR306C,0,1.2723823,0.1835383176803589,0.9481915831565857,0.43249472975730896
YGL171W,YEL004W,0,1.272291,0.18350359797477722,0.9481915831565857,0.4325949549674988
YFR005C,YDR098C-B,0,1.2722515,0.18346889317035675,0.9481915831565857,0.432695209980011
YGR217W,YOR254C,0,1.2714849,0.18343418836593628,0.9481915831565857,0.4327954351902008
YBR098W,YML120C,0,1.270833,0.1833995133638382,0.9481915831565857,0.4328956604003906
YLR341W,YLR226W,0,1.27076,0.1833648383617401,0.9481915831565857,0.43299588561058044
YDR379W,YMR063W,0,1.2707046,0.18333017826080322,0.9481915831565857,0.43309611082077026
YOR079C,YDR247W,0,1.2690333,0.18329553306102753,0.9481915831565857,0.43319636583328247
YPL012W,YNL325C,0,1.2681279,0.18326091766357422,0.9481915831565857,0.4332965910434723
YOR125C,YER040W,0,1.2677407,0.18322628736495972,0.9481915831565857,0.4333968162536621
YCR033W,YDL223C,0,1.267324,0.1831916868686676,0.9481915831565857,0.43349704146385193
YIR006C,YER127W,0,1.2656137,0.18315710127353668,0.9481915831565857,0.43359726667404175
YPL233W,YGR191W,0,1.2655578,0.18312251567840576,0.9481915831565857,0.43369749188423157
YJL209W,YJR076C,0,1.2654792,0.18308795988559723,0.9481915831565857,0.4337977468967438
YER144C,YLR079W,0,1.2652633,0.1830534040927887,0.9481915831565857,0.4338979721069336
YDL087C,YKR039W,0,1.2648346,0.18301886320114136,0.9481915831565857,0.4339981973171234
YER001W,YBR156C,0,1.2645471,0.1829843372106552,0.9481915831565857,0.43409842252731323
YOR011W,YJR123W,0,1.264294,0.18294982612133026,0.9481915831565857,0.43419864773750305
YNL293W,YAR003W,0,1.2642303,0.1829153299331665,0.9481915831565857,0.43429887294769287
YNL199C,YJL018W,0,1.2641901,0.18288084864616394,0.9481915831565857,0.4343991279602051
YKR096W,YOL064C,0,1.2641356,0.18284636735916138,0.9481915831565857,0.4344993531703949
YOR081C,YGL211W,0,1.2624782,0.1828119158744812,0.9481915831565857,0.4345995783805847
YPR042C,YML110C,0,1.2619659,0.18277746438980103,0.9481915831565857,0.43469980359077454
YOL034W,YOR358W,0,1.2616963,0.18274302780628204,0.9481915831565857,0.43480002880096436
YIL154C,YOR307C,0,1.261401,0.18270860612392426,0.9481915831565857,0.43490028381347656
YOL030W,YGL111W,0,1.2604848,0.18267419934272766,0.9481915831565857,0.4350005090236664
YLR128W,YDR438W,0,1.2603639,0.18263980746269226,0.9481915831565857,0.4351007342338562
YNL002C,YLR204W,0,1.2600083,0.18260541558265686,0.9481915831565857,0.435200959444046
YDR523C,YIL097W,0,1.2596428,0.18257105350494385,0.9481915831565857,0.43530118465423584
YMR074C,YBR265W,0,1.2594028,0.18253669142723083,0.9481915831565857,0.43540140986442566
YDL095W,YNL291C,0,1.2592047,0.1825023591518402,0.9481915831565857,0.43550166487693787
YDR092W,YGL023C,0,1.2586241,0.18246802687644958,0.9481915831565857,0.4356018900871277
YMR281W,YDR425W,0,1.256688,0.18243370950222015,0.9481915831565857,0.4357021152973175
YLR052W,YGL258W-A,0,1.2566533,0.18239939212799072,0.9481915831565857,0.4358023405075073
YJL197W,YHR196W,0,1.255564,0.18236510455608368,0.9481915831565857,0.43590256571769714
YPL216W,YKL185W,1,1.2552629,0.18251879513263702,0.9491690993309021,0.43590256571769714
YOR034C,YJL196C,0,1.2547511,0.1824844926595688,0.9491690993309021,0.43600282073020935
YDR069C,YMR079W,0,1.2539017,0.18245020508766174,0.9491690993309021,0.43610304594039917
YOL100W,YOR217W,0,1.2538662,0.1824159324169159,0.9491690993309021,0.436203271150589
YER062C,YGR195W,0,1.2506009,0.18238167464733124,0.9491690993309021,0.4363034963607788
YDR098C-A,YOR103C,0,1.2502407,0.18234741687774658,0.9491690993309021,0.43640372157096863
YLR075W,YPL215W,0,1.2488742,0.18231317400932312,0.9491690993309021,0.43650394678115845
YJL105W,YGL092W,1,1.2479572,0.18246668577194214,0.9501466155052185,0.43650394678115845
YHR056C,YDR005C,1,1.2478495,0.1826201230287552,0.9511241316795349,0.43650394678115845
YDR545W,YNL130C,0,1.2469618,0.18258585035800934,0.9511241316795349,0.43660420179367065
YMR316W,YIL119C,0,1.2463725,0.18255159258842468,0.9511241316795349,0.4367044270038605
YBL088C,YPL242C,0,1.2443007,0.18251734972000122,0.9511241316795349,0.4368046522140503
YHR079C-B,YKR072C,0,1.2440389,0.18248312175273895,0.9511241316795349,0.4369048774242401
YEL011W,YGL090W,0,1.2434974,0.18244890868663788,0.9511241316795349,0.43700510263442993
YMR047C,YIL137C,0,1.2434218,0.1824146956205368,0.9511241316795349,0.43710532784461975
YNL123W,YDR471W,0,1.2434195,0.18238051235675812,0.9511241316795349,0.43720558285713196
YBR201W,YCL027C-A,0,1.243356,0.18234632909297943,0.9511241316795349,0.4373058080673218
YKL139W,YFL025C,0,1.2433445,0.18231216073036194,0.9511241316795349,0.4374060332775116
YLR378C,YLR319C,0,1.2432375,0.18227800726890564,0.9511241316795349,0.4375062584877014
YHR201C,YLR059C,0,1.242758,0.18224386870861053,0.9511241316795349,0.43760648369789124
YER023W,YDR517W,0,1.2426592,0.18220974504947662,0.9511241316795349,0.43770673871040344
YLR014C,YPL159C,0,1.2424606,0.1821756213903427,0.9511241316795349,0.43780696392059326
YFR032C-A,YML024W,0,1.2424579,0.18214151263237,0.9511241316795349,0.4379071891307831
YPR164W,YER019W,0,1.2417727,0.18210743367671967,0.9511241316795349,0.4380074143409729
YLR347C,YFR047C,0,1.2409817,0.18207335472106934,0.9511241316795349,0.4381076395511627
YFL029C,YLR435W,0,1.2403203,0.1820392906665802,0.9511241316795349,0.43820786476135254
YMR275C,YGR099W,0,1.2402494,0.18200524151325226,0.9511241316795349,0.43830811977386475
YER032W,YPR082C,0,1.2372535,0.18197119235992432,0.9511241316795349,0.43840834498405457
YOR271C,YOR266W,0,1.2369816,0.18193717300891876,0.9511241316795349,0.4385085701942444
YNL124W,YLR431C,0,1.2352161,0.1819031536579132,0.9511241316795349,0.4386087954044342
YCR029C-A,YML001W,0,1.234809,0.18186916410923004,0.9511241316795349,0.438709020614624
YFL022C,YCR037C,0,1.234425,0.18183517456054688,0.9511241316795349,0.43880927562713623
YGR116W,YJR097W,0,1.233508,0.1818011999130249,0.9511241316795349,0.43890950083732605
YNL222W,YDR204W,0,1.2327877,0.18176724016666412,0.9511241316795349,0.43900972604751587
YJR126C,YIL069C,0,1.2319024,0.18173328042030334,0.9511241316795349,0.4391099512577057
YBL031W,YER143W,0,1.2317858,0.18169935047626495,0.9511241316795349,0.4392101764678955
YPL192C,YDR265W,0,1.231766,0.18166542053222656,0.9511241316795349,0.4393104016780853
YKL216W,YNR070W,0,1.2314017,0.18163150548934937,0.9511241316795349,0.43941065669059753
YGL033W,YER146W,0,1.2305703,0.18159760534763336,0.9511241316795349,0.43951088190078735
YGR128C,YJL198W,0,1.2301433,0.18156372010707855,0.9511241316795349,0.4396111071109772
YJL151C,YJR050W,0,1.2284582,0.18152984976768494,0.9511241316795349,0.439711332321167
YHL031C,YPR061C,0,1.2280681,0.18149599432945251,0.9511241316795349,0.4398115575313568
YBR135W,YJR015W,0,1.2276752,0.1814621388912201,0.9511241316795349,0.43991178274154663
YLR188W,YMR226C,0,1.2273443,0.18142829835414886,0.9511241316795349,0.44001203775405884
YDR466W,YDR350C,0,1.2272359,0.18139448761940002,0.9511241316795349,0.44011226296424866
YPL089C,YBR272C,0,1.2242988,0.18136067688465118,0.9511241316795349,0.4402124881744385
YHR072W,YNR030W,0,1.2233171,0.18132686614990234,0.9511241316795349,0.4403127133846283
YPR068C,YDR295C,1,1.2217352,0.18147940933704376,0.9521016478538513,0.4403127133846283
YJL094C,YMR017W,0,1.2198385,0.18144559860229492,0.9521016478538513,0.4404129385948181
YJL089W,YOR308C,0,1.2186029,0.18141180276870728,0.9521016478538513,0.4405131936073303
YOL156W,YOR073W,0,1.2166517,0.18137802183628082,0.9521016478538513,0.44061341881752014
YDR128W,YGL009C,0,1.2165432,0.18134425580501556,0.9521016478538513,0.44071364402770996
YDR261C,YGL025C,0,1.2162272,0.1813105046749115,0.9521016478538513,0.4408138692378998
YGL145W,YDR198C,0,1.2156692,0.18127675354480743,0.9521016478538513,0.4409140944480896
YGL157W,YOR258W,0,1.2149932,0.18124301731586456,0.9521016478538513,0.4410143196582794
YFL011W,YKR097W,0,1.2147692,0.18120929598808289,0.9521016478538513,0.4411145746707916
YNL072W,YPL154C,0,1.2146683,0.1811755895614624,0.9521016478538513,0.44121479988098145
YGL234W,YML098W,0,1.2145746,0.1811418980360031,0.9521016478538513,0.44131502509117126
YDL075W,YCL045C,0,1.214202,0.18110822141170502,0.9521016478538513,0.4414152503013611
YOR246C,YML058W,0,1.214093,0.18107454478740692,0.9521016478538513,0.4415154755115509
YKR067W,YPR121W,0,1.2139149,0.1810408979654312,0.9521016478538513,0.4416157305240631
YBR101C,YML064C,0,1.2129827,0.1810072511434555,0.9521016478538513,0.44171595573425293
YLL009C,YGL097W,0,1.2106241,0.180973619222641,0.9521016478538513,0.44181618094444275
YJL018W,YJL127C,1,1.2099054,0.18112576007843018,0.9530791640281677,0.44181618094444275
YEL050C,YEL038W,0,1.2091439,0.18109212815761566,0.9530791640281677,0.44191640615463257
YKL051W,YDR110W,0,1.2084392,0.18105849623680115,0.9530791640281677,0.4420166313648224
YGR030C,YDL120W,0,1.2083962,0.18102487921714783,0.9530791640281677,0.4421168565750122
YDR158W,YOR081C,0,1.2079468,0.1809912770986557,0.9530791640281677,0.4422171115875244
YMR149W,YOL115W,0,1.2073288,0.18095768988132477,0.9530791640281677,0.44231733679771423
YLR136C,YIL110W,0,1.2069585,0.18092410266399384,0.9530791640281677,0.44241756200790405
YJL197W,YBL036C,0,1.2058368,0.1808905452489853,0.9530791640281677,0.44251778721809387
YJR094W-A,YBR207W,0,1.2054447,0.18085698783397675,0.9530791640281677,0.4426180124282837
YDL126C,YDL072C,0,1.2041526,0.1808234453201294,0.9530791640281677,0.4427182376384735
YNR046W,YGR227W,0,1.2018394,0.18078991770744324,0.9530791640281677,0.4428184926509857
YKR038C,YPL108W,0,1.2013569,0.18075639009475708,0.9530791640281677,0.44291871786117554
YNL055C,YNR045W,0,1.2009525,0.1807228922843933,0.9530791640281677,0.44301894307136536
YNR041C,YCR028C,0,1.2001411,0.18068939447402954,0.9530791640281677,0.4431191682815552
YNL133C,YGR272C,0,1.199497,0.18065592646598816,0.9530791640281677,0.443219393491745
YOR217W,YNR063W,0,1.1992248,0.18062245845794678,0.9530791640281677,0.4433196485042572
YDR363W-A,YJL118W,0,1.1989739,0.1805890053510666,0.9530791640281677,0.443419873714447
YMR014W,YML029W,0,1.1988184,0.1805555522441864,0.9530791640281677,0.44352009892463684
YER023W,YOL121C,0,1.1983974,0.1805221289396286,0.9530791640281677,0.44362032413482666
YPL176C,YML031W,0,1.1974245,0.1804887056350708,0.9530791640281677,0.4437205493450165
YGR047C,YLR265C,0,1.1965959,0.1804552972316742,0.9530791640281677,0.4438207745552063
YJL018W,YLR449W,1,1.1944542,0.18060696125030518,0.9540566802024841,0.4438207745552063
YMR026C,YPL198W,0,1.1927024,0.18057353794574738,0.9540566802024841,0.4439210295677185
YOR197W,YFR047C,0,1.1914198,0.18054014444351196,0.9540566802024841,0.4440212547779083
YDR409W,YKL178C,0,1.1911957,0.18050675094127655,0.9540566802024841,0.44412147998809814
YDR143C,YLR034C,0,1.1904216,0.18047337234020233,0.9540566802024841,0.44422170519828796
YKR050W,YNL316C,0,1.1880653,0.1804400086402893,0.9540566802024841,0.4443219304084778
YDR456W,YMR045C,0,1.1868322,0.18040665984153748,0.9540566802024841,0.44442218542099
YOR375C,YDL143W,0,1.186363,0.18037331104278564,0.9540566802024841,0.4445224106311798
YCR092C,YML087C,0,1.1862458,0.1803399920463562,0.9540566802024841,0.44462263584136963
YHL006C,YEL063C,0,1.1857859,0.18030667304992676,0.9540566802024841,0.44472286105155945
YFR040W,YDR314C,0,1.1848909,0.1802733689546585,0.9540566802024841,0.44482308626174927
YNR047W,YLR287C-A,0,1.1840464,0.18024007976055145,0.9540566802024841,0.4449233114719391
YDR343C,YDR078C,0,1.183551,0.1802067905664444,0.9540566802024841,0.4450235664844513
YKL213C,YOR047C,0,1.1835008,0.18017353117465973,0.9540566802024841,0.4451237916946411
YLL039C,YPL130W,0,1.182605,0.18014027178287506,0.9540566802024841,0.44522401690483093
YGR076C,YLR174W,0,1.1824864,0.1801070272922516,0.9540566802024841,0.44532424211502075
YOR249C,YJL062W-A,0,1.1817473,0.1800737977027893,0.9540566802024841,0.44542446732521057
YHR197W,YML004C,0,1.1815382,0.18004058301448822,0.9540566802024841,0.4455246925354004
YER060W,YEL020W-A,0,1.1806648,0.18000738322734833,0.9540566802024841,0.4456249475479126
YBR018C,YNR054C,0,1.1798182,0.17997418344020844,0.9540566802024841,0.4457251727581024
YEL046C,YKR042W,0,1.1796217,0.17994099855422974,0.9540566802024841,0.44582539796829224
YJL173C,YPL189C-A,0,1.17925,0.17990782856941223,0.9540566802024841,0.44592562317848206
YCL051W,YLR466W,0,1.178721,0.17987467348575592,0.9540566802024841,0.4460258483886719
YJL129C,YPR143W,0,1.1784296,0.1798415333032608,0.9540566802024841,0.4461261034011841
YPL139C,YMR239C,1,1.1783787,0.17999263107776642,0.9550341963768005,0.4461261034011841
YLR056W,YCL051W,0,1.1775953,0.1799594759941101,0.9550341963768005,0.4462263286113739
YNL177C,YER155C,0,1.1773336,0.179926335811615,0.9550341963768005,0.4463265538215637
YLR200W,YCR036W,0,1.1766956,0.17989321053028107,0.9550341963768005,0.44642677903175354
YHR011W,YDR110W,0,1.1763628,0.17986008524894714,0.9550341963768005,0.44652700424194336
YPR165W,YLR272C,0,1.1755787,0.1798269897699356,0.9550341963768005,0.4466272294521332
YER020W,YGR272C,0,1.1753714,0.17979389429092407,0.9550341963768005,0.4467274844646454
YDR085C,YDR309C,0,1.1749439,0.17976081371307373,0.9550341963768005,0.4468277096748352
YIL153W,YGR142W,0,1.1747515,0.17972774803638458,0.9550341963768005,0.446927934885025
YLR216C,YOL096C,0,1.1743767,0.17969468235969543,0.9550341963768005,0.44702816009521484
YIL036W,YBR149W,0,1.1726348,0.17966164648532867,0.9550341963768005,0.44712838530540466
YGR178C,YIL040W,0,1.1716211,0.17962861061096191,0.9550341963768005,0.44722864031791687
YHR105W,YML013W,0,1.1713632,0.17959558963775635,0.9550341963768005,0.4473288655281067
YCL064C,YLR288C,0,1.1713395,0.17956258356571198,0.9550341963768005,0.4474290907382965
YOR335C,YDR532C,0,1.1705079,0.1795295774936676,0.9550341963768005,0.44752931594848633
YER169W,YPL184C,1,1.1697526,0.17968031764030457,0.9560117125511169,0.44752931594848633
YOR198C,YDL130W,0,1.1693581,0.1796473115682602,0.9560117125511169,0.44762954115867615
YOL077C,YCR072C,0,1.1684799,0.17961432039737701,0.9560117125511169,0.44772976636886597
YPL005W,YIL106W,0,1.1668354,0.17958134412765503,0.9560117125511169,0.4478300213813782
YOR110W,YNL023C,0,1.1667466,0.17954836785793304,0.9560117125511169,0.447930246591568
YOL140W,YKL167C,0,1.166447,0.17951542139053345,0.9560117125511169,0.4480304718017578
YGL100W,YGL070C,0,1.1652029,0.17948247492313385,0.9560117125511169,0.44813069701194763
YLL066C,YGR135W,0,1.1646607,0.17944954335689545,0.9560117125511169,0.44823092222213745
YCR081W,YER091C,0,1.1630652,0.17941662669181824,0.9560117125511169,0.44833114743232727
YOL069W,YBR218C,0,1.1627457,0.17938371002674103,0.9560117125511169,0.4484314024448395
YKR025W,YJR064W,0,1.1602699,0.1793508231639862,0.9560117125511169,0.4485316276550293
YGR068C,YNR022C,0,1.1600138,0.17931793630123138,0.9560117125511169,0.4486318528652191
YMR198W,YGL121C,0,1.16001,0.17928506433963776,0.9560117125511169,0.44873207807540894
YDL123W,YOR060C,0,1.1593063,0.17925219237804413,0.9560117125511169,0.44883230328559875
YHR158C,YHR110W,0,1.1578212,0.1792193502187729,0.9560117125511169,0.44893255829811096
YBR286W,YMR201C,0,1.1576912,0.17918650805950165,0.9560117125511169,0.4490327835083008
YLR194C,YNL119W,0,1.1568346,0.1791536957025528,0.9560117125511169,0.4491330087184906
YIL068C,YKL045W,0,1.1552131,0.17912088334560394,0.9560117125511169,0.4492332339286804
YNL321W,YIL075C,0,1.1550838,0.17908808588981628,0.9560117125511169,0.44933345913887024
YPR075C,YGR257C,0,1.1549182,0.17905528843402863,0.9560117125511169,0.44943368434906006
YOR257W,YPL030W,0,1.1540247,0.17902252078056335,0.9560117125511169,0.44953393936157227
YDL147W,YKR061W,0,1.1536759,0.17898975312709808,0.9560117125511169,0.4496341645717621
YPR100W,YOL056W,0,1.1528966,0.178957000374794,0.9560117125511169,0.4497343897819519
YGL254W,YAL047C,0,1.1527666,0.17892426252365112,0.9560117125511169,0.4498346149921417
YDR486C,YDR231C,0,1.1524663,0.17889152467250824,0.9560117125511169,0.44993484020233154
YDR511W,YOR073W,0,1.1519346,0.17885881662368774,0.9560117125511169,0.45003509521484375
YLL039C,YDL127W,0,1.1510715,0.17882610857486725,0.9560117125511169,0.45013532042503357
YOR140W,YNL023C,0,1.1507776,0.17879341542720795,0.9560117125511169,0.4502355456352234
YGR017W,YDR532C,0,1.1507456,0.17876073718070984,0.9560117125511169,0.4503357708454132
YCR102C,YDR339C,0,1.1504968,0.17872807383537292,0.9560117125511169,0.450435996055603
YGR283C,YML034W,0,1.1498927,0.178695410490036,0.9560117125511169,0.45053622126579285
YDR045C,YCR077C,0,1.1475005,0.1786627620458603,0.9560117125511169,0.45063647627830505
YLR360W,YGL054C,0,1.1463007,0.17863014340400696,0.9560117125511169,0.4507367014884949
YIR037W,YBR055C,0,1.1451634,0.17859750986099243,0.9560117125511169,0.4508369266986847
YIL150C,YOR338W,1,1.1445526,0.1787474900484085,0.9569892287254333,0.4508369266986847
YNL167C,YNL293W,0,1.1445093,0.17871485650539398,0.9569892287254333,0.4509371519088745
YNL326C,YDR261W-B,0,1.14448,0.17868223786354065,0.9569892287254333,0.45103737711906433
YPR037C,YNL152W,0,1.1440852,0.1786496341228485,0.9569892287254333,0.45113760232925415
YBR039W,YOR380W,0,1.14402,0.17861704528331757,0.9569892287254333,0.45123785734176636
YHR117W,YDR386W,0,1.1423984,0.17858445644378662,0.9569892287254333,0.4513380825519562
YMR119W,YDL231C,0,1.1423595,0.17855188250541687,0.9569892287254333,0.451438307762146
YLR382C,YMR154C,0,1.1409185,0.1785193234682083,0.9569892287254333,0.4515385329723358
YDR488C,YLR064W,0,1.1396036,0.17848677933216095,0.9569892287254333,0.45163875818252563
YBR166C,YLR384C,0,1.1389725,0.17845425009727478,0.9569892287254333,0.45173901319503784
YNL106C,YKR094C,0,1.1386571,0.1784217208623886,0.9569892287254333,0.45183923840522766
YGL115W,YBR217W,0,1.1384563,0.17838920652866364,0.9569892287254333,0.4519394636154175
YEL027W,YKL056C,0,1.1374326,0.17835670709609985,0.9569892287254333,0.4520396888256073
YOR278W,YGL175C,0,1.1356356,0.17832422256469727,0.9569892287254333,0.4521399140357971
YGL246C,YGR191W,0,1.1352648,0.17829175293445587,0.9569892287254333,0.45224013924598694
YBL036C,YGR013W,0,1.1350394,0.17825928330421448,0.9569892287254333,0.45234039425849915
YBL061C,YGR001C,0,1.13312,0.17822682857513428,0.9569892287254333,0.45244061946868896
YCR044C,YDR212W,0,1.1328658,0.17819438874721527,0.9569892287254333,0.4525408446788788
YDR434W,YBL047C,0,1.1326401,0.17816196382045746,0.9569892287254333,0.4526410698890686
YOR153W,YGR212W,0,1.1319301,0.17812955379486084,0.9569892287254333,0.4527412950992584
YLR034C,YML087C,0,1.1319106,0.17809714376926422,0.9569892287254333,0.45284155011177063
YBR126C,YLR368W,0,1.1308781,0.1780647486448288,0.9569892287254333,0.45294177532196045
YEL071W,YCL031C,0,1.1308142,0.17803236842155457,0.9569892287254333,0.45304200053215027
YGR244C,YDR206W,0,1.1298916,0.17800000309944153,0.9569892287254333,0.4531422257423401
YJR047C,YNL241C,0,1.1298065,0.1779676377773285,0.9569892287254333,0.4532424509525299
YER032W,YNL278W,0,1.1297209,0.17793530225753784,0.9569892287254333,0.4533426761627197
YEL044W,YGR277C,0,1.1294703,0.1779029667377472,0.9569892287254333,0.45344293117523193
YAL048C,YGR096W,0,1.1294105,0.17787064611911774,0.9569892287254333,0.45354315638542175
YBL031W,YPR037C,0,1.1268982,0.17783832550048828,0.9569892287254333,0.4536433815956116
YDL129W,YDR213W,0,1.1268343,0.1778060346841812,0.9569892287254333,0.4537436068058014
YMR113W,YNL325C,0,1.1261516,0.17777374386787415,0.9569892287254333,0.4538438320159912
YDL049C,YNL197C,0,1.1253797,0.17774146795272827,0.9569892287254333,0.45394405722618103
YJL073W,YNL275W,0,1.125184,0.1777092069387436,0.9569892287254333,0.45404431223869324
YGL134W,YPL075W,0,1.1229701,0.1776769459247589,0.9569892287254333,0.45414453744888306
YDR393W,YDR276C,0,1.121964,0.17764471471309662,0.9569892287254333,0.4542447626590729
YIL009C-A,YDR001C,0,1.1213499,0.17761248350143433,0.9569892287254333,0.4543449878692627
YNL166C,YBL067C,0,1.1208212,0.17758026719093323,0.9569892287254333,0.4544452130794525
YBL036C,YHR110W,0,1.1203655,0.17754806578159332,0.9569892287254333,0.4545454680919647
YOL056W,YDR435C,0,1.1201254,0.17751586437225342,0.9569892287254333,0.45464569330215454
YKL138C-A,YMR199W,0,1.1198584,0.1774836778640747,0.9569892287254333,0.45474591851234436
YOR088W,YLR298C,0,1.1197367,0.1774515062570572,0.9569892287254333,0.4548461437225342
YGL181W,YMR278W,0,1.1192497,0.17741934955120087,0.9569892287254333,0.454946368932724
YNL020C,YAL048C,0,1.1187685,0.17738720774650574,0.9569892287254333,0.4550465941429138
YKL181W,YBR038W,0,1.117331,0.1773550659418106,0.9569892287254333,0.455146849155426
YMR088C,YOL055C,0,1.1171049,0.17732295393943787,0.9569892287254333,0.45524707436561584
YPL089C,YJR056C,0,1.1168911,0.17729084193706512,0.9569892287254333,0.45534729957580566
YOR047C,YML067C,0,1.1164765,0.17725872993469238,0.9569892287254333,0.4554475247859955
YDL066W,YOR250C,0,1.116298,0.17722664773464203,0.9569892287254333,0.4555477499961853
YEL006W,YGR082W,0,1.1157649,0.17719456553459167,0.9569892287254333,0.4556480050086975
YOR198C,YMR243C,0,1.115712,0.17716249823570251,0.9569892287254333,0.45574823021888733
YAL042W,YFL003C,0,1.1155403,0.17713044583797455,0.9569892287254333,0.45584845542907715
YBR012W-A,YIR008C,0,1.1147609,0.17709840834140778,0.9569892287254333,0.45594868063926697
YPL132W,YNL275W,0,1.1140825,0.177066370844841,0.9569892287254333,0.4560489058494568
YJL110C,YOL077C,0,1.1139888,0.17703436315059662,0.9569892287254333,0.4561491310596466
YOR201C,YJL072C,0,1.1131496,0.17700235545635223,0.9569892287254333,0.4562493860721588
YOL044W,YLR138W,0,1.1119277,0.17697034776210785,0.9569892287254333,0.45634961128234863
YKR100C,YLR190W,0,1.1115993,0.17693836987018585,0.9569892287254333,0.45644983649253845
YKL221W,YOR290C,0,1.110086,0.17690639197826385,0.9569892287254333,0.45655006170272827
YJR093C,YDL087C,0,1.1099094,0.17687442898750305,0.9569892287254333,0.4566502869129181
YHR158C,YGL023C,0,1.10863,0.17684248089790344,0.9569892287254333,0.4567505121231079
YDR479C,YNL328C,0,1.1078565,0.17681054770946503,0.9569892287254333,0.4568507671356201
YNL045W,YBR102C,0,1.1073892,0.1767786145210266,0.9569892287254333,0.45695099234580994
YER123W,YDR002W,0,1.1068435,0.17674671113491058,0.9569892287254333,0.45705121755599976
YJL183W,YJR064W,0,1.106764,0.17671480774879456,0.9569892287254333,0.4571514427661896
YAL058W,YER167W,0,1.1065816,0.17668290436267853,0.9569892287254333,0.4572516679763794
YIL109C,YOR030W,0,1.1063025,0.1766510307788849,0.9569892287254333,0.4573519229888916
YCL044C,YCR070W,0,1.105229,0.17661915719509125,0.9569892287254333,0.4574521481990814
YER114C,YBR036C,0,1.1050377,0.1765872985124588,0.9569892287254333,0.45755237340927124
YPL105C,YMR199W,0,1.1038758,0.17655545473098755,0.9569892287254333,0.45765259861946106
YDR338C,YDR225W,0,1.1023481,0.1765236258506775,0.9569892287254333,0.4577528238296509
YBR039W,YPL036W,0,1.1022061,0.17649179697036743,0.9569892287254333,0.4578530490398407
YHR129C,YLR095C,0,1.1021765,0.17645998299121857,0.9569892287254333,0.4579533040523529
YCR008W,YJR098C,0,1.1020201,0.1764281839132309,0.9569892287254333,0.4580535292625427
YNL289W,YHR036W,0,1.1001499,0.17639639973640442,0.9569892287254333,0.45815375447273254
YNL096C,YGR249W,0,1.0998203,0.17636461555957794,0.9569892287254333,0.45825397968292236
YBL030C,YKL027W,0,1.0992011,0.17633284628391266,0.9569892287254333,0.4583542048931122
YJR126C,YDR079C-A,0,1.0987461,0.17630109190940857,0.9569892287254333,0.4584544599056244
YBL003C,YCL005W-A,0,1.0986135,0.17626935243606567,0.9569892287254333,0.4585546851158142
YEL054C,YGR037C,0,1.0985241,0.17623762786388397,0.9569892287254333,0.45865491032600403
YDR177W,YJR007W,0,1.0977817,0.17620590329170227,0.9569892287254333,0.45875513553619385
YLR089C,YIL052C,0,1.0972378,0.17617419362068176,0.9569892287254333,0.45885536074638367
YDR408C,YJR033C,0,1.0970812,0.17614249885082245,0.9569892287254333,0.4589555859565735
YKL152C,YJL138C,0,1.0956316,0.17611080408096313,0.9569892287254333,0.4590558409690857
YHR092C,YBR152W,0,1.0955176,0.1760791391134262,0.9569892287254333,0.4591560661792755
YMR201C,YLL013C,0,1.0949926,0.17604747414588928,0.9569892287254333,0.45925629138946533
YAL044C,YIL101C,0,1.0936608,0.17601582407951355,0.9569892287254333,0.45935651659965515
YAL044C,YMR154C,0,1.0933487,0.17598417401313782,0.9569892287254333,0.45945674180984497
YHR001W,YDL092W,0,1.092115,0.17595255374908447,0.9569892287254333,0.4595569670200348
YKR085C,YKL143W,0,1.0915914,0.17592093348503113,0.9569892287254333,0.459657222032547
YDR158W,YPR175W,0,1.0915557,0.17588932812213898,0.9569892287254333,0.4597574472427368
YPL063W,YAR010C,0,1.0897179,0.17585773766040802,0.9569892287254333,0.45985767245292664
YOL100W,YOR371C,0,1.0894258,0.17582614719867706,0.9569892287254333,0.45995789766311646
YNL012W,YJR131W,0,1.0893378,0.1757945716381073,0.9569892287254333,0.4600581228733063
YLR035C,YML057W,0,1.0884235,0.17576301097869873,0.9569892287254333,0.4601583778858185
YLR118C,YDR349C,0,1.0883578,0.17573146522045135,0.9569892287254333,0.4602586030960083
YDR127W,YPL133C,0,1.0871472,0.17569993436336517,0.9569892287254333,0.4603588283061981
YCR004C,YHR101C,0,1.0866896,0.175668403506279,0.9569892287254333,0.46045905351638794
YDL104C,YIL137C,0,1.0861579,0.175636887550354,0.9569892287254333,0.46055927872657776
YDR202C,YLR117C,0,1.0858824,0.1756053864955902,0.9569892287254333,0.4606595039367676
YJL210W,YNL210W,0,1.0854354,0.17557388544082642,0.9569892287254333,0.4607597589492798
YMR183C,YLL026W,0,1.0852975,0.17554239928722382,0.9569892287254333,0.4608599841594696
YHR206W,YPL008W,0,1.0851885,0.1755109429359436,0.9569892287254333,0.4609602093696594
YOR010C,YLR306W,0,1.085005,0.1754794716835022,0.9569892287254333,0.46106043457984924
YNL265C,YLR409C,0,1.0836787,0.17544803023338318,0.9569892287254333,0.46116065979003906
YBR186W,YCR017C,0,1.0835655,0.17541658878326416,0.9569892287254333,0.46126091480255127
YNL321W,YDR104C,0,1.0834204,0.17538516223430634,0.9569892287254333,0.4613611400127411
YDL188C,YPL148C,0,1.0827982,0.1753537505865097,0.9569892287254333,0.4614613652229309
YKL004W,YKR080W,0,1.0818996,0.17532235383987427,0.9569892287254333,0.4615615904331207
YER063W,YGR038C-B,0,1.081559,0.17529095709323883,0.9569892287254333,0.46166181564331055
YBR105C,YGR296W,0,1.0812556,0.1752595752477646,0.9569892287254333,0.46176204085350037
YBR200W,YLL011W,0,1.0807561,0.17522820830345154,0.9569892287254333,0.4618622958660126
YLR304C,YGR211W,0,1.0803218,0.17519685626029968,0.9569892287254333,0.4619625210762024
YPR164W,YDR430C,0,1.079956,0.17516550421714783,0.9569892287254333,0.4620627462863922
YOR337W,YML115C,0,1.0794351,0.17513416707515717,0.9569892287254333,0.46216297149658203
YBR044C,YNL014W,0,1.0769614,0.1751028448343277,0.9569892287254333,0.46226319670677185
YKL060C,YHR091C,0,1.0766432,0.17507153749465942,0.9569892287254333,0.46236342191696167
YMR217W,YGR142W,0,1.0762795,0.17504023015499115,0.9569892287254333,0.4624636769294739
YDR425W,YDR257C,0,1.0759706,0.17500893771648407,0.9569892287254333,0.4625639021396637
YER083C,YLL038C,0,1.0759398,0.17497766017913818,0.9569892287254333,0.4626641273498535
YGR099W,YNR032C-A,0,1.0737821,0.1749463975429535,0.9569892287254333,0.46276435256004333
YBL050W,YJR001W,0,1.0734893,0.1749151349067688,0.9569892287254333,0.46286457777023315
YDR210C-D,YPL164C,0,1.0723596,0.1748838871717453,0.9569892287254333,0.46296483278274536
YDR047W,YBL020W,0,1.0721474,0.174852654337883,0.9569892287254333,0.4630650579929352
YKR037C,YMR106C,0,1.0711257,0.1748214215040207,0.9569892287254333,0.463165283203125
YER164W,YOR230W,1,1.0706612,0.17496874928474426,0.9579667448997498,0.463165283203125
YDR213W,YOL086W-A,0,1.0705389,0.17493751645088196,0.9579667448997498,0.4632655084133148
YPL239W,YIL016W,0,1.0699024,0.17490629851818085,0.9579667448997498,0.46336573362350464
YLR435W,YMR134W,0,1.0695534,0.17487509548664093,0.9579667448997498,0.46346595883369446
YGL107C,YGL017W,0,1.0682404,0.174843892455101,0.9579667448997498,0.46356621384620667
YLR154C,YOR016C,0,1.0681009,0.1748127043247223,0.9579667448997498,0.4636664390563965
YER088C,YCL060C,1,1.0672017,0.17495986819267273,0.9589442610740662,0.4636664390563965
YHR035W,YGL116W,0,1.0664597,0.174928680062294,0.9589442610740662,0.4637666642665863
YER018C,YMR274C,0,1.066099,0.17489749193191528,0.9589442610740662,0.4638668894767761
YOL069W,YMR106C,0,1.0658734,0.17486630380153656,0.9589442610740662,0.46396711468696594
YJL197W,YHR148W,0,1.0648679,0.17483514547348022,0.9589442610740662,0.46406736969947815
YDL201W,YER053C,0,1.063268,0.1748039871454239,0.9589442610740662,0.46416759490966797
YOR039W,YPR141C,0,1.0626187,0.17477284371852875,0.9589442610740662,0.4642678201198578
YGL040C,YLR097C,0,1.0623477,0.1747417151927948,0.9589442610740662,0.4643680453300476
YIL050W,YDR532C,0,1.0614445,0.17471060156822205,0.9589442610740662,0.4644682705402374
YER167W,YLR201C,0,1.060499,0.1746794879436493,0.9589442610740662,0.46456849575042725
YKL129C,YPR106W,0,1.0602345,0.17464838922023773,0.9589442610740662,0.46466875076293945
YBR091C,YKL114C,0,1.0601599,0.17461730539798737,0.9589442610740662,0.4647689759731293
YAL001C,YDL174C,0,1.0599973,0.174586221575737,0.9589442610740662,0.4648692011833191
YDR372C,YIL052C,0,1.0594009,0.17455516755580902,0.9589442610740662,0.4649694263935089
YOR344C,YNR036C,0,1.0593455,0.17452409863471985,0.9589442610740662,0.46506965160369873
YDR194C,YBR258C,0,1.0590861,0.17449305951595306,0.9589442610740662,0.46516987681388855
YER169W,YDR520C,0,1.0575347,0.17446203529834747,0.9589442610740662,0.46527013182640076
YBL054W,YIL172C,0,1.0573382,0.17443101108074188,0.9589442610740662,0.4653703570365906
YJR096W,YOR087W,0,1.05721,0.17440000176429749,0.9589442610740662,0.4654705822467804
YKR050W,YPR054W,0,1.0555577,0.17436900734901428,0.9589442610740662,0.4655708074569702
YBR106W,YLR369W,0,1.0547472,0.17433801293373108,0.9589442610740662,0.46567103266716003
YNL025C,YMR122W-A,0,1.0544546,0.17430703341960907,0.9589442610740662,0.46577128767967224
YMR198W,YBR301W,0,1.0536823,0.17427606880664825,0.9589442610740662,0.46587151288986206
YBR106W,YAL014C,0,1.0535741,0.17424511909484863,0.9589442610740662,0.4659717381000519
YCL068C,YMR048W,0,1.0530174,0.174214169383049,0.9589442610740662,0.4660719633102417
YJL122W,YIL122W,0,1.0529438,0.17418323457241058,0.9589442610740662,0.4661721885204315
YDR239C,YOL103W-A,0,1.052155,0.17415231466293335,0.9589442610740662,0.46627241373062134
YLR141W,YBR111W-A,1,1.0519662,0.17429889738559723,0.9599217772483826,0.46627241373062134
YPL258C,YOR009W,0,1.0518591,0.1742679625749588,0.9599217772483826,0.46637266874313354
YOR391C,YGR274C,0,1.0503561,0.17423704266548157,0.9599217772483826,0.46647289395332336
YPL256C,YDR293C,0,1.0494384,0.17420613765716553,0.9599217772483826,0.4665731191635132
YGR212W,YNL287W,0,1.0491889,0.1741752326488495,0.9599217772483826,0.466673344373703
YJL139C,YNL005C,0,1.0491573,0.17414435744285583,0.9599217772483826,0.4667735695838928
YGL250W,YPR174C,0,1.0486878,0.17411348223686218,0.9599217772483826,0.46687382459640503
YHR046C,YGL032C,0,1.0485344,0.17408260703086853,0.9599217772483826,0.46697404980659485
YDL003W,YGL226W,0,1.0468068,0.17405176162719727,0.9599217772483826,0.46707427501678467
YGR027W-B,YNL181W,0,1.0458124,0.174020916223526,0.9599217772483826,0.4671745002269745
YMR280C,YLR057W,0,1.0451111,0.17399007081985474,0.9599217772483826,0.4672747254371643
YKL220C,YNR032C-A,0,1.0443197,0.17395925521850586,0.9599217772483826,0.4673749506473541
YLR141W,YOL012C,1,1.0429826,0.17410555481910706,0.960899293422699,0.4673749506473541
YJR019C,YER014W,0,1.0418649,0.17407472431659698,0.960899293422699,0.46747520565986633
YOR361C,YJR049C,0,1.0411034,0.1740439087152481,0.960899293422699,0.46757543087005615
YER007C-A,YOL140W,0,1.0400732,0.17401309311389923,0.960899293422699,0.46767565608024597
YEL046C,YLR010C,0,1.039883,0.17398230731487274,0.960899293422699,0.4677758812904358
YGL104C,YHR191C,0,1.0398583,0.17395150661468506,0.960899293422699,0.4678761065006256
YIL148W,YOR067C,0,1.0387938,0.17392073571681976,0.960899293422699,0.46797633171081543
YFL037W,YFR015C,0,1.0375031,0.17388996481895447,0.960899293422699,0.46807658672332764
YDL134C-A,YHR063C,0,1.0369778,0.17385920882225037,0.960899293422699,0.46817681193351746
YMR177W,YML072C,0,1.0368207,0.17382846772670746,0.960899293422699,0.4682770371437073
YPL255W,YPR073C,0,1.0363153,0.17379774153232574,0.960899293422699,0.4683772623538971
YBR268W,YLR096W,0,1.0341178,0.17376701533794403,0.960899293422699,0.4684774875640869
YGL173C,YDL095W,0,1.0333333,0.1737363040447235,0.960899293422699,0.4685777425765991
YKR038C,YIL091C,0,1.0317438,0.17370560765266418,0.960899293422699,0.46867796778678894
YPR068C,YOL152W,0,1.0316187,0.17367491126060486,0.960899293422699,0.46877819299697876
YOR157C,YBL022C,0,1.0315268,0.17364422976970673,0.960899293422699,0.4688784182071686
YNL154C,YLR121C,0,1.0314103,0.1736135631799698,0.960899293422699,0.4689786434173584
YGR038C-B,YDR111C,0,1.0295106,0.17358291149139404,0.960899293422699,0.4690788686275482
YEL064C,YLR430W,0,1.028816,0.1735522598028183,0.960899293422699,0.4691791236400604
YPR052C,YDR315C,0,1.0272675,0.17352162301540375,0.960899293422699,0.46927934885025024
YBR264C,YNL180C,0,1.0269518,0.1734910011291504,0.960899293422699,0.46937957406044006
YNL206C,YLR069C,0,1.0268829,0.17346037924289703,0.960899293422699,0.4694797992706299
YOR120W,YDR342C,0,1.026666,0.17342978715896606,0.960899293422699,0.4695800244808197
YMR280C,YCL075W,0,1.0260203,0.1733991950750351,0.960899293422699,0.4696802794933319
YCR039C,YNL180C,0,1.0253407,0.17336860299110413,0.960899293422699,0.46978050470352173
YBL055C,YLR332W,0,1.0251828,0.17333804070949554,0.960899293422699,0.46988072991371155
YLR417W,YLR142W,0,1.025007,0.17330747842788696,0.960899293422699,0.46998095512390137
YOR122C,YDR307W,0,1.0244733,0.17327693104743958,0.960899293422699,0.4700811803340912
YPL015C,YJR017C,1,1.0235679,0.17342263460159302,0.9618768095970154,0.4700811803340912
YMR081C,YPR110C,0,1.0228966,0.17339207231998444,0.9618768095970154,0.470181405544281
YOR197W,YIL097W,0,1.0221143,0.17336152493953705,0.9618768095970154,0.4702816605567932
YMR055C,YAR044W,0,1.0211033,0.17333097755908966,0.9618768095970154,0.47038188576698303
YPR164W,YDR256C,0,1.0211028,0.17330045998096466,0.9618768095970154,0.47048211097717285
YHL019C,YGL020C,0,1.020923,0.17326994240283966,0.9618768095970154,0.47058233618736267
YBR004C,YDR347W,0,1.0205894,0.17323943972587585,0.9618768095970154,0.4706825613975525
YOR088W,YGL139W,0,1.0199695,0.17320893704891205,0.9618768095970154,0.4707827866077423
YIL027C,YNL284C-B,0,1.0198135,0.17317846417427063,0.9618768095970154,0.4708830416202545
YIL147C,YJL072C,0,1.0191089,0.1731479912996292,0.9618768095970154,0.47098326683044434
YGR076C,YPR186C,0,1.0151339,0.1731175184249878,0.9618768095970154,0.47108349204063416
YKR034W,YBR022W,0,1.0136184,0.17308707535266876,0.9618768095970154,0.471183717250824
YJR108W,YBR008C,0,1.0127596,0.17305663228034973,0.9618768095970154,0.4712839424610138
YOR214C,YDR086C,0,1.0121249,0.1730262041091919,0.9618768095970154,0.471384197473526
YDR420W,YGR078C,0,1.0119207,0.17299577593803406,0.9618768095970154,0.4714844226837158
YPL207W,YDR331W,0,1.0116841,0.1729653775691986,0.9618768095970154,0.47158464789390564
YKR072C,YER015W,0,1.0115318,0.17293497920036316,0.9618768095970154,0.47168487310409546
YML125C,YKL145W,0,1.0115166,0.1729045808315277,0.9618768095970154,0.4717850983142853
YGR154C,YKR077W,0,1.0081964,0.17287421226501465,0.9618768095970154,0.4718853235244751
YDR031W,YNL111C,0,1.006607,0.1728438436985016,0.9618768095970154,0.4719855785369873
YGL084C,YDR143C,0,1.0064309,0.17281349003314972,0.9618768095970154,0.4720858037471771
YFL056C,YDL122W,0,1.0034539,0.17278313636779785,0.9618768095970154,0.47218602895736694
YDR084C,YGR082W,0,1.0030068,0.17275281250476837,0.9618768095970154,0.47228625416755676
YOL072W,YCR088W,0,1.0028456,0.1727224886417389,0.9618768095970154,0.4723864793777466
YNR019W,YIL122W,0,1.0016985,0.1726921796798706,0.9618768095970154,0.4724867045879364
YER074W-A,YGR209C,0,1.0013726,0.17266187071800232,0.9618768095970154,0.4725869596004486
YNL091W,YPL037C,0,1.0012807,0.17263157665729523,0.9618768095970154,0.4726871848106384
YLL018C-A,YMR166C,0,1.0002998,0.17260129749774933,0.9618768095970154,0.47278741002082825
YPL195W,YHR079C-A,0,1.0000641,0.17257103323936462,0.9618768095970154,0.47288763523101807
YKL148C,YJL046W,0,0.9997858,0.17254076898097992,0.9618768095970154,0.4729878604412079
YDR162C,YDR468C,0,0.99956,0.1725105196237564,0.9618768095970154,0.4730881154537201
YHR121W,YPL026C,0,0.99921703,0.1724802851676941,0.9618768095970154,0.4731883406639099
YKR072C,YOR110W,0,0.9972658,0.17245005071163177,0.9618768095970154,0.47328856587409973
YMR158W,YDR013W,0,0.99693924,0.17241983115673065,0.9618768095970154,0.47338879108428955
YHL038C,YNL315C,0,0.9964811,0.17238962650299072,0.9618768095970154,0.47348901629447937
YBR181C,YGL022W,0,0.99540126,0.172359436750412,0.9618768095970154,0.4735892415046692
YBR105C,YPL091W,0,0.9950165,0.17232924699783325,0.9618768095970154,0.4736894965171814
YNL329C,YPL144W,0,0.9945018,0.1722990721464157,0.9618768095970154,0.4737897217273712
YHR024C,YMR207C,0,0.99447286,0.17226891219615936,0.9618768095970154,0.47388994693756104
YGL125W,YDR201W,0,0.9938733,0.17223875224590302,0.9618768095970154,0.47399017214775085
YFR025C,YJL048C,0,0.9920547,0.17220860719680786,0.9618768095970154,0.4740903973579407
YPL020C,YOR132W,0,0.9916804,0.1721784770488739,0.9618768095970154,0.4741906523704529
YDL108W,YJL063C,0,0.9911356,0.17214836180210114,0.9618768095970154,0.4742908775806427
YOR030W,YDR375C,0,0.9903377,0.17211824655532837,0.9618768095970154,0.4743911027908325
YHR187W,YKR061W,0,0.99012053,0.1720881462097168,0.9618768095970154,0.47449132800102234
YHR076W,YCR069W,0,0.9900954,0.17205804586410522,0.9618768095970154,0.47459155321121216
YER036C,YNR032C-A,0,0.9899876,0.17202797532081604,0.9618768095970154,0.474691778421402
YBR201W,YOR244W,0,0.98724043,0.17199790477752686,0.9618768095970154,0.4747920334339142
YLR172C,YGR296W,0,0.9864667,0.17196784913539886,0.9618768095970154,0.474892258644104
YOR181W,YCL055W,0,0.985885,0.17193779349327087,0.9618768095970154,0.4749924838542938
YMR063W,YEL038W,0,0.9848993,0.17190775275230408,0.9618768095970154,0.47509270906448364
YOR303W,YNL169C,0,0.9847648,0.17187772691249847,0.9618768095970154,0.47519293427467346
YBR068C,YLR284C,0,0.98470557,0.17184771597385406,0.9618768095970154,0.4752931594848633
YAR009C,YOR380W,0,0.9833519,0.17181770503520966,0.9618768095970154,0.4753934144973755
YPR029C,YHR191C,0,0.9831117,0.17178770899772644,0.9618768095970154,0.4754936397075653
YPR140W,YDR270W,0,0.98302245,0.17175772786140442,0.9618768095970154,0.4755938649177551
YOL021C,YJL209W,0,0.9820551,0.1717277467250824,0.9618768095970154,0.47569409012794495
YMR224C,YDR098C,0,0.98198897,0.17169778048992157,0.9618768095970154,0.47579431533813477
YOR361C,YDR376W,0,0.98124945,0.17166782915592194,0.9618768095970154,0.475894570350647
YGR261C,YBR290W,0,0.9812279,0.1716378927230835,0.9618768095970154,0.4759947955608368
YIR012W,YMR166C,0,0.97988385,0.17160795629024506,0.9618768095970154,0.4760950207710266
YBR086C,YPR055W,0,0.97911674,0.1715780347585678,0.9618768095970154,0.47619524598121643
YPL060C-A,YPL211W,0,0.9789925,0.17154811322689056,0.9618768095970154,0.47629547119140625
YMR278W,YMR237W,0,0.97843635,0.1715182214975357,0.9618768095970154,0.47639569640159607
YOR178C,YER040W,0,0.9773606,0.17148832976818085,0.9618768095970154,0.4764959514141083
YOL008W,YLR048W,0,0.9764188,0.171458438038826,0.9618768095970154,0.4765961766242981
YOL130W,YIL052C,0,0.97588307,0.17142857611179352,0.9618768095970154,0.4766964018344879
YKL213C,YDR342C,0,0.9747669,0.17139871418476105,0.9618768095970154,0.47679662704467773
YDR099W,YBL005W-A,0,0.9741098,0.17136886715888977,0.9618768095970154,0.47689685225486755
YPL214C,YNL051W,0,0.97372353,0.1713390201330185,0.9618768095970154,0.47699710726737976
YJR110W,YPL153C,0,0.9732156,0.1713091880083084,0.9618768095970154,0.4770973324775696
YDR160W,YBR176W,0,0.97281885,0.17127937078475952,0.9618768095970154,0.4771975576877594
YMR154C,YLR372W,0,0.9718106,0.17124956846237183,0.9618768095970154,0.4772977828979492
YHL031C,YBR166C,0,0.9707476,0.17121976613998413,0.9618768095970154,0.47739800810813904
YJL219W,YPR175W,0,0.97073555,0.17118997871875763,0.9618768095970154,0.47749823331832886
YKR086W,YJR044C,0,0.97043276,0.17116020619869232,0.9618768095970154,0.47759848833084106
YNL286W,YHL015W,0,0.9700258,0.17113043367862701,0.9618768095970154,0.4776987135410309
YDR242W,YBL019W,0,0.9696714,0.1711006760597229,0.9618768095970154,0.4777989387512207
YJR089W,YDL072C,0,0.967551,0.17107093334197998,0.9618768095970154,0.4778991639614105
YPL116W,YDR026C,1,0.9673526,0.1712150126695633,0.9628543257713318,0.4778991639614105
YER133W,YJL026W,0,0.96721876,0.17118525505065918,0.9628543257713318,0.47799938917160034
YMR264W,YDR365W-B,0,0.9672122,0.17115551233291626,0.9628543257713318,0.47809961438179016
YCR083W,YPL100W,0,0.9671141,0.17112578451633453,0.9628543257713318,0.47819986939430237
YER005W,YGR026W,0,0.967112,0.1710960566997528,0.9628543257713318,0.4783000946044922
YIL036W,YPL228W,0,0.96662337,0.17106634378433228,0.9628543257713318,0.478400319814682
YOL071W,YFL039C,0,0.9664205,0.17103663086891174,0.9628543257713318,0.4785005450248718
YBR058C,YIL101C,0,0.9660359,0.1710069477558136,0.9628543257713318,0.47860077023506165
YGR006W,YFL041W,0,0.96470493,0.17097726464271545,0.9628543257713318,0.47870102524757385
YGR087C,YOL061W,0,0.964543,0.1709475815296173,0.9628543257713318,0.47880125045776367
YKL216W,YOR011W,0,0.96397537,0.17091792821884155,0.9628543257713318,0.4789014756679535
YPR008W,YGR227W,0,0.96397007,0.1708882749080658,0.9628543257713318,0.4790017008781433
YDR379W,YJR035W,0,0.9618679,0.17085863649845123,0.9628543257713318,0.47910192608833313
YNL101W,YLR460C,0,0.96105134,0.17082899808883667,0.9628543257713318,0.47920215129852295
YCR048W,YMR261C,0,0.96010536,0.1707993745803833,0.9628543257713318,0.47930240631103516
YNL241C,YLR238W,0,0.95993793,0.17076976597309113,0.9628543257713318,0.479402631521225
YGL049C,YLR221C,0,0.959931,0.17074015736579895,0.9628543257713318,0.4795028567314148
YMR192W,YLR092W,0,0.95962507,0.17071057856082916,0.9628543257713318,0.4796030819416046
YDR316W-A,YNL053W,0,0.9594228,0.17068098485469818,0.9628543257713318,0.47970330715179443
YLR307W,YIL126W,0,0.95910406,0.1706514209508896,0.9628543257713318,0.47980356216430664
YKL218C,YGR254W,0,0.9585023,0.170621857047081,0.9628543257713318,0.47990378737449646
YNL278W,YKR089C,0,0.9580203,0.1705923080444336,0.9628543257713318,0.4800040125846863
YML046W,YBR022W,0,0.9564569,0.1705627739429474,0.9628543257713318,0.4801042377948761
YFL050C,YMR204C,0,0.9563485,0.17053323984146118,0.9628543257713318,0.4802044630050659
YCR047C,YDL211C,0,0.9560869,0.17050372064113617,0.9628543257713318,0.48030468821525574
YDL091C,YER003C,0,0.9557711,0.17047421634197235,0.9628543257713318,0.48040494322776794
YJL209W,YKL028W,0,0.9550364,0.17044471204280853,0.9628543257713318,0.48050516843795776
YKL220C,YAL026C,0,0.95420647,0.1704152226448059,0.9628543257713318,0.4806053936481476
YCR107W,YMR223W,0,0.95325184,0.17038574814796448,0.9628543257713318,0.4807056188583374
YLL023C,YDR224C,0,0.95322365,0.17035627365112305,0.9628543257713318,0.4808058440685272
YLR019W,YDR361C,0,0.95154196,0.1703268140554428,0.9628543257713318,0.48090606927871704
YOR088W,YIL078W,0,0.95121455,0.17029736936092377,0.9628543257713318,0.48100632429122925
YGR195W,YOR009W,0,0.951169,0.17026793956756592,0.9628543257713318,0.48110654950141907
YNL029C,YLR466W,0,0.9505744,0.17023850977420807,0.9628543257713318,0.4812067747116089
YER102W,YPR105C,0,0.9505458,0.1702090948820114,0.9628543257713318,0.4813069999217987
YDL082W,YGR174C,0,0.94997716,0.17017967998981476,0.9628543257713318,0.4814072251319885
YKL191W,YDR320C-A,0,0.94988394,0.1701502799987793,0.9628543257713318,0.48150748014450073
YDL082W,YBL066C,0,0.9471631,0.17012089490890503,0.9628543257713318,0.48160770535469055
YER044C-A,YHR193C,0,0.946749,0.17009152472019196,0.9628543257713318,0.48170793056488037
YPL249C-A,YLR424W,0,0.94644296,0.17006215453147888,0.9628543257713318,0.4818081557750702
YOR144C,YLL042C,0,0.9458865,0.170032799243927,0.9628543257713318,0.48190838098526
YLR188W,YPL116W,0,0.9444833,0.17000345885753632,0.9628543257713318,0.48200860619544983
YDR379W,YDR014W,0,0.9438189,0.16997411847114563,0.9628543257713318,0.48210886120796204
YLL067C,YEL003W,0,0.9437651,0.16994479298591614,0.9628543257713318,0.48220908641815186
YMR051C,YOR188W,0,0.94340104,0.16991546750068665,0.9628543257713318,0.4823093116283417
YNL214W,YML031W,0,0.9432398,0.16988617181777954,0.9628543257713318,0.4824095368385315
YKR100C,YKR089C,0,0.9429519,0.16985687613487244,0.9628543257713318,0.4825097620487213
YBR055C,YML087C,0,0.94202316,0.16982758045196533,0.9628543257713318,0.4826100170612335
YGL145W,YHR166C,0,0.9413203,0.16979831457138062,0.9628543257713318,0.48271024227142334
YNL177C,YOL027C,0,0.94109917,0.1697690486907959,0.9628543257713318,0.48281046748161316
YJL162C,YKL107W,0,0.93994033,0.16973978281021118,0.9628543257713318,0.482910692691803
YCR024C,YGR263C,0,0.93814003,0.16971054673194885,0.9628543257713318,0.4830109179019928
YGL093W,YJL102W,0,0.93807566,0.16968131065368652,0.9628543257713318,0.4831111431121826
YER178W,YGL207W,0,0.9367585,0.1696520894765854,0.9628543257713318,0.4832113981246948
YPL255W,YML114C,0,0.93588173,0.16962286829948425,0.9628543257713318,0.48331162333488464
YDR488C,YPL133C,0,0.9356568,0.1695936620235443,0.9628543257713318,0.48341184854507446
YPL117C,YJR015W,0,0.9355894,0.16956447064876556,0.9628543257713318,0.4835120737552643
YDR463W,YLR377C,0,0.9355313,0.16953527927398682,0.9628543257713318,0.4836122989654541
YHR216W,YPR158W-B,0,0.93479097,0.16950610280036926,0.9628543257713318,0.4837125241756439
YBR291C,YBL088C,0,0.9343649,0.1694769412279129,0.9628543257713318,0.48381277918815613
YOL125W,YNL190W,0,0.9318685,0.16944779455661774,0.9628543257713318,0.48391300439834595
YOR245C,YKR034W,0,0.93016416,0.16941864788532257,0.9628543257713318,0.48401322960853577
YDR028C,YPL139C,1,0.9299201,0.1695614755153656,0.9638318419456482,0.48401322960853577
YDR098C-B,YJL046W,0,0.929302,0.16953232884407043,0.9638318419456482,0.4841134548187256
YDR390C,YFL002C,0,0.9290576,0.16950318217277527,0.9638318419456482,0.4842136800289154
YJR045C,YGR013W,0,0.9287191,0.1694740504026413,0.9638318419456482,0.4843139350414276
YMR100W,YMR274C,0,0.9283886,0.16944491863250732,0.9638318419456482,0.48441416025161743
YDR052C,YBR176W,0,0.9273504,0.16941580176353455,0.9638318419456482,0.48451438546180725
YJL207C,YIL122W,0,0.92686963,0.16938669979572296,0.9638318419456482,0.48461461067199707
YGR154C,YJR152W,0,0.92676675,0.16935761272907257,0.9638318419456482,0.4847148358821869
YIL168W,YPR049C,0,0.9255198,0.16932852566242218,0.9638318419456482,0.4848150610923767
YDR408C,YHR124W,0,0.92534506,0.16929945349693298,0.9638318419456482,0.4849153161048889
YLR431C,YOR386W,0,0.92515075,0.1692703813314438,0.9638318419456482,0.48501554131507874
YMR244C-A,YNL101W,0,0.92457956,0.16924133896827698,0.9638318419456482,0.48511576652526855
YHR201C,YCR069W,0,0.92426103,0.16921228170394897,0.9638318419456482,0.4852159917354584
YIL096C,YJL008C,0,0.9226827,0.16918325424194336,0.9638318419456482,0.4853162169456482
YMR224C,YMR260C,0,0.92208445,0.16915422677993774,0.9638318419456482,0.4854164719581604
YDR377W,YGL249W,0,0.921907,0.16912521421909332,0.9638318419456482,0.4855166971683502
YGL028C,YEL005C,0,0.9202748,0.1690962165594101,0.9638318419456482,0.48561692237854004
YKL193C,YGR163W,0,0.91989094,0.16906721889972687,0.9638318419456482,0.48571714758872986
YML081C-A,YML064C,0,0.9196611,0.16903823614120483,0.9638318419456482,0.4858173727989197
YER102W,YMR311C,0,0.91932917,0.1690092533826828,0.9638318419456482,0.4859175980091095
YBL055C,YDL159W,0,0.9181512,0.16898028552532196,0.9638318419456482,0.4860178530216217
YHR067W,YGL086W,0,0.91812074,0.16895133256912231,0.9638318419456482,0.4861180782318115
YDR096W,YOL032W,0,0.91806567,0.16892239451408386,0.9638318419456482,0.48621830344200134
YER173W,YOR171C,0,0.91694295,0.1688934564590454,0.9638318419456482,0.48631852865219116
YDR168W,YPR122W,0,0.91646487,0.16886453330516815,0.9638318419456482,0.486418753862381
YDL052C,YHR001W-A,0,0.915571,0.1688356101512909,0.9638318419456482,0.4865189790725708
YDR085C,YCR081W,0,0.9153496,0.16880671679973602,0.9638318419456482,0.486619234085083
YLR342W,YHR143W,0,0.9152645,0.16877780854701996,0.9638318419456482,0.4867194592952728
YJR016C,YDR301W,0,0.9144661,0.16874893009662628,0.9638318419456482,0.48681968450546265
YNL214W,YLL050C,0,0.9140855,0.1687200516462326,0.9638318419456482,0.48691990971565247
YMR088C,YIL044C,0,0.9134234,0.16869118809700012,0.9638318419456482,0.4870201349258423
YJL059W,YKL058W,0,0.91265094,0.16866233944892883,0.9638318419456482,0.4871203899383545
YDR486C,YJR050W,0,0.91250145,0.16863349080085754,0.9638318419456482,0.4872206151485443
YFR004W,YMR261C,0,0.9123381,0.16860465705394745,0.9638318419456482,0.48732084035873413
YLR298C,YPR098C,0,0.91185063,0.16857582330703735,0.9638318419456482,0.48742106556892395
YML075C,YLR355C,0,0.91177803,0.16854700446128845,0.9638318419456482,0.48752129077911377
YPL268W,YKL140W,0,0.9113289,0.16851820051670074,0.9638318419456482,0.4876215159893036
YPL224C,YKL137W,0,0.9110042,0.16848941147327423,0.9638318419456482,0.4877217710018158
YJR144W,YMR068W,0,0.91029334,0.16846062242984772,0.9638318419456482,0.4878219962120056
YBR038W,YDR078C,0,0.91014296,0.1684318482875824,0.9638318419456482,0.48792222142219543
YNL134C,YJR017C,0,0.9099772,0.16840307414531708,0.9638318419456482,0.48802244663238525
YPR181C,YJL186W,0,0.90926963,0.16837431490421295,0.9638318419456482,0.4881226718425751
YDR237W,YDR372C,0,0.90912306,0.16834557056427002,0.9638318419456482,0.4882229268550873
YLL005C,YGL155W,0,0.9087168,0.1683168262243271,0.9638318419456482,0.4883231520652771
YGL151W,YOR131C,0,0.9083361,0.16828809678554535,0.9638318419456482,0.4884233772754669
YGL167C,YPL019C,0,0.9080992,0.1682593822479248,0.9638318419456482,0.48852360248565674
YML013W,YDR113C,0,0.90749717,0.16823068261146545,0.9638318419456482,0.48862382769584656
YOR362C,YDR261W-B,0,0.9059381,0.1682019829750061,0.9638318419456482,0.4887240529060364
YPL090C,YGR071C,0,0.9053373,0.16817328333854675,0.9638318419456482,0.4888243079185486
YGL181W,YML076C,0,0.9051808,0.1681446135044098,0.9638318419456482,0.4889245331287384
YMR211W,YOR227W,0,0.9051573,0.16811594367027283,0.9638318419456482,0.4890247583389282
YFR024C-A,YER157W,0,0.904274,0.16808728873729706,0.9638318419456482,0.48912498354911804
YBR286W,YJL174W,0,0.90398276,0.1680586338043213,0.9638318419456482,0.48922520875930786
YML009C,YDR261W-B,0,0.90384424,0.1680299937725067,0.9638318419456482,0.4893254339694977
YML033W,YBR156C,0,0.90290564,0.16800136864185333,0.9638318419456482,0.4894256889820099
YIR037W,YIL093C,0,0.902218,0.16797274351119995,0.9638318419456482,0.4895259141921997
YOL113W,YDR208W,0,0.9008971,0.16794413328170776,0.9638318419456482,0.4896261394023895
YMR208W,YMR226C,0,0.899413,0.16791553795337677,0.9638318419456482,0.48972636461257935
YGL001C,YLR328W,0,0.8993751,0.16788694262504578,0.9638318419456482,0.48982658982276917
YJR044C,YHR091C,0,0.89829177,0.16785836219787598,0.9638318419456482,0.48992684483528137
YHR146W,YDL098C,0,0.8982273,0.16782978177070618,0.9638318419456482,0.4900270700454712
YNL103W,YAR009C,0,0.8979626,0.16780123114585876,0.9638318419456482,0.490127295255661
YGR193C,YER176W,0,0.8978607,0.16777268052101135,0.9638318419456482,0.49022752046585083
YOR354C,YLR078C,0,0.8972461,0.16774412989616394,0.9638318419456482,0.49032774567604065
YBL045C,YML043C,0,0.8961647,0.16771559417247772,0.9638318419456482,0.49042797088623047
YDR098C-A,YBR008C,0,0.89600706,0.1676870733499527,0.9638318419456482,0.4905282258987427
YLR313C,YGL207W,0,0.89556026,0.16765856742858887,0.9638318419456482,0.4906284511089325
YGL198W,YHR121W,0,0.895323,0.16763006150722504,0.9638318419456482,0.4907286763191223
YPL189W,YPL226W,0,0.89484143,0.1676015704870224,0.9638318419456482,0.49082890152931213
YHR014W,YHR120W,0,0.8945594,0.16757307946681976,0.9638318419456482,0.49092912673950195
YKR072C,YML058W,0,0.8939332,0.16754460334777832,0.9638318419456482,0.49102938175201416
YNL289W,YDR116C,0,0.8934251,0.16751614212989807,0.9638318419456482,0.491129606962204
YLR100W,YNL094W,0,0.8922695,0.16748768091201782,0.9638318419456482,0.4912298321723938
YIL040W,YOL065C,0,0.8922546,0.16745923459529877,0.9638318419456482,0.4913300573825836
YCL038C,YFR055W,0,0.89186543,0.1674308031797409,0.9638318419456482,0.49143028259277344
YPL058C,YHR036W,0,0.89115906,0.16740237176418304,0.9638318419456482,0.49153050780296326
YGL168W,YOL137W,0,0.8909987,0.16737395524978638,0.9638318419456482,0.49163076281547546
YER111C,YOR269W,0,0.8899455,0.1673455536365509,0.9638318419456482,0.4917309880256653
YOL105C,YNL242W,0,0.8899131,0.16731715202331543,0.9638318419456482,0.4918312132358551
YDR228C,YDR261C-C,0,0.8894813,0.16728876531124115,0.9638318419456482,0.4919314384460449
YPL061W,YDL132W,0,0.8894471,0.16726039350032806,0.9638318419456482,0.49203166365623474
YNL176C,YCL020W,0,0.8894355,0.16723202168941498,0.9638318419456482,0.49213188886642456
YOL011W,YIL111W,0,0.8874551,0.16720366477966309,0.9638318419456482,0.49223214387893677
YOL140W,YLL005C,0,0.8867326,0.1671753078699112,0.9638318419456482,0.4923323690891266
YPR025C,YNL024C,0,0.8856995,0.1671469807624817,0.9638318419456482,0.4924325942993164
YMR257C,YJR029W,0,0.8854262,0.167118638753891,0.9638318419456482,0.4925328195095062
YLR045C,YBR213W,0,0.885255,0.16709032654762268,0.9638318419456482,0.49263304471969604
YER106W,YLR064W,0,0.8848877,0.16706201434135437,0.9638318419456482,0.49273329973220825
YAR066W,YNL007C,0,0.8830284,0.16703371703624725,0.9638318419456482,0.49283352494239807
YJR044C,YDL005C,0,0.8828274,0.16700541973114014,0.9638318419456482,0.4929337501525879
YGR030C,YML019W,0,0.882564,0.1669771373271942,0.9638318419456482,0.4930339753627777
YDL154W,YFL056C,0,0.8807832,0.16694886982440948,0.9638318419456482,0.49313420057296753
YNL292W,YNR030W,0,0.8804978,0.16692060232162476,0.9638318419456482,0.49323442578315735
YBR034C,YMR156C,0,0.87862635,0.16689234972000122,0.9638318419456482,0.49333468079566956
YJR047C,YGR292W,0,0.8784939,0.16686411201953888,0.9638318419456482,0.4934349060058594
YDR481C,YLR135W,0,0.8780194,0.16683587431907654,0.9638318419456482,0.4935351312160492
YFR049W,YJL177W,0,0.87775564,0.1668076515197754,0.9638318419456482,0.493635356426239
YJR066W,YDR486C,0,0.87763196,0.16677942872047424,0.9638318419456482,0.49373558163642883
YKL220C,YKR030W,0,0.8773643,0.1667512208223343,0.9638318419456482,0.49383583664894104
YER120W,YER091C,0,0.87717366,0.16672302782535553,0.9638318419456482,0.49393606185913086
YJR104C,YGR192C,0,0.87679803,0.16669484972953796,0.9638318419456482,0.4940362870693207
YJR002W,YKL018W,0,0.8766024,0.1666666716337204,0.9638318419456482,0.4941365122795105
YPR166C,YJL021C,0,0.8765034,0.16663849353790283,0.9638318419456482,0.4942367374897003
YBR082C,YLR369W,0,0.875438,0.16661034524440765,0.9638318419456482,0.49433696269989014
YGR076C,YJR161C,0,0.8754308,0.16658219695091248,0.9638318419456482,0.49443721771240234
YOL029C,YOR069W,0,0.87431693,0.1665540486574173,0.9638318419456482,0.49453744292259216
YER119C,YDR091C,0,0.8742589,0.1665259301662445,0.9638318419456482,0.494637668132782
YAL042W,YGR254W,0,0.87421584,0.16649781167507172,0.9638318419456482,0.4947378933429718
YAL041W,YCR053W,0,0.8737761,0.16646969318389893,0.9638318419456482,0.4948381185531616
YCR043C,YHR207C,0,0.873653,0.16644158959388733,0.9638318419456482,0.49493834376335144
YPL241C,YDL166C,0,0.872984,0.16641350090503693,0.9638318419456482,0.49503859877586365
YNR075W,YGR203W,0,0.8722988,0.16638542711734772,0.9638318419456482,0.49513882398605347
YNL135C,YOL092W,0,0.8721529,0.1663573533296585,0.9638318419456482,0.4952390491962433
YDR482C,YML018C,0,0.86887205,0.1663292795419693,0.9638318419456482,0.4953392744064331
YKL101W,YGL246C,0,0.86874765,0.16630123555660248,0.9638318419456482,0.4954394996166229
YAL061W,YPR148C,0,0.8686389,0.16627319157123566,0.9638318419456482,0.49553975462913513
YGR166W,YMR021C,0,0.86714214,0.16624514758586884,0.9638318419456482,0.49563997983932495
YFL061W,YPL266W,0,0.86680686,0.1662171334028244,0.9638318419456482,0.49574020504951477
YLR181C,YGR240C,0,0.8660903,0.16618910431861877,0.9638318419456482,0.4958404302597046
YGR161C-C,YPR028W,0,0.8652712,0.16616110503673553,0.9638318419456482,0.4959406554698944
YPL258C,YJL133W,0,0.86421883,0.1661331057548523,0.9638318419456482,0.49604088068008423
YNL038W,YIL036W,0,0.8639958,0.16610512137413025,0.9638318419456482,0.49614113569259644
YPL234C,YMR233W,0,0.8631339,0.1660771369934082,0.9638318419456482,0.49624136090278625
YGL184C,YKL016C,0,0.86088955,0.16604916751384735,0.9638318419456482,0.4963415861129761
YGR278W,YHL044W,0,0.85941756,0.1660212129354477,0.9638318419456482,0.4964418113231659
YOR233W,YOR307C,0,0.85926557,0.16599327325820923,0.9638318419456482,0.4965420365333557
YDR134C,YLR196W,0,0.85814536,0.16596531867980957,0.9638318419456482,0.4966422915458679
YOR242C,YDR320C-A,0,0.8578857,0.1659373939037323,0.9638318419456482,0.49674251675605774
YER184C,YOR307C,0,0.85719025,0.16590946912765503,0.9638318419456482,0.49684274196624756
YBL067C,YGR170W,0,0.85710114,0.16588155925273895,0.9638318419456482,0.4969429671764374
YHR115C,YAL041W,0,0.85702145,0.16585366427898407,0.9638318419456482,0.4970431923866272
YKR010C,YBR162C,0,0.8568641,0.1658257693052292,0.9638318419456482,0.497143417596817
YOL003C,YNL054W-B,0,0.8568449,0.1657978743314743,0.9638318419456482,0.4972436726093292
YNL145W,YOR312C,0,0.8560657,0.1657700091600418,0.9638318419456482,0.49734389781951904
YGL020C,YFL034C-B,0,0.85599846,0.16574214398860931,0.9638318419456482,0.49744412302970886
YMR298W,YNL183C,0,0.855671,0.16571427881717682,0.9638318419456482,0.4975443482398987
YPL045W,YNL023C,0,0.85464036,0.1656864434480667,0.9638318419456482,0.4976445734500885
YNL041C,YPL145C,0,0.8546143,0.1656586080789566,0.9638318419456482,0.4977447986602783
YGR227W,YMR195W,0,0.8525461,0.1656307727098465,0.9638318419456482,0.4978450536727905
YLR369W,YKL099C,0,0.85217273,0.16560295224189758,0.9638318419456482,0.49794527888298035
YML001W,YFR016C,0,0.85085225,0.16557514667510986,0.9638318419456482,0.49804550409317017
YOL011W,YOL095C,0,0.8506485,0.16554734110832214,0.9638318419456482,0.49814572930336
YOR381W,YLR306W,0,0.8503889,0.16551955044269562,0.9638318419456482,0.4982459545135498
YHR194W,YGR029W,0,0.84806347,0.16549177467823029,0.9638318419456482,0.498346209526062
YJL189W,YBR083W,0,0.8477176,0.16546399891376495,0.9638318419456482,0.49844643473625183
YMR287C,YNL218W,0,0.846444,0.16543623805046082,0.9638318419456482,0.49854665994644165
YGR038C-B,YGR280C,0,0.8463401,0.16540849208831787,0.9638318419456482,0.49864688515663147
YJR009C,YGL255W,0,0.8442321,0.16538074612617493,0.9638318419456482,0.4987471103668213
YGR099W,YPL179W,0,0.84341204,0.16535301506519318,0.9638318419456482,0.4988473355770111
YFR032C-A,YGL011C,0,0.84324586,0.16532528400421143,0.9638318419456482,0.4989475905895233
YNL101W,YDR388W,0,0.8427979,0.16529756784439087,0.9638318419456482,0.49904781579971313
YML031W,YPL221W,0,0.84165585,0.1652698665857315,0.9638318419456482,0.49914804100990295
YCR081W,YDR127W,0,0.84132713,0.16524216532707214,0.9638318419456482,0.4992482662200928
YIR037W,YBR132C,0,0.8399797,0.16521447896957397,0.9638318419456482,0.4993484914302826
YNL152W,YOR269W,0,0.83870316,0.1651867926120758,0.9638318419456482,0.4994487464427948
YKL055C,YGR109C,0,0.8380659,0.16515913605690002,0.9638318419456482,0.4995489716529846
YJL078C,YIL008W,0,0.8374495,0.16513146460056305,0.9638318419456482,0.49964919686317444
YMR162C,YLR044C,0,0.8357099,0.16510382294654846,0.9638318419456482,0.49974942207336426
YCL030C,YKR046C,0,0.8348132,0.16507618129253387,0.9638318419456482,0.4998496472835541
YJL129C,YOL123W,0,0.83217525,0.1650485396385193,0.9638318419456482,0.4999498724937439
YHR020W,YLR373C,0,0.83074796,0.1650209277868271,0.9638318419456482,0.5000501275062561
YAL001C,YLL032C,0,0.83032423,0.1649933010339737,0.9638318419456482,0.5001503229141235
YKL216W,YPR005C,0,0.82961756,0.1649657040834427,0.9638318419456482,0.5002505779266357
YDL168W,YOL055C,0,0.8294755,0.16493810713291168,0.9638318419456482,0.500350832939148
YNR051C,YNL327W,0,0.8291688,0.16491052508354187,0.9638318419456482,0.5004510283470154
YEL001C,YDR482C,0,0.8290662,0.16488294303417206,0.9638318419456482,0.5005512833595276
YDR210W-B,YKL046C,0,0.82808685,0.16485537588596344,0.9638318419456482,0.500651478767395
YER180C,YOR125C,0,0.8276464,0.16482782363891602,0.9638318419456482,0.5007517337799072
YHR009C,YIL126W,0,0.8272229,0.1648002713918686,0.9638318419456482,0.5008519887924194
YLR312C-B,YNL002C,0,0.82674694,0.16477273404598236,0.9638318419456482,0.5009521842002869
YEL026W,YPR082C,0,0.8253715,0.16474519670009613,0.9638318419456482,0.5010524392127991
YDR390C,YBR283C,0,0.8251678,0.1647176742553711,0.9638318419456482,0.5011526346206665
YDR127W,YER069W,0,0.8251336,0.16469016671180725,0.9638318419456482,0.5012528896331787
YMR231W,YHR116W,0,0.82318187,0.1646626591682434,0.9638318419456482,0.5013530850410461
YNL071W,YGL038C,0,0.8222922,0.16463516652584076,0.9638318419456482,0.5014533400535583
YIL066C,YCR092C,0,0.82197034,0.1646076738834381,0.9638318419456482,0.5015535950660706
YDR346C,YJR019C,0,0.82124215,0.16458021104335785,0.9638318419456482,0.501653790473938
YIL118W,YBR021W,0,0.820955,0.1645527333021164,0.9638318419456482,0.5017540454864502
YMR074C,YGR041W,0,0.8205931,0.16452528536319733,0.9638318419456482,0.5018542408943176
YGL181W,YDL138W,0,0.82005024,0.16449783742427826,0.9638318419456482,0.5019544959068298
YDR317W,YDR329C,0,0.8187937,0.1644703894853592,0.9638318419456482,0.502054750919342
YJL159W,YJR129C,0,0.818296,0.16444295644760132,0.9638318419456482,0.5021549463272095
YJR120W,YOR092W,0,0.8175333,0.16441553831100464,0.9638318419456482,0.5022552013397217
YDL098C,YPL033C,0,0.8165741,0.16438813507556915,0.9638318419456482,0.5023553967475891
YKL008C,YOR130C,0,0.8164357,0.16436073184013367,0.9638318419456482,0.5024556517601013
YPL246C,YJL074C,0,0.815537,0.16433332860469818,0.9638318419456482,0.5025559067726135
YER178W,YAL015C,0,0.8150352,0.16430595517158508,0.9638318419456482,0.502656102180481
YDR343C,YHR107C,0,0.8135784,0.1642785668373108,0.9638318419456482,0.5027563571929932
YEL026W,YDR239C,0,0.81333625,0.1642512083053589,0.9638318419456482,0.5028565526008606
YDR069C,YKL062W,0,0.8130537,0.16422384977340698,0.9638318419456482,0.5029568076133728
YJL057C,YGL192W,0,0.8124922,0.16419650614261627,0.9638318419456482,0.5030570030212402
YGR099W,YLR014C,0,0.81246406,0.16416916251182556,0.9638318419456482,0.5031572580337524
YER119C,YJR019C,0,0.81152505,0.16414183378219604,0.9638318419456482,0.5032575130462646
YGR224W,YER095W,0,0.8104083,0.16411451995372772,0.9638318419456482,0.5033577084541321
YIL145C,YEL059C-A,0,0.80970687,0.1640872061252594,0.9638318419456482,0.5034579634666443
YGR254W,YJL190C,0,0.80884373,0.16405990719795227,0.9638318419456482,0.5035581588745117
YJL121C,YDR170W-A,0,0.80847996,0.16403260827064514,0.9638318419456482,0.5036584138870239
YML007W,YEL042W,0,0.8084634,0.1640053242444992,0.9638318419456482,0.5037586688995361
YJL036W,YBL097W,0,0.8082143,0.16397804021835327,0.9638318419456482,0.5038588643074036
YGL234W,YBR068C,0,0.8081415,0.16395078599452972,0.9638318419456482,0.5039591193199158
YAL023C,YMR234W,0,0.8080706,0.16392353177070618,0.9638318419456482,0.5040593147277832
YDL069C,YLR414C,0,0.80705535,0.16389627754688263,0.9638318419456482,0.5041595697402954
YNL024C-A,YGL147C,0,0.80699366,0.16386903822422028,0.9638318419456482,0.5042598247528076
YJR041C,YJL181W,0,0.8068167,0.16384181380271912,0.9638318419456482,0.504360020160675
YDL226C,YMR128W,0,0.80658215,0.16381458938121796,0.9638318419456482,0.5044602751731873
YLR410W,YOR017W,0,0.8054044,0.163787379860878,0.9638318419456482,0.5045604705810547
YDR289C,YBR014C,0,0.804836,0.16376017034053802,0.9638318419456482,0.5046607255935669
YBR012W-A,YHR101C,0,0.8047996,0.16373297572135925,0.9638318419456482,0.5047609210014343
YMR030W,YKL211C,0,0.80424875,0.16370579600334167,0.9638318419456482,0.5048611760139465
YGR047C,YOR272W,0,0.8037224,0.1636786162853241,0.9638318419456482,0.5049614310264587
YCR020C,YDR128W,0,0.8026327,0.1636514514684677,0.9638318419456482,0.5050616264343262
YLR207W,YMR023C,0,0.80209434,0.16362430155277252,0.9638318419456482,0.5051618814468384
YLR085C,YFR016C,0,0.8010261,0.16359715163707733,0.9638318419456482,0.5052620768547058
YKR101W,YPR193C,1,0.80093837,0.16373589634895325,0.9648093581199646,0.5052620768547058
YMR199W,YBR087W,0,0.7980608,0.16370874643325806,0.9648093581199646,0.505362331867218
YMR230W,YDR175C,0,0.79695284,0.16368159651756287,0.9648093581199646,0.5054625868797302
YGL115W,YMR195W,0,0.79692316,0.16365444660186768,0.9648093581199646,0.5055627822875977
YLR347C,YOL001W,0,0.79607517,0.16362732648849487,0.9648093581199646,0.5056630373001099
YPL079W,YEL027W,0,0.7958006,0.16360019147396088,0.9648093581199646,0.5057632327079773
YDR163W,YER082C,0,0.7955363,0.16357308626174927,0.9648093581199646,0.5058634877204895
YEL027W,YGR071C,0,0.7947397,0.16354598104953766,0.9648093581199646,0.5059637427330017
YHR150W,YML019W,0,0.7925998,0.16351889073848724,0.9648093581199646,0.5060639381408691
YLR260W,YJR050W,0,0.79187864,0.16349180042743683,0.9648093581199646,0.5061641931533813
YDR128W,YHR123W,0,0.79178095,0.1634647250175476,0.9648093581199646,0.5062643885612488
YGR135W,YGL227W,0,0.7917692,0.1634376496076584,0.9648093581199646,0.506364643573761
YPL004C,YPR175W,0,0.7909236,0.16341058909893036,0.9648093581199646,0.5064648985862732
YPR022C,YJR027W,0,0.7902802,0.16338354349136353,0.9648093581199646,0.5065650939941406
YIL005W,YML040W,0,0.79014575,0.1633564978837967,0.9648093581199646,0.5066653490066528
YCR076C,YPL138C,1,0.7897532,0.16349495947360992,0.965786874294281,0.5066653490066528
YLR066W,YJL177W,0,0.7896523,0.1634678989648819,0.965786874294281,0.5067655444145203
YNL041C,YHR028C,0,0.7892278,0.16344085335731506,0.965786874294281,0.5068657994270325
YDR422C,YDR009W,0,0.7889707,0.16341382265090942,0.965786874294281,0.5069659948348999
YBR015C,YBR055C,0,0.7881569,0.16338680684566498,0.965786874294281,0.5070662498474121
YJL221C,YGR181W,0,0.78748643,0.16335979104042053,0.965786874294281,0.5071665048599243
YLR227W-A,YOL154W,0,0.78745526,0.1633327752351761,0.965786874294281,0.5072667002677917
YDL104C,YBR265W,0,0.7865139,0.16330578923225403,0.965786874294281,0.507366955280304
YFR028C,YDR210W-A,0,0.7852032,0.16327880322933197,0.965786874294281,0.5074671506881714
YLR157C-A,YGL213C,0,0.7838368,0.1632518172264099,0.965786874294281,0.5075674057006836
YPL060W,YGR295C,0,0.78298044,0.16322484612464905,0.965786874294281,0.5076676607131958
YJR104C,YML048W,0,0.7829157,0.16319788992404938,0.965786874294281,0.5077678561210632
YDR435C,YGR161C-D,0,0.7825681,0.1631709337234497,0.965786874294281,0.5078681111335754
YNL214W,YFR024C,0,0.78168494,0.16314399242401123,0.965786874294281,0.5079683065414429
YIL007C,YNL059C,0,0.78031427,0.16311705112457275,0.965786874294281,0.5080685615539551
YPR141C,YLR328W,0,0.7800721,0.16309012472629547,0.965786874294281,0.5081688165664673
YDR098C-A,YKL016C,0,0.7796675,0.16306321322917938,0.965786874294281,0.5082690119743347
YOL138C,YDR057W,0,0.77943105,0.1630363017320633,0.965786874294281,0.5083692669868469
YER144C,YGR218W,0,0.7786032,0.1630094051361084,0.965786874294281,0.5084694623947144
YDR057W,YGL213C,0,0.77796775,0.1629825085401535,0.965786874294281,0.5085697174072266
YGL065C,YNR032C-A,0,0.7775313,0.1629556268453598,0.965786874294281,0.508669912815094
YPL275W,YCR086W,0,0.77753067,0.1629287600517273,0.965786874294281,0.5087701678276062
YBR228W,YKR030W,0,0.7754263,0.1629018932580948,0.965786874294281,0.5088704228401184
YKL216W,YCR063W,0,0.7748061,0.16287504136562347,0.965786874294281,0.5089706182479858
YDR197W,YOR080W,0,0.77469456,0.16284818947315216,0.965786874294281,0.509070873260498
YPR008W,YOL125W,0,0.7735332,0.16282135248184204,0.965786874294281,0.5091710686683655
YLR133W,YBR216C,0,0.77348894,0.16279453039169312,0.965786874294281,0.5092713236808777
YDR452W,YBR267W,0,0.77310014,0.1627677083015442,0.965786874294281,0.5093715786933899
YNL047C,YGR249W,0,0.7730353,0.16274090111255646,0.965786874294281,0.5094717741012573
YNR012W,YLR446W,0,0.77275395,0.16271409392356873,0.965786874294281,0.5095720291137695
YBR132C,YDL069C,0,0.7720526,0.1626873016357422,0.965786874294281,0.509672224521637
YFL002W-A,YOR244W,0,0.770632,0.16266052424907684,0.965786874294281,0.5097724795341492
YLL038C,YLR448W,0,0.77044296,0.1626337468624115,0.965786874294281,0.5098727345466614
YMR133W,YGR091W,0,0.7699062,0.16260698437690735,0.965786874294281,0.5099729299545288
YPR174C,YOR064C,0,0.7696779,0.1625802218914032,0.965786874294281,0.510073184967041
YDL156W,YJR137C,0,0.76895916,0.16255347430706024,0.965786874294281,0.5101733803749084
YDR106W,YMR044W,1,0.76856035,0.16269123554229736,0.9667643904685974,0.5101733803749084
YJL180C,YOR229W,0,0.7679535,0.1626644730567932,0.9667643904685974,0.5102736353874207
YGL139W,YER018C,0,0.7678698,0.16263772547245026,0.9667643904685974,0.5103738307952881
YAR044W,YPL106C,0,0.7675587,0.1626109778881073,0.9667643904685974,0.5104740858078003
YPL174C,YNL048W,0,0.76690006,0.16258424520492554,0.9667643904685974,0.5105743408203125
YDL064W,YOL029C,0,0.7662652,0.16255752742290497,0.9667643904685974,0.5106745362281799
YJL090C,YGR287C,0,0.76594955,0.1625308096408844,0.9667643904685974,0.5107747912406921
YMR012W,YNL214W,0,0.76591384,0.16250410676002502,0.9667643904685974,0.5108749866485596
YNL082W,YML029W,0,0.76387954,0.16247740387916565,0.9667643904685974,0.5109752416610718
YOL013C,YGR274C,0,0.76310825,0.16245071589946747,0.9667643904685974,0.511075496673584
YHL016C,YCR020C,0,0.7626479,0.16242404282093048,0.9667643904685974,0.5111756920814514
YDR156W,YEL051W,0,0.76258886,0.1623973697423935,0.9667643904685974,0.5112759470939636
YMR197C,YBR119W,0,0.7614949,0.1623707115650177,0.9667643904685974,0.511376142501831
YLR106C,YGR181W,0,0.7614188,0.1623440533876419,0.9667643904685974,0.5114763975143433
YPR096C,YJL203W,0,0.7610324,0.1623174101114273,0.9667643904685974,0.5115766525268555
YLR336C,YJL216C,0,0.76099265,0.1622907817363739,0.9667643904685974,0.5116768479347229
YOR267C,YIL041W,0,0.7600727,0.1622641533613205,0.9667643904685974,0.5117771029472351
YEL050C,YGR158C,0,0.7599024,0.16223753988742828,0.9667643904685974,0.5118772983551025
YLR154C,YDR348C,0,0.7589048,0.16221092641353607,0.9667643904685974,0.5119775533676147
YHR102W,YLR438C-A,0,0.7588673,0.16218432784080505,0.9667643904685974,0.512077808380127
YPL031C,YAR071W,0,0.7576122,0.16215772926807404,0.9667643904685974,0.5121780037879944
YDR101C,YPR055W,0,0.7571997,0.1621311455965042,0.9667643904685974,0.5122782588005066
YNR026C,YIL082W-A,0,0.75658053,0.16210457682609558,0.9667643904685974,0.512378454208374
YDR214W,YKL208W,0,0.7565527,0.16207800805568695,0.9667643904685974,0.5124787092208862
YDR189W,YOL055C,0,0.7565016,0.16205145418643951,0.9667643904685974,0.5125789046287537
YDR439W,YMR056C,0,0.75594586,0.16202490031719208,0.9667643904685974,0.5126791596412659
YIL041W,YIL052C,0,0.75491184,0.16199836134910583,0.9667643904685974,0.5127794146537781
YCL069W,YPR021C,0,0.7548679,0.1619718372821808,0.9667643904685974,0.5128796100616455
YNL037C,YGL076C,0,0.7541494,0.16194531321525574,0.9667643904685974,0.5129798650741577
YLR424W,YOR306C,0,0.7531954,0.1619187891483307,0.9667643904685974,0.5130800604820251
YKL209C,YDR462W,0,0.752928,0.16189229488372803,0.9667643904685974,0.5131803154945374
YOR303W,YJL121C,0,0.75284946,0.16186580061912537,0.9667643904685974,0.5132805705070496
YDR074W,YNL199C,0,0.75281096,0.1618393063545227,0.9667643904685974,0.513380765914917
YNL118C,YBR046C,0,0.75270116,0.16181282699108124,0.9667643904685974,0.5134810209274292
YDR322W,YLR023C,0,0.7522349,0.16178636252880096,0.9667643904685974,0.5135812163352966
YIR028W,YCR016W,0,0.7503909,0.1617598980665207,0.9667643904685974,0.5136814713478088
YPR162C,YMR239C,1,0.7502707,0.1618969738483429,0.9677419066429138,0.5136814713478088
YLR249W,YNL119W,0,0.74981594,0.16187050938606262,0.9677419066429138,0.513781726360321
YER044C,YPL181W,0,0.7490466,0.16184404492378235,0.9677419066429138,0.5138819217681885
YDL236W,YER184C,0,0.7484619,0.16181758046150208,0.9677419066429138,0.5139821767807007
YMR322C,YDL185W,0,0.747525,0.1617911458015442,0.9677419066429138,0.5140823721885681
YFL009W,YBR205W,0,0.7460626,0.1617647111415863,0.9677419066429138,0.5141826272010803
YMR063W,YJL091C,0,0.74450475,0.16173827648162842,0.9677419066429138,0.5142828226089478
YLR060W,YDR507C,0,0.74410963,0.16171185672283173,0.9677419066429138,0.51438307762146
YHR067W,YCL017C,0,0.74384207,0.16168545186519623,0.9677419066429138,0.5144833326339722
YCR029C-A,YGR203W,0,0.7436478,0.16165904700756073,0.9677419066429138,0.5145835280418396
YGL234W,YLR363C,0,0.743627,0.16163265705108643,0.9677419066429138,0.5146837830543518
YPL253C,YGR024C,0,0.7431171,0.16160626709461212,0.9677419066429138,0.5147839784622192
YGL141W,YPL173W,0,0.7412875,0.161579892039299,0.9677419066429138,0.5148842334747314
YPR096C,YJL216C,0,0.7403152,0.1615535318851471,0.9677419066429138,0.5149844884872437
YLR259C,YEL059C-A,0,0.73994446,0.16152717173099518,0.9677419066429138,0.5150846838951111
YPR140W,YNL289W,0,0.7389023,0.16150081157684326,0.9677419066429138,0.5151849389076233
YIL005W,YNL241C,0,0.73748505,0.16147448122501373,0.9677419066429138,0.5152851343154907
YKR058W,YIL167W,0,0.7366774,0.161448135972023,0.9677419066429138,0.5153853893280029
YPR058W,YKR052C,0,0.7364491,0.16142182052135468,0.9677419066429138,0.5154856443405151
YDR437W,YPR086W,0,0.7345752,0.16139550507068634,0.9677419066429138,0.5155858397483826
YNR061C,YFR037C,0,0.73414665,0.161369189620018,0.9677419066429138,0.5156860947608948
YJR095W,YHR052W,0,0.73322827,0.16134288907051086,0.9677419066429138,0.5157862901687622
YLR115W,YGR026W,0,0.73133844,0.16131660342216492,0.9677419066429138,0.5158865451812744
YBR130C,YDR365W-B,0,0.7312375,0.16129031777381897,0.9677419066429138,0.5159867405891418
YMR109W,YGR092W,0,0.7304703,0.16126404702663422,0.9677419066429138,0.516086995601654
YLR229C,YPL168W,0,0.72992116,0.16123779118061066,0.9677419066429138,0.5161872506141663
YER007C-A,YPR025C,0,0.72972286,0.1612115353345871,0.9677419066429138,0.5162874460220337
YCL017C,YOR064C,0,0.72874254,0.16118527948856354,0.9677419066429138,0.5163877010345459
YDL193W,YOR045W,0,0.7278571,0.16115903854370117,0.9677419066429138,0.5164878964424133
YKL212W,YGR006W,0,0.72608423,0.1611328125,0.9677419066429138,0.5165881514549255
YEL077C,YLR310C,0,0.72450924,0.16110658645629883,0.9677419066429138,0.5166884064674377
YDL210W,YNL097C,0,0.72329885,0.16108037531375885,0.9677419066429138,0.5167886018753052
YGL104C,YOR094W,0,0.72240293,0.16105417907238007,0.9677419066429138,0.5168888568878174
YMR188C,YJL156C,0,0.7208945,0.16102798283100128,0.9677419066429138,0.5169890522956848
YOR320C,YBR213W,0,0.7200526,0.1610017865896225,0.9677419066429138,0.517089307308197
YFL035C-A,YGL064C,0,0.720042,0.1609756052494049,0.9677419066429138,0.5171895623207092
YOR172W,YDL194W,0,0.7198384,0.1609494388103485,0.9677419066429138,0.5172897577285767
YOR198C,YDR320C,0,0.7182882,0.16092327237129211,0.9677419066429138,0.5173900127410889
YHR098C,YER111C,0,0.7181138,0.1608971208333969,0.9677419066429138,0.5174902081489563
YDR239C,YGR206W,0,0.7179029,0.1608709841966629,0.9677419066429138,0.5175904631614685
YOR136W,YLR276C,0,0.7177834,0.1608448475599289,0.9677419066429138,0.5176907181739807
YGR135W,YBR241C,0,0.7175834,0.16081871092319489,0.9677419066429138,0.5177909135818481
YGL205W,YHR140W,0,0.7175597,0.16079258918762207,0.9677419066429138,0.5178911685943604
YIL074C,YBL063W,0,0.7174672,0.16076648235321045,0.9677419066429138,0.5179913640022278
YER035W,YMR163C,0,0.7174244,0.16074037551879883,0.9677419066429138,0.51809161901474
YJL181W,YCL001W,0,0.71627474,0.1607142835855484,0.9677419066429138,0.5181918144226074
YML037C,YLR205C,0,0.7162375,0.16068820655345917,0.9677419066429138,0.5182920694351196
YIL027C,YKL091C,0,0.7159463,0.16066212952136993,0.9677419066429138,0.5183923244476318
YBL103C,YER039C,0,0.71491516,0.1606360524892807,0.9677419066429138,0.5184925198554993
YMR026C,YLR054C,0,0.71483487,0.16060999035835266,0.9677419066429138,0.5185927748680115
YAL008W,YBL067C,0,0.71473104,0.16058394312858582,0.9677419066429138,0.5186929702758789
YFL034C-A,YBR267W,0,0.71382844,0.16055789589881897,0.9677419066429138,0.5187932252883911
YGR249W,YJL179W,0,0.7121401,0.16053186357021332,0.9677419066429138,0.5188934803009033
YDL110C,YKL108W,0,0.7116462,0.16050583124160767,0.9677419066429138,0.5189936757087708
YPL003W,YDR540C,0,0.71158934,0.1604798138141632,0.9677419066429138,0.519093930721283
YNL071W,YDR156W,0,0.7109131,0.16045381128787994,0.9677419066429138,0.5191941261291504
YOR087W,YJL100W,0,0.710884,0.16042780876159668,0.9677419066429138,0.5192943811416626
YLL039C,YNL181W,0,0.71084565,0.1604018211364746,0.9677419066429138,0.5193946361541748
YHR007C,YGR129W,0,0.7099772,0.16037583351135254,0.9677419066429138,0.5194948315620422
YLL052C,YCL019W,0,0.70819426,0.16034986078739166,0.9677419066429138,0.5195950865745544
YDR532C,YDR210W-A,0,0.70812327,0.1603238880634308,0.9677419066429138,0.5196952819824219
YLL010C,YOR227W,0,0.7080348,0.1602979302406311,0.9677419066429138,0.5197955369949341
YML015C,YBR153W,0,0.7076882,0.16027197241783142,0.9677419066429138,0.5198957324028015
YLR378C,YFL039C,0,0.70742106,0.16024602949619293,0.9677419066429138,0.5199959874153137
YGR280C,YGR076C,0,0.7070339,0.16022010147571564,0.9677419066429138,0.5200962424278259
YKL096W,YBR240C,0,0.7068719,0.16019417345523834,0.9677419066429138,0.5201964378356934
YKL054C,YIL082W-A,0,0.7066394,0.16016826033592224,0.9677419066429138,0.5202966928482056
YPL179W,YCL027W,0,0.7049931,0.16014234721660614,0.9677419066429138,0.520396888256073
YJR009C,YLR324W,0,0.7049559,0.16011644899845123,0.9677419066429138,0.5204971432685852
YGR038W,YLR449W,0,0.7046377,0.16009055078029633,0.9677419066429138,0.5205973982810974
YKL149C,YGR029W,0,0.70424974,0.1600646674633026,0.9677419066429138,0.5206975936889648
YIL037C,YLR212C,0,0.70410514,0.1600387990474701,0.9677419066429138,0.520797848701477
YOR007C,YGR204W,0,0.7032472,0.16001293063163757,0.9677419066429138,0.5208980441093445
YNL247W,YMR002W,0,0.70298195,0.15998707711696625,0.9677419066429138,0.5209982991218567
YGR247W,YDR407C,0,0.7013875,0.15996122360229492,0.9677419066429138,0.5210985541343689
YNL176C,YDR038C,0,0.70068026,0.1599353849887848,0.9677419066429138,0.5211987495422363
YBR149W,YOR049C,0,0.7003557,0.15990954637527466,0.9677419066429138,0.5212990045547485
YPR120C,YLR023C,0,0.70013976,0.15988372266292572,0.9677419066429138,0.521399199962616
YER069W,YER082C,0,0.70013416,0.15985789895057678,0.9677419066429138,0.5214994549751282
YGL054C,YOR363C,0,0.7000813,0.15983209013938904,0.9677419066429138,0.5215996503829956
YDR075W,YOL103W-A,0,0.6982161,0.1598062962293625,0.9677419066429138,0.5216999053955078
YMR266W,YOR067C,0,0.6975875,0.15978050231933594,0.9677419066429138,0.52180016040802
YOR354C,YDR490C,0,0.6975868,0.15975472331047058,0.9677419066429138,0.5219003558158875
YCR024C,YDL002C,0,0.6975466,0.15972894430160522,0.9677419066429138,0.5220006108283997
YML008C,YBR090C-A,0,0.69721043,0.15970318019390106,0.9677419066429138,0.5221008062362671
YNL055C,YCL005W-A,0,0.69705105,0.1596774160861969,0.9677419066429138,0.5222010612487793
YGR009C,YGR055W,0,0.696769,0.15965166687965393,0.9677419066429138,0.5223013162612915
YMR009W,YDL211C,0,0.6966969,0.15962593257427216,0.9677419066429138,0.5224015116691589
YML110C,YMR017W,0,0.69656104,0.15960019826889038,0.9677419066429138,0.5225017666816711
YBL071W-A,YOR128C,0,0.69552565,0.1595744639635086,0.9677419066429138,0.5226019620895386
YPL115C,YDL190C,0,0.6947934,0.15954874455928802,0.9677419066429138,0.5227022171020508
YIL148W,YDR376W,0,0.69438636,0.15952304005622864,0.9677419066429138,0.522802472114563
YKL199C,YPL226W,0,0.69332635,0.15949733555316925,0.9677419066429138,0.5229026675224304
YLR157C-B,YNL148C,0,0.6927825,0.15947164595127106,0.9677419066429138,0.5230029225349426
YIL066C,YKL208W,0,0.6924125,0.15944597125053406,0.9677419066429138,0.5231031179428101
YER039C,YGL043W,0,0.6920122,0.15942029654979706,0.9677419066429138,0.5232033729553223
YDR099W,YDL144C,0,0.6911682,0.15939462184906006,0.9677419066429138,0.5233036279678345
YGR002C,YJL059W,0,0.6910337,0.15936896204948425,0.9677419066429138,0.5234038233757019
YPR148C,YIL114C,0,0.69097984,0.15934331715106964,0.9677419066429138,0.5235040783882141
YDR004W,YML096W,0,0.68888277,0.15931767225265503,0.9677419066429138,0.5236042737960815
YOL034W,YCR045C,0,0.688845,0.1592920422554016,0.9677419066429138,0.5237045288085938
YKL051W,YKL006C-A,0,0.6886121,0.1592664122581482,0.9677419066429138,0.5238047242164612
YJR132W,YBL042C,0,0.6876963,0.15924079716205597,0.9677419066429138,0.5239049792289734
YNL220W,YER019W,0,0.68634427,0.15921518206596375,0.9677419066429138,0.5240052342414856
YOL031C,YGL098W,0,0.6862508,0.15918958187103271,0.9677419066429138,0.524105429649353
YMR088C,YPL028W,0,0.68568665,0.15916398167610168,0.9677419066429138,0.5242056846618652
YNR071C,YNL185C,0,0.6853112,0.15913839638233185,0.9677419066429138,0.5243058800697327
YLR286C,YHR096C,0,0.68245226,0.1591128259897232,0.9677419066429138,0.5244061350822449
YJL001W,YOR343W-A,0,0.6818317,0.15908725559711456,0.9677419066429138,0.5245063900947571
YDL038C,YOR247W,0,0.68116,0.15906170010566711,0.9677419066429138,0.5246065855026245
YLR363C,YKR059W,0,0.68076146,0.15903614461421967,0.9677419066429138,0.5247068405151367
YIL013C,YKR039W,0,0.6804689,0.1590106040239334,0.9677419066429138,0.5248070359230042
YOR056C,YLR086W,0,0.6802769,0.15898506343364716,0.9677419066429138,0.5249072909355164
YAR008W,YNR046W,0,0.68011147,0.1589595377445221,0.9677419066429138,0.5250075459480286
YOR245C,YLR150W,0,0.6798227,0.15893401205539703,0.9677419066429138,0.525107741355896
YOL091W,YGR292W,0,0.679746,0.15890850126743317,0.9677419066429138,0.5252079963684082
YOR088W,YMR116C,0,0.6785825,0.1588830053806305,0.9677419066429138,0.5253081917762756
YFR034C,YJL021C,0,0.67834127,0.15885750949382782,0.9677419066429138,0.5254084467887878
YER170W,YMR128W,0,0.6781314,0.15883202850818634,0.9677419066429138,0.5255086421966553
YLL042C,YML031W,0,0.6776783,0.15880654752254486,0.9677419066429138,0.5256088972091675
YOR209C,YJL080C,1,0.6761784,0.15894146263599396,0.9687194228172302,0.5256088972091675
YJR076C,YDR251W,0,0.67568123,0.15891596674919128,0.9687194228172302,0.5257091522216797
YMR128W,YPL246C,0,0.6753474,0.1588904857635498,0.9687194228172302,0.5258093476295471
YOR363C,YDR375C,0,0.67521703,0.15886501967906952,0.9687194228172302,0.5259096026420593
YAL068C,YDL065C,0,0.67510545,0.15883955359458923,0.9687194228172302,0.5260097980499268
YGL198W,YIL126W,0,0.67476344,0.15881410241127014,0.9687194228172302,0.526110053062439
YHL031C,YFL025C,0,0.6747619,0.15878865122795105,0.9687194228172302,0.5262103080749512
YDR121W,YDR261C-C,0,0.67272276,0.15876321494579315,0.9687194228172302,0.5263105034828186
YHR108W,YBL018C,0,0.67234695,0.15873779356479645,0.9687194228172302,0.5264107584953308
YKR094C,YJR007W,0,0.67123127,0.15871235728263855,0.9687194228172302,0.5265109539031982
YLR368W,YOR131C,0,0.6692346,0.15868695080280304,0.9687194228172302,0.5266112089157104
YNL227C,YIL145C,0,0.6686219,0.15866154432296753,0.9687194228172302,0.5267114639282227
YJR066W,YIL069C,0,0.6685747,0.1586361527442932,0.9687194228172302,0.5268116593360901
YGL107C,YIL023C,0,0.6674353,0.1586107611656189,0.9687194228172302,0.5269119143486023
YOL078W,YOR156C,0,0.66723955,0.15858536958694458,0.9687194228172302,0.5270121097564697
YKR037C,YGL155W,0,0.6661587,0.15855999290943146,0.9687194228172302,0.5271123647689819
YGL002W,YGL107C,0,0.6654384,0.15853463113307953,0.9687194228172302,0.5272125601768494
YGR278W,YDL209C,0,0.6651835,0.1585092842578888,0.9687194228172302,0.5273128151893616
YKR079C,YPL051W,0,0.6646391,0.15848392248153687,0.9687194228172302,0.5274130702018738
YPR071W,YDR266C,0,0.6641555,0.15845859050750732,0.9687194228172302,0.5275132656097412
YHR186C,YNL229C,0,0.6630866,0.15843325853347778,0.9687194228172302,0.5276135206222534
YOR384W,YPL204W,0,0.6627127,0.15840792655944824,0.9687194228172302,0.5277137160301208
YLR006C,YOL001W,0,0.66207886,0.1583826094865799,0.9687194228172302,0.5278139710426331
YMR211W,YNL054W-B,0,0.6617026,0.15835730731487274,0.9687194228172302,0.5279142260551453
YBR168W,YPL215W,0,0.6612443,0.1583320051431656,0.9687194228172302,0.5280144214630127
YKR037C,YDR432W,0,0.66094303,0.15830670297145844,0.9687194228172302,0.5281146764755249
YGR289C,YDL130W-A,0,0.6599549,0.15828143060207367,0.9687194228172302,0.5282148718833923
YDR093W,YLR265C,0,0.65948725,0.1582561433315277,0.9687194228172302,0.5283151268959045
YLR139C,YLR115W,0,0.6589538,0.15823088586330414,0.9687194228172302,0.5284153819084167
YPL169C,YLR438C-A,0,0.6576033,0.15820561349391937,0.9687194228172302,0.5285155773162842
YHR033W,YOR290C,0,0.6574183,0.158180370926857,0.9687194228172302,0.5286158323287964
YDR345C,YOR130C,0,0.6568799,0.15815512835979462,0.9687194228172302,0.5287160277366638
YML078W,YOR125C,0,0.65662056,0.15812988579273224,0.9687194228172302,0.528816282749176
YNL116W,YOR254C,0,0.65661395,0.15810465812683105,0.9687194228172302,0.5289165377616882
YLR256W,YOL120C,0,0.65287876,0.15807944536209106,0.9687194228172302,0.5290167331695557
YBR291C,YDL143W,0,0.65263724,0.15805423259735107,0.9687194228172302,0.5291169881820679
YLR332W,YDR320C-A,0,0.65258455,0.15802901983261108,0.9687194228172302,0.5292171835899353
YJR002W,YAL003W,0,0.6524674,0.1580038219690323,0.9687194228172302,0.5293174386024475
YGL137W,YHR210C,0,0.6524591,0.15797863900661469,0.9687194228172302,0.5294176340103149
YPR158C-D,YPL154C,0,0.6524323,0.15795345604419708,0.9687194228172302,0.5295178890228271
YLR431C,YPR178W,0,0.6515721,0.15792828798294067,0.9687194228172302,0.5296181440353394
YML126C,YGL161C,0,0.6514725,0.15790311992168427,0.9687194228172302,0.5297183394432068
YNR016C,YHR134W,0,0.6512424,0.15787796676158905,0.9687194228172302,0.529818594455719
YGL076C,YJL042W,0,0.65060496,0.15785281360149384,0.9687194228172302,0.5299187898635864
YDR031W,YDR264C,0,0.6492589,0.15782767534255981,0.9687194228172302,0.5300190448760986
YIR004W,YNL284C-B,0,0.6482941,0.157802551984787,0.9687194228172302,0.5301192998886108
YNL214W,YKR027W,0,0.64803845,0.15777742862701416,0.9687194228172302,0.5302194952964783
YIL129C,YOR007C,0,0.6475512,0.15775230526924133,0.9687194228172302,0.5303197503089905
YBR012W-A,YDR150W,0,0.64746404,0.1577271968126297,0.9687194228172302,0.5304199457168579
YHR080C,YMR158W,0,0.64604753,0.15770210325717926,0.9687194228172302,0.5305202007293701
YNL064C,YDR529C,0,0.6458559,0.15767700970172882,0.9687194228172302,0.5306204557418823
YPR155C,YJL154C,0,0.6451284,0.15765193104743958,0.9687194228172302,0.5307206511497498
YOR396W,YKR025W,0,0.64480835,0.15762685239315033,0.9687194228172302,0.530820906162262
YLR035C,YPL120W,0,0.64464456,0.15760177373886108,0.9687194228172302,0.5309211015701294
YOR171C,YPL126W,0,0.6444162,0.15757672488689423,0.9687194228172302,0.5310213565826416
YDR084C,YHR215W,0,0.6441803,0.15755167603492737,0.9687194228172302,0.531121551990509
YCR036W,YOR086C,0,0.6434947,0.1575266271829605,0.9687194228172302,0.5312218070030212
YGL093W,YOR101W,0,0.64218616,0.15750159323215485,0.9687194228172302,0.5313220620155334
YNL317W,YOR208W,0,0.64097446,0.15747655928134918,0.9687194228172302,0.5314222574234009
YLL015W,YKR039W,0,0.6408989,0.1574515402317047,0.9687194228172302,0.5315225124359131
YJL106W,YFL049W,0,0.640843,0.15742653608322144,0.9687194228172302,0.5316227078437805
YKL054C,YML092C,0,0.64008266,0.15740153193473816,0.9687194228172302,0.5317229628562927
YHR035W,YOR068C,0,0.6398856,0.15737652778625488,0.9687194228172302,0.5318232178688049
YDR398W,YNL054W,0,0.6396639,0.1573515385389328,0.9687194228172302,0.5319234132766724
YFR055W,YNL325C,0,0.637139,0.1573265641927719,0.9687194228172302,0.5320236682891846
YNL152W,YOL100W,0,0.63645613,0.15730158984661102,0.9687194228172302,0.532123863697052
YDR237W,YHR083W,0,0.6349948,0.15727661550045013,0.9687194228172302,0.5322241187095642
YOR090C,YJL018W,0,0.63439393,0.15725167095661163,0.9687194228172302,0.5323243737220764
YOR396W,YNR071C,0,0.6336003,0.15722671151161194,0.9687194228172302,0.5324245691299438
YER176W,YML070W,0,0.6335801,0.15720178186893463,0.9687194228172302,0.532524824142456
YOR167C,YOR211C,0,0.63346815,0.15717683732509613,0.9687194228172302,0.5326250195503235
YKR099C-A,YPL254W,0,0.63165224,0.15715192258358002,0.9687194228172302,0.5327252745628357
YOL078W,YNL207W,0,0.6286487,0.1571270078420639,0.9687194228172302,0.5328254699707031
YPL227C,YEL064C,0,0.62825876,0.1571020931005478,0.9687194228172302,0.5329257249832153
YKR067W,YPL153C,0,0.6270269,0.15707719326019287,0.9687194228172302,0.5330259799957275
YDL093W,YOL128C,0,0.6269784,0.15705229341983795,0.9687194228172302,0.533126175403595
YBR019C,YGR038C-A,0,0.62608093,0.15702740848064423,0.9687194228172302,0.5332264304161072
YIR006C,YIL129C,0,0.6254586,0.1570025384426117,0.9687194228172302,0.5333266258239746
YLR460C,YDL120W,0,0.6250894,0.15697766840457916,0.9687194228172302,0.5334268808364868
YBR012W-A,YHR072W-A,0,0.6232977,0.15695279836654663,0.9687194228172302,0.533527135848999
YGL111W,YNL112W,0,0.62321436,0.1569279432296753,0.9687194228172302,0.5336273312568665
YJR129C,YHR026W,0,0.62318724,0.15690310299396515,0.9687194228172302,0.5337275862693787
YBR200W,YBR240C,0,0.6225153,0.156878262758255,0.9687194228172302,0.5338277816772461
YOR140W,YGR192C,0,0.62239397,0.15685343742370605,0.9687194228172302,0.5339280366897583
YPL169C,YPL158C,0,0.6220883,0.1568286120891571,0.9687194228172302,0.5340282917022705
YDR367W,YBR254C,0,0.62151575,0.15680380165576935,0.9687194228172302,0.5341284871101379
YNL154C,YDR236C,0,0.6210066,0.1567789912223816,0.9687194228172302,0.5342287421226501
YGR283C,YGL245W,0,0.62087274,0.15675419569015503,0.9687194228172302,0.5343289375305176
YOR058C,YOR240W,0,0.6207645,0.15672940015792847,0.9687194228172302,0.5344291925430298
YDL110C,YPR173C,0,0.620628,0.1567046195268631,0.9687194228172302,0.5345293879508972
YOR181W,YLR079W,0,0.62015975,0.15667983889579773,0.9687194228172302,0.5346296429634094
YGL003C,YJR076C,0,0.6193802,0.15665507316589355,0.9687194228172302,0.5347298979759216
YOR045W,YLR119W,0,0.6188552,0.15663030743598938,0.9687194228172302,0.5348300933837891
YCL069W,YNL279W,0,0.6171072,0.1566055566072464,0.9687194228172302,0.5349303483963013
YDL038C,YHR044C,0,0.61709875,0.1565808206796646,0.9687194228172302,0.5350305438041687
YPR032W,YNL212W,0,0.6166568,0.15655608475208282,0.9687194228172302,0.5351307988166809
YJL089W,YMR217W,0,0.61652505,0.15653134882450104,0.9687194228172302,0.5352310538291931
YIL115C,YMR262W,0,0.61526406,0.15650662779808044,0.9687194228172302,0.5353312492370605
YDR111C,YDR300C,0,0.614879,0.15648192167282104,0.9687194228172302,0.5354315042495728
YOR344C,YGR054W,0,0.6148518,0.15645721554756165,0.9687194228172302,0.5355316996574402
YBR104W,YDR468C,0,0.61483705,0.15643252432346344,0.9687194228172302,0.5356319546699524
YOL097C,YOL051W,0,0.61371243,0.15640783309936523,0.9687194228172302,0.5357322096824646
YNL199C,YJR088C,0,0.61353034,0.15638314187526703,0.9687194228172302,0.535832405090332
YCL068C,YOL077W-A,0,0.61280954,0.15635846555233002,0.9687194228172302,0.5359326601028442
YKR095W-A,YOR125C,0,0.61193967,0.1563338041305542,0.9687194228172302,0.5360328555107117
YMR071C,YOL059W,0,0.6115122,0.15630914270877838,0.9687194228172302,0.5361331105232239
YGR189C,YOR266W,0,0.6110837,0.15628449618816376,0.9687194228172302,0.5362333655357361
YHR160C,YNL112W,0,0.6110071,0.15625984966754913,0.9687194228172302,0.5363335609436035
YBR005W,YNL244C,0,0.61011803,0.1562352180480957,0.9687194228172302,0.5364338159561157
YLR453C,YBL075C,0,0.6099752,0.15621058642864227,0.9687194228172302,0.5365340113639832
YMR059W,YLR115W,0,0.609777,0.15618596971035004,0.9687194228172302,0.5366342663764954
YKR014C,YIL111W,0,0.6095315,0.156161367893219,0.9687194228172302,0.5367344617843628
YMR225C,YIR019C,0,0.6089245,0.15613675117492676,0.9687194228172302,0.536834716796875
YHL015W,YGR272C,0,0.6088866,0.1561121642589569,0.9687194228172302,0.5369349718093872
YBR298C,YPL137C,0,0.6088681,0.15608757734298706,0.9687194228172302,0.5370351672172546
YER125W,YFR038W,1,0.60854274,0.1562204658985138,0.9696969985961914,0.5370351672172546
YBR162W-A,YOL072W,0,0.6083471,0.15619587898254395,0.9696969985961914,0.5371354222297668
YDR075W,YBR028C,0,0.60830307,0.1561712920665741,0.9696969985961914,0.5372356176376343
YGR183C,YBR033W,0,0.60818636,0.15614670515060425,0.9696969985961914,0.5373358726501465
YLR427W,YDL147W,0,0.606755,0.1561221331357956,0.9696969985961914,0.5374361276626587
YBL100W-A,YNL081C,0,0.60672235,0.15609756112098694,0.9696969985961914,0.5375363230705261
YDR418W,YAL034W-A,0,0.6057057,0.15607300400733948,0.9696969985961914,0.5376365780830383
YGL003C,YGL032C,0,0.60530424,0.15604844689369202,0.9696969985961914,0.5377367734909058
YNL336W,YLR121C,0,0.60474217,0.15602390468120575,0.9696969985961914,0.537837028503418
YGL195W,YGR260W,0,0.60394967,0.15599937736988068,0.9696969985961914,0.5379372835159302
YAL030W,YML041C,0,0.60357314,0.1559748500585556,0.9696969985961914,0.5380374789237976
YLR155C,YCL005W-A,0,0.6032359,0.15595032274723053,0.9696969985961914,0.5381377339363098
YLR064W,YIR013C,0,0.603109,0.15592581033706665,0.9696969985961914,0.5382379293441772
YDR372C,YEL020C,0,0.6030334,0.15590129792690277,0.9696969985961914,0.5383381843566895
YFL011W,YNL137C,0,0.6025969,0.15587680041790009,0.9696969985961914,0.5384383797645569
YHR152W,YMR261C,0,0.6024382,0.1558523178100586,0.9696969985961914,0.5385386347770691
YDR026C,YMR044W,1,0.60213697,0.15598492324352264,0.9706745147705078,0.5385386347770691
YNL265C,YER123W,0,0.60157686,0.15596042573451996,0.9706745147705078,0.5386388897895813
YBR158W,YPL214C,0,0.60042655,0.15593592822551727,0.9706745147705078,0.5387390851974487
YLR240W,YER173W,0,0.5996442,0.15591144561767578,0.9706745147705078,0.5388393402099609
YGR017W,YOR273C,0,0.59946644,0.1558869630098343,0.9706745147705078,0.5389395356178284
YHR050W,YNR046W,0,0.5988057,0.155862495303154,0.9706745147705078,0.5390397906303406
YER035W,YJL137C,0,0.59816134,0.1558380424976349,0.9706745147705078,0.5391400456428528
YPR096C,YGR161W-A,0,0.5979694,0.15581358969211578,0.9706745147705078,0.5392402410507202
YMR208W,YLR003C,0,0.597664,0.15578913688659668,0.9706745147705078,0.5393404960632324
YHR027C,YOR264W,0,0.5973847,0.15576469898223877,0.9706745147705078,0.5394406914710999
YPL170W,YLR324W,0,0.59543383,0.15574027597904205,0.9706745147705078,0.5395409464836121
YLR166C,YNL038W,0,0.59465677,0.15571585297584534,0.9706745147705078,0.5396412014961243
YNR032W,YBR024W,0,0.59402394,0.15569144487380981,0.9706745147705078,0.5397413969039917
YNL137C,YER051W,0,0.5934456,0.1556670367717743,0.9706745147705078,0.5398416519165039
YDL038C,YER184C,0,0.5922848,0.15564262866973877,0.9706745147705078,0.5399418473243713
YER063W,YCL075W,0,0.5922717,0.15561823546886444,0.9706745147705078,0.5400421023368835
YPL275W,YJL063C,0,0.5892699,0.1555938571691513,0.9706745147705078,0.540142297744751
YEL048C,YIR013C,0,0.58841574,0.15556947886943817,0.9706745147705078,0.5402425527572632
YDR503C,YMR156C,0,0.58792543,0.15554511547088623,0.9706745147705078,0.5403428077697754
YDR538W,YNL067W,0,0.58733106,0.1555207520723343,0.9706745147705078,0.5404430031776428
YML005W,YJL018W,0,0.58596,0.15549640357494354,0.9706745147705078,0.540543258190155
YAR066W,YLR336C,0,0.5835141,0.1554720550775528,0.9706745147705078,0.5406434535980225
YCR107W,YER040W,0,0.5830096,0.15544772148132324,0.9706745147705078,0.5407437086105347
YOR056C,YDR210W-B,0,0.5828885,0.1554233878850937,0.9706745147705078,0.5408439636230469
YCR004C,YJL113W,0,0.5828319,0.15539905428886414,0.9706745147705078,0.5409441590309143
YDR311W,YLR157C-B,0,0.58152103,0.15537475049495697,0.9706745147705078,0.5410444140434265
YOR083W,YPL085W,0,0.5809134,0.1553504317998886,0.9706745147705078,0.541144609451294
YGR206W,YDR234W,0,0.5796389,0.15532614290714264,0.9706745147705078,0.5412448644638062
YMR190C,YJL137C,0,0.57719475,0.15530183911323547,0.9706745147705078,0.5413451194763184
YER060W,YJL186W,0,0.57687974,0.1552775651216507,0.9706745147705078,0.5414453148841858
YJR046W,YDL093W,0,0.5766232,0.15525327622890472,0.9706745147705078,0.541545569896698
YJL209W,YML055W,0,0.5761103,0.15522901713848114,0.9706745147705078,0.5416457653045654
YML007W,YOL157C,0,0.5760106,0.15520475804805756,0.9706745147705078,0.5417460203170776
YGR224W,YAL019W,0,0.5755375,0.15518049895763397,0.9706745147705078,0.5418462753295898
YDL160C,YBL019W,0,0.57466817,0.15515625476837158,0.9706745147705078,0.5419464707374573
YNL064C,YFR004W,0,0.5740994,0.1551320105791092,0.9706745147705078,0.5420467257499695
YPR097W,YGR163W,0,0.57319635,0.155107781291008,0.9706745147705078,0.5421469211578369
YOL137W,YMR323W,0,0.5727371,0.1550835520029068,0.9706745147705078,0.5422471761703491
YOR344C,YDR365C,0,0.5725707,0.1550593376159668,0.9706745147705078,0.5423473715782166
YBR218C,YBL016W,0,0.5718171,0.1550351232290268,0.9706745147705078,0.5424476265907288
YOR245C,YPL257W-A,0,0.5713686,0.15501092374324799,0.9706745147705078,0.542547881603241
YOR391C,YKL028W,0,0.5711961,0.15498673915863037,0.9706745147705078,0.5426480770111084
YLR417W,YDR280W,0,0.57074726,0.15496253967285156,0.9706745147705078,0.5427483320236206
YGR087C,YKL028W,0,0.57031786,0.15493836998939514,0.9706745147705078,0.542848527431488
YOR368W,YAL012W,0,0.5686865,0.15491420030593872,0.9706745147705078,0.5429487824440002
YCL047C,YLR318W,0,0.5682734,0.1548900306224823,0.9706745147705078,0.5430490374565125
YGL251C,YNL288W,0,0.5677438,0.15486587584018707,0.9706745147705078,0.5431492328643799
YPR128C,YBR139W,0,0.5676633,0.15484172105789185,0.9706745147705078,0.5432494878768921
YOR065W,YDR524C,0,0.5672045,0.1548175811767578,0.9706745147705078,0.5433496832847595
YNL288W,YLR147C,0,0.56689155,0.15479345619678497,0.9706745147705078,0.5434499382972717
YOL018C,YNL083W,0,0.5667848,0.15476933121681213,0.9706745147705078,0.5435501933097839
YKL216W,YLR023C,0,0.5664785,0.1547452062368393,0.9706745147705078,0.5436503887176514
YOR119C,YML058W,0,0.56628865,0.15472109615802765,0.9706745147705078,0.5437506437301636
YDL175C,YNL188W,0,0.5659777,0.154696986079216,0.9706745147705078,0.543850839138031
YDR532C,YHL040C,0,0.5658333,0.15467289090156555,0.9706745147705078,0.5439510941505432
YLR166C,YPR165W,0,0.5653895,0.1546488106250763,0.9706745147705078,0.5440512895584106
YPR137C-B,YLL018C,0,0.56524396,0.15462473034858704,0.9706745147705078,0.5441515445709229
YBL045C,YPL237W,0,0.56400895,0.15460065007209778,0.9706745147705078,0.5442517995834351
YDL122W,YOR192C,0,0.5634087,0.15457658469676971,0.9706745147705078,0.5443519949913025
YKR050W,YKR007W,0,0.56315386,0.15455253422260284,0.9706745147705078,0.5444522500038147
YIL039W,YGR067C,0,0.56110156,0.15452848374843597,0.9706745147705078,0.5445524454116821
YOL103W-A,YPL081W,0,0.56048894,0.1545044332742691,0.9706745147705078,0.5446527004241943
YPL174C,YOL012C,0,0.5599581,0.15448039770126343,0.9706745147705078,0.5447529554367065
YOR002W,YDR446W,0,0.5598074,0.15445636212825775,0.9706745147705078,0.544853150844574
YIL074C,YML124C,0,0.5597402,0.15443234145641327,0.9706745147705078,0.5449534058570862
YIL072W,YLR367W,0,0.5588763,0.15440833568572998,0.9706745147705078,0.5450536012649536
YKR018C,YEL047C,0,0.55858123,0.1543843299150467,0.9706745147705078,0.5451538562774658
YBR280C,YDR324C,0,0.55807614,0.1543603241443634,0.9706745147705078,0.545254111289978
YPR158W-A,YOR092W,0,0.55660075,0.1543363332748413,0.9706745147705078,0.5453543066978455
YDR060W,YOR046C,0,0.55648696,0.1543123573064804,0.9706745147705078,0.5454545617103577
YGR061C,YHL009C,0,0.55473113,0.1542883813381195,0.9706745147705078,0.5455547571182251
YNL222W,YPL257W-A,0,0.55427754,0.1542644053697586,0.9706745147705078,0.5456550121307373
YFL009W,YDR293C,0,0.5542663,0.1542404443025589,0.9706745147705078,0.5457552075386047
YBL091C,YEL004W,0,0.55384654,0.15421649813652039,0.9706745147705078,0.5458554625511169
YOR058C,YNL325C,0,0.55359757,0.15419255197048187,0.9706745147705078,0.5459557175636292
YGL134W,YPL228W,0,0.5526026,0.15416860580444336,0.9706745147705078,0.5460559129714966
YDR168W,YDR122W,0,0.5516535,0.15414467453956604,0.9706745147705078,0.5461561679840088
YBR298C,YGL258W-A,0,0.5514184,0.15412075817584991,0.9706745147705078,0.5462563633918762
YPL085W,YOR386W,0,0.55063415,0.1540968269109726,0.9706745147705078,0.5463566184043884
YJL092W,YNL058C,0,0.55047405,0.15407292544841766,0.9706745147705078,0.5464568734169006
YLR417W,YDR479C,0,0.5492718,0.15404902398586273,0.9706745147705078,0.5465570688247681
YFL037W,YOR367W,0,0.54826653,0.1540251225233078,0.9706745147705078,0.5466573238372803
YLR035C,YDL043C,0,0.5481699,0.15400123596191406,0.9706745147705078,0.5467575192451477
YHR009C,YJL012C,0,0.54812247,0.15397736430168152,0.9706745147705078,0.5468577742576599
YLR054C,YIL082W-A,0,0.54776466,0.15395349264144897,0.9706745147705078,0.5469580292701721
YGR183C,YDR092W,0,0.5477623,0.15392962098121643,0.9706745147705078,0.5470582246780396
YOL127W,YJR135W-A,0,0.54754245,0.15390576422214508,0.9706745147705078,0.5471584796905518
YNL161W,YNL233W,0,0.54749703,0.15388192236423492,0.9706745147705078,0.5472586750984192
YDR212W,YLR118C,0,0.546629,0.15385806560516357,0.9706745147705078,0.5473589301109314
YIR002C,YDR522C,0,0.5462014,0.1538342386484146,0.9706745147705078,0.5474591851234436
YBR154C,YGR038C-A,0,0.5453737,0.15381041169166565,0.9706745147705078,0.547559380531311
YOR037W,YGL136C,0,0.5451822,0.1537865847349167,0.9706745147705078,0.5476596355438232
YPR096C,YHL008C,0,0.5441844,0.15376277267932892,0.9706745147705078,0.5477598309516907
YLR110C,YMR274C,0,0.5440514,0.15373897552490234,0.9706745147705078,0.5478600859642029
YPL183C,YCR005C,0,0.5435273,0.15371516346931458,0.9706745147705078,0.5479602813720703
YOL049W,YPL101W,0,0.54305685,0.1536913812160492,0.9706745147705078,0.5480605363845825
YCR045C,YAR044W,0,0.5426588,0.1536675989627838,0.9706745147705078,0.5481607913970947
YLL005C,YDR402C,0,0.5425768,0.15364381670951843,0.9706745147705078,0.5482609868049622
YNL199C,YKL042W,0,0.542078,0.15362004935741425,0.9706745147705078,0.5483612418174744
YHR202W,YOR264W,0,0.54124945,0.15359628200531006,0.9706745147705078,0.5484614372253418
YFL055W,YBL055C,0,0.53911155,0.15357252955436707,0.9706745147705078,0.548561692237854
YNL339C,YMR224C,0,0.5390472,0.15354879200458527,0.9706745147705078,0.5486619472503662
YKL173W,YJR029W,0,0.5384976,0.15352503955364227,0.9706745147705078,0.5487621426582336
YCL059C,YLR150W,0,0.5374906,0.15350131690502167,0.9706745147705078,0.5488623976707458
YER125W,YPR179C,1,0.5369626,0.15363214910030365,0.9716520309448242,0.5488623976707458
YBR158W,YGR161C-C,0,0.53678036,0.15360841155052185,0.9716520309448242,0.5489625930786133
YOR202W,YJR120W,0,0.5366189,0.15358467400074005,0.9716520309448242,0.5490628480911255
YER082C,YLR035C-A,0,0.53652287,0.15356095135211945,0.9716520309448242,0.5491631031036377
YMR275C,YNL245C,0,0.5362706,0.15353722870349884,0.9716520309448242,0.5492632985115051
YHL022C,YBR003W,0,0.5362563,0.15351352095603943,0.9716520309448242,0.5493635535240173
YKR094C,YGR172C,0,0.5360491,0.15348981320858002,0.9716520309448242,0.5494637489318848
YDL180W,YCL020W,0,0.5348882,0.1534661054611206,0.9716520309448242,0.549564003944397
YPL220W,YJR050W,0,0.5340048,0.15344242751598358,0.9716520309448242,0.5496641993522644
YDR002W,YLR035C-A,0,0.5336995,0.15341873466968536,0.9716520309448242,0.5497644543647766
YDR531W,YER155C,0,0.5322162,0.15339505672454834,0.9716520309448242,0.5498647093772888
YIL068C,YLR421C,0,0.53199685,0.1533713936805725,0.9716520309448242,0.5499649047851562
YHL032C,YPL026C,0,0.53147465,0.15334773063659668,0.9716520309448242,0.5500651597976685
YFL034C-A,YBR180W,0,0.5313084,0.15332408249378204,0.9716520309448242,0.5501653552055359
YMR197C,YLR275W,0,0.5305617,0.1533004343509674,0.9716520309448242,0.5502656102180481
YGL145W,YNL075W,0,0.5303078,0.15327678620815277,0.9716520309448242,0.5503658652305603
YDR394W,YIL053W,0,0.53030396,0.15325316786766052,0.9716520309448242,0.5504660606384277
YGR279C,YGL031C,0,0.5299662,0.15322953462600708,0.9716520309448242,0.5505663156509399
YJR118C,YDL134C,0,0.5287153,0.15320591628551483,0.9716520309448242,0.5506665110588074
YOL029C,YBR119W,0,0.5270961,0.15318231284618378,0.9716520309448242,0.5507667660713196
YJR129C,YOR258W,0,0.5270016,0.15315870940685272,0.9716520309448242,0.5508670210838318
YPL204W,YNL113W,0,0.5263872,0.15313510596752167,0.9716520309448242,0.5509672164916992
YLR188W,YBR240C,0,0.52631676,0.1531115174293518,0.9716520309448242,0.5510674715042114
YGR057C,YDR022C,0,0.52626187,0.15308794379234314,0.9716520309448242,0.5511676669120789
YMR198W,YNR050C,0,0.5260043,0.15306437015533447,0.9716520309448242,0.5512679219245911
YHR035W,YKL139W,0,0.52594495,0.1530407965183258,0.9716520309448242,0.5513681173324585
YKL156W,YJL062W,0,0.52566373,0.15301723778247833,0.9716520309448242,0.5514683723449707
YCR003W,YPR180W,0,0.52471054,0.15299369394779205,0.9716520309448242,0.5515686273574829
YPL060C-A,YML034W,0,0.5246762,0.15297015011310577,0.9716520309448242,0.5516688227653503
YPL105C,YLR430W,0,0.52375424,0.1529466062784195,0.9716520309448242,0.5517690777778625
YOL076W,YGL258W-A,0,0.52361023,0.1529230773448944,0.9716520309448242,0.55186927318573
YOR192C-A,YDL155W,0,0.52314055,0.15289954841136932,0.9716520309448242,0.5519695281982422
YPL006W,YBR021W,0,0.5230682,0.15287603437900543,0.9716520309448242,0.5520697832107544
YOL103W-A,YOR064C,0,0.5221443,0.15285253524780273,0.9716520309448242,0.5521699786186218
YLR013W,YHL018W,0,0.52158505,0.15282902121543884,0.9716520309448242,0.552270233631134
YNL130C,YOR290C,0,0.5210726,0.15280553698539734,0.9716520309448242,0.5523704290390015
YHR172W,YGL084C,0,0.51985353,0.15278205275535583,0.9716520309448242,0.5524706840515137
YGL005C,YMR161W,0,0.51978135,0.15275856852531433,0.9716520309448242,0.5525709390640259
YBL031W,YGL043W,0,0.5181844,0.15273509919643402,0.9716520309448242,0.5526711344718933
YGL231C,YHR014W,0,0.5173154,0.1527116298675537,0.9716520309448242,0.5527713894844055
YPR037C,YMR243C,0,0.51716304,0.1526881754398346,0.9716520309448242,0.552871584892273
YFL036W,YBR154C,0,0.5158781,0.15266472101211548,0.9716520309448242,0.5529718399047852
YNL227C,YLR128W,0,0.5156358,0.15264128148555756,0.9716520309448242,0.5530720949172974
YPL248C,YBR245C,0,0.51530725,0.15261784195899963,0.9716520309448242,0.5531722903251648
YOL078W,YPL228W,0,0.5152915,0.1525944173336029,0.9716520309448242,0.553272545337677
YPL015C,YMR009W,0,0.5143205,0.15257099270820618,0.9716520309448242,0.5533727407455444
YEL006W,YAL044C,0,0.51422095,0.15254756808280945,0.9716520309448242,0.5534729957580566
YMR217W,YOR343W-A,0,0.5138321,0.1525241732597351,0.9716520309448242,0.5535731911659241
YGL049C,YNR055C,0,0.5135444,0.15250076353549957,0.9716520309448242,0.5536734461784363
YHR153C,YOR228C,0,0.5134711,0.15247736871242523,0.9716520309448242,0.5537737011909485
YKL213C,YLR410W,0,0.5133729,0.15245398879051208,0.9716520309448242,0.5538738965988159
YHR214C-C,YGL171W,0,0.51272476,0.15243060886859894,0.9716520309448242,0.5539741516113281
YBL084C,YJL122W,0,0.51238716,0.15240724384784698,0.9716520309448242,0.5540743470191956
YPL097W,YLR011W,0,0.5120915,0.15238387882709503,0.9716520309448242,0.5541746020317078
YLR066W,YML133C,0,0.5104935,0.15236051380634308,0.9716520309448242,0.55427485704422
YPR048W,YML115C,0,0.51021236,0.15233716368675232,0.9716520309448242,0.5543750524520874
YGL100W,YPL246C,0,0.5101638,0.15231382846832275,0.9716520309448242,0.5544753074645996
YJR013W,YPL108W,0,0.5082022,0.152290478348732,0.9716520309448242,0.554575502872467
YML078W,YPR173C,0,0.5080279,0.15226715803146362,0.9716520309448242,0.5546757578849792
YDR116C,YAL014C,0,0.50788695,0.15224383771419525,0.9716520309448242,0.5547760128974915
YGR098C,YGR044C,0,0.5075197,0.15222051739692688,0.9716520309448242,0.5548762083053589
YGL035C,YMR251W-A,0,0.5068305,0.1521972119808197,0.9716520309448242,0.5549764633178711
YHR094C,YOR343W-A,0,0.5066211,0.15217390656471252,0.9716520309448242,0.5550766587257385
YLR006C,YLR424W,0,0.50613415,0.15215061604976654,0.9716520309448242,0.5551769137382507
YNL166C,YDR478W,0,0.5061188,0.15212734043598175,0.9716520309448242,0.5552771091461182
YHL017W,YFL003C,0,0.5054086,0.15210404992103577,0.9716520309448242,0.5553773641586304
YPL060W,YLR361C,0,0.5047096,0.15208078920841217,0.9716520309448242,0.5554776191711426
YNL306W,YNL284C-B,0,0.5046162,0.15205751359462738,0.9716520309448242,0.55557781457901
YML043C,YEL071W,0,0.50334096,0.15203426778316498,0.9716520309448242,0.5556780695915222
YPL066W,YBR245C,0,0.5032772,0.15201100707054138,0.9716520309448242,0.5557782649993896
YOL125W,YAL014C,0,0.50268364,0.15198776125907898,0.9716520309448242,0.5558785200119019
YJL098W,YGL258W-A,0,0.50161755,0.15196453034877777,0.9716520309448242,0.5559787750244141
YLR426W,YDR107C,0,0.5014592,0.15194129943847656,0.9716520309448242,0.5560789704322815
YML045W,YER016W,0,0.5009388,0.15191808342933655,0.9716520309448242,0.5561792254447937
YKL018W,YDR529C,0,0.50012296,0.15189486742019653,0.9716520309448242,0.5562794208526611
YDR545W,YFR051C,0,0.49898076,0.15187165141105652,0.9716520309448242,0.5563796758651733
YNR047W,YPR158W-A,0,0.498158,0.1518484503030777,0.9716520309448242,0.5564799308776855
YGR193C,YFL041W,0,0.49627477,0.15182526409626007,0.9716520309448242,0.556580126285553
YBR200W,YHR134W,0,0.49612555,0.15180207788944244,0.9716520309448242,0.5566803812980652
YMR202W,YDR349C,0,0.49584603,0.15177889168262482,0.9716520309448242,0.5567805767059326
YOR058C,YML104C,0,0.49578354,0.15175572037696838,0.9716520309448242,0.5568808317184448
YGL141W,YNR070W,0,0.49502784,0.15173256397247314,0.9716520309448242,0.5569810271263123
YHR143W-A,YDR170W-A,0,0.49437374,0.1517094075679779,0.9716520309448242,0.5570812821388245
YGR035C,YML076C,0,0.4939068,0.15168625116348267,0.9716520309448242,0.5571815371513367
YLL062C,YDR386W,0,0.49379408,0.15166310966014862,0.9716520309448242,0.5572817325592041
YKL184W,YLR403W,0,0.49311018,0.15163996815681458,0.9716520309448242,0.5573819875717163
YPL169C,YLR352W,0,0.49247473,0.15161684155464172,0.9716520309448242,0.5574821829795837
YNL007C,YBR200W-A,0,0.4917705,0.15159371495246887,0.9716520309448242,0.557582437992096
YCR024C,YKL185W,0,0.4906021,0.15157060325145721,0.9716520309448242,0.5576826930046082
YOL128C,YFR024C,0,0.49010918,0.15154749155044556,0.9716520309448242,0.5577828884124756
YDR259C,YBR146W,0,0.4900591,0.1515243947505951,0.9716520309448242,0.5578831434249878
YOR197W,YNL024C,0,0.48935422,0.15150129795074463,0.9716520309448242,0.5579833388328552
YPL012W,YPR094W,0,0.48905945,0.15147820115089417,0.9716520309448242,0.5580835938453674
YHL017W,YLR438C-A,0,0.48899043,0.1514551341533661,0.9716520309448242,0.5581838488578796
YHR014W,YDR393W,0,0.48820478,0.15143205225467682,0.9716520309448242,0.5582840442657471
YGR161C-C,YGR192C,0,0.48818088,0.15140898525714874,0.9716520309448242,0.5583842992782593
YJL129C,YOR030W,0,0.48732406,0.15138593316078186,0.9716520309448242,0.5584844946861267
YBL005W-A,YIL013C,0,0.48685315,0.15136288106441498,0.9716520309448242,0.5585847496986389
YLR214W,YNR007C,0,0.48648444,0.1513398289680481,0.9716520309448242,0.5586850047111511
YLR158C,YGL099W,0,0.48562896,0.1513167917728424,0.9716520309448242,0.5587852001190186
YJR016C,YER027C,0,0.48453635,0.15129375457763672,0.9716520309448242,0.5588854551315308
YPL066W,YJR145C,0,0.48285472,0.15127073228359222,0.9716520309448242,0.5589856505393982
YGR047C,YJL160C,0,0.4820413,0.15124772489070892,0.9716520309448242,0.5590859055519104
YHR160C,YOR211C,0,0.48126504,0.15122470259666443,0.9716520309448242,0.5591861009597778
YER032W,YLR340W,0,0.48087764,0.15120171010494232,0.9716520309448242,0.55928635597229
YGL029W,YDR365W-A,0,0.48066834,0.15117870271205902,0.9716520309448242,0.5593866109848022
YIL014W,YCR066W,0,0.4803162,0.1511557251214981,0.9716520309448242,0.5594868063926697
YKR093W,YMR167W,0,0.4801185,0.151132732629776,0.9716520309448242,0.5595870614051819
YJR052W,YIL113W,0,0.48002678,0.1511097550392151,0.9716520309448242,0.5596872568130493
YLR384C,YER109C,0,0.47937918,0.15108679234981537,0.9716520309448242,0.5597875118255615
YDR084C,YMR243C,0,0.4789637,0.15106382966041565,0.9716520309448242,0.5598877668380737
YOR332W,YML019W,0,0.47776508,0.15104088187217712,0.9716520309448242,0.5599879622459412
YKL079W,YLR193C,0,0.47678012,0.1510179340839386,0.9716520309448242,0.5600882172584534
YMR068W,YDR300C,0,0.47648644,0.15099498629570007,0.9716520309448242,0.5601884126663208
YMR045C,YMR040W,0,0.47638547,0.15097205340862274,0.9716520309448242,0.560288667678833
YCL062W,YIL051C,0,0.47629172,0.1509491205215454,0.9716520309448242,0.5603889226913452
YOR047C,YBR054W,0,0.475253,0.15092620253562927,0.9716520309448242,0.5604891180992126
YDL095W,YOR316C,0,0.47513914,0.15090329945087433,0.9716520309448242,0.5605893731117249
YJL019W,YPL016W,1,0.47512755,0.15103217959403992,0.9726295471191406,0.5605893731117249
YKR065C,YJR137C,0,0.47504818,0.15100926160812378,0.9726295471191406,0.5606895685195923
YPL006W,YKR046C,0,0.4750004,0.15098634362220764,0.9726295471191406,0.5607898235321045
YDR143C,YMR286W,0,0.47379422,0.1509634405374527,0.9726295471191406,0.5608900189399719
YER100W,YBL016W,0,0.47279122,0.15094053745269775,0.9726295471191406,0.5609902739524841
YJL046W,YDL072C,0,0.47201008,0.1509176343679428,0.9726295471191406,0.5610905289649963
YMR072W,YLR363C,0,0.47122955,0.15089474618434906,0.9726295471191406,0.5611907243728638
YGR047C,YOL157C,0,0.47023618,0.1508718729019165,0.9726295471191406,0.561290979385376
YMR244C-A,YOL103W-A,0,0.4698791,0.15084899961948395,0.9726295471191406,0.5613911747932434
YLR014C,YIL148W,0,0.46963018,0.1508261263370514,0.9726295471191406,0.5614914298057556
YKR010C,YHR123W,0,0.46874884,0.15080326795578003,0.9726295471191406,0.5615916848182678
YHR116W,YIR019C,0,0.46836928,0.15078042447566986,0.9726295471191406,0.5616918802261353
YDL239C,YHR065C,0,0.46811977,0.1507575809955597,0.9726295471191406,0.5617921352386475
YER074W-A,YPL068C,0,0.46808338,0.15073473751544952,0.9726295471191406,0.5618923306465149
YJL073W,YER146W,0,0.46684182,0.15071190893650055,0.9726295471191406,0.5619925856590271
YMR291W,YKR061W,0,0.4658551,0.15068908035755157,0.9726295471191406,0.5620928406715393
YMR197C,YKR075C,0,0.4658102,0.1506662666797638,0.9726295471191406,0.5621930360794067
YJR158W,YDR052C,0,0.4657349,0.150643453001976,0.9726295471191406,0.562293291091919
YNL049C,YPR174C,0,0.46557784,0.15062065422534943,0.9726295471191406,0.5623934864997864
YGL065C,YNL054W-A,0,0.4655158,0.15059785544872284,0.9726295471191406,0.5624937415122986
YBR211C,YGR203W,0,0.46524018,0.15057505667209625,0.9726295471191406,0.562593936920166
YDR307W,YKL087C,0,0.4640839,0.15055227279663086,0.9726295471191406,0.5626941919326782
YOR171C,YDR265W,0,0.4633757,0.15052950382232666,0.9726295471191406,0.5627944469451904
YIL013C,YBL036C,0,0.46279716,0.15050673484802246,0.9726295471191406,0.5628946423530579
YCR045C,YDR091C,0,0.4625982,0.15048396587371826,0.9726295471191406,0.5629948973655701
YER065C,YCR039C,0,0.46173182,0.15046121180057526,0.9726295471191406,0.5630950927734375
YCR102C,YPL029W,0,0.46084866,0.15043845772743225,0.9726295471191406,0.5631953477859497
YEL050C,YER166W,0,0.46074814,0.15041571855545044,0.9726295471191406,0.5632956027984619
YAR066W,YLR078C,0,0.46060592,0.15039297938346863,0.9726295471191406,0.5633957982063293
YDR213W,YGR109W-A,0,0.4605444,0.150370255112648,0.9726295471191406,0.5634960532188416
YML037C,YOR380W,0,0.45896015,0.1503475308418274,0.9726295471191406,0.563596248626709
YKL088W,YNL036W,0,0.45862144,0.15032482147216797,0.9726295471191406,0.5636965036392212
YPR137C-B,YOR211C,0,0.4583935,0.15030211210250854,0.9726295471191406,0.5637967586517334
YDR316W-A,YGR122W,0,0.45827726,0.15027941763401031,0.9726295471191406,0.5638969540596008
YFR044C,YJR125C,0,0.45815605,0.15025672316551208,0.9726295471191406,0.563997209072113
YER053C-A,YER131W,0,0.4575531,0.15023402869701385,0.9726295471191406,0.5640974044799805
YIL157C,YPL193W,0,0.45728296,0.15021134912967682,0.9726295471191406,0.5641976594924927
YJL020C,YDR052C,0,0.45643443,0.15018868446350098,0.9726295471191406,0.5642979145050049
YNL137C,YAL010C,0,0.4562573,0.15016601979732513,0.9726295471191406,0.5643981099128723
YMR055C,YAL062W,0,0.45583484,0.1501433551311493,0.9726295471191406,0.5644983649253845
YJR104C,YKL141W,0,0.45496848,0.15012070536613464,0.9726295471191406,0.564598560333252
YJR089W,YPL281C,0,0.45479605,0.15009805560112,0.9726295471191406,0.5646988153457642
YOR227W,YCL045C,0,0.45468247,0.15007542073726654,0.9726295471191406,0.5647990107536316
YOL088C,YFR004W,0,0.45440263,0.15005278587341309,0.9726295471191406,0.5648992657661438
YPR201W,YMR188C,0,0.45420915,0.15003015100955963,0.9726295471191406,0.564999520778656
YDL165W,YML025C,0,0.45414135,0.15000753104686737,0.9726295471191406,0.5650997161865234
YER039C,YJR054W,0,0.45318738,0.1499849259853363,0.9726295471191406,0.5651999711990356
YML037C,YML021C,0,0.45230576,0.14996232092380524,0.9726295471191406,0.5653001666069031
YJL212C,YER068W,0,0.45210493,0.14993971586227417,0.9726295471191406,0.5654004216194153
YOR322C,YKL109W,0,0.45205998,0.1499171257019043,0.9726295471191406,0.5655006766319275
YMR316W,YLR336C,0,0.4516514,0.14989455044269562,0.9726295471191406,0.5656008720397949
YBL038W,YPL043W,0,0.45060688,0.14987197518348694,0.9726295471191406,0.5657011270523071
YOR192C-B,YJR135W-A,0,0.4505072,0.14984939992427826,0.9726295471191406,0.5658013224601746
YJL111W,YOR116C,0,0.4500128,0.14982683956623077,0.9726295471191406,0.5659015774726868
YDL075W,YMR312W,0,0.44930422,0.1498042792081833,0.9726295471191406,0.566001832485199
YLR364W,YPL001W,0,0.44923168,0.1497817188501358,0.9726295471191406,0.5661020278930664
YHR009C,YGR183C,0,0.44910252,0.1497591882944107,0.9726295471191406,0.5662022829055786
YAL030W,YHR210C,0,0.4489052,0.14973664283752441,0.9726295471191406,0.566302478313446
YJR086W,YOR288C,0,0.44818783,0.14971411228179932,0.9726295471191406,0.5664027333259583
YLR318W,YNR075W,0,0.44807887,0.1496915966272354,0.9726295471191406,0.5665029287338257
YOR361C,YEL071W,0,0.4471048,0.14966906607151031,0.9726295471191406,0.5666031837463379
YOR316C,YPL221W,0,0.4467497,0.1496465653181076,0.9726295471191406,0.5667034387588501
YJR102C,YNL054W-B,0,0.44649416,0.1496240645647049,0.9726295471191406,0.5668036341667175
YGL124C,YLR084C,0,0.4461975,0.14960156381130219,0.9726295471191406,0.5669038891792297
YMR152W,YLR323C,0,0.44598043,0.14957907795906067,0.9726295471191406,0.5670040845870972
YFR031C-A,YDL124W,0,0.44403654,0.14955659210681915,0.9726295471191406,0.5671043395996094
YER053C-A,YLR310C,0,0.44339222,0.14953412115573883,0.9726295471191406,0.5672045946121216
YDR486C,YLR083C,0,0.4433264,0.1495116502046585,0.9726295471191406,0.567304790019989
YHR070W,YPL225W,0,0.4419806,0.14948917925357819,0.9726295471191406,0.5674050450325012
YHR039C,YER056C,0,0.44140106,0.14946672320365906,0.9726295471191406,0.5675052404403687
YHR114W,YGL067W,0,0.44041267,0.14944428205490112,0.9726295471191406,0.5676054954528809
YNL020C,YML087C,0,0.44029906,0.1494218409061432,0.9726295471191406,0.5677057504653931
YDL243C,YDL106C,0,0.4400053,0.14939939975738525,0.9726295471191406,0.5678059458732605
YOR128C,YNL322C,0,0.4396044,0.1493769735097885,0.9726295471191406,0.5679062008857727
YCR008W,YKL158W,0,0.4386806,0.14935454726219177,0.9726295471191406,0.5680063962936401
YJR045C,YML113W,0,0.43861318,0.14933213591575623,0.9726295471191406,0.5681066513061523
YBR046C,YHR083W,0,0.43824545,0.14930972456932068,0.9726295471191406,0.5682068467140198
YGR038C-A,YGR075C,0,0.43718284,0.14928732812404633,0.9726295471191406,0.568307101726532
YNL053W,YNL252C,0,0.43715793,0.14926493167877197,0.9726295471191406,0.5684073567390442
YOL011W,YPL031C,0,0.43712598,0.14924253523349762,0.9726295471191406,0.5685075521469116
YOR208W,YNL137C,0,0.43677524,0.14922015368938446,0.9726295471191406,0.5686078071594238
YIL043C,YDR261W-B,0,0.43631935,0.1491977870464325,0.9726295471191406,0.5687080025672913
YER106W,YDL211C,0,0.43509734,0.14917540550231934,0.9726295471191406,0.5688082575798035
YPL086C,YHR150W,0,0.43491104,0.14915305376052856,0.9726295471191406,0.5689085125923157
YDR354W,YDR322W,0,0.4345795,0.1491307020187378,0.9726295471191406,0.5690087080001831
YLR022C,YHR185C,0,0.43419003,0.14910835027694702,0.9726295471191406,0.5691089630126953
YHR079C-B,YKL091C,0,0.43380302,0.14908599853515625,0.9726295471191406,0.5692091584205627
YOL078W,YPL173W,0,0.43330958,0.14906367659568787,0.9726295471191406,0.569309413433075
YFR055W,YKL156W,0,0.4320454,0.1490413397550583,0.9726295471191406,0.5694096684455872
YGR076C,YNL164C,0,0.43161163,0.1490190178155899,0.9726295471191406,0.5695098638534546
YIR010W,YLR150W,0,0.4313439,0.14899671077728271,0.9726295471191406,0.5696101188659668
YOL086W-A,YJL100W,0,0.4309886,0.14897440373897552,0.9726295471191406,0.5697103142738342
YDR098C-B,YEL071W,0,0.4292439,0.14895209670066833,0.9726295471191406,0.5698105692863464
YLR166C,YPL043W,0,0.42872715,0.14892980456352234,0.9726295471191406,0.5699108242988586
YOR233W,YFL024C,0,0.42827842,0.14890751242637634,0.9726295471191406,0.5700110197067261
YGR120C,YNL116W,0,0.42740077,0.14888523519039154,0.9726295471191406,0.5701112747192383
YDR447C,YAL015C,0,0.42665666,0.14886295795440674,0.9726295471191406,0.5702114701271057
YLR034C,YGL258W-A,0,0.42655754,0.14884068071842194,0.9726295471191406,0.5703117251396179
YKR079C,YFL036W,0,0.42649853,0.14881843328475952,0.9726295471191406,0.5704119205474854
YMR275C,YDR420W,0,0.4260177,0.1487961709499359,0.9726295471191406,0.5705121755599976
YAL044C,YEL017C-A,0,0.4258015,0.1487739235162735,0.9726295471191406,0.5706124305725098
YDL104C,YNL088W,0,0.4247145,0.14875167608261108,0.9726295471191406,0.5707126259803772
YIL168W,YKL012W,0,0.42336267,0.14872944355010986,0.9726295471191406,0.5708128809928894
YOR035C,YGL047W,0,0.423113,0.14870722591876984,0.9726295471191406,0.5709130764007568
YLR022C,YPL281C,0,0.42219704,0.14868499338626862,0.9726295471191406,0.571013331413269
YGR292W,YOR334W,0,0.42197323,0.1486627757549286,0.9726295471191406,0.5711135864257812
YNL220W,YDR515W,0,0.42185143,0.14864057302474976,0.9726295471191406,0.5712137818336487
YGR212W,YLR048W,0,0.42175186,0.14861837029457092,0.9726295471191406,0.5713140368461609
YOL133W,YDR276C,0,0.42126215,0.14859618246555328,0.9726295471191406,0.5714142322540283
YJR104C,YGR272C,0,0.42105752,0.14857399463653564,0.9726295471191406,0.5715144872665405
YDR489W,YML004C,0,0.42041853,0.148551806807518,0.9726295471191406,0.5716147422790527
YGR159C,YNL058C,0,0.42023185,0.14852963387966156,0.9726295471191406,0.5717149376869202
YPL144W,YPL257W-A,0,0.41798487,0.14850746095180511,0.9726295471191406,0.5718151926994324
YOR058C,YFL039C,0,0.41714507,0.14848530292510986,0.9726295471191406,0.5719153881072998
YBR084W,YPR128C,0,0.41643265,0.1484631448984146,0.9726295471191406,0.572015643119812
YPL060C-A,YNR046W,0,0.41627553,0.14844100177288055,0.9726295471191406,0.5721158385276794
YMR190C,YMR122W-A,0,0.41562223,0.1484188586473465,0.9726295471191406,0.5722160935401917
YDR098C-B,YPR019W,0,0.4155004,0.14839671552181244,0.9726295471191406,0.5723163485527039
YPL225W,YJL133C-A,0,0.41548198,0.14837458729743958,0.9726295471191406,0.5724165439605713
YPL270W,YAL053W,0,0.4147862,0.1483524739742279,0.9726295471191406,0.5725167989730835
YHR094C,YOR087W,0,0.41463172,0.14833034574985504,0.9726295471191406,0.5726169943809509
YJL160C,YLR421C,0,0.41453755,0.14830824732780457,0.9726295471191406,0.5727172493934631
YER044C,YLR119W,0,0.4134416,0.1482861340045929,0.9726295471191406,0.5728175044059753
YER053C-A,YDL210W,0,0.41291556,0.1482640504837036,0.9726295471191406,0.5729176998138428
YEL048C,YNL279W,0,0.41272745,0.14824195206165314,0.9726295471191406,0.573017954826355
YOR171C,YBR041W,0,0.4123346,0.14821986854076385,0.9726295471191406,0.5731181502342224
YHR129C,YLR035C-A,0,0.41178143,0.14819779992103577,0.9726295471191406,0.5732184052467346
YGR200C,YJL062W-A,0,0.41152954,0.14817573130130768,0.9726295471191406,0.5733186602592468
YDR365W-A,YAL026C,0,0.41056278,0.1481536626815796,0.9726295471191406,0.5734188556671143
YIL167W,YNL294C,0,0.41052255,0.1481316089630127,0.9726295471191406,0.5735191106796265
YKL222C,YJR118C,0,0.4102387,0.1481095552444458,0.9726295471191406,0.5736193060874939
YAR066W,YML104C,0,0.40925142,0.1480875164270401,0.9726295471191406,0.5737195611000061
YML106W,YGL139W,0,0.40851754,0.1480654776096344,0.9726295471191406,0.5738197565078735
YNL082W,YMR244C-A,0,0.40810144,0.1480434387922287,0.9726295471191406,0.5739200115203857
YOR037W,YDR452W,0,0.40746567,0.1480214148759842,0.9726295471191406,0.574020266532898
YPL220W,YMR201C,0,0.40739882,0.14799940586090088,0.9726295471191406,0.5741204619407654
YMR211W,YNL284C-B,0,0.4064861,0.14797739684581757,0.9726295471191406,0.5742207169532776
YPL224C,YPR009W,0,0.4063388,0.14795538783073425,0.9726295471191406,0.574320912361145
YKL010C,YHR016C,0,0.40616563,0.14793339371681213,0.9726295471191406,0.5744211673736572
YOR043W,YCL019W,0,0.40581328,0.14791139960289001,0.9726295471191406,0.5745214223861694
YGR240C,YJL177W,0,0.40565115,0.1478894203901291,0.9726295471191406,0.5746216177940369
YER086W,YAL053W,0,0.4040578,0.14786744117736816,0.9726295471191406,0.5747218728065491
YBL009W,YJL196C,0,0.40373495,0.14784546196460724,0.9726295471191406,0.5748220682144165
YOL121C,YHR092C,0,0.4022895,0.1478234976530075,0.9726295471191406,0.5749223232269287
YOR198C,YHR013C,0,0.40193364,0.14780154824256897,0.9726295471191406,0.5750225782394409
YGL061C,YEL004W,0,0.40160683,0.14777959883213043,0.9726295471191406,0.5751227736473083
YGL166W,YER075C,0,0.40149844,0.1477576494216919,0.9726295471191406,0.5752230286598206
YDL079C,YDR097C,0,0.40135586,0.14773571491241455,0.9726295471191406,0.575323224067688
YBL031W,YBL035C,0,0.4011687,0.1477137804031372,0.9726295471191406,0.5754234790802002
YIL153W,YDR156W,0,0.40085387,0.14769184589385986,0.9726295471191406,0.5755237340927124
YDR103W,YBR036C,0,0.39955643,0.1476699262857437,0.9726295471191406,0.5756239295005798
YLR240W,YBR105C,0,0.39942414,0.14764802157878876,0.9726295471191406,0.575724184513092
YBL020W,YPR178W,0,0.3987729,0.1476261168718338,0.9726295471191406,0.5758243799209595
YJR126C,YNR036C,0,0.39833456,0.14760421216487885,0.9726295471191406,0.5759246349334717
YLR066W,YBL018C,0,0.39763182,0.14758232235908508,0.9726295471191406,0.5760248303413391
YJL111W,YLR154W-C,0,0.39753413,0.14756043255329132,0.9726295471191406,0.5761250853538513
YML095C,YJR025C,0,0.3973871,0.14753855764865875,0.9726295471191406,0.5762253403663635
YLR417W,YDR266C,0,0.3970034,0.14751668274402618,0.9726295471191406,0.576325535774231
YLR131C,YIL144W,0,0.39437008,0.14749480783939362,0.9726295471191406,0.5764257907867432
YLR139C,YBR100W,0,0.39435214,0.14747294783592224,0.9726295471191406,0.5765259861946106
YKL017C,YPL231W,0,0.3933912,0.14745110273361206,0.9726295471191406,0.5766262412071228
YPL224C,YLR431C,0,0.39256358,0.14742924273014069,0.9726295471191406,0.576726496219635
YBL056W,YPR158W-B,0,0.392385,0.1474074125289917,0.9726295471191406,0.5768266916275024
YCL048W,YAR044W,0,0.3910433,0.14738556742668152,0.9726295471191406,0.5769269466400146
YHR073W,YGL258W-A,0,0.39017028,0.14736373722553253,0.9726295471191406,0.5770271420478821
YDR099W,YML038C,0,0.39013615,0.14734192192554474,0.9726295471191406,0.5771273970603943
YDR184C,YGL059W,0,0.38944018,0.14732010662555695,0.9726295471191406,0.5772276520729065
YHL040C,YGL213C,0,0.38895503,0.14729829132556915,0.9726295471191406,0.5773278474807739
YJL212C,YOR192C-A,0,0.38884813,0.14727649092674255,0.9726295471191406,0.5774281024932861
YBR214W,YGL245W,0,0.38760337,0.14725470542907715,0.9726295471191406,0.5775282979011536
YPR122W,YOR192C,0,0.38751325,0.14723290503025055,0.9726295471191406,0.5776285529136658
YOR080W,YBR082C,0,0.38731092,0.14721111953258514,0.9726295471191406,0.5777287483215332
YDR346C,YDR093W,0,0.3865391,0.14718934893608093,0.9726295471191406,0.5778290033340454
YOR339C,YHL024W,0,0.38588864,0.14716757833957672,0.9726295471191406,0.5779292583465576
YPL160W,YHR123W,0,0.383749,0.1471458077430725,0.9726295471191406,0.578029453754425
YLL066C,YMR001C,0,0.3834378,0.1471240520477295,0.9726295471191406,0.5781297087669373
YPR096C,YPL275W,0,0.38079536,0.14710231125354767,0.9726295471191406,0.5782299041748047
YMR256C,YOR017W,0,0.38067517,0.14708055555820465,0.9726295471191406,0.5783301591873169
YIL053W,YIL008W,0,0.3805709,0.14705882966518402,0.9726295471191406,0.5784304141998291
YOL049W,YLR212C,0,0.3795045,0.1470370888710022,0.9726295471191406,0.5785306096076965
YMR188C,YAL020C,0,0.37940687,0.14701536297798157,0.9726295471191406,0.5786308646202087
YOL109W,YLL016W,0,0.37851962,0.14699365198612213,0.9726295471191406,0.5787310600280762
YMR232W,YOR048C,0,0.37807328,0.1469719409942627,0.9726295471191406,0.5788313150405884
YNL161W,YDR490C,0,0.37797913,0.14695023000240326,0.9726295471191406,0.5789315700531006
YBR034C,YGR027W-B,0,0.377465,0.14692853391170502,0.9726295471191406,0.579031765460968
YEL003W,YAR014C,0,0.37745884,0.14690683782100677,0.9726295471191406,0.5791320204734802
YPR137C-B,YJR099W,0,0.37732348,0.14688514173030853,0.9726295471191406,0.5792322158813477
YKL073W,YDR292C,0,0.37713525,0.14686347544193268,0.9726295471191406,0.5793324708938599
YMR281W,YML048W,0,0.37699538,0.14684179425239563,0.9726295471191406,0.5794326663017273
YPL230W,YER056C,0,0.37660408,0.14682012796401978,0.9726295471191406,0.5795329213142395
YOR262W,YJL062W-A,0,0.37568498,0.14679846167564392,0.9726295471191406,0.5796331763267517
YOR202W,YDL019C,0,0.37505406,0.14677681028842926,0.9726295471191406,0.5797333717346191
YOR298C-A,YMR158W,0,0.3749713,0.1467551589012146,0.9726295471191406,0.5798336267471313
YJR016C,YBL091C,0,0.37473127,0.14673352241516113,0.9726295471191406,0.5799338221549988
YKR037C,YCR083W,0,0.37394387,0.14671188592910767,0.9726295471191406,0.580034077167511
YLR126C,YDR134C,0,0.37272707,0.1466902494430542,0.9726295471191406,0.5801343321800232
YJL012C,YGR207C,0,0.37260664,0.14666862785816193,0.9726295471191406,0.5802345275878906
YKL218C,YLR148W,0,0.37199616,0.14664702117443085,0.9726295471191406,0.5803347826004028
YJL089W,YBL047C,0,0.37125283,0.14662539958953857,0.9726295471191406,0.5804349780082703
YLR158C,YJL186W,0,0.37105438,0.1466038078069687,0.9726295471191406,0.5805352330207825
YBR186W,YKR048C,0,0.37102133,0.1465822011232376,0.9726295471191406,0.5806354880332947
YMR273C,YEL032W,1,0.3703496,0.1467079073190689,0.973607063293457,0.5806354880332947
YGR038C-A,YJR015W,0,0.37018192,0.14668630063533783,0.973607063293457,0.5807356834411621
YOL133W,YJL063C,0,0.36971647,0.14666470885276794,0.973607063293457,0.5808359384536743
YOL034W,YNL181W,0,0.3677466,0.14664310216903687,0.973607063293457,0.5809361338615417
YJL059W,YPL063W,0,0.36770055,0.14662152528762817,0.973607063293457,0.581036388874054
YHR080C,YBL010C,0,0.3675397,0.14659994840621948,0.973607063293457,0.5811366438865662
YMR156C,YDR248C,0,0.366309,0.1465783715248108,0.973607063293457,0.5812368392944336
YDR046C,YPL032C,0,0.36628765,0.1465567946434021,0.973607063293457,0.5813370943069458
YNL041C,YPL268W,0,0.3661856,0.1465352326631546,0.973607063293457,0.5814372897148132
YER086W,YML064C,0,0.36608285,0.1465136855840683,0.973607063293457,0.5815375447273254
YNL288W,YHR062C,0,0.36600938,0.146492138504982,0.973607063293457,0.5816377401351929
YHR203C,YMR302C,0,0.36579275,0.1464705914258957,0.973607063293457,0.5817379951477051
YMR220W,YJL014W,0,0.36546314,0.1464490443468094,0.973607063293457,0.5818382501602173
YHL013C,YGR109W-A,0,0.36473468,0.14642752707004547,0.973607063293457,0.5819384455680847
YCR045C,YOR231W,0,0.364343,0.14640599489212036,0.973607063293457,0.5820387005805969
YHR080C,YML124C,0,0.36414808,0.14638447761535645,0.973607063293457,0.5821388959884644
YDR338C,YDR155C,0,0.36401027,0.14636297523975372,0.973607063293457,0.5822391510009766
YHL044W,YBR180W,0,0.3638171,0.1463414579629898,0.973607063293457,0.5823394060134888
YIL019W,YBL100W-B,0,0.36312073,0.14631997048854828,0.973607063293457,0.5824396014213562
YDR315C,YER003C,0,0.36297983,0.14629846811294556,0.973607063293457,0.5825398564338684
YER007C-A,YLR372W,0,0.3624683,0.14627698063850403,0.973607063293457,0.5826400518417358
YOR033C,YHR143W-A,0,0.36211646,0.1462555080652237,0.973607063293457,0.582740306854248
YDR194C,YDR002W,0,0.36155516,0.14623403549194336,0.973607063293457,0.5828405618667603
YGL198W,YBR012W-A,0,0.35933518,0.14621256291866302,0.973607063293457,0.5829407572746277
YJL012C,YDR483W,0,0.35823852,0.14619110524654388,0.973607063293457,0.5830410122871399
YMR205C,YBR301W,0,0.35776186,0.14616964757442474,0.973607063293457,0.5831412076950073
YLR460C,YBL047C,0,0.35760882,0.1461482048034668,0.973607063293457,0.5832414627075195
YPL257W-A,YBR290W,0,0.35686994,0.14612676203250885,0.973607063293457,0.583341658115387
YJR049C,YGR128C,0,0.3558323,0.1461053192615509,0.973607063293457,0.5834419131278992
YMR134W,YFR024C,0,0.35505873,0.14608389139175415,0.973607063293457,0.5835421681404114
YLR378C,YOL065C,0,0.35264805,0.1460624784231186,0.973607063293457,0.5836423635482788
YDL136W,YDR079C-A,0,0.35201225,0.14604105055332184,0.973607063293457,0.583742618560791
YBL051C,YBR035C,0,0.35146093,0.14601965248584747,0.973607063293457,0.5838428139686584
YHL009W-A,YJL026W,0,0.35129708,0.14599823951721191,0.973607063293457,0.5839430689811707
YKR098C,YOR175C,0,0.35074246,0.14597684144973755,0.973607063293457,0.5840433239936829
YHR141C,YLR022C,0,0.34987247,0.14595545828342438,0.973607063293457,0.5841435194015503
YPL130W,YPL009C,0,0.3484138,0.14593406021595,0.973607063293457,0.5842437744140625
YER065C,YDL144C,0,0.3483691,0.14591269195079803,0.973607063293457,0.5843439698219299
YLR174W,YNR063W,0,0.34833527,0.14589130878448486,0.973607063293457,0.5844442248344421
YKR013W,YER068W,0,0.34687895,0.14586994051933289,0.973607063293457,0.5845444798469543
YDR034C-C,YAL002W,0,0.34683228,0.1458485871553421,0.973607063293457,0.5846446752548218
YPR029C,YJR099W,0,0.34665644,0.14582723379135132,0.973607063293457,0.584744930267334
YBR105C,YGR129W,0,0.34662324,0.14580588042736053,0.973607063293457,0.5848451256752014
YBR045C,YOR035C,0,0.34629261,0.14578454196453094,0.973607063293457,0.5849453806877136
YDR041W,YNL240C,0,0.34579208,0.14576320350170135,0.973607063293457,0.585045576095581
YKL158W,YLR451W,0,0.3451681,0.14574187994003296,0.973607063293457,0.5851458311080933
YHL003C,YPL262W,0,0.34486845,0.14572055637836456,0.973607063293457,0.5852460861206055
YPR201W,YLR266C,0,0.34453684,0.14569923281669617,0.973607063293457,0.5853462815284729
YOR027W,YDR037W,0,0.34222168,0.14567792415618896,0.973607063293457,0.5854465365409851
YAL002W,YDR446W,0,0.34174454,0.14565663039684296,0.973607063293457,0.5855467319488525
YIL117C,YMR288W,0,0.3416512,0.14563532173633575,0.973607063293457,0.5856469869613647
YBL101W-A,YDL006W,0,0.34154937,0.14561402797698975,0.973607063293457,0.585747241973877
YGR132C,YER003C,0,0.34146324,0.14559274911880493,0.973607063293457,0.5858474373817444
YDL085W,YPR158C-D,0,0.34027743,0.14557147026062012,0.973607063293457,0.5859476923942566
YER020W,YML075C,0,0.34027183,0.1455501914024353,0.973607063293457,0.586047887802124
YNR016C,YOR192C-B,0,0.33823633,0.14552892744541168,0.973607063293457,0.5861481428146362
YHR039C-B,YDR243C,0,0.33822447,0.14550766348838806,0.973607063293457,0.5862483978271484
YAL021C,YDL232W,0,0.3377123,0.14548641443252563,0.973607063293457,0.5863485932350159
YDR148C,YDR210W-A,0,0.33732837,0.1454651653766632,0.973607063293457,0.5864488482475281
YDR463W,YNL207W,0,0.33679557,0.14544393122196198,0.973607063293457,0.5865490436553955
YNL294C,YGR026W,0,0.33671394,0.14542268216609955,0.973607063293457,0.5866492986679077
YPL220W,YKR029C,0,0.33635718,0.1454014629125595,0.973607063293457,0.5867495536804199
YBR077C,YPR005C,0,0.33552015,0.14538024365901947,0.973607063293457,0.5868497490882874
YPR158W-A,YOR316C,0,0.33538574,0.14535902440547943,0.973607063293457,0.5869500041007996
YJR144W,YML010W,0,0.33460277,0.1453378051519394,0.973607063293457,0.587050199508667
YLL023C,YDL067C,0,0.33320156,0.14531660079956055,0.973607063293457,0.5871504545211792
YMR053C,YGR091W,0,0.3328882,0.1452954113483429,0.973607063293457,0.5872506499290466
YAL068C,YGL238W,0,0.33238918,0.14527420699596405,0.973607063293457,0.5873509049415588
YJL054W,YAR019C,0,0.3316411,0.1452530324459076,0.973607063293457,0.587451159954071
YKL156W,YGR161C-D,0,0.33072332,0.14523184299468994,0.973607063293457,0.5875513553619385
YLR405W,YMR167W,0,0.33063066,0.14521066844463348,0.973607063293457,0.5876516103744507
YDR418W,YNL035C,0,0.32938305,0.14518950879573822,0.973607063293457,0.5877518057823181
YFR055W,YMR305C,0,0.32932055,0.14516834914684296,0.973607063293457,0.5878520607948303
YDR060W,YDR153C,0,0.32906485,0.1451471894979477,0.973607063293457,0.5879523158073425
YLR410W,YGL038C,0,0.32896507,0.14512604475021362,0.973607063293457,0.58805251121521
YMR001C,YLR134W,0,0.32840043,0.14510490000247955,0.973607063293457,0.5881527662277222
YLR181C,YJR076C,0,0.32782775,0.14508375525474548,0.973607063293457,0.5882529616355896
YOR356W,YGL131C,0,0.3277507,0.1450626254081726,0.973607063293457,0.5883532166481018
YER178W,YPL132W,0,0.32734716,0.14504149556159973,0.973607063293457,0.588453471660614
YKR034W,YIL160C,0,0.32708064,0.14502038061618805,0.973607063293457,0.5885536670684814
YKL096W,YDR313C,0,0.32570243,0.14499926567077637,0.973607063293457,0.5886539220809937
YBR162W-A,YGR292W,0,0.3254351,0.14497816562652588,0.973607063293457,0.5887541174888611
YGL009C,YBL072C,0,0.32540676,0.1449570655822754,0.973607063293457,0.5888543725013733
YOR250C,YOR043W,0,0.32508564,0.1449359655380249,0.973607063293457,0.5889545679092407
YDR244W,YPL018W,0,0.32461005,0.1449148803949356,0.973607063293457,0.5890548229217529
YJL216C,YAL026C,0,0.3244977,0.1448938101530075,0.973607063293457,0.5891550779342651
YDR239C,YNR046W,0,0.32442126,0.1448727250099182,0.973607063293457,0.5892552733421326
YGR040W,YOR081C,0,0.32374266,0.1448516547679901,0.973607063293457,0.5893555283546448
YIL050W,YNL326C,0,0.3220155,0.1448305994272232,0.973607063293457,0.5894557237625122
YDR127W,YIL063C,0,0.32184896,0.1448095440864563,0.973607063293457,0.5895559787750244
YGL018C,YMR135C,0,0.3214295,0.1447884887456894,0.973607063293457,0.5896562337875366
YGL144C,YDR224C,0,0.3213873,0.14476744830608368,0.973607063293457,0.589756429195404
YNL288W,YAL010C,0,0.3211149,0.14474640786647797,0.973607063293457,0.5898566842079163
YJR135W-A,YKL052C,0,0.320027,0.14472536742687225,0.973607063293457,0.5899568796157837
YJL062W,YIL091C,0,0.3193034,0.14470434188842773,0.973607063293457,0.5900571346282959
YNR073C,YNL252C,0,0.31720936,0.14468331634998322,0.973607063293457,0.5901573896408081
YHR203C,YNL086W,0,0.31679338,0.1446623057126999,0.973607063293457,0.5902575850486755
YGR041W,YPR178W,0,0.31629708,0.14464129507541656,0.973607063293457,0.5903578400611877
YOR344C,YIR004W,0,0.3156759,0.14462029933929443,0.973607063293457,0.5904580354690552
YDR060W,YHR007C,0,0.31558675,0.1445993036031723,0.973607063293457,0.5905582904815674
YOR056C,YNL199C,0,0.31480363,0.14457830786705017,0.973607063293457,0.5906584858894348
YDL135C,YCR027C,0,0.3146521,0.14455732703208923,0.973607063293457,0.590758740901947
YGR224W,YIL053W,0,0.31430376,0.1445363461971283,0.973607063293457,0.5908589959144592
YCL075W,YEL019C,0,0.31390315,0.14451538026332855,0.973607063293457,0.5909591913223267
YOR255W,YCR035C,0,0.3133594,0.1444944143295288,0.973607063293457,0.5910594463348389
YDR323C,YNR046W,0,0.31312472,0.14447344839572906,0.973607063293457,0.5911596417427063
YNL336W,YEL051W,0,0.3124001,0.14445249736309052,0.973607063293457,0.5912598967552185
YNL059C,YNL279W,0,0.31217808,0.14443156123161316,0.973607063293457,0.5913601517677307
YPR005C,YGR109W-A,0,0.31197134,0.1444106101989746,0.973607063293457,0.5914603471755981
YLL038C,YOR315W,0,0.31086183,0.14438967406749725,0.973607063293457,0.5915606021881104
YGL173C,YCR066W,0,0.31014097,0.1443687528371811,0.973607063293457,0.5916607975959778
YOL030W,YHR118C,0,0.31002623,0.14434783160686493,0.973607063293457,0.59176105260849
YDR517W,YFR051C,0,0.3094517,0.14432691037654877,0.973607063293457,0.5918613076210022
YGL105W,YOR150W,0,0.30929345,0.1443060040473938,0.973607063293457,0.5919615030288696
YOR298C-A,YNL321W,0,0.30881423,0.14428509771823883,0.973607063293457,0.5920617580413818
YNL128W,YDL072C,0,0.30852342,0.14426419138908386,0.973607063293457,0.5921619534492493
YDR330W,YPR008W,0,0.30838537,0.1442432999610901,0.973607063293457,0.5922622084617615
YJL057C,YBR091C,0,0.30813086,0.1442224085330963,0.973607063293457,0.5923624038696289
YHL009W-A,YOR124C,0,0.3071208,0.14420153200626373,0.973607063293457,0.5924626588821411
YML118W,YDR342C,0,0.30504984,0.14418065547943115,0.973607063293457,0.5925629138946533
YDR170W-A,YJR002W,0,0.30490482,0.14415979385375977,0.973607063293457,0.5926631093025208
YMR274C,YNL186W,0,0.30358362,0.14413893222808838,0.973607063293457,0.592763364315033
YDL115C,YDR040C,0,0.30345646,0.144118070602417,0.973607063293457,0.5928635597229004
YLR439W,YKL012W,0,0.30274644,0.1440972238779068,0.973607063293457,0.5929638147354126
YPR201W,YML131W,0,0.3026758,0.1440763771533966,0.973607063293457,0.5930640697479248
YDR317W,YDR107C,0,0.30234623,0.1440555453300476,0.973607063293457,0.5931642651557922
YKL116C,YDR408C,0,0.30202624,0.1440347135066986,0.973607063293457,0.5932645201683044
YIL137C,YGR092W,0,0.30162966,0.1440138816833496,0.973607063293457,0.5933647155761719
YDL153C,YNL003C,0,0.3010832,0.1439930647611618,0.973607063293457,0.5934649705886841
YDR034C-D,YNL265C,0,0.3009237,0.143972247838974,0.973607063293457,0.5935652256011963
YGR109W-A,YOR315W,0,0.300763,0.1439514309167862,0.973607063293457,0.5936654210090637
YDL129W,YIL053W,0,0.30042216,0.14393062889575958,0.973607063293457,0.5937656760215759
YER062C,YBR200W-A,0,0.30036932,0.14390984177589417,0.973607063293457,0.5938658714294434
YBR264C,YGR253C,0,0.30035782,0.14388905465602875,0.973607063293457,0.5939661264419556
YER044C,YGR272C,0,0.29868343,0.14386826753616333,0.973607063293457,0.5940663814544678
YPR137C-B,YDR356W,0,0.29762542,0.1438474804162979,0.973607063293457,0.5941665768623352
YPR181C,YNL166C,0,0.29704422,0.1438267081975937,0.973607063293457,0.5942668318748474
YNL063W,YLR223C,0,0.29672456,0.14380595088005066,0.973607063293457,0.5943670272827148
YIL033C,YGR097W,0,0.29634565,0.14378519356250763,0.973607063293457,0.594467282295227
YLR286C,YDR034C-C,0,0.2960943,0.1437644362449646,0.973607063293457,0.5945674777030945
YGL020C,YOL006C,0,0.29494232,0.14374367892742157,0.973607063293457,0.5946677327156067
YOR321W,YAR044W,0,0.29413366,0.14372293651103973,0.973607063293457,0.5947679877281189
YDR134C,YER099C,0,0.2940567,0.1437022089958191,0.973607063293457,0.5948681831359863
YPL092W,YML094W,0,0.2936017,0.14368148148059845,0.973607063293457,0.5949684381484985
YKL183W,YGR161C-D,0,0.29336032,0.1436607539653778,0.973607063293457,0.595068633556366
YNR019W,YHR210C,0,0.29318678,0.14364004135131836,0.973607063293457,0.5951688885688782
YGR292W,YPL175W,0,0.2928282,0.1436193287372589,0.973607063293457,0.5952691435813904
YHR009C,YKR081C,0,0.29174292,0.14359861612319946,0.973607063293457,0.5953693389892578
YPR008W,YDR365W-A,0,0.2917375,0.1435779184103012,0.973607063293457,0.59546959400177
YHR170W,YGL189C,0,0.2914576,0.14355722069740295,0.973607063293457,0.5955697894096375
YLR166C,YBR251W,0,0.29064745,0.1435365378856659,0.973607063293457,0.5956700444221497
YCR102C,YKL040C,0,0.2887005,0.14351585507392883,0.973607063293457,0.5957702994346619
YOR129C,YDR519W,0,0.28854024,0.14349517226219177,0.973607063293457,0.5958704948425293
YML031W,YGL229C,0,0.28742447,0.1434745043516159,0.973607063293457,0.5959707498550415
YPR201W,YGR217W,0,0.28726882,0.14345383644104004,0.973607063293457,0.5960709452629089
YJR117W,YPL211W,0,0.286776,0.14343318343162537,0.973607063293457,0.5961712002754211
YGL222C,YEL011W,0,0.28642297,0.1434125304222107,0.973607063293457,0.5962713956832886
YJL101C,YMR059W,0,0.28617477,0.14339187741279602,0.973607063293457,0.5963716506958008
YBL056W,YBL101W-A,0,0.2856907,0.14337123930454254,0.973607063293457,0.596471905708313
YJL221C,YDR399W,0,0.28547072,0.14335060119628906,0.973607063293457,0.5965721011161804
YOR127W,YGR082W,0,0.28538674,0.14332997798919678,0.973607063293457,0.5966723561286926
YDR409W,YGR161C-C,0,0.28513205,0.1433093547821045,0.973607063293457,0.5967725515365601
YAL001C,YNL123W,0,0.2843193,0.1432887315750122,0.973607063293457,0.5968728065490723
YDL156W,YOR315W,0,0.2841408,0.14326812326908112,0.973607063293457,0.5969730615615845
YOR171C,YPL101W,0,0.28406596,0.14324751496315002,0.973607063293457,0.5970732569694519
YLL006W,YNL284C-B,0,0.283364,0.14322692155838013,0.973607063293457,0.5971735119819641
YHR073W,YGL077C,0,0.2818079,0.14320632815361023,0.973607063293457,0.5972737073898315
YBR121C,YKL199C,0,0.28161517,0.14318573474884033,0.973607063293457,0.5973739624023438
YIL050W,YOR258W,0,0.2811888,0.14316515624523163,0.973607063293457,0.597474217414856
YOL075C,YMR088C,0,0.28076774,0.14314457774162292,0.973607063293457,0.5975744128227234
YOR298C-A,YOL117W,0,0.28033942,0.14312401413917542,0.973607063293457,0.5976746678352356
YBR185C,YER014W,0,0.2794873,0.1431034505367279,0.973607063293457,0.597774863243103
YLL048C,YNL054W-B,0,0.27946508,0.1430828869342804,0.973607063293457,0.5978751182556152
YLR229C,YBR028C,0,0.27928692,0.14306233823299408,0.973607063293457,0.5979753136634827
YGL135W,YEL027W,0,0.27837706,0.14304178953170776,0.973607063293457,0.5980755686759949
YDR210W-B,YGR054W,0,0.27747858,0.14302125573158264,0.973607063293457,0.5981758236885071
YNL244C,YDL115C,0,0.27730244,0.14300072193145752,0.973607063293457,0.5982760190963745
YPR165W,YDR520C,0,0.27697992,0.1429801881313324,0.973607063293457,0.5983762741088867
YOR326W,YER112W,0,0.27680582,0.14295966923236847,0.973607063293457,0.5984764695167542
YLL011W,YOR241W,0,0.27461565,0.14293915033340454,0.973607063293457,0.5985767245292664
YKL063C,YLR442C,0,0.27424926,0.1429186463356018,0.973607063293457,0.5986769795417786
YLL015W,YDR322C-A,0,0.27402955,0.14289812743663788,0.973607063293457,0.598777174949646
YOR016C,YNL256W,0,0.27390885,0.14287763833999634,0.973607063293457,0.5988774299621582
YGL246C,YKL091C,0,0.2736839,0.1428571492433548,0.973607063293457,0.5989776253700256
YFL011W,YDR322C-A,0,0.2736059,0.14283666014671326,0.973607063293457,0.5990778803825378
YDL051W,YDL150W,0,0.27359962,0.14281617105007172,0.973607063293457,0.59917813539505
YPL220W,YJR056C,0,0.27268064,0.14279569685459137,0.973607063293457,0.5992783308029175
YKR096W,YKR048C,0,0.272578,0.14277522265911102,0.973607063293457,0.5993785858154297
YGL191W,YAL059W,0,0.2722509,0.14275476336479187,0.973607063293457,0.5994787812232971
YOR190W,YOL098C,0,0.27144367,0.14273430407047272,0.973607063293457,0.5995790362358093
YDR256C,YGL061C,0,0.2690602,0.14271385967731476,0.973607063293457,0.5996792912483215
YLR406C,YKL032C,0,0.26728967,0.1426934152841568,0.973607063293457,0.599779486656189
YPL275W,YML127W,0,0.2662962,0.14267297089099884,0.973607063293457,0.5998797416687012
YGR244C,YLR275W,0,0.26442897,0.14265254139900208,0.973607063293457,0.5999799370765686
YML088W,YGL107C,0,0.26441962,0.1426321119070053,0.973607063293457,0.6000801920890808
YDR316W-A,YPL146C,0,0.2643366,0.14261168241500854,0.973607063293457,0.6001803874969482
YOR368W,YGR266W,0,0.26395714,0.14259126782417297,0.973607063293457,0.6002806425094604
YLR155C,YNL325C,0,0.26392734,0.1425708532333374,0.973607063293457,0.6003808975219727
YDL154W,YML096W,0,0.26384676,0.14255045354366302,0.973607063293457,0.6004810929298401
YOR337W,YGL161C,0,0.26314116,0.14253005385398865,0.973607063293457,0.6005813479423523
YER112W,YGR260W,0,0.26287636,0.14250965416431427,0.973607063293457,0.6006815433502197
YDL065C,YMR002W,0,0.26274663,0.1424892693758011,0.973607063293457,0.6007817983627319
YER048C,YOL061W,0,0.26230904,0.1424688845872879,0.973607063293457,0.6008820533752441
YCR045C,YNL116W,0,0.26207203,0.1424485146999359,0.973607063293457,0.6009822487831116
YDR003W,YDR055W,0,0.2619533,0.14242814481258392,0.973607063293457,0.6010825037956238
YAL059W,YDR441C,0,0.2605054,0.14240777492523193,0.973607063293457,0.6011826992034912
YDL180W,YNL207W,0,0.26012874,0.14238741993904114,0.973607063293457,0.6012829542160034
YPL216W,YBR103W,1,0.25971508,0.14251001179218292,0.9745845794677734,0.6012829542160034
YFL050C,YNR071C,0,0.2589878,0.14248964190483093,0.9745845794677734,0.6013832092285156
YDR097C,YKL051W,0,0.25884587,0.14246927201747894,0.9745845794677734,0.6014834046363831
YCL045C,YML072C,0,0.25821427,0.14244891703128815,0.9745845794677734,0.6015836596488953
YHR197W,YDR324C,0,0.25805485,0.14242857694625854,0.9745845794677734,0.6016838550567627
YOR088W,YDL049C,0,0.25802854,0.14240822196006775,0.9745845794677734,0.6017841100692749
YGL028C,YBL084C,0,0.2575907,0.14238788187503815,0.9745845794677734,0.6018843054771423
YIL041W,YDL155W,0,0.2575289,0.14236755669116974,0.9745845794677734,0.6019845604896545
YLL067C,YPL076W,0,0.25751844,0.14234723150730133,0.9745845794677734,0.6020848155021667
YLR347C,YDR376W,0,0.2557847,0.14232690632343292,0.9745845794677734,0.6021850109100342
YJL101C,YDR365W-A,0,0.25395805,0.1423065960407257,0.9745845794677734,0.6022852659225464
YDR316W-A,YPL232W,0,0.25393853,0.1422862857580185,0.9745845794677734,0.6023854613304138
YHR067W,YKL192C,0,0.25326562,0.14226597547531128,0.9745845794677734,0.602485716342926
YKL101W,YGR027W-A,0,0.25317413,0.14224568009376526,0.9745845794677734,0.6025859713554382
YOR360C,YNL240C,0,0.25153765,0.14222539961338043,0.9745845794677734,0.6026861667633057
YNL023C,YBL022C,0,0.25131375,0.1422051042318344,0.9745845794677734,0.6027864217758179
YDR069C,YPR124W,0,0.25110275,0.14218482375144958,0.9745845794677734,0.6028866171836853
YNL265C,YKL148C,0,0.25042355,0.14216455817222595,0.9745845794677734,0.6029868721961975
YPL283C,YNL225C,0,0.24857152,0.14214427769184113,0.9745845794677734,0.6030871272087097
YDR236C,YBL035C,0,0.2475734,0.1421240270137787,0.9745845794677734,0.6031873226165771
YPL171C,YCR071C,0,0.24748749,0.14210376143455505,0.9745845794677734,0.6032875776290894
YLR362W,YBR070C,0,0.24614257,0.14208351075649261,0.9745845794677734,0.6033877730369568
YOR070C,YKL211C,0,0.2456038,0.14206326007843018,0.9745845794677734,0.603488028049469
YDR315C,YBR016W,0,0.24547054,0.14204302430152893,0.9745845794677734,0.6035882234573364
YLR388W,YPR021C,0,0.24430507,0.14202278852462769,0.9745845794677734,0.6036884784698486
YNL152W,YOR090C,0,0.24397933,0.14200256764888763,0.9745845794677734,0.6037887334823608
YER071C,YER056C,0,0.24380949,0.14198234677314758,0.9745845794677734,0.6038889288902283
YHR020W,YBR253W,0,0.24378908,0.14196212589740753,0.9745845794677734,0.6039891839027405
YHL050C,YPL246C,0,0.24358785,0.14194191992282867,0.9745845794677734,0.6040893793106079
YLR347C,YNL035C,0,0.24350932,0.14192171394824982,0.9745845794677734,0.6041896343231201
YGR028W,YMR183C,0,0.24140519,0.14190150797367096,0.9745845794677734,0.6042898893356323
YAL005C,YFR024C,0,0.24131376,0.1418813169002533,0.9745845794677734,0.6043900847434998
YGR249W,YDL193W,0,0.2411302,0.14186112582683563,0.9745845794677734,0.604490339756012
YFL056C,YBR036C,0,0.24112421,0.14184094965457916,0.9745845794677734,0.6045905351638794
YKL005C,YLR126C,0,0.23968232,0.1418207734823227,0.9745845794677734,0.6046907901763916
YGR295C,YAL051W,0,0.23944628,0.14180059731006622,0.9745845794677734,0.6047910451889038
YPL036W,YPR186C,0,0.23944354,0.14178043603897095,0.9745845794677734,0.6048912405967712
YDL008W,YEL004W,0,0.2391656,0.14176027476787567,0.9745845794677734,0.6049914956092834
YER070W,YGR161C-C,0,0.23910068,0.1417401134967804,0.9745845794677734,0.6050916910171509
YBR159W,YIL097W,0,0.23873419,0.1417199671268463,0.9745845794677734,0.6051919460296631
YCL047C,YLR274W,0,0.23787566,0.14169983565807343,0.9745845794677734,0.6052922010421753
YGR231C,YIL137C,0,0.23679918,0.14167968928813934,0.9745845794677734,0.6053923964500427
YIL147C,YLR362W,0,0.23660131,0.14165955781936646,0.9745845794677734,0.6054926514625549
YER074W-A,YPL076W,0,0.23653188,0.14163944125175476,0.9745845794677734,0.6055928468704224
YOR205C,YOR201C,0,0.2364307,0.14161932468414307,0.9745845794677734,0.6056931018829346
YBR048W,YML101C,0,0.23561025,0.14159920811653137,0.9745845794677734,0.605793297290802
YDL213C,YDR236C,0,0.2352172,0.14157909154891968,0.9745845794677734,0.6058935523033142
YDR106W,YOR230W,1,0.2327671,0.14170098304748535,0.9755620956420898,0.6058935523033142
YHR142W,YNR008W,0,0.23275432,0.14168086647987366,0.9755620956420898,0.6059938073158264
YNL330C,YGL037C,1,0.23256803,0.14180269837379456,0.9765396118164062,0.6059938073158264
YNL326C,YPR105C,0,0.23240265,0.14178256690502167,0.9765396118164062,0.6060940027236938
YNL106C,YBR105C,0,0.23181319,0.14176245033740997,0.9765396118164062,0.606194257736206
YLR075W,YPR020W,0,0.23020232,0.14174233376979828,0.9765396118164062,0.6062944531440735
YGL048C,YHR020W,0,0.22925948,0.14172223210334778,0.9765396118164062,0.6063947081565857
YER036C,YLR466W,0,0.22923556,0.14170213043689728,0.9765396118164062,0.6064949631690979
YLR381W,YDR170W-A,0,0.22903863,0.14168202877044678,0.9765396118164062,0.6065951585769653
YGL029W,YDR261C-C,0,0.22902614,0.14166194200515747,0.9765396118164062,0.6066954135894775
YLR097C,YNL162W,0,0.2285912,0.14164185523986816,0.9765396118164062,0.606795608997345
YDR326C,YOR069W,0,0.22830871,0.14162176847457886,0.9765396118164062,0.6068958640098572
YDR098C-A,YGR082W,0,0.22715025,0.14160169661045074,0.9765396118164062,0.6069961190223694
YLR189C,YEL058W,0,0.22617261,0.14158163964748383,0.9765396118164062,0.6070963144302368
YML133C,YGR260W,0,0.22540633,0.1415615677833557,0.9765396118164062,0.607196569442749
YKL024C,YLR064W,0,0.22491556,0.1415415108203888,0.9765396118164062,0.6072967648506165
YMR205C,YJR090C,0,0.22467679,0.14152146875858307,0.9765396118164062,0.6073970198631287
YNL312W,YEL042W,0,0.22428182,0.14150141179561615,0.9765396118164062,0.6074972152709961
YHL017W,YLR466W,0,0.2236173,0.14148136973381042,0.9765396118164062,0.6075974702835083
YMR128W,YGL211W,0,0.2232964,0.1414613425731659,0.9765396118164062,0.6076977252960205
YPL058C,YLR194C,0,0.22246441,0.14144131541252136,0.9765396118164062,0.6077979207038879
YDR381W,YNL113W,0,0.22139823,0.14142128825187683,0.9765396118164062,0.6078981757164001
YLR292C,YPL225W,0,0.22029927,0.1414012759923935,0.9765396118164062,0.6079983711242676
YJL189W,YIL008W,0,0.22006914,0.14138126373291016,0.9765396118164062,0.6080986261367798
YBR280C,YGR161W-A,0,0.21986476,0.14136125147342682,0.9765396118164062,0.608198881149292
YGR161W-A,YLL018C,0,0.21980813,0.14134125411510468,0.9765396118164062,0.6082990765571594
YPL079W,YHR005C,0,0.21847916,0.14132125675678253,0.9765396118164062,0.6083993315696716
YGL053W,YDL002C,0,0.217743,0.14130127429962158,0.9765396118164062,0.6084995269775391
YJR120W,YOR048C,0,0.21755463,0.14128129184246063,0.9765396118164062,0.6085997819900513
YHL009W-B,YBR110W,0,0.21678688,0.14126130938529968,0.9765396118164062,0.6087000370025635
YDR056C,YGR286C,0,0.21523483,0.14124134182929993,0.9765396118164062,0.6088002324104309
YDR119W,YPL237W,0,0.21397787,0.14122137427330017,0.9765396118164062,0.6089004874229431
YGL224C,YDL205C,0,0.2137782,0.14120140671730042,0.9765396118164062,0.6090006828308105
YKL086W,YOR256C,0,0.21360365,0.14118145406246185,0.9765396118164062,0.6091009378433228
YAL061W,YEL005C,0,0.21263684,0.14116151630878448,0.9765396118164062,0.6092011332511902
YNR073C,YNR032W,0,0.21112165,0.14114156365394592,0.9765396118164062,0.6093013882637024
YDR210W-B,YDL231C,0,0.21063635,0.14112162590026855,0.9765396118164062,0.6094016432762146
YBR057C,YLR256W,0,0.21061578,0.1411016881465912,0.9765396118164062,0.609501838684082
YHR107C,YPL010W,0,0.20813599,0.141081765294075,0.9765396118164062,0.6096020936965942
YLR459W,YER140W,0,0.20810157,0.14106184244155884,0.9765396118164062,0.6097022891044617
YOL146W,YML038C,0,0.20778556,0.14104193449020386,0.9765396118164062,0.6098025441169739
YPR005C,YIR036C,0,0.20744368,0.14102202653884888,0.9765396118164062,0.6099027991294861
YNL093W,YKL073W,0,0.20708606,0.1410021185874939,0.9765396118164062,0.6100029945373535
YJL099W,YMR100W,0,0.20598082,0.1409822255373001,0.9765396118164062,0.6101032495498657
YKL116C,YMR167W,0,0.20518303,0.14096233248710632,0.9765396118164062,0.6102034449577332
YIL043C,YNL284C-B,0,0.2043046,0.14094243943691254,0.9765396118164062,0.6103036999702454
YDR019C,YDL178W,0,0.20400798,0.14092256128787994,0.9765396118164062,0.6104039549827576
YNL051W,YCL020W,0,0.20391476,0.14090268313884735,0.9765396118164062,0.610504150390625
YGR038C-A,YDR236C,0,0.20389527,0.14088280498981476,0.9765396118164062,0.6106044054031372
YCR009C,YBL102W,0,0.20384362,0.14086294174194336,0.9765396118164062,0.6107046008110046
YLL016W,YPL101W,0,0.20353918,0.14084307849407196,0.9765396118164062,0.6108048558235168
YDR237W,YCR054C,0,0.2035381,0.14082323014736176,0.9765396118164062,0.610905110836029
YDR055W,YER177W,0,0.20293927,0.14080338180065155,0.9765396118164062,0.6110053062438965
YML115C,YER129W,0,0.20238705,0.14078353345394135,0.9765396118164062,0.6111055612564087
YOR367W,YNL091W,0,0.20202571,0.14076370000839233,0.9765396118164062,0.6112057566642761
YBR069C,YJR135W-A,0,0.20192948,0.14074386656284332,0.9765396118164062,0.6113060116767883
YDR034C-D,YOR308C,0,0.20110749,0.1407240480184555,0.9765396118164062,0.6114062070846558
YKL073W,YMR283C,0,0.20025593,0.1407042294740677,0.9765396118164062,0.611506462097168
YDR156W,YHR167W,0,0.200243,0.14068441092967987,0.9765396118164062,0.6116067171096802
YNL101W,YGL063W,0,0.20013809,0.14066460728645325,0.9765396118164062,0.6117069125175476
YBR012W-B,YHL015W,0,0.1987629,0.14064480364322662,0.9765396118164062,0.6118071675300598
YPR018W,YEL047C,0,0.1985784,0.140625,0.9765396118164062,0.6119073629379272
YMR119W,YOL133W,0,0.19788659,0.14060521125793457,0.9765396118164062,0.6120076179504395
YBL101C,YGR075C,0,0.19779927,0.14058542251586914,0.9765396118164062,0.6121078729629517
YJL090C,YJR129C,0,0.19690612,0.1405656337738037,0.9765396118164062,0.6122080683708191
YJL180C,YER159C-A,0,0.19647002,0.14054585993289948,0.9765396118164062,0.6123083233833313
YBR234C,YDR166C,0,0.19622487,0.14052610099315643,0.9765396118164062,0.6124085187911987
YHR134W,YJR129C,0,0.19461253,0.1405063271522522,0.9765396118164062,0.6125087738037109
YBL008W-A,YHL018W,0,0.19402176,0.14048656821250916,0.9765396118164062,0.6126090288162231
YGR212W,YPR056W,0,0.1925441,0.1404668092727661,0.9765396118164062,0.6127092242240906
YLR467W,YOL137W,0,0.19229287,0.14044706523418427,0.9765396118164062,0.6128094792366028
YCL035C,YOR019W,0,0.19210911,0.14042732119560242,0.9765396118164062,0.6129096746444702
YMR118C,YBR104W,0,0.19203155,0.14040759205818176,0.9765396118164062,0.6130099296569824
YOL011W,YGL151W,0,0.19116104,0.1403878629207611,0.9765396118164062,0.6131101250648499
YMR026C,YKL208W,0,0.19098836,0.14036813378334045,0.9765396118164062,0.6132103800773621
YPL232W,YOR192C-A,0,0.19067201,0.140348419547081,0.9765396118164062,0.6133106350898743
YML125C,YMR262W,0,0.19011408,0.14032869040966034,0.9765396118164062,0.6134108304977417
YOR190W,YFL053W,0,0.18981317,0.14030899107456207,0.9765396118164062,0.6135110855102539
YDL135C,YDL109C,0,0.1894835,0.1402892917394638,0.9765396118164062,0.6136112809181213
YLR172C,YDL212W,0,0.1892514,0.14026959240436554,0.9765396118164062,0.6137115359306335
YLR126C,YDR507C,0,0.18923868,0.14024989306926727,0.9765396118164062,0.6138117909431458
YKR053C,YEL054C,0,0.18902045,0.1402302086353302,0.9765396118164062,0.6139119863510132
YEL050C,YHR160C,0,0.18890832,0.14021052420139313,0.9765396118164062,0.6140122413635254
YDR135C,YLR011W,0,0.18841837,0.14019085466861725,0.9765396118164062,0.6141124367713928
YMR152W,YBR130C,0,0.18793544,0.14017118513584137,0.9765396118164062,0.614212691783905
YLR139C,YGR104C,0,0.1874542,0.1401515156030655,0.9765396118164062,0.6143129467964172
YCR094W,YPR046W,0,0.18743378,0.1401318609714508,0.9765396118164062,0.6144131422042847
YDL145C,YDR234W,0,0.1870806,0.14011220633983612,0.9765396118164062,0.6145133972167969
YMR119W,YJR099W,0,0.1870479,0.14009255170822144,0.9765396118164062,0.6146135926246643
YOL075C,YPL234C,0,0.18526363,0.14007291197776794,0.9765396118164062,0.6147138476371765
YDR056C,YMR015C,0,0.1849778,0.14005327224731445,0.9765396118164062,0.614814043045044
YKL188C,YLR176C,0,0.18267572,0.14003364741802216,0.9765396118164062,0.6149142980575562
YER007C-A,YDL205C,0,0.18236423,0.14001402258872986,0.9765396118164062,0.6150145530700684
YJL127C,YFL039C,0,0.18170631,0.13999439775943756,0.9765396118164062,0.6151147484779358
YLR077W,YDR234W,0,0.1815198,0.13997477293014526,0.9765396118164062,0.615215003490448
YLR013W,YLL014W,0,0.18145317,0.13995516300201416,0.9765396118164062,0.6153151988983154
YPL162C,YNR032C-A,0,0.18103835,0.13993556797504425,0.9765396118164062,0.6154154539108276
YJR102C,YDL098C,0,0.18072683,0.13991597294807434,0.9765396118164062,0.6155157089233398
YHR045W,YMR040W,0,0.18068361,0.13989637792110443,0.9765396118164062,0.6156159043312073
YIR037W,YGR030C,0,0.17937903,0.13987678289413452,0.9765396118164062,0.6157161593437195
YDL038C,YDR080W,0,0.1790137,0.1398572027683258,0.9765396118164062,0.6158163547515869
YDR034C-D,YBR291C,0,0.17862476,0.1398376226425171,0.9765396118164062,0.6159166097640991
YIL105C,YGL206C,0,0.17838794,0.13981805741786957,0.9765396118164062,0.6160168647766113
YKR058W,YPL069C,0,0.17795521,0.13979849219322205,0.9765396118164062,0.6161170601844788
YHR214C-C,YAL043C,0,0.17787577,0.13977892696857452,0.9765396118164062,0.616217315196991
YOR371C,YCL020W,0,0.1770274,0.1397593766450882,0.9765396118164062,0.6163175106048584
YPL060C-A,YDR372C,0,0.17694007,0.13973982632160187,0.9765396118164062,0.6164177656173706
YGL065C,YCR067C,0,0.17596856,0.13972027599811554,0.9765396118164062,0.6165180206298828
YHR111W,YML107C,0,0.17584407,0.1397007405757904,0.9765396118164062,0.6166182160377502
YPR168W,YML054C,0,0.1758337,0.13968120515346527,0.9765396118164062,0.6167184710502625
YOR179C,YLL026W,0,0.17356879,0.13966168463230133,0.9765396118164062,0.6168186664581299
YDR210W-A,YNL240C,0,0.173248,0.1396421641111374,0.9765396118164062,0.6169189214706421
YDL058W,YOL126C,0,0.17319241,0.13962264358997345,0.9765396118164062,0.6170191168785095
YHL009W-A,YPL214C,0,0.17254554,0.1396031230688095,0.9765396118164062,0.6171193718910217
YDR034C-D,YPR154W,0,0.17235216,0.13958361744880676,0.9765396118164062,0.6172196269035339
YOR081C,YMR004W,0,0.1716479,0.1395641267299652,0.9765396118164062,0.6173198223114014
YBR012W-A,YPR081C,0,0.17120337,0.13954463601112366,0.9765396118164062,0.6174200773239136
YDL174C,YJL138C,0,0.17058334,0.1395251452922821,0.9765396118164062,0.617520272731781
YBR121C,YHR191C,0,0.17052251,0.13950565457344055,0.9765396118164062,0.6176205277442932
YER073W,YGR027W-A,0,0.1700069,0.1394861787557602,0.9765396118164062,0.6177207827568054
YBR126C,YEL058W,0,0.16971517,0.13946670293807983,0.9765396118164062,0.6178209781646729
YNR052C,YLR266C,0,0.16947782,0.13944724202156067,0.9765396118164062,0.6179212331771851
YPL116W,YDL134C-A,0,0.16888845,0.1394277811050415,0.9765396118164062,0.6180214285850525
YPR096C,YFL061W,0,0.1685726,0.13940832018852234,0.9765396118164062,0.6181216835975647
YER044C-A,YMR262W,0,0.16842604,0.13938885927200317,0.9765396118164062,0.6182219386100769
YNL154C,YGR161C-D,0,0.16816461,0.1393694132566452,0.9765396118164062,0.6183221340179443
YOR171C,YBR009C,0,0.16772807,0.13934998214244843,0.9765396118164062,0.6184223890304565
YKL017C,YGL213C,0,0.1677252,0.13933055102825165,0.9765396118164062,0.618522584438324
YFL044C,YHL006C,0,0.16670853,0.13931111991405487,0.9765396118164062,0.6186228394508362
YML094W,YLR117C,0,0.16638634,0.1392916887998581,0.9765396118164062,0.6187230348587036
YEL038W,YER177W,0,0.16556288,0.1392722725868225,0.9765396118164062,0.6188232898712158
YPR096C,YER177W,0,0.1644244,0.13925285637378693,0.9765396118164062,0.618923544883728
YOR129C,YGR083C,0,0.1640895,0.13923345506191254,0.9765396118164062,0.6190237402915955
YOL084W,YMR282C,0,0.16388208,0.13921405375003815,0.9765396118164062,0.6191239953041077
YML082W,YNR027W,0,0.16321108,0.13919465243816376,0.9765396118164062,0.6192241907119751
YCL047C,YAR009C,0,0.16306268,0.13917525112628937,0.9765396118164062,0.6193244457244873
YGR205W,YKL178C,0,0.16293722,0.13915586471557617,0.9765396118164062,0.6194247007369995
YER036C,YDL112W,0,0.16286168,0.13913649320602417,0.9765396118164062,0.6195248961448669
YHR072W-A,YML063W,0,0.16107325,0.13911712169647217,0.9765396118164062,0.6196251511573792
YDL229W,YLR039C,0,0.1609953,0.13909775018692017,0.9765396118164062,0.6197253465652466
YLR006C,YCL063W,0,0.16086036,0.13907837867736816,0.9765396118164062,0.6198256015777588
YKL139W,YDR020C,0,0.16045612,0.13905902206897736,0.9765396118164062,0.619925856590271
YLR237W,YGR027W-A,0,0.15991642,0.13903966546058655,0.9765396118164062,0.6200260519981384
YDR135C,YNR039C,0,0.1597406,0.13902032375335693,0.9765396118164062,0.6201263070106506
YDR239C,YNL286W,0,0.15960523,0.13900096714496613,0.9765396118164062,0.6202265024185181
YGL032C,YOL009C,0,0.1595585,0.1389816403388977,0.9765396118164062,0.6203267574310303
YOR343W-A,YGR296W,0,0.15825616,0.1389622986316681,0.9765396118164062,0.6204269528388977
YKR050W,YHR106W,0,0.15795365,0.13894297182559967,0.9765396118164062,0.6205272078514099
YKL010C,YGL073W,0,0.15775958,0.13892365992069244,0.9765396118164062,0.6206274628639221
YDR342C,YBR035C,0,0.1568065,0.13890433311462402,0.9765396118164062,0.6207276582717896
YPL036W,YML046W,0,0.15639037,0.1388850212097168,0.9765396118164062,0.6208279132843018
YLR201C,YNL094W,0,0.15629244,0.13886572420597076,0.9765396118164062,0.6209281086921692
YBR132C,YKR058W,0,0.15626371,0.13884642720222473,0.9765396118164062,0.6210283637046814
YOR391C,YPR023C,0,0.15624902,0.1388271301984787,0.9765396118164062,0.6211286187171936
YAL023C,YJR129C,0,0.15507446,0.13880783319473267,0.9765396118164062,0.621228814125061
YOR192C,YDL017W,0,0.15422404,0.13878855109214783,0.9765396118164062,0.6213290691375732
YLL011W,YOR117W,0,0.15197833,0.138769268989563,0.9765396118164062,0.6214292645454407
YBL010C,YDL230W,0,0.15160146,0.13875000178813934,0.9765396118164062,0.6215295195579529
YCR023C,YJL122W,0,0.15159059,0.1387307345867157,0.9765396118164062,0.6216297745704651
YBR018C,YJL048C,0,0.15084368,0.13871146738529205,0.9765396118164062,0.6217299699783325
YCR027C,YMR312W,0,0.1503275,0.1386922150850296,0.9765396118164062,0.6218302249908447
YDL153C,YFR040W,0,0.14917208,0.13867296278476715,0.9765396118164062,0.6219304203987122
YHR171W,YDR189W,0,0.14900234,0.1386537104845047,0.9765396118164062,0.6220306754112244
YAL001C,YMR024W,0,0.14896442,0.13863447308540344,0.9765396118164062,0.6221309304237366
YLR157C-B,YJR144W,0,0.14877552,0.13861523568630219,0.9765396118164062,0.622231125831604
YLR201C,YPR056W,0,0.1476731,0.13859599828720093,0.9765396118164062,0.6223313808441162
YDL239C,YDR534C,0,0.14732388,0.13857677578926086,0.9765396118164062,0.6224315762519836
YLR285W,YPL128C,1,0.14589925,0.13869625329971313,0.9775171279907227,0.6224315762519836
YCR088W,YJL025W,0,0.1458059,0.13867701590061188,0.9775171279907227,0.6225318312644958
YLR090W,YNL146W,0,0.14562163,0.13865779340267181,0.9775171279907227,0.6226320266723633
YHR133C,YNL247W,0,0.14504428,0.13863857090473175,0.9775171279907227,0.6227322816848755
YOL027C,YKR007W,0,0.14370984,0.1386193484067917,0.9775171279907227,0.6228325366973877
YDR106W,YBR103W,1,0.14363128,0.1387387365102768,0.9784946441650391,0.6228325366973877
YIL050W,YOR192C,0,0.14336032,0.13871951401233673,0.9784946441650391,0.6229327321052551
YDR047W,YNR020C,0,0.14324045,0.13870029151439667,0.9784946441650391,0.6230329871177673
YGL002W,YLL015W,0,0.1431135,0.1386810690164566,0.9784946441650391,0.6231331825256348
YBL008W-A,YLR368W,0,0.14307258,0.13866186141967773,0.9784946441650391,0.623233437538147
YNL339C,YJR059W,0,0.14170134,0.13864265382289886,0.9784946441650391,0.6233336925506592
YER005W,YLL005C,0,0.14133148,0.1386234611272812,0.9784946441650391,0.6234338879585266
YKL209C,YML057W,0,0.14043763,0.1386042684316635,0.9784946441650391,0.6235341429710388
YFL031W,YDR107C,0,0.14028741,0.13858507573604584,0.9784946441650391,0.6236343383789062
YGL191W,YKR064W,0,0.13960597,0.13856589794158936,0.9784946441650391,0.6237345933914185
YIL172C,YHR184W,0,0.13928044,0.13854672014713287,0.9784946441650391,0.6238348484039307
YGL226W,YGR071C,0,0.13893062,0.1385275423526764,0.9784946441650391,0.6239350438117981
YOR221C,YBL036C,0,0.13888201,0.1385083645582199,0.9784946441650391,0.6240352988243103
YHR009C,YOR328W,0,0.13837749,0.13848920166492462,0.9784946441650391,0.6241354942321777
YML059C,YJL133C-A,0,0.13697064,0.13847005367279053,0.9784946441650391,0.6242357492446899
YGL231C,YML081C-A,0,0.136846,0.13845090568065643,0.9784946441650391,0.6243359446525574
YOR368W,YML070W,0,0.13655484,0.13843175768852234,0.9784946441650391,0.6244361996650696
YIL098C,YGR204W,0,0.13594064,0.13841260969638824,0.9784946441650391,0.6245364546775818
YOR056C,YOR010C,0,0.13578522,0.13839347660541534,0.9784946441650391,0.6246366500854492
YDR316W-A,YKL181W,0,0.13471471,0.13837434351444244,0.9784946441650391,0.6247369050979614
YNL316C,YPL202C,0,0.13466468,0.13835521042346954,0.9784946441650391,0.6248371005058289
YOR338W,YBL088C,1,0.13443132,0.13847430050373077,0.9794721603393555,0.6248371005058289
YDL236W,YDL174C,0,0.13377638,0.13845516741275787,0.9794721603393555,0.6249373555183411
YMR266W,YGL145W,0,0.13349226,0.13843603432178497,0.9794721603393555,0.6250376105308533
YCR023C,YDR210C-D,0,0.13294263,0.13841690123081207,0.9794721603393555,0.6251378059387207
YNL161W,YCR018C,0,0.13275668,0.13839778304100037,0.9794721603393555,0.6252380609512329
YDR365W-B,YER166W,0,0.13235539,0.13837867975234985,0.9794721603393555,0.6253382563591003
YPL046C,YLR013W,0,0.13218597,0.13835957646369934,0.9794721603393555,0.6254385113716125
YPL001W,YKR061W,0,0.13104612,0.13834047317504883,0.9794721603393555,0.6255387663841248
YDR091C,YER060W-A,0,0.13091727,0.13832136988639832,0.9794721603393555,0.6256389617919922
YBR161W,YDR086C,0,0.13019949,0.138302281498909,0.9794721603393555,0.6257392168045044
YOR396W,YAL009W,0,0.12997055,0.13828319311141968,0.9794721603393555,0.6258394122123718
YFL056C,YMR149W,0,0.12736869,0.13826410472393036,0.9794721603393555,0.625939667224884
YGR189C,YER014W,0,0.12730628,0.13824503123760223,0.9794721603393555,0.6260398626327515
YDR520C,YCR070W,0,0.12729144,0.1382259577512741,0.9794721603393555,0.6261401176452637
YDR155C,YPR098C,0,0.12707576,0.13820689916610718,0.9794721603393555,0.6262403726577759
YDR142C,YLR328W,0,0.12697965,0.13818784058094025,0.9794721603393555,0.6263405680656433
YGR217W,YGL047W,0,0.12691095,0.13816878199577332,0.9794721603393555,0.6264408230781555
YOL138C,YCL035C,0,0.12635112,0.13814973831176758,0.9794721603393555,0.626541018486023
YPR183W,YPL101W,0,0.12568083,0.13813067972660065,0.9794721603393555,0.6266412734985352
YOL042W,YKL150W,0,0.12523198,0.1381116509437561,0.9794721603393555,0.6267415285110474
YJL154C,YIL120W,0,0.12436621,0.13809260725975037,0.9794721603393555,0.6268417239189148
YMR195W,YNR030W,0,0.12405819,0.13807357847690582,0.9794721603393555,0.626941978931427
YNL166C,YOR341W,0,0.1237776,0.13805456459522247,0.9794721603393555,0.6270421743392944
YBR154C,YPR007C,0,0.12365056,0.13803553581237793,0.9794721603393555,0.6271424293518066
YBL016W,YBR273C,0,0.122329056,0.13801652193069458,0.9794721603393555,0.6272426843643188
YJR013W,YDR293C,0,0.12227322,0.13799752295017242,0.9794721603393555,0.6273428797721863
YDL065C,YOR131C,0,0.121353626,0.13797852396965027,0.9794721603393555,0.6274431347846985
YOR271C,YDL141W,0,0.12097007,0.1379595249891281,0.9794721603393555,0.6275433301925659
YEL005C,YLR284C,0,0.12073222,0.13794052600860596,0.9794721603393555,0.6276435852050781
YLR066W,YLR258W,0,0.12014395,0.137921541929245,0.9794721603393555,0.6277438402175903
YDR210C-D,YJL170C,0,0.11822623,0.13790255784988403,0.9794721603393555,0.6278440356254578
YMR014W,YDR412W,0,0.11504632,0.13788358867168427,0.9794721603393555,0.62794429063797
YHR096C,YGR038C-A,0,0.11483556,0.1378646045923233,0.9794721603393555,0.6280444860458374
YIL154C,YLR466W,0,0.11324927,0.13784565031528473,0.9794721603393555,0.6281447410583496
YDL136W,YKL025C,0,0.11313987,0.13782668113708496,0.9794721603393555,0.628244936466217
YIL096C,YCL012W,0,0.1131206,0.1378077268600464,0.9794721603393555,0.6283451914787292
YLR215C,YBL090W,0,0.11195899,0.1377887725830078,0.9794721603393555,0.6284454464912415
YPL174C,YOL098C,0,0.11167392,0.13776983320713043,0.9794721603393555,0.6285456418991089
YIL098C,YLR207W,0,0.1108376,0.13775089383125305,0.9794721603393555,0.6286458969116211
YOR328W,YMR128W,0,0.11037648,0.13773195445537567,0.9794721603393555,0.6287460923194885
YMR149W,YLR283W,0,0.1100697,0.13771302998065948,0.9794721603393555,0.6288463473320007
YGL040C,YGR161C-C,0,0.10991037,0.1376941055059433,0.9794721603393555,0.6289466023445129
YGL116W,YDR309C,0,0.10955796,0.1376751810312271,0.9794721603393555,0.6290467977523804
YGR086C,YER159C-A,0,0.10952653,0.13765627145767212,0.9794721603393555,0.6291470527648926
YDR210W-B,YDL004W,0,0.10952626,0.13763736188411713,0.9794721603393555,0.62924724817276
YIL138C,YGR181W,0,0.109161735,0.13761845231056213,0.9794721603393555,0.6293475031852722
YDR316W-B,YOL096C,0,0.10851197,0.13759955763816833,0.9794721603393555,0.6294477581977844
YDR424C,YPL173W,0,0.10822052,0.13758066296577454,0.9794721603393555,0.6295479536056519
YDR098C-A,YML061C,0,0.10752916,0.13756178319454193,0.9794721603393555,0.6296482086181641
YJL118W,YJR118C,0,0.10737747,0.13754290342330933,0.9794721603393555,0.6297484040260315
YGR240C,YER041W,0,0.10697162,0.13752402365207672,0.9794721603393555,0.6298486590385437
YKL039W,YPL215W,0,0.10686362,0.13750514388084412,0.9794721603393555,0.6299488544464111
YHR122W,YJL136C,0,0.10663825,0.1374862790107727,0.9794721603393555,0.6300491094589233
YER106W,YPL100W,0,0.10638696,0.1374674141407013,0.9794721603393555,0.6301493644714355
YIR028W,YNL218W,0,0.105780125,0.13744856417179108,0.9794721603393555,0.630249559879303
YMR086W,YML115C,0,0.1053676,0.13742971420288086,0.9794721603393555,0.6303498148918152
YGR101W,YIL005W,0,0.105219394,0.13741086423397064,0.9794721603393555,0.6304500102996826
YGR056W,YOR338W,1,0.10482998,0.1375291347503662,0.9804496765136719,0.6304500102996826
YIL138C,YGR292W,0,0.104820564,0.137510284781456,0.9804496765136719,0.6305502653121948
YIL113W,YGR129W,0,0.10478711,0.13749143481254578,0.9804496765136719,0.630650520324707
YJR093C,YLR239C,0,0.10474944,0.13747258484363556,0.9804496765136719,0.6307507157325745
YIL039W,YBR207W,0,0.10453123,0.13745374977588654,0.9804496765136719,0.6308509707450867
YDR352W,YFL003C,0,0.10419141,0.1374349147081375,0.9804496765136719,0.6309511661529541
YMR235C,YOL115W,0,0.104118586,0.1374160796403885,0.9804496765136719,0.6310514211654663
YLR172C,YPL173W,0,0.103813425,0.13739725947380066,0.9804496765136719,0.6311516761779785
YDR316W-B,YGL009C,0,0.102485895,0.13737843930721283,0.9804496765136719,0.631251871585846
YPR140W,YOR016C,0,0.102289796,0.1373596340417862,0.9804496765136719,0.6313521265983582
YOR371C,YJL018W,0,0.10190585,0.13734081387519836,0.9804496765136719,0.6314523220062256
YKL184W,YDL031W,0,0.10150686,0.13732200860977173,0.9804496765136719,0.6315525770187378
YGL147C,YBR239C,0,0.10114898,0.1373032182455063,0.9804496765136719,0.6316527724266052
YLR408C,YNL311C,0,0.099736035,0.13728442788124084,0.9804496765136719,0.6317530274391174
YJR013W,YGR161C-D,0,0.09973478,0.1372656375169754,0.9804496765136719,0.6318532824516296
YDR148C,YNL054W-B,0,0.09874973,0.13724684715270996,0.9804496765136719,0.6319534778594971
YOR346W,YKR027W,0,0.09790015,0.1372280716896057,0.9804496765136719,0.6320537328720093
YHR081W,YGL206C,0,0.0976315,0.13720929622650146,0.9804496765136719,0.6321539282798767
YEL013W,YDL031W,0,0.0974434,0.1371905356645584,0.9804496765136719,0.6322541832923889
YER028C,YMR098C,0,0.097201236,0.13717177510261536,0.9804496765136719,0.6323544383049011
YDL124W,YKR050W,0,0.09665829,0.1371530145406723,0.9804496765136719,0.6324546337127686
YMR088C,YFR007W,0,0.09603006,0.13713426887989044,0.9804496765136719,0.6325548887252808
YDR210W-B,YIL155C,0,0.09554705,0.13711552321910858,0.9804496765136719,0.6326550841331482
YOR359W,YHR042W,0,0.09464085,0.13709677755832672,0.9804496765136719,0.6327553391456604
YOR157C,YIL082W-A,0,0.094328284,0.13707803189754486,0.9804496765136719,0.6328555941581726
YDL154W,YIR017C,0,0.093798324,0.1370593011379242,0.9804496765136719,0.63295578956604
YCL075W,YML106W,0,0.0937689,0.13704058527946472,0.9804496765136719,0.6330560445785522
YDL085W,YPL173W,0,0.09371328,0.13702185451984406,0.9804496765136719,0.6331562399864197
YBL100W-A,YER110C,0,0.09354895,0.13700313866138458,0.9804496765136719,0.6332564949989319
YDR034C-D,YPR112C,0,0.09219386,0.1369844377040863,0.9804496765136719,0.6333567500114441
YNL053W,YJL042W,0,0.091942206,0.13696572184562683,0.9804496765136719,0.6334569454193115
YJL118W,YGR163W,0,0.09177464,0.13694702088832855,0.9804496765136719,0.6335572004318237
YLR263W,YCR070W,0,0.09127836,0.13692833483219147,0.9804496765136719,0.6336573958396912
YLR377C,YLR054C,0,0.089508176,0.1369096338748932,0.9804496765136719,0.6337576508522034
YGR247W,YIL099W,0,0.088490754,0.1368909478187561,0.9804496765136719,0.6338578462600708
YHR133C,YGL029W,0,0.08724579,0.1368722766637802,0.9804496765136719,0.633958101272583
YDR486C,YKL194C,0,0.08635765,0.13685359060764313,0.9804496765136719,0.6340583562850952
YOL157C,YDR104C,0,0.08610128,0.13683491945266724,0.9804496765136719,0.6341585516929626
YLR227W-A,YBR149W,0,0.08492705,0.13681626319885254,0.9804496765136719,0.6342588067054749
YDR367W,YKL141W,0,0.08426058,0.13679760694503784,0.9804496765136719,0.6343590021133423
YDR050C,YCL064C,0,0.084150255,0.13677895069122314,0.9804496765136719,0.6344592571258545
YOR321W,YNL190W,0,0.0835817,0.13676029443740845,0.9804496765136719,0.6345595121383667
YLR081W,YMR083W,0,0.08343601,0.13674165308475494,0.9804496765136719,0.6346597075462341
YIL127C,YFL056C,0,0.082754284,0.13672301173210144,0.9804496765136719,0.6347599625587463
YDL213C,YDR248C,0,0.08092588,0.13670437037944794,0.9804496765136719,0.6348601579666138
YPL020C,YKL110C,0,0.08048147,0.13668574392795563,0.9804496765136719,0.634960412979126
YHR112C,YBR089C-A,0,0.079968214,0.13666711747646332,0.9804496765136719,0.6350606679916382
YPR158C-D,YKL176C,0,0.07954569,0.1366485059261322,0.9804496765136719,0.6351608633995056
YOL110W,YPL009C,0,0.07915526,0.1366298943758011,0.9804496765136719,0.6352611184120178
YEL077C,YOR158W,0,0.079043835,0.13661128282546997,0.9804496765136719,0.6353613138198853
YDR468C,YDR276C,0,0.07897638,0.13659267127513885,0.9804496765136719,0.6354615688323975
YPL120W,YBR164C,0,0.07883811,0.13657407462596893,0.9804496765136719,0.6355617642402649
YHL009W-A,YMR278W,0,0.07875317,0.136555477976799,0.9804496765136719,0.6356620192527771
YOL007C,YBR086C,0,0.07759304,0.13653689622879028,0.9804496765136719,0.6357622742652893
YOR037W,YDR510W,0,0.0775854,0.13651829957962036,0.9804496765136719,0.6358624696731567
YGR027W-B,YBL006C,0,0.077547714,0.13649973273277283,0.9804496765136719,0.635962724685669
YBR057C,YDR484W,0,0.07637638,0.1364811509847641,0.9804496765136719,0.6360629200935364
YMR271C,YOL020W,0,0.07584947,0.13646258413791656,0.9804496765136719,0.6361631751060486
YDR034C-C,YGR183C,0,0.075770944,0.13644401729106903,0.9804496765136719,0.6362634301185608
YBR003W,YJL165C,0,0.07544578,0.1364254653453827,0.9804496765136719,0.6363636255264282
YLR408C,YIR033W,0,0.075281516,0.13640691339969635,0.9804496765136719,0.6364638805389404
YLL028W,YDR538W,0,0.07508227,0.13638836145401,0.9804496765136719,0.6365640759468079
YDR210W-B,YOL115W,0,0.07482824,0.13636980950832367,0.9804496765136719,0.6366643309593201
YNL046W,YPL047W,0,0.07447959,0.13635127246379852,0.9804496765136719,0.6367645859718323
YDR034C-C,YGL130W,0,0.07422277,0.13633275032043457,0.9804496765136719,0.6368647813796997
YJL108C,YGR047C,0,0.07408413,0.13631421327590942,0.9804496765136719,0.6369650363922119
YGR038C-B,YKL101W,0,0.07359603,0.13629569113254547,0.9804496765136719,0.6370652318000793
YKL010C,YCL048W-A,0,0.07345165,0.13627716898918152,0.9804496765136719,0.6371654868125916
YBL039C,YER177W,0,0.07344425,0.13625866174697876,0.9804496765136719,0.637265682220459
YGL035C,YOR343C-B,0,0.073432565,0.136240154504776,0.9804496765136719,0.6373659372329712
YDR210W-C,YMR076C,0,0.073432565,0.13622164726257324,0.9804496765136719,0.6374661922454834
YHR214W-G,YHR178W,0,0.073432565,0.13620315492153168,0.9804496765136719,0.6375663876533508
YOR343C-A,YKR014C,0,0.073432565,0.1361846625804901,0.9804496765136719,0.637666642665863
YDR210W-C,YBR288C,0,0.073432565,0.13616617023944855,0.9804496765136719,0.6377668380737305
YLL011W,YDR210W-C,0,0.073432565,0.13614769279956818,0.9804496765136719,0.6378670930862427
YJL033W,YHR214W-G,0,0.073432565,0.1361292004585266,0.9804496765136719,0.6379673480987549
YDR147W,YDR210W-D,0,0.073432565,0.13611073791980743,0.9804496765136719,0.6380675435066223
YOR088W,YOL103W-A,0,0.073432565,0.13609226047992706,0.9804496765136719,0.6381677985191345
YLR093C,YOR343C-B,0,0.073432565,0.13607379794120789,0.9804496765136719,0.638267993927002
YCL027C-A,YHR214W,0,0.073432565,0.1360553503036499,0.9804496765136719,0.6383682489395142
YOR343C-A,YBR208C,0,0.073432565,0.13603688776493073,0.9804496765136719,0.6384685039520264
YPL118W,YDR210W-D,0,0.073432565,0.13601844012737274,0.9804496765136719,0.6385686993598938
YDL038C,YDR210W-C,0,0.073432565,0.13600000739097595,0.9804496765136719,0.638668954372406
YER106W,YHR214W-G,0,0.073432565,0.13598155975341797,0.9804496765136719,0.6387691497802734
YCR043C,YOR343C-B,0,0.073432565,0.13596312701702118,0.9804496765136719,0.6388694047927856
YOR381W,YDR210W-D,0,0.073432565,0.1359446942806244,0.9804496765136719,0.6389696598052979
YLL014W,YAR070W-A,0,0.073432565,0.1359262764453888,0.9804496765136719,0.6390698552131653
YNR011C,YHR214W-G,0,0.073432565,0.1359078586101532,0.9804496765136719,0.6391701102256775
YKL035W,YDR210W-D,0,0.073432565,0.1358894407749176,0.9804496765136719,0.6392703056335449
YNR049C,YDR210W-C,0,0.073432565,0.1358710378408432,0.9804496765136719,0.6393705606460571
YDR210W-C,YGR209C,0,0.073432565,0.1358526349067688,0.9804496765136719,0.6394707560539246
YOR133W,YDR210W-C,0,0.073432565,0.1358342319726944,0.9804496765136719,0.6395710110664368
YDR463W,YOR343C-A,0,0.073432565,0.1358158439397812,0.9804496765136719,0.639671266078949
YLR190W,YAR070W-A,0,0.073432565,0.13579745590686798,0.9804496765136719,0.6397714614868164
YBL067C,YOR343C-B,0,0.073432565,0.13577906787395477,0.9804496765136719,0.6398717164993286
YFL018W-A,YOL103W-A,0,0.073432565,0.13576069474220276,0.9804496765136719,0.639971911907196
YDR210W-A,YCL005W-A,0,0.073432565,0.13574232161045074,0.9804496765136719,0.6400721669197083
YJL180C,YOR343C-B,0,0.073432565,0.13572394847869873,0.9804496765136719,0.6401724219322205
YDR210W-D,YGR092W,0,0.073432565,0.1357055902481079,0.9804496765136719,0.6402726173400879
YLR312C-B,YCL048W-A,0,0.073432565,0.1356872320175171,0.9804496765136719,0.6403728723526001
YFL011W,YOR343C-A,0,0.073432565,0.13566887378692627,0.9804496765136719,0.6404730677604675
YHR214W-G,YMR237W,0,0.073432565,0.13565053045749664,0.9804496765136719,0.6405733227729797
YCR029C-A,YDL129W,0,0.073432565,0.13563218712806702,0.9804496765136719,0.6406735777854919
YDR283C,YDR210W-D,0,0.073432565,0.1356138437986374,0.9804496765136719,0.6407737731933594
YBL101W-A,YPL047W,0,0.073432565,0.13559551537036896,0.9804496765136719,0.6408740282058716
YGL210W-A,YHR045W,0,0.073432565,0.13557718694210052,0.9804496765136719,0.640974223613739
YPR121W,YHR214W-G,0,0.073432565,0.1355588585138321,0.9804496765136719,0.6410744786262512
YDL005C,YHR214W-G,0,0.073432565,0.13554054498672485,0.9804496765136719,0.6411746740341187
YNL137C,YER179W,0,0.07233626,0.13552223145961761,0.9804496765136719,0.6412749290466309
YKL211C,YLR385C,0,0.07085259,0.13550391793251038,0.9804496765136719,0.6413751840591431
YBR041W,YBR036C,0,0.070334464,0.13548561930656433,0.9804496765136719,0.6414753794670105
YNL111C,YDR037W,0,0.07002807,0.1354673206806183,0.9804496765136719,0.6415756344795227
YOR389W,YHR205W,0,0.06969103,0.13544902205467224,0.9804496765136719,0.6416758298873901
YER144C,YML082W,0,0.06907776,0.1354307383298874,0.9804496765136719,0.6417760848999023
YML022W,YDR143C,0,0.06864333,0.13541245460510254,0.9804496765136719,0.6418763399124146
YDR057W,YPR174C,0,0.06860408,0.1353941708803177,0.9804496765136719,0.641976535320282
YNL069C,YOR207C,0,0.06847389,0.13537588715553284,0.9804496765136719,0.6420767903327942
YOR359W,YCR035C,0,0.06793767,0.13535761833190918,0.9804496765136719,0.6421769857406616
YBR200W-A,YOL139C,0,0.06782168,0.13533936440944672,0.9804496765136719,0.6422772407531738
YOR391C,YOL027C,0,0.06576365,0.13532109558582306,0.9804496765136719,0.642377495765686
YOL003C,YGR075C,0,0.06511369,0.1353028416633606,0.9804496765136719,0.6424776911735535
YAL021C,YGR038C-A,0,0.06463444,0.13528460264205933,0.9804496765136719,0.6425779461860657
YGR142W,YPL086C,0,0.06412375,0.13526634871959686,0.9804496765136719,0.6426781415939331
YDR077W,YGR038C-A,0,0.0640468,0.1352481096982956,0.9804496765136719,0.6427783966064453
YDR210W-A,YBR036C,0,0.06323369,0.13522987067699432,0.9804496765136719,0.6428785920143127
YCR088W,YOL001W,0,0.06303775,0.13521164655685425,0.9804496765136719,0.642978847026825
YMR201C,YGR158C,0,0.06260836,0.13519342243671417,0.9804496765136719,0.6430791020393372
YPL217C,YDR308C,0,0.061715245,0.1351751983165741,0.9804496765136719,0.6431792974472046
YNL293W,YMR153W,0,0.061622024,0.13515698909759521,0.9804496765136719,0.6432795524597168
YOR245C,YNL197C,0,0.061014056,0.13513877987861633,0.9804496765136719,0.6433797478675842
YPL026C,YNL191W,0,0.06093532,0.13512057065963745,0.9804496765136719,0.6434800028800964
YBL099W,YOL012C,0,0.05987546,0.13510237634181976,0.9804496765136719,0.6435802578926086
YBR234C,YDR210W-B,0,0.059298307,0.13508418202400208,0.9804496765136719,0.6436804533004761
YER111C,YGL027C,0,0.05823335,0.1350659877061844,0.9804496765136719,0.6437807083129883
YER100W,YLR225C,0,0.058092445,0.1350477933883667,0.9804496765136719,0.6438809037208557
YOR298C-A,YPL162C,0,0.057444744,0.1350296139717102,0.9804496765136719,0.6439811587333679
YMR257C,YOR037W,0,0.057391763,0.1350114345550537,0.9804496765136719,0.6440814137458801
YIL125W,YPL148C,0,0.057306767,0.1349932700395584,0.9804496765136719,0.6441816091537476
YDR478W,YGR161C-D,0,0.055866547,0.1349751055240631,0.9804496765136719,0.6442818641662598
YMR243C,YDL211C,0,0.055112526,0.1349569410085678,0.9804496765136719,0.6443820595741272
YKR097W,YDR477W,0,0.054992408,0.1349387913942337,0.9804496765136719,0.6444823145866394
YIL062C,YDR515W,0,0.054863088,0.1349206417798996,0.9804496765136719,0.6445825695991516
YKL039W,YDL004W,0,0.05411303,0.1349024921655655,0.9804496765136719,0.644682765007019
YJR099W,YFR015C,0,0.053534985,0.13488434255123138,0.9804496765136719,0.6447830200195312
YIL112W,YLR423C,0,0.052926242,0.13486620783805847,0.9804496765136719,0.6448832154273987
YLR381W,YBR033W,0,0.052774668,0.13484807312488556,0.9804496765136719,0.6449834704399109
YOL126C,YIL167W,0,0.05155024,0.13482995331287384,0.9804496765136719,0.6450836658477783
YHL001W,YNL291C,0,0.050603613,0.13481183350086212,0.9804496765136719,0.6451839208602905
YKL011C,YCR037C,0,0.049637914,0.1347937136888504,0.9804496765136719,0.6452841758728027
YFR055W,YNL300W,0,0.04780525,0.13477559387683868,0.9804496765136719,0.6453843712806702
YLR229C,YGR097W,0,0.047406435,0.13475748896598816,0.9804496765136719,0.6454846262931824
YHR181W,YER029C,0,0.047351956,0.13473938405513763,0.9804496765136719,0.6455848217010498
YGL179C,YBR189W,0,0.046981454,0.1347212940454483,0.9804496765136719,0.645685076713562
YPR114W,YPR158W-A,0,0.046818137,0.13470318913459778,0.9804496765136719,0.6457853317260742
YGR247W,YDL114W,0,0.046423167,0.13468511402606964,0.9804496765136719,0.6458855271339417
YDR216W,YOR002W,0,0.04636112,0.1346670240163803,0.9804496765136719,0.6459857821464539
YPL061W,YNL287W,0,0.045691013,0.13464894890785217,0.9804496765136719,0.6460859775543213
YDR352W,YDR204W,0,0.04555674,0.13463087379932404,0.9804496765136719,0.6461862325668335
YLR038C,YPR154W,0,0.045549154,0.1346127986907959,0.9804496765136719,0.6462864875793457
YFR046C,YHR017W,0,0.045028687,0.13459473848342896,0.9804496765136719,0.6463866829872131
YOR363C,YLR134W,0,0.043858886,0.134576678276062,0.9804496765136719,0.6464869379997253
YDL044C,YPL108W,0,0.04343435,0.13455863296985626,0.9804496765136719,0.6465871334075928
YNL132W,YML016C,0,0.043352485,0.13454057276248932,0.9804496765136719,0.646687388420105
YOL103W,YGL097W,0,0.042726755,0.13452252745628357,0.9804496765136719,0.6467875838279724
YBR295W,YOR172W,0,0.04260975,0.134504497051239,0.9804496765136719,0.6468878388404846
YOL056W,YJL019W,0,0.042309582,0.13448645174503326,0.9804496765136719,0.6469880938529968
YDR289C,YPR174C,0,0.042039275,0.1344684213399887,0.9804496765136719,0.6470882892608643
YKR003W,YPR017C,0,0.041701585,0.13445040583610535,0.9804496765136719,0.6471885442733765
YJL221C,YJR152W,0,0.041523337,0.1344323754310608,0.9804496765136719,0.6472887396812439
YOR343W-A,YDR040C,0,0.04117781,0.13441435992717743,0.9804496765136719,0.6473889946937561
YLR056W,YCR066W,0,0.04080558,0.13439635932445526,0.9804496765136719,0.6474892497062683
YDR316W-B,YCL059C,0,0.04059416,0.1343783438205719,0.9804496765136719,0.6475894451141357
YBR131W,YLR035C-A,0,0.040177457,0.13436034321784973,0.9804496765136719,0.647689700126648
YKR078W,YDL231C,0,0.039298788,0.13434235751628876,0.9804496765136719,0.6477898955345154
YNL233W,YBR100W,0,0.03926687,0.1343243569135666,0.9804496765136719,0.6478901505470276
YPR165W,YHR214W,0,0.039051905,0.13430637121200562,0.9804496765136719,0.6479904055595398
YML111W,YPR158W-A,0,0.038893595,0.13428838551044464,0.9804496765136719,0.6480906009674072
YNL263C,YDL134C-A,0,0.03706584,0.13427041471004486,0.9804496765136719,0.6481908559799194
YER120W,YLR283W,0,0.036793523,0.13425244390964508,0.9804496765136719,0.6482910513877869
YBL099W,YGR080W,0,0.03653598,0.1342344731092453,0.9804496765136719,0.6483913064002991
YHL009W-A,YDR032C,0,0.03574094,0.1342165172100067,0.9804496765136719,0.6484915018081665
YLR237W,YGL009C,0,0.035345614,0.13419856131076813,0.9804496765136719,0.6485917568206787
YBL067C,YDR104C,0,0.03443493,0.13418060541152954,0.9804496765136719,0.6486920118331909
YAR010C,YCL059C,0,0.033688575,0.13416264951229095,0.9804496765136719,0.6487922072410583
YEL077C,YBR122C,0,0.033045694,0.13414470851421356,0.9804496765136719,0.6488924622535706
YHR067W,YOL139C,0,0.03260863,0.13412676751613617,0.9804496765136719,0.648992657661438
YDL081C,YGR189C,0,0.032216907,0.13410884141921997,0.9804496765136719,0.6490929126739502
YAL010C,YNL054W-B,0,0.031550482,0.13409091532230377,0.9804496765136719,0.6491931676864624
YDL114W,YGL013C,0,0.031090885,0.13407298922538757,0.9804496765136719,0.6492933630943298
YOR221C,YPL037C,0,0.030956179,0.13405506312847137,0.9804496765136719,0.649393618106842
YDR452W,YER166W,0,0.030178443,0.13403715193271637,0.9804496765136719,0.6494938135147095
YKL004W,YDR372C,0,0.030081555,0.13401924073696136,0.9804496765136719,0.6495940685272217
YPL214C,YPL257W-A,0,0.029182158,0.13400132954120636,0.9804496765136719,0.6496943235397339
YDR237W,YPR104C,0,0.028493524,0.13398343324661255,0.9804496765136719,0.6497945189476013
YNL300W,YJL111W,0,0.028199226,0.13396553695201874,0.9804496765136719,0.6498947739601135
YPL231W,YLR382C,0,0.028096661,0.13394765555858612,0.9804496765136719,0.649994969367981
YJL003W,YJL045W,0,0.027611732,0.1339297592639923,0.9804496765136719,0.6500952243804932
YDR134C,YPL271W,0,0.027183693,0.1339118778705597,0.9804496765136719,0.6501954197883606
YIL082W-A,YDR432W,0,0.027153075,0.13389401137828827,0.9804496765136719,0.6502956748008728
YLR332W,YBR058C,0,0.024336547,0.13387612998485565,0.9804496765136719,0.650395929813385
YHL050C,YLL015W,0,0.022969596,0.13385826349258423,0.9804496765136719,0.6504961252212524
YDR490C,YJL216C,0,0.022153184,0.133840411901474,0.9804496765136719,0.6505963802337646
YOL008W,YLL014W,0,0.021682352,0.13382254540920258,0.9804496765136719,0.6506965756416321
YAL041W,YKL158W,0,0.021640684,0.13380469381809235,0.9804496765136719,0.6507968306541443
YMR217W,YLR367W,0,0.020039469,0.13378684222698212,0.9804496765136719,0.6508970856666565
YJL209W,YBL082C,0,0.019587912,0.13376900553703308,0.9804496765136719,0.6509972810745239
YDR483W,YJR120W,0,0.01958248,0.13375116884708405,0.9804496765136719,0.6510975360870361
YER060W,YER110C,0,0.018777415,0.133733332157135,0.9804496765136719,0.6511977314949036
YNL093W,YDR118W,0,0.017386675,0.13371551036834717,0.9804496765136719,0.6512979865074158
YJL035C,YKR018C,0,0.01653871,0.13369767367839813,0.9804496765136719,0.651398241519928
YOR269W,YKR010C,0,0.015553787,0.13367986679077148,0.9804496765136719,0.6514984369277954
YDR367W,YIL009C-A,0,0.015293896,0.13366204500198364,0.9804496765136719,0.6515986919403076
YKL116C,YMR298W,0,0.01397717,0.133644238114357,0.9804496765136719,0.651698887348175
YOR130C,YBR035C,0,0.013676792,0.13362643122673035,0.9804496765136719,0.6517991423606873
YAR010C,YJL018W,0,0.013250224,0.1336086392402649,0.9804496765136719,0.6518993973731995
YDR365W-A,YDR234W,0,0.013002902,0.13359083235263824,0.9804496765136719,0.6519995927810669
YHR092C,YLR249W,0,0.012725353,0.1335730403661728,0.9804496765136719,0.6520998477935791
YMR199W,YGL192W,0,0.012421906,0.13355526328086853,0.9804496765136719,0.6522000432014465
YAL014C,YGL039W,0,0.011927072,0.13353747129440308,0.9804496765136719,0.6523002982139587
YDL159W,YMR177W,0,0.011488348,0.13351970911026,0.9804496765136719,0.6524004936218262
YLR017W,YKR065C,0,0.010777593,0.13350193202495575,0.9804496765136719,0.6525007486343384
YHR214C-C,YGL100W,0,0.010244019,0.13348416984081268,0.9804496765136719,0.6526010036468506
YCR079W,YDL105W,0,0.0100207925,0.13346640765666962,0.9804496765136719,0.652701199054718
YPL237W,YGL211W,0,0.009181142,0.13344864547252655,0.9804496765136719,0.6528014540672302
YLR238W,YER140W,0,0.007889286,0.13343088328838348,0.9804496765136719,0.6529016494750977
YCL017C,YMR006C,0,0.0075636804,0.1334131360054016,0.9804496765136719,0.6530019044876099
YPR047W,YDL014W,0,0.00681293,0.13339540362358093,0.9804496765136719,0.6531021595001221
YNL181W,YDL155W,0,0.006152183,0.13337765634059906,0.9804496765136719,0.6532023549079895
YBR295W,YOR231W,0,0.005549878,0.13335992395877838,0.9804496765136719,0.6533026099205017
YGL134W,YJL093C,0,0.005358115,0.1333421915769577,0.9804496765136719,0.6534028053283691
YKL222C,YLL013C,0,0.0049420595,0.13332447409629822,0.9804496765136719,0.6535030603408813
YNR061C,YML104C,0,0.0046218038,0.13330675661563873,0.9804496765136719,0.6536033153533936
YOR369C,YBR154C,0,0.0043301582,0.13328903913497925,0.9804496765136719,0.653703510761261
YDR034C-C,YER041W,0,0.004303187,0.13327132165431976,0.9804496765136719,0.6538037657737732
YML100W,YJL072C,0,0.003497243,0.13325361907482147,0.9804496765136719,0.6539039611816406
YCL048W-A,YJL054W,0,0.0034512803,0.13323591649532318,0.9804496765136719,0.6540042161941528
YDL159W,YPR073C,0,0.0034335218,0.13321822881698608,0.9804496765136719,0.6541044116020203
YEL020W-A,YGR158C,0,0.0026379824,0.1332005262374878,0.9804496765136719,0.6542046666145325
YOR178C,YGL249W,0,0.0026326478,0.1331828385591507,0.9804496765136719,0.6543049216270447
YBR136W,YDR441C,0,0.002122108,0.1331651657819748,0.9804496765136719,0.6544051170349121
YAL021C,YML063W,0,0.002095051,0.1331474781036377,0.9804496765136719,0.6545053720474243
YGL160W,YOR264W,0,0.001926437,0.1331298053264618,0.9804496765136719,0.6546055674552917
YAR009C,YDR384C,0,0.0015924275,0.13311214745044708,0.9804496765136719,0.654705822467804
YKL020C,YOL004W,1,0.0011120737,0.1332271695137024,0.9814271926879883,0.654705822467804
YLR035C,YNL213C,0,0.0010152012,0.1332094967365265,0.9814271926879883,0.6548060774803162
YDR091C,YPR020W,0,0.0008315742,0.13319182395935059,0.9814271926879883,0.6549062728881836
YOR338W,YOR249C,1,-0.00028896332,0.13330680131912231,0.9824047088623047,0.6549062728881836
YMR322C,YPL085W,0,-0.0007120967,0.1332891285419464,0.9824047088623047,0.6550065279006958
YLR017W,YDR347W,0,-0.00072382763,0.1332714557647705,0.9824047088623047,0.6551067233085632
YPL008W,YER184C,0,-0.0019394159,0.1332537829875946,0.9824047088623047,0.6552069783210754
YDR003W,YDL161W,0,-0.0021922588,0.1332361102104187,0.9824047088623047,0.6553072333335876
YJL059W,YJL133C-A,0,-0.0027565286,0.133218452334404,0.9824047088623047,0.6554074287414551
YPL224C,YKL138C,0,-0.004119873,0.13320079445838928,0.9824047088623047,0.6555076837539673
YLR327C,YKR029C,0,-0.004512042,0.13318313658237457,0.9824047088623047,0.6556078791618347
YKR090W,YBL090W,0,-0.0050201416,0.13316549360752106,0.9824047088623047,0.6557081341743469
YGR033C,YGR086C,0,-0.005226016,0.13314785063266754,0.9824047088623047,0.6558083295822144
YPL092W,YGL226W,0,-0.0052610636,0.13313022255897522,0.9824047088623047,0.6559085845947266
YER114C,YNL098C,0,-0.00683856,0.1331125795841217,0.9824047088623047,0.6560088396072388
YEL011W,YPL066W,0,-0.007507503,0.13309495151042938,0.9824047088623047,0.6561090350151062
YJR117W,YPL081W,0,-0.008041814,0.13307732343673706,0.9824047088623047,0.6562092900276184
YDR283C,YBL023C,0,-0.0089253485,0.13305971026420593,0.9824047088623047,0.6563094854354858
YNL292W,YBR121C,0,-0.009076595,0.1330420970916748,0.9824047088623047,0.656409740447998
YLR450W,YDR316W-B,0,-0.010080762,0.13302448391914368,0.9824047088623047,0.6565099954605103
YIL110W,YHR111W,0,-0.011147201,0.13300688564777374,0.9824047088623047,0.6566101908683777
YNL278W,YDR439W,0,-0.011393428,0.1329892873764038,0.9824047088623047,0.6567104458808899
YLL014W,YGR227W,0,-0.011972744,0.13297168910503387,0.9824047088623047,0.6568106412887573
YBR050C,YLR399C,0,-0.012266338,0.13295409083366394,0.9824047088623047,0.6569108963012695
YBL101W-A,YOR236W,0,-0.012275599,0.1329365074634552,0.9824047088623047,0.6570111513137817
YGL238W,YBL037W,0,-0.012291253,0.13291892409324646,0.9824047088623047,0.6571113467216492
YOR192C-B,YDL102W,0,-0.012600005,0.1329013556241989,0.9824047088623047,0.6572116017341614
YMR183C,YCR035C,0,-0.01299122,0.13288377225399017,0.9824047088623047,0.6573117971420288
YGL084C,YLR266C,0,-0.01308015,0.13286620378494263,0.9824047088623047,0.657412052154541
YKL005C,YDR065W,0,-0.013458371,0.13284865021705627,0.9824047088623047,0.6575123071670532
YKL138C-A,YLL053C,0,-0.014185488,0.13283108174800873,0.9824047088623047,0.6576125025749207
YGR212W,YOR383C,0,-0.014490664,0.13281352818012238,0.9824047088623047,0.6577127575874329
YDL104C,YGL255W,0,-0.014679372,0.13279598951339722,0.9824047088623047,0.6578129529953003
YPR158C-D,YAL015C,0,-0.0148700625,0.13277843594551086,0.9824047088623047,0.6579132080078125
YCL069W,YBR102C,0,-0.014891803,0.1327608972787857,0.9824047088623047,0.6580134034156799
YNR024W,YCL031C,0,-0.015418708,0.13274335861206055,0.9824047088623047,0.6581136584281921
YLR446W,YGR209C,0,-0.01643841,0.13272583484649658,0.9824047088623047,0.6582139134407043
YML061C,YKL107W,0,-0.016504437,0.13270831108093262,0.9824047088623047,0.6583141088485718
YMR101C,YER140W,0,-0.016628087,0.13269078731536865,0.9824047088623047,0.658414363861084
YJL003W,YNL180C,0,-0.016971312,0.1326732635498047,0.9824047088623047,0.6585145592689514
YMR289W,YPR122W,0,-0.017153367,0.13265575468540192,0.9824047088623047,0.6586148142814636
YBR142W,YDR375C,0,-0.017953455,0.13263824582099915,0.9824047088623047,0.6587150692939758
YPR181C,YIR006C,0,-0.018206418,0.13262073695659637,0.9824047088623047,0.6588152647018433
YDR210C-D,YMR170C,0,-0.018585742,0.1326032429933548,0.9824047088623047,0.6589155197143555
YOR110W,YHL009W-B,0,-0.018639198,0.13258574903011322,0.9824047088623047,0.6590157151222229
YDL038C,YML107C,0,-0.019599736,0.13256826996803284,0.9824047088623047,0.6591159701347351
YIL070C,YGL208W,0,-0.019759178,0.13255077600479126,0.9824047088623047,0.6592162251472473
YOR344C,YLR260W,0,-0.020103335,0.13253329694271088,0.9824047088623047,0.6593164205551147
YGR234W,YER112W,0,-0.020118207,0.1325158178806305,0.9824047088623047,0.659416675567627
YOL105C,YER161C,0,-0.020208184,0.1324983537197113,0.9824047088623047,0.6595168709754944
YJR041C,YKR024C,0,-0.021089375,0.13248088955879211,0.9824047088623047,0.6596171259880066
YJR035W,YLR362W,0,-0.021155715,0.13246342539787292,0.9824047088623047,0.659717321395874
YHR079C-B,YMR215W,0,-0.02231279,0.13244596123695374,0.9824047088623047,0.6598175764083862
YLR037C,YCR096C,0,-0.023189738,0.13242851197719574,0.9824047088623047,0.6599178314208984
YDR098C-B,YER119C,0,-0.024192303,0.13241106271743774,0.9824047088623047,0.6600180268287659
YNL327W,YOR119C,0,-0.024224281,0.13239362835884094,0.9824047088623047,0.6601182818412781
YHR216W,YMR207C,0,-0.02794391,0.13237617909908295,0.9824047088623047,0.6602184772491455
YBR044C,YDR308C,0,-0.028333172,0.13235874474048615,0.9824047088623047,0.6603187322616577
YDL065C,YCR070W,0,-0.028397001,0.13234132528305054,0.9824047088623047,0.6604189872741699
YCR089W,YBR028C,0,-0.02864755,0.13232389092445374,0.9824047088623047,0.6605191826820374
YPR181C,YGL023C,0,-0.029619575,0.13230647146701813,0.9824047088623047,0.6606194376945496
YLR089C,YGL249W,0,-0.03151031,0.1322890669107437,0.9824047088623047,0.660719633102417
YOR250C,YPR158W-B,0,-0.031690314,0.1322716474533081,0.9824047088623047,0.6608198881149292
YOR010C,YLL022C,0,-0.032090276,0.1322542428970337,0.9824047088623047,0.6609201431274414
YDR435C,YNL056W,0,-0.032163143,0.13223683834075928,0.9824047088623047,0.6610203385353088
YGR224W,YKL116C,0,-0.03216821,0.13221944868564606,0.9824047088623047,0.661120593547821
YBR057C,YEL027W,0,-0.032386422,0.13220205903053284,0.9824047088623047,0.6612207889556885
YGR041W,YPL016W,0,-0.032993793,0.13218466937541962,0.9824047088623047,0.6613210439682007
YAL058W,YDL031W,0,-0.033197045,0.1321672797203064,0.9824047088623047,0.6614212393760681
YLR378C,YNR022C,0,-0.034405947,0.13214990496635437,0.9824047088623047,0.6615214943885803
YMR266W,YDR251W,0,-0.03554555,0.13213253021240234,0.9824047088623047,0.6616217494010925
YDR056C,YDR540C,0,-0.0356666,0.13211515545845032,0.9824047088623047,0.66172194480896
YER170W,YML016C,0,-0.036634624,0.13209779560565948,0.9824047088623047,0.6618221998214722
YFR031C-A,YLR419W,0,-0.037234545,0.13208043575286865,0.9824047088623047,0.6619223952293396
YOL110W,YLR109W,0,-0.03736669,0.13206307590007782,0.9824047088623047,0.6620226502418518
YNL024C,YKL087C,0,-0.038401783,0.132045716047287,0.9824047088623047,0.662122905254364
YHR089C,YBR058C,0,-0.03841871,0.13202837109565735,0.9824047088623047,0.6622231006622314
YHL009W-A,YOR312C,0,-0.03878358,0.1320110410451889,0.9824047088623047,0.6623233556747437
YMR188C,YHL009W-A,0,-0.038921893,0.13199369609355927,0.9824047088623047,0.6624235510826111
YPL097W,YPL228W,0,-0.03939333,0.13197636604309082,0.9824047088623047,0.6625238060951233
YPR155C,YPL148C,0,-0.039964527,0.13195903599262238,0.9824047088623047,0.6626240611076355
YFL062W,YDR495C,0,-0.040200233,0.13194170594215393,0.9824047088623047,0.6627242565155029
YBL106C,YOR028C,0,-0.04066293,0.13192439079284668,0.9824047088623047,0.6628245115280151
YJR158W,YML102W,0,-0.041028485,0.13190707564353943,0.9824047088623047,0.6629247069358826
YCR047C,YDL136W,0,-0.041074514,0.13188976049423218,0.9824047088623047,0.6630249619483948
YKR097W,YMR092C,0,-0.041530073,0.13187246024608612,0.9824047088623047,0.663125216960907
YKL157W,YHR067W,0,-0.04332462,0.13185515999794006,0.9824047088623047,0.6632254123687744
YLL016W,YBL082C,0,-0.044229172,0.131837859749794,0.9824047088623047,0.6633256673812866
YCR004C,YDL190C,0,-0.04424517,0.13182055950164795,0.9824047088623047,0.663425862789154
YGL089C,YIL153W,0,-0.04432869,0.13180327415466309,0.9824047088623047,0.6635261178016663
YHR115C,YDR261C-C,0,-0.044630915,0.13178598880767822,0.9824047088623047,0.6636263132095337
YGR082W,YDR110W,0,-0.045261204,0.13176871836185455,0.9824047088623047,0.6637265682220459
YOR192C-B,YJR065C,0,-0.04562384,0.13175144791603088,0.9824047088623047,0.6638268232345581
YGL160W,YPL024W,0,-0.045731314,0.13173417747020721,0.9824047088623047,0.6639270186424255
YKR090W,YPL257W-A,0,-0.045828693,0.13171690702438354,0.9824047088623047,0.6640272736549377
YJL093C,YLR117C,0,-0.04625389,0.13169965147972107,0.9824047088623047,0.6641274690628052
YML034W,YGR194C,0,-0.0481188,0.1316823959350586,0.9824047088623047,0.6642277240753174
YHR027C,YDR376W,0,-0.04941476,0.13166514039039612,0.9824047088623047,0.6643279790878296
YBL100W-B,YBL022C,0,-0.05005631,0.13164788484573364,0.9824047088623047,0.664428174495697
YDR297W,YGR109W-A,0,-0.05057683,0.13163064420223236,0.9824047088623047,0.6645284295082092
YNL263C,YGR263C,0,-0.051622838,0.13161340355873108,0.9824047088623047,0.6646286249160767
YER044C-A,YGR090W,0,-0.051701352,0.131596177816391,0.9824047088623047,0.6647288799285889
YGL210W-A,YCR096C,0,-0.05260915,0.1315789520740509,0.9824047088623047,0.6648291349411011
YLR200W,YIL103W,0,-0.052886963,0.13156172633171082,0.9824047088623047,0.6649293303489685
YHR092C,YNL054W-B,0,-0.05294369,0.13154450058937073,0.9824047088623047,0.6650295853614807
YMR221C,YKL040C,0,-0.0541104,0.13152728974819183,0.9824047088623047,0.6651297807693481
YER184C,YDR523C,0,-0.05501476,0.13151007890701294,0.9824047088623047,0.6652300357818604
YOL058W,YBR189W,0,-0.055292428,0.13149286806583405,0.9824047088623047,0.6653302311897278
YJR089W,YHR194W,0,-0.055407047,0.13147567212581635,0.9824047088623047,0.66543048620224
YOR270C,YDR188W,0,-0.055538565,0.13145847618579865,0.9824047088623047,0.6655307412147522
YMR280C,YCR023C,0,-0.056445114,0.13144128024578094,0.9824047088623047,0.6656309366226196
YML100W,YGL079W,0,-0.056477666,0.13142408430576324,0.9824047088623047,0.6657311916351318
YFL009W,YGL156W,0,-0.05689527,0.13140690326690674,0.9824047088623047,0.6658313870429993
YNL116W,YNL113W,0,-0.057385355,0.13138972222805023,0.9824047088623047,0.6659316420555115
YNL025C,YPR184W,0,-0.05750066,0.13137255609035492,0.9824047088623047,0.6660318970680237
YIL173W,YDL194W,0,-0.058077544,0.1313553750514984,0.9824047088623047,0.6661320924758911
YNL161W,YJL101C,0,-0.058134556,0.1313382089138031,0.9824047088623047,0.6662323474884033
YDR338C,YKL058W,0,-0.058240175,0.13132105767726898,0.9824047088623047,0.6663325428962708
YEL048C,YPR178W,0,-0.05864328,0.13130389153957367,0.9824047088623047,0.666432797908783
YLR017W,YGR038C-A,0,-0.058917314,0.13128674030303955,0.9824047088623047,0.6665330529212952
YDL130W-A,YCL045C,0,-0.06059584,0.13126958906650543,0.9824047088623047,0.6666332483291626
YHR204W,YAR042W,0,-0.061055005,0.1312524527311325,0.9824047088623047,0.6667335033416748
YER127W,YPL089C,0,-0.06216657,0.13123531639575958,0.9824047088623047,0.6668336987495422
YKL220C,YML082W,0,-0.06229219,0.13121818006038666,0.9824047088623047,0.6669339537620544
YNR075W,YBR156C,0,-0.06229818,0.13120104372501373,0.9824047088623047,0.6670341491699219
YMR273C,YGR056W,1,-0.06270148,0.1313144564628601,0.9833822250366211,0.6670341491699219
YDR531W,YAR010C,0,-0.063308984,0.131297305226326,0.9833822250366211,0.6671344041824341
YAR066W,YDR347W,0,-0.0638282,0.13128018379211426,0.9833822250366211,0.6672346591949463
YPL255W,YIL098C,0,-0.06388813,0.13126304745674133,0.9833822250366211,0.6673348546028137
YOR257W,YOR343W-A,0,-0.063965335,0.1312459260225296,0.9833822250366211,0.6674351096153259
YNL124W,YER014W,0,-0.06410816,0.13122880458831787,0.9833822250366211,0.6675353050231934
YDR346C,YDR432W,0,-0.064804286,0.13121168315410614,0.9833822250366211,0.6676355600357056
YPL255W,YDL064W,0,-0.0650785,0.1311945766210556,0.9833822250366211,0.6677358150482178
YHR172W,YDR202C,0,-0.06539819,0.13117747008800507,0.9833822250366211,0.6678360104560852
YPL234C,YER011W,0,-0.06698114,0.13116036355495453,0.9833822250366211,0.6679362654685974
YNL047C,YKL091C,0,-0.06702161,0.13114327192306519,0.9833822250366211,0.6680364608764648
YBL057C,YPL031C,0,-0.06703387,0.13112618029117584,0.9833822250366211,0.668136715888977
YNL116W,YBR100W,0,-0.06728968,0.1311090886592865,0.9833822250366211,0.6682369709014893
YPL105C,YDR365W-B,0,-0.06931501,0.13109199702739716,0.9833822250366211,0.6683371663093567
YFL056C,YBR041W,0,-0.06990461,0.131074920296669,0.9833822250366211,0.6684374213218689
YER007C-A,YPL256C,0,-0.0700959,0.13105784356594086,0.9833822250366211,0.6685376167297363
YOR067C,YER091C,0,-0.07103655,0.1310407668352127,0.9833822250366211,0.6686378717422485
YGR124W,YEL021W,0,-0.07128693,0.13102370500564575,0.9833822250366211,0.6687381267547607
YOR242C,YPR105C,0,-0.0717693,0.1310066431760788,0.9833822250366211,0.6688383221626282
YLR081W,YFL031W,0,-0.07259303,0.13098958134651184,0.9833822250366211,0.6689385771751404
YDR440W,YOR381W,0,-0.07302743,0.13097253441810608,0.9833822250366211,0.6690387725830078
YDL135C,YMR264W,0,-0.074802876,0.13095548748970032,0.9833822250366211,0.66913902759552
YMR053C,YCL068C,0,-0.07534757,0.13093844056129456,0.9833822250366211,0.6692392230033875
YHR111W,YDR252W,0,-0.07639265,0.1309213936328888,0.9833822250366211,0.6693394780158997
YDR012W,YBR086C,0,-0.07651912,0.13090436160564423,0.9833822250366211,0.6694397330284119
YGL135W,YCL011C,0,-0.076998055,0.13088732957839966,0.9833822250366211,0.6695399284362793
YDL247W,YOR266W,0,-0.07709679,0.1308702975511551,0.9833822250366211,0.6696401834487915
YKR078W,YDL006W,0,-0.07865384,0.13085328042507172,0.9833822250366211,0.6697403788566589
YLR157C-B,YCL001W,0,-0.078665,0.13083626329898834,0.9833822250366211,0.6698406338691711
YGR006W,YNL037C,0,-0.07871327,0.13081924617290497,0.9833822250366211,0.6699408888816833
YBL055C,YPL153C,0,-0.07986075,0.1308022290468216,0.9833822250366211,0.6700410842895508
YER012W,YJL094C,0,-0.07986581,0.13078522682189941,0.9833822250366211,0.670141339302063
YJR159W,YBR127C,0,-0.0801027,0.13076822459697723,0.9833822250366211,0.6702415347099304
YBL060W,YMR072W,0,-0.08037335,0.13075123727321625,0.9833822250366211,0.6703417897224426
YPL063W,YAL019W,0,-0.08139926,0.13073424994945526,0.9833822250366211,0.6704420447349548
YOR128C,YGR266W,0,-0.081493944,0.13071726262569427,0.9833822250366211,0.6705422401428223
YHL032C,YLR438C-A,0,-0.08289784,0.1307002753019333,0.9833822250366211,0.6706424951553345
YBL060W,YGR027W-B,0,-0.08321516,0.1306832879781723,0.9833822250366211,0.6707426905632019
YHR023W,YIL018W,0,-0.08502209,0.1306663155555725,0.9833822250366211,0.6708429455757141
YJR137C,YGL238W,0,-0.08514607,0.1306493580341339,0.9833822250366211,0.6709431409835815
YGR283C,YPR063C,0,-0.08540787,0.13063238561153412,0.9833822250366211,0.6710433959960938
YNL306W,YPR020W,0,-0.085517205,0.13061542809009552,0.9833822250366211,0.671143651008606
YNL137C,YGL238W,0,-0.08576104,0.13059847056865692,0.9833822250366211,0.6712438464164734
YBL071W-A,YDR399W,0,-0.08598775,0.13058151304721832,0.9833822250366211,0.6713441014289856
YJL181W,YGR038C-B,0,-0.08678177,0.13056457042694092,0.9833822250366211,0.671444296836853
YDR210W-B,YDL210W,0,-0.08721055,0.1305476278066635,0.9833822250366211,0.6715445518493652
YDR441C,YPR023C,0,-0.087790385,0.1305306851863861,0.9833822250366211,0.6716448068618774
YKR096W,YPR057W,0,-0.087818444,0.1305137574672699,0.9833822250366211,0.6717450022697449
YBL007C,YNL054W-B,0,-0.08789991,0.1304968148469925,0.9833822250366211,0.6718452572822571
YHR045W,YOR386W,0,-0.08849391,0.13047990202903748,0.9833822250366211,0.6719454526901245
YGR224W,YDR202C,0,-0.08874071,0.13046297430992126,0.9833822250366211,0.6720457077026367
YBR218C,YGL027C,0,-0.089325786,0.13044606149196625,0.9833822250366211,0.6721459627151489
YBL036C,YLR083C,0,-0.08955035,0.13042914867401123,0.9833822250366211,0.6722461581230164
YOR391C,YDL144C,0,-0.09040108,0.1304122358560562,0.9833822250366211,0.6723464131355286
YNL149C,YKL152C,0,-0.090716235,0.1303953379392624,0.9833822250366211,0.672446608543396
YKL084W,YMR288W,0,-0.09272078,0.13037844002246857,0.9833822250366211,0.6725468635559082
YHR202W,YCR020W-B,0,-0.0933589,0.13036154210567474,0.9833822250366211,0.6726470589637756
YDR025W,YJL013C,0,-0.094377115,0.13034464418888092,0.9833822250366211,0.6727473139762878
YNR069C,YDR210W-A,0,-0.094508365,0.1303277611732483,0.9833822250366211,0.6728475689888
YLR083C,YLR451W,0,-0.095923305,0.13031087815761566,0.9833822250366211,0.6729477643966675
YBR248C,YNL181W,0,-0.09615718,0.13029401004314423,0.9833822250366211,0.6730480194091797
YDR098C-B,YOR156C,0,-0.09676905,0.1302771270275116,0.9833822250366211,0.6731482148170471
YML109W,YOR338W,1,-0.096970245,0.1303897500038147,0.9843597412109375,0.6731482148170471
YGL022W,YGR071C,0,-0.09802698,0.13037286698818207,0.9843597412109375,0.6732484698295593
YJR027W,YNR032W,0,-0.09893221,0.13035598397254944,0.9843597412109375,0.6733487248420715
YER061C,YMR215W,0,-0.0997622,0.130339115858078,0.9843597412109375,0.673448920249939
YNL039W,YNL284C-B,0,-0.099990524,0.13032224774360657,0.9843597412109375,0.6735491752624512
YEL077C,YMR271C,0,-0.10010434,0.13030537962913513,0.9843597412109375,0.6736493706703186
YDL112W,YHR110W,0,-0.10056457,0.1302885264158249,0.9843597412109375,0.6737496256828308
YNL268W,YDR299W,0,-0.101029366,0.13027167320251465,0.9843597412109375,0.673849880695343
YPR140W,YNL278W,0,-0.10167605,0.1302548199892044,0.9843597412109375,0.6739500761032104
YPR199C,YJR025C,0,-0.10262129,0.13023796677589417,0.9843597412109375,0.6740503311157227
YNR047W,YDR524C-B,0,-0.10270059,0.13022112846374512,0.9843597412109375,0.6741505265235901
YOR118W,YDL100C,0,-0.10284224,0.13020429015159607,0.9843597412109375,0.6742507815361023
YLL005C,YLR266C,0,-0.102872804,0.13018746674060822,0.9843597412109375,0.6743510365486145
YMR167W,YEL020C,0,-0.10298649,0.13017062842845917,0.9843597412109375,0.6744512319564819
YGL142C,YMR164C,0,-0.10321343,0.1301538050174713,0.9843597412109375,0.6745514869689941
YHL019C,YJL180C,0,-0.103250295,0.13013698160648346,0.9843597412109375,0.6746516823768616
YGL087C,YGR287C,0,-0.10335073,0.1301201730966568,0.9843597412109375,0.6747519373893738
YAL068C,YLR119W,0,-0.10437134,0.13010336458683014,0.9843597412109375,0.6748521327972412
YEL048C,YLR424W,0,-0.10455705,0.13008655607700348,0.9843597412109375,0.6749523878097534
YPR047W,YDR073W,0,-0.105621696,0.13006974756717682,0.9843597412109375,0.6750526428222656
YHR116W,YDL141W,0,-0.10585433,0.13005295395851135,0.9843597412109375,0.6751528382301331
YBL069W,YBL009W,0,-0.10631478,0.1300361603498459,0.9843597412109375,0.6752530932426453
YFR025C,YKL199C,0,-0.106338695,0.13001936674118042,0.9843597412109375,0.6753532886505127
YPL124W,YNL094W,0,-0.106416486,0.13000258803367615,0.9843597412109375,0.6754535436630249
YBL027W,YOR120W,0,-0.10762894,0.12998579442501068,0.9843597412109375,0.6755537986755371
YIL005W,YMR045C,0,-0.10786542,0.1299690306186676,0.9843597412109375,0.6756539940834045
YDR402C,YLR355C,0,-0.10812642,0.12995225191116333,0.9843597412109375,0.6757542490959167
YGL231C,YHR186C,0,-0.10829524,0.12993548810482025,0.9843597412109375,0.6758544445037842
YNR012W,YJR015W,0,-0.10843286,0.12991872429847717,0.9843597412109375,0.6759546995162964
YBR132C,YDR338C,0,-0.10918397,0.1299019604921341,0.9843597412109375,0.6760549545288086
YPL003W,YIL122W,0,-0.10992556,0.1298852115869522,0.9843597412109375,0.676155149936676
YLL001W,YPL141C,0,-0.11037099,0.12986844778060913,0.9843597412109375,0.6762554049491882
YOR153W,YGL047W,0,-0.11093426,0.12985171377658844,0.9843597412109375,0.6763556003570557
YDR519W,YNR032W,0,-0.11217928,0.12983496487140656,0.9843597412109375,0.6764558553695679
YER075C,YDR469W,0,-0.112257004,0.12981823086738586,0.9843597412109375,0.6765560507774353
YER001W,YOR246C,0,-0.114369765,0.12980149686336517,0.9843597412109375,0.6766563057899475
YBR168W,YEL017C-A,0,-0.11481136,0.12978476285934448,0.9843597412109375,0.6767565608024597
YKR096W,YMR262W,0,-0.11570745,0.12976804375648499,0.9843597412109375,0.6768567562103271
YOL061W,YHR191C,0,-0.11588696,0.1297513246536255,0.9843597412109375,0.6769570112228394
YLL021W,YDR040C,0,-0.11711341,0.129734605550766,0.9843597412109375,0.6770572066307068
YNL327W,YKL164C,0,-0.11728837,0.1297178864479065,0.9843597412109375,0.677157461643219
YDR012W,YPL145C,0,-0.11742779,0.1297011822462082,0.9843597412109375,0.6772577166557312
YOR347C,YAL051W,0,-0.11811041,0.1296844780445099,0.9843597412109375,0.6773579120635986
YLR259C,YER177W,0,-0.11818232,0.12966778874397278,0.9843597412109375,0.6774581670761108
YGL106W,YDR541C,0,-0.11838177,0.12965108454227448,0.9843597412109375,0.6775583624839783
YML086C,YJL073W,0,-0.11843559,0.12963439524173737,0.9843597412109375,0.6776586174964905
YDL082W,YGR122W,0,-0.119100556,0.12961770594120026,0.9843597412109375,0.6777588725090027
YLL010C,YNR041C,0,-0.12015429,0.12960103154182434,0.9843597412109375,0.6778590679168701
YDR071C,YJL208C,0,-0.12066415,0.12958435714244843,0.9843597412109375,0.6779593229293823
YJL153C,YKR037C,0,-0.12080163,0.1295676827430725,0.9843597412109375,0.6780595183372498
YGL104C,YHL018W,0,-0.12172164,0.1295510083436966,0.9843597412109375,0.678159773349762
YOR181W,YGL206C,0,-0.12175405,0.12953434884548187,0.9843597412109375,0.6782599687576294
YDR307W,YNL024C-A,0,-0.122531995,0.12951768934726715,0.9843597412109375,0.6783602237701416
YMR262W,YER081W,0,-0.122623384,0.12950102984905243,0.9843597412109375,0.6784604787826538
YPL048W,YNL046W,0,-0.12295796,0.1294843703508377,0.9843597412109375,0.6785606741905212
YDR503C,YMR195W,0,-0.123019695,0.12946772575378418,0.9843597412109375,0.6786609292030334
YAL010C,YLL022C,0,-0.12376788,0.12945108115673065,0.9843597412109375,0.6787611246109009
YPR102C,YGR059W,0,-0.12448031,0.12943445146083832,0.9843597412109375,0.6788613796234131
YMR122W-A,YOR103C,0,-0.12481016,0.1294178068637848,0.9843597412109375,0.6789616346359253
YOR383C,YDL229W,0,-0.124815226,0.12940117716789246,0.9843597412109375,0.6790618300437927
YJR084W,YBL078C,0,-0.12540841,0.12938456237316132,0.9843597412109375,0.6791620850563049
YLR234W,YDR261C-C,0,-0.1257883,0.12936793267726898,0.9843597412109375,0.6792622804641724
YGR234W,YML045W,0,-0.12596753,0.12935131788253784,0.9843597412109375,0.6793625354766846
YCR088W,YGR071C,0,-0.12608352,0.1293347030878067,0.9843597412109375,0.6794627904891968
YLL032C,YPR004C,0,-0.12654382,0.12931808829307556,0.9843597412109375,0.6795629858970642
YIR008C,YHR050W,0,-0.12676904,0.12930148839950562,0.9843597412109375,0.6796632409095764
YMR074C,YDL138W,0,-0.126803,0.12928488850593567,0.9843597412109375,0.6797634363174438
YFL018C,YHR083W,0,-0.12806523,0.12926828861236572,0.9843597412109375,0.679863691329956
YBR056W,YHR165C,0,-0.12829807,0.12925170361995697,0.9843597412109375,0.6799639463424683
YIL005W,YDR529C,0,-0.12924409,0.12923511862754822,0.9843597412109375,0.6800641417503357
YHR203C,YDR348C,0,-0.12945603,0.12921853363513947,0.9843597412109375,0.6801643967628479
YBR092C,YGL147C,0,-0.12963128,0.1292019486427307,0.9843597412109375,0.6802645921707153
YDR524C-B,YHR084W,0,-0.12977467,0.12918537855148315,0.9843597412109375,0.6803648471832275
YOL071W,YIR012W,0,-0.13025928,0.1291688084602356,0.9843597412109375,0.680465042591095
YPR154W,YNL280C,0,-0.13089377,0.12915223836898804,0.9843597412109375,0.6805652976036072
YPL076W,YDL134C,0,-0.13153818,0.12913568317890167,0.9843597412109375,0.6806655526161194
YFL025C,YOR017W,0,-0.13158077,0.1291191130876541,0.9843597412109375,0.6807657480239868
YOL092W,YDR302W,0,-0.13211346,0.12910255789756775,0.9843597412109375,0.680866003036499
YHR117W,YER040W,0,-0.13276494,0.12908601760864258,0.9843597412109375,0.6809661984443665
YDR034C-D,YOR175C,0,-0.13597946,0.1290694624185562,0.9843597412109375,0.6810664534568787
YOR361C,YLR092W,0,-0.13655186,0.12905292212963104,0.9843597412109375,0.6811667084693909
YLR260W,YPL140C,0,-0.1369308,0.12903639674186707,0.9843597412109375,0.6812669038772583
YPR096C,YOR101W,0,-0.13738665,0.1290198564529419,0.9843597412109375,0.6813671588897705
YDR511W,YOR265W,0,-0.13799039,0.12900333106517792,0.9843597412109375,0.6814673542976379
YOR181W,YER074W-A,0,-0.13818428,0.12898680567741394,0.9843597412109375,0.6815676093101501
YNL278W,YBR078W,0,-0.13857114,0.12897028028964996,0.9843597412109375,0.6816678643226624
YMR088C,YDR160W,0,-0.1386746,0.12895376980304718,0.9843597412109375,0.6817680597305298
YEL060C,YJL078C,0,-0.13939619,0.1289372593164444,0.9843597412109375,0.681868314743042
YKL120W,YDL122W,0,-0.14021024,0.1289207488298416,0.9843597412109375,0.6819685101509094
YKL101W,YMR004W,0,-0.14033704,0.12890425324440002,0.9843597412109375,0.6820687651634216
YLR467W,YML110C,0,-0.1407404,0.12888775765895844,0.9843597412109375,0.6821689605712891
YHR011W,YMR225C,0,-0.14096184,0.12887126207351685,0.9843597412109375,0.6822692155838013
YOR354C,YMR256C,0,-0.14216697,0.12885476648807526,0.9843597412109375,0.6823694705963135
YPL013C,YBR089C-A,0,-0.14228415,0.12883828580379486,0.9843597412109375,0.6824696660041809
YMR262W,YHR083W,0,-0.14380023,0.12882180511951447,0.9843597412109375,0.6825699210166931
YML094W,YOR265W,0,-0.14424652,0.12880532443523407,0.9843597412109375,0.6826701164245605
YLR369W,YHR123W,0,-0.1452795,0.12878884375095367,0.9843597412109375,0.6827703714370728
YHR063C,YOR211C,0,-0.14546067,0.12877237796783447,0.9843597412109375,0.682870626449585
YLR393W,YKL143W,0,-0.1459204,0.12875591218471527,0.9843597412109375,0.6829708218574524
YNR036C,YHR080C,0,-0.14653563,0.12873944640159607,0.9843597412109375,0.6830710768699646
YGL195W,YCR037C,0,-0.14821875,0.12872299551963806,0.9843597412109375,0.683171272277832
YER048W-A,YJR076C,0,-0.14868754,0.12870654463768005,0.9843597412109375,0.6832715272903442
YKL220C,YGL249W,0,-0.14943254,0.12869009375572205,0.9843597412109375,0.6833717823028564
YOR192C-A,YNL159C,0,-0.1498512,0.12867365777492523,0.9843597412109375,0.6834719777107239
YDL025C,YNL086W,0,-0.15083563,0.12865720689296722,0.9843597412109375,0.6835722327232361
YDR276C,YDL101C,0,-0.15204833,0.1286407709121704,0.9843597412109375,0.6836724281311035
YML042W,YBR160W,0,-0.15259406,0.1286243498325348,0.9843597412109375,0.6837726831436157
YKR096W,YLR466W,0,-0.15325725,0.12860791385173798,0.9843597412109375,0.6838728785514832
YPL172C,YAL034W-A,0,-0.15355247,0.12859149277210236,0.9843597412109375,0.6839731335639954
YHR214C-C,YDR365W-A,0,-0.15378517,0.12857507169246674,0.9843597412109375,0.6840733885765076
YBR272C,YPR020W,0,-0.15388149,0.1285586655139923,0.9843597412109375,0.684173583984375
YFR010W,YLR328W,0,-0.15400398,0.1285422444343567,0.9843597412109375,0.6842738389968872
YPL161C,YDL124W,0,-0.15429103,0.12852583825588226,0.9843597412109375,0.6843740344047546
YPL255W,YNL339C,0,-0.15641347,0.12850944697856903,0.9843597412109375,0.6844742894172668
YGR027W-A,YGL253W,0,-0.15652213,0.1284930408000946,0.9843597412109375,0.684574544429779
YKR045C,YDL005C,0,-0.156721,0.12847664952278137,0.9843597412109375,0.6846747398376465
YGL160W,YOR167C,0,-0.15695596,0.12846025824546814,0.9843597412109375,0.6847749948501587
YML123C,YLR451W,0,-0.15702182,0.1284438818693161,0.9843597412109375,0.6848751902580261
YIR028W,YLR223C,0,-0.15819609,0.12842749059200287,0.9843597412109375,0.6849754452705383
YCL060C,YJR136C,1,-0.1588464,0.12853863835334778,0.9853372573852539,0.6849754452705383
YAL068C,YMR277W,0,-0.1591466,0.12852224707603455,0.9853372573852539,0.6850757002830505
YMR283C,YLR193C,0,-0.16008848,0.1285058706998825,0.9853372573852539,0.685175895690918
YGR202C,YOL147C,0,-0.16024175,0.12848947942256927,0.9853372573852539,0.6852761507034302
YJR058C,YPL117C,0,-0.160258,0.12847310304641724,0.9853372573852539,0.6853763461112976
YOL140W,YLR288C,0,-0.16035688,0.1284567415714264,0.9853372573852539,0.6854766011238098
YPL149W,YMR262W,0,-0.16040143,0.12844036519527435,0.9853372573852539,0.685576856136322
YDR528W,YPR158C-D,0,-0.16282922,0.1284240037202835,0.9853372573852539,0.6856770515441895
YLL018C-A,YOR175C,0,-0.16283491,0.12840764224529266,0.9853372573852539,0.6857773065567017
YML023C,YDR091C,0,-0.16359669,0.12839128077030182,0.9853372573852539,0.6858775019645691
YDL156W,YGL184C,0,-0.1654921,0.12837493419647217,0.9853372573852539,0.6859777569770813
YLL067C,YER141W,0,-0.16666594,0.12835858762264252,0.9853372573852539,0.6860779523849487
YMR244C-A,YEL005C,0,-0.16709708,0.12834224104881287,0.9853372573852539,0.6861782073974609
YDR069C,YKL026C,0,-0.16775662,0.1283259093761444,0.9853372573852539,0.6862784624099731
YPL088W,YPR054W,0,-0.16903953,0.12830957770347595,0.9853372573852539,0.6863786578178406
YBR186W,YER078C,0,-0.16937062,0.1282932460308075,0.9853372573852539,0.6864789128303528
YKL063C,YOR141C,0,-0.16965073,0.12827691435813904,0.9853372573852539,0.6865791082382202
YMR202W,YKL046C,0,-0.17067423,0.12826059758663177,0.9853372573852539,0.6866793632507324
YLR363C,YOL128C,0,-0.17119119,0.1282442808151245,0.9853372573852539,0.6867796182632446
YCL030C,YGR156W,0,-0.17455375,0.12822796404361725,0.9853372573852539,0.6868798136711121
YHR115C,YML102W,0,-0.17591548,0.12821164727210999,0.9853372573852539,0.6869800686836243
YIL118W,YCL044C,0,-0.17670579,0.12819534540176392,0.9853372573852539,0.6870802640914917
YFL002W-A,YJL159W,0,-0.17711312,0.12817904353141785,0.9853372573852539,0.6871805191040039
YDR139C,YNL087W,0,-0.17938346,0.12816274166107178,0.9853372573852539,0.6872807741165161
YPL174C,YCR072C,0,-0.17941034,0.1281464546918869,0.9853372573852539,0.6873809695243835
YBR221C,YDR236C,0,-0.17969406,0.12813016772270203,0.9853372573852539,0.6874812245368958
YBL060W,YKR003W,0,-0.18041378,0.12811388075351715,0.9853372573852539,0.6875814199447632
YDL122W,YLR193C,0,-0.1809811,0.12809759378433228,0.9853372573852539,0.6876816749572754
YGL145W,YDR365C,0,-0.18153551,0.1280813217163086,0.9853372573852539,0.6877818703651428
YDL149W,YJL083W,0,-0.1815891,0.1280650496482849,0.9853372573852539,0.687882125377655
YLL016W,YLR352W,0,-0.18187296,0.12804877758026123,0.9853372573852539,0.6879823803901672
YGL093W,YMR302C,0,-0.18214071,0.12803252041339874,0.9853372573852539,0.6880825757980347
YCR008W,YBL091C,0,-0.18268362,0.12801626324653625,0.9853372573852539,0.6881828308105469
YOR262W,YNL272C,0,-0.18296146,0.12800000607967377,0.9853372573852539,0.6882830262184143
YHR116W,YPL257W-A,0,-0.18327925,0.12798374891281128,0.9853372573852539,0.6883832812309265
YAL058W,YBR156C,0,-0.18348557,0.12796750664710999,0.9853372573852539,0.6884835362434387
YOL029C,YIL150C,0,-0.18378244,0.1279512494802475,0.9853372573852539,0.6885837316513062
YIL073C,YDL019C,0,-0.18408406,0.1279350221157074,0.9853372573852539,0.6886839866638184
YJL209W,YDR073W,0,-0.18489835,0.1279187798500061,0.9853372573852539,0.6887841820716858
YER155C,YFL002C,0,-0.18501765,0.127902552485466,0.9853372573852539,0.688884437084198
YDR170W-A,YLR227W-A,0,-0.18631104,0.1278863251209259,0.9853372573852539,0.6889846920967102
YER060W,YGR122W,0,-0.18659925,0.1278700977563858,0.9853372573852539,0.6890848875045776
YNR055C,YML004C,0,-0.18790846,0.1278538852930069,0.9853372573852539,0.6891851425170898
YLL048C,YHL044W,0,-0.18827969,0.127837672829628,0.9853372573852539,0.6892853379249573
YAL034C,YDL197C,1,-0.1884951,0.12794826924800873,0.9863147735595703,0.6892853379249573
YJR129C,YMR070W,0,-0.18849798,0.12793204188346863,0.9863147735595703,0.6893855929374695
YGL189C,YER078C,0,-0.1887117,0.12791581451892853,0.9863147735595703,0.6894857883453369
YBL101W-A,YDR399W,0,-0.19061503,0.12789960205554962,0.9863147735595703,0.6895860433578491
YOR019W,YOR069W,0,-0.19122598,0.12788338959217072,0.9863147735595703,0.6896862983703613
YPR041W,YOR073W,0,-0.19155467,0.127867192029953,0.9863147735595703,0.6897864937782288
YCR043C,YML096W,0,-0.1917153,0.1278509944677353,0.9863147735595703,0.689886748790741
YHR202W,YPR183W,0,-0.19177222,0.12783479690551758,0.9863147735595703,0.6899869441986084
YNL284C-B,YBL022C,0,-0.19182563,0.12781859934329987,0.9863147735595703,0.6900871992111206
YPL060W,YPR165W,0,-0.1925754,0.12780240178108215,0.9863147735595703,0.6901874542236328
YGL047W,YPR122W,0,-0.19327837,0.12778621912002563,0.9863147735595703,0.6902876496315002
YHR083W,YBR087W,0,-0.19335699,0.12777003645896912,0.9863147735595703,0.6903879046440125
YMR015C,YJR076C,0,-0.19476207,0.1277538686990738,0.9863147735595703,0.6904881000518799
YMR216C,YDR194C,0,-0.19587485,0.12773768603801727,0.9863147735595703,0.6905883550643921
YML131W,YHR079C-A,0,-0.19661182,0.12772151827812195,0.9863147735595703,0.6906886100769043
YDR237W,YDR490C,0,-0.19672239,0.12770535051822662,0.9863147735595703,0.6907888054847717
YLR450W,YOR363C,0,-0.19765693,0.1276891976594925,0.9863147735595703,0.6908890604972839
YOR122C,YOR361C,0,-0.19820061,0.12767302989959717,0.9863147735595703,0.6909892559051514
YKL209C,YAR044W,0,-0.19835626,0.12765687704086304,0.9863147735595703,0.6910895109176636
YIR007W,YNL254C,0,-0.19839482,0.1276407390832901,0.9863147735595703,0.6911897659301758
YPR041W,YPR180W,0,-0.19924474,0.12762458622455597,0.9863147735595703,0.6912899613380432
YDL049C,YML096W,0,-0.19983667,0.12760844826698303,0.9863147735595703,0.6913902163505554
YLR126C,YAL021C,0,-0.20054317,0.1275923103094101,0.9863147735595703,0.6914904117584229
YKL071W,YBR003W,0,-0.20065406,0.12757617235183716,0.9863147735595703,0.6915906667709351
YMR197C,YAL068C,0,-0.20099178,0.12756004929542542,0.9863147735595703,0.6916908621788025
YPL231W,YNR024W,0,-0.20165938,0.12754392623901367,0.9863147735595703,0.6917911171913147
YPL183C,YFL002C,0,-0.20183171,0.12752780318260193,0.9863147735595703,0.6918913722038269
YPL149W,YOL051W,0,-0.20277192,0.12751169502735138,0.9863147735595703,0.6919915676116943
YGR125W,YGR061C,0,-0.20414855,0.12749557197093964,0.9863147735595703,0.6920918226242065
YGL079W,YDR118W,0,-0.20455731,0.1274794638156891,0.9863147735595703,0.692192018032074
YKR087C,YOR049C,0,-0.20496011,0.12746337056159973,0.9863147735595703,0.6922922730445862
YCL047C,YBL055C,0,-0.20501131,0.12744726240634918,0.9863147735595703,0.6923925280570984
YOL092W,YDL008W,0,-0.20550174,0.12743116915225983,0.9863147735595703,0.6924927234649658
YPL058C,YNL224C,0,-0.20556438,0.12741507589817047,0.9863147735595703,0.692592978477478
YCL062W,YAR014C,0,-0.20637938,0.12739898264408112,0.9863147735595703,0.6926931738853455
YDR322C-A,YDR434W,0,-0.20737076,0.12738290429115295,0.9863147735595703,0.6927934288978577
YML129C,YIL099W,0,-0.20810878,0.1273668259382248,0.9863147735595703,0.6928936839103699
YHR136C,YDL214C,0,-0.20851988,0.12735074758529663,0.9863147735595703,0.6929938793182373
YDR216W,YAR044W,0,-0.20916164,0.12733468413352966,0.9863147735595703,0.6930941343307495
YKL017C,YMR109W,0,-0.2127474,0.1273186057806015,0.9863147735595703,0.6931943297386169
YPL132W,YNL279W,0,-0.21294153,0.12730254232883453,0.9863147735595703,0.6932945847511292
YBL101W-A,YGR192C,0,-0.21301308,0.12728649377822876,0.9863147735595703,0.6933947801589966
YFR055W,YCL050C,0,-0.21513355,0.1272704303264618,0.9863147735595703,0.6934950351715088
YHR024C,YOL086W-A,0,-0.2155025,0.12725438177585602,0.9863147735595703,0.693595290184021
YFL016C,YMR298W,0,-0.21618909,0.12723833322525024,0.9863147735595703,0.6936954855918884
YGR208W,YHL009C,0,-0.2162605,0.12722229957580566,0.9863147735595703,0.6937957406044006
YIR014W,YJR025C,0,-0.2168333,0.1272062510251999,0.9863147735595703,0.6938959360122681
YGL231C,YOL100W,0,-0.21863657,0.1271902173757553,0.9863147735595703,0.6939961910247803
YPR100W,YNL081C,0,-0.21876514,0.12717418372631073,0.9863147735595703,0.6940964460372925
YKR105C,YDR523C,0,-0.21923842,0.12715816497802734,0.9863147735595703,0.6941966414451599
YLR001C,YGL090W,0,-0.21928231,0.12714213132858276,0.9863147735595703,0.6942968964576721
YAR010C,YER140W,0,-0.2192843,0.12712611258029938,0.9863147735595703,0.6943970918655396
YNR075W,YBL018C,0,-0.2196236,0.12711010873317719,0.9863147735595703,0.6944973468780518
YPL156C,YCR086W,0,-0.21976936,0.1270940899848938,0.9863147735595703,0.694597601890564
YHL033C,YAL048C,0,-0.21978891,0.1270780861377716,0.9863147735595703,0.6946977972984314
YEL021W,YFL003C,0,-0.21997297,0.12706208229064941,0.9863147735595703,0.6947980523109436
YJR123W,YOL157C,0,-0.22079876,0.12704607844352722,0.9863147735595703,0.694898247718811
YKL184W,YIL093C,0,-0.22097762,0.12703008949756622,0.9863147735595703,0.6949985027313232
YDR098C-B,YLR190W,0,-0.22111249,0.12701410055160522,0.9863147735595703,0.6950986981391907
YMR291W,YDL136W,0,-0.22172667,0.12699811160564423,0.9863147735595703,0.6951989531517029
YHL003C,YKL099C,0,-0.22178179,0.12698212265968323,0.9863147735595703,0.6952992081642151
YPL268W,YFR010W,0,-0.22385463,0.12696614861488342,0.9863147735595703,0.6953994035720825
YNR061C,YLR144C,0,-0.22442752,0.12695017457008362,0.9863147735595703,0.6954996585845947
YER144C,YER041W,0,-0.22540587,0.1269342005252838,0.9863147735595703,0.6955998539924622
YOR190W,YGL160W,0,-0.22544748,0.1269182413816452,0.9863147735595703,0.6957001090049744
YOL103W-A,YOR348C,0,-0.22599483,0.1269022822380066,0.9863147735595703,0.6958003640174866
YHL050C,YJR117W,0,-0.22600603,0.12688632309436798,0.9863147735595703,0.695900559425354
YDR098C-B,YCL027W,0,-0.22607812,0.12687036395072937,0.9863147735595703,0.6960008144378662
YPL214C,YJL036W,0,-0.22842576,0.12685441970825195,0.9863147735595703,0.6961010098457336
YIL120W,YGL160W,0,-0.22942059,0.12683846056461334,0.9863147735595703,0.6962012648582458
YDR052C,YOR120W,0,-0.22947133,0.12682253122329712,0.9863147735595703,0.6963015198707581
YML077W,YHR123W,0,-0.23092842,0.1268065869808197,0.9863147735595703,0.6964017152786255
YKL157W,YHR086W,0,-0.23120427,0.12679065763950348,0.9863147735595703,0.6965019702911377
YMR105C,YKL089W,0,-0.23141289,0.12677471339702606,0.9863147735595703,0.6966021656990051
YLL032C,YPL068C,0,-0.23216707,0.12675879895687103,0.9863147735595703,0.6967024207115173
YIL049W,YDR244W,0,-0.23258609,0.1267428696155548,0.9863147735595703,0.6968026757240295
YBR044C,YGR027W-B,0,-0.23333564,0.12672695517539978,0.9863147735595703,0.696902871131897
YDR432W,YER159C-A,0,-0.23421597,0.12671104073524475,0.9863147735595703,0.6970031261444092
YOL065C,YPL225W,0,-0.235237,0.12669512629508972,0.9863147735595703,0.6971033215522766
YKL100C,YEL016C,0,-0.2355305,0.1266792267560959,0.9863147735595703,0.6972035765647888
YNL220W,YPR070W,0,-0.23644245,0.12666331231594086,0.9863147735595703,0.6973037719726562
YEL077C,YER033C,0,-0.23715699,0.12664742767810822,0.9863147735595703,0.6974040269851685
YLR121C,YOR290C,0,-0.23719001,0.12663152813911438,0.9863147735595703,0.6975042819976807
YDR007W,YIR014W,0,-0.2379763,0.12661562860012054,0.9863147735595703,0.6976044774055481
YCR044C,YBL027W,0,-0.23831487,0.1265997439622879,0.9863147735595703,0.6977047324180603
YOL077W-A,YOL086W-A,0,-0.2384374,0.12658385932445526,0.9863147735595703,0.6978049278259277
YGR283C,YBL010C,0,-0.23853758,0.1265679895877838,0.9863147735595703,0.6979051828384399
YCR023C,YHR201C,0,-0.23891418,0.12655211985111237,0.9863147735595703,0.6980054378509521
YMR094W,YLR185W,0,-0.23908412,0.12653625011444092,0.9863147735595703,0.6981056332588196
YIL069C,YNL190W,0,-0.24121028,0.12652038037776947,0.9863147735595703,0.6982058882713318
YOR002W,YBR085W,0,-0.24151866,0.12650451064109802,0.9863147735595703,0.6983060836791992
YML078W,YDR261C-C,0,-0.24214986,0.12648865580558777,0.9863147735595703,0.6984063386917114
YPR201W,YGL185C,0,-0.24245907,0.12647280097007751,0.9863147735595703,0.6985065937042236
YLL042C,YJL046W,0,-0.2428747,0.12645694613456726,0.9863147735595703,0.6986067891120911
YDR316W,YPL026C,0,-0.24336578,0.1264411062002182,0.9863147735595703,0.6987070441246033
YHR147C,YDR524C-B,0,-0.2434173,0.12642526626586914,0.9863147735595703,0.6988072395324707
YPL040C,YNR033W,0,-0.24366711,0.12640942633152008,0.9863147735595703,0.6989074945449829
YDL149W,YDR148C,0,-0.24367988,0.12639358639717102,0.9863147735595703,0.6990076899528503
YGL006W,YGR030C,0,-0.24591985,0.12637776136398315,0.9863147735595703,0.6991079449653625
YDL153C,YGL136C,0,-0.24668628,0.1263619214296341,0.9863147735595703,0.6992081999778748
YPR102C,YJR139C,0,-0.24733508,0.12634611129760742,0.9863147735595703,0.6993083953857422
YPR063C,YJL047C,0,-0.24780947,0.12633028626441956,0.9863147735595703,0.6994086503982544
YPL255W,YOL149W,0,-0.24807402,0.12631447613239288,0.9863147735595703,0.6995088458061218
YLL028W,YGL219C,0,-0.2485038,0.1262986660003662,0.9863147735595703,0.699609100818634
YLL067C,YCL001W,0,-0.24887943,0.12628285586833954,0.9863147735595703,0.6997093558311462
YFR041C,YCR102C,0,-0.24907777,0.12626704573631287,0.9863147735595703,0.6998095512390137
YHL050C,YPR048W,0,-0.24908502,0.1262512505054474,0.9863147735595703,0.6999098062515259
YLR238W,YNL046W,0,-0.24915151,0.1262354552745819,0.9863147735595703,0.7000100016593933
YAL025C,YMR323W,0,-0.25188968,0.12621966004371643,0.9863147735595703,0.7001102566719055
YLR439W,YCL063W,0,-0.2522826,0.12620387971401215,0.9863147735595703,0.7002105116844177
YOR192C-A,YPL194W,0,-0.2527997,0.12618809938430786,0.9863147735595703,0.7003107070922852
YOR119C,YLR133W,0,-0.2533561,0.12617231905460358,0.9863147735595703,0.7004109621047974
YPR132W,YPL012W,0,-0.2533961,0.1261565387248993,0.9863147735595703,0.7005111575126648
YDL247W,YHR214W,0,-0.25446483,0.1261407732963562,0.9863147735595703,0.700611412525177
YMR142C,YGR071C,0,-0.2545569,0.12612499296665192,0.9863147735595703,0.7007116079330444
YPR032W,YIL085C,0,-0.25534418,0.12610924243927002,0.9863147735595703,0.7008118629455566
YFR032C-A,YLR413W,0,-0.2560486,0.12609347701072693,0.9863147735595703,0.7009121179580688
YJL097W,YKL213C,0,-0.2569387,0.12607772648334503,0.9863147735595703,0.7010123133659363
YPL141C,YPL189C-A,0,-0.2576792,0.12606197595596313,0.9863147735595703,0.7011125683784485
YJL101C,YGR124W,0,-0.2578354,0.12604622542858124,0.9863147735595703,0.7012127637863159
YGR165W,YPL159C,0,-0.25847977,0.12603047490119934,0.9863147735595703,0.7013130187988281
YGR125W,YOR109W,0,-0.26065022,0.12601473927497864,0.9863147735595703,0.7014132738113403
YFL035C-A,YHR143W,0,-0.260947,0.12599900364875793,0.9863147735595703,0.7015134692192078
YGR181W,YGR129W,0,-0.26140514,0.12598326802253723,0.9863147735595703,0.70161372423172
YLR367W,YPL144W,0,-0.26445472,0.12596754729747772,0.9863147735595703,0.7017139196395874
YMR192W,YDR139C,0,-0.2644565,0.12595181167125702,0.9863147735595703,0.7018141746520996
YML022W,YDL081C,0,-0.26515883,0.1259360909461975,0.9863147735595703,0.7019144296646118
YNL278W,YPR008W,0,-0.26594839,0.1259203851222992,0.9863147735595703,0.7020146250724792
YIR035C,YOR167C,0,-0.26624924,0.12590466439723969,0.9863147735595703,0.7021148800849915
YBR122C,YLR119W,0,-0.26848245,0.12588895857334137,0.9863147735595703,0.7022150754928589
YHL009W-B,YDR511W,0,-0.2686705,0.12587325274944305,0.9863147735595703,0.7023153305053711
YGL128C,YER096W,0,-0.26921922,0.12585754692554474,0.9863147735595703,0.7024155855178833
YIL117C,YEL005C,0,-0.26924032,0.12584185600280762,0.9863147735595703,0.7025157809257507
YJL102W,YHL015W,0,-0.27052987,0.1258261650800705,0.9863147735595703,0.7026160359382629
YKL088W,YPR192W,0,-0.2711544,0.12581047415733337,0.9863147735595703,0.7027162313461304
YPL149W,YLR077W,0,-0.27172387,0.12579478323459625,0.9863147735595703,0.7028164863586426
YEL002C,YLR069C,0,-0.27173632,0.12577910721302032,0.9863147735595703,0.70291668176651
YPL235W,YKL155C,0,-0.2718907,0.1257634311914444,0.9863147735595703,0.7030169367790222
YER023W,YJR139C,0,-0.2722504,0.12574775516986847,0.9863147735595703,0.7031171917915344
YHL009W-B,YNL294C,0,-0.27310142,0.12573209404945374,0.9863147735595703,0.7032173871994019
YBR193C,YMR072W,0,-0.2731989,0.1257164180278778,0.9863147735595703,0.7033176422119141
YOR128C,YML027W,0,-0.27384973,0.12570075690746307,0.9863147735595703,0.7034178376197815
YGR244C,YDR495C,0,-0.27390498,0.12568509578704834,0.9863147735595703,0.7035180926322937
YCL075W,YGL005C,0,-0.27405202,0.1256694495677948,0.9863147735595703,0.7036183476448059
YCR024C-A,YJL093C,0,-0.27427873,0.12565380334854126,0.9863147735595703,0.7037185430526733
YDR135C,YJR109C,0,-0.27440268,0.12563815712928772,0.9863147735595703,0.7038187980651855
YPL207W,YPR156C,0,-0.27462173,0.12562251091003418,0.9863147735595703,0.703918993473053
YLR337C,YNL068C,0,-0.2748018,0.12560686469078064,0.9863147735595703,0.7040192484855652
YGL029W,YKL056C,0,-0.27491426,0.1255912333726883,0.9863147735595703,0.7041195034980774
YIL074C,YGR152C,0,-0.2753117,0.12557560205459595,0.9863147735595703,0.7042196989059448
YBR056W,YOR192C-A,0,-0.27536276,0.1255599856376648,0.9863147735595703,0.704319953918457
YGR208W,YPL178W,0,-0.2757616,0.12554435431957245,0.9863147735595703,0.7044201493263245
YGR205W,YLR226W,0,-0.2758531,0.1255287379026413,0.9863147735595703,0.7045204043388367
YER015W,YDL205C,0,-0.2778011,0.12551312148571014,0.9863147735595703,0.7046205997467041
YAR050W,YMR166C,0,-0.27849543,0.125497505068779,0.9863147735595703,0.7047208547592163
YKL184W,YPL159C,0,-0.27859187,0.12548190355300903,0.9863147735595703,0.7048211097717285
YDR134C,YMR167W,0,-0.2794647,0.12546630203723907,0.9863147735595703,0.704921305179596
YJR047C,YGL224C,0,-0.279575,0.12545070052146912,0.9863147735595703,0.7050215601921082
YML019W,YER113C,0,-0.27968562,0.12543511390686035,0.9863147735595703,0.7051217555999756
YPL215W,YDL112W,0,-0.27980298,0.1254195123910904,0.9863147735595703,0.7052220106124878
YDR438W,YIL087C,0,-0.28069952,0.12540392577648163,0.9863147735595703,0.705322265625
YDR284C,YIL091C,0,-0.28093022,0.12538833916187286,0.9863147735595703,0.7054224610328674
YLR382C,YLR207W,0,-0.2810626,0.1253727674484253,0.9863147735595703,0.7055227160453796
YDR239C,YJR007W,0,-0.28167617,0.12535718083381653,0.9863147735595703,0.7056229114532471
YBR181C,YOR081C,0,-0.2817994,0.12534160912036896,0.9863147735595703,0.7057231664657593
YHR019C,YCL020W,0,-0.2821418,0.12532605230808258,0.9863147735595703,0.7058234214782715
YPL216W,YBR088C,1,-0.28297,0.12543468177318573,0.9872922897338867,0.7058234214782715
YPL224C,YHR214W,0,-0.28393006,0.12541909515857697,0.9872922897338867,0.7059236168861389
YGL161C,YMR274C,0,-0.2847588,0.1254035234451294,0.9872922897338867,0.7060238718986511
YPL020C,YPR184W,0,-0.28495127,0.12538795173168182,0.9872922897338867,0.7061240673065186
YCR023C,YIL074C,0,-0.28548145,0.12537239491939545,0.9872922897338867,0.7062243223190308
YOR002W,YDR534C,0,-0.28634453,0.12535683810710907,0.9872922897338867,0.7063245177268982
YOR079C,YOR076C,0,-0.2866906,0.1253412812948227,0.9872922897338867,0.7064247727394104
YIR006C,YJL057C,0,-0.28775817,0.12532572448253632,0.9872922897338867,0.7065250277519226
YGL139W,YGL255W,0,-0.28832018,0.12531016767024994,0.9872922897338867,0.70662522315979
YER023W,YDR025W,0,-0.2885227,0.12529462575912476,0.9872922897338867,0.7067254781723022
YMR074C,YOR372C,0,-0.28972802,0.12527908384799957,0.9872922897338867,0.7068256735801697
YOR236W,YGR158C,0,-0.29369402,0.12526355683803558,0.9872922897338867,0.7069259285926819
YOR133W,YKL021C,0,-0.29396373,0.1252480149269104,0.9872922897338867,0.7070261836051941
YDL174C,YBL042C,0,-0.2951309,0.1252324879169464,0.9872922897338867,0.7071263790130615
YPR192W,YDL195W,0,-0.2958122,0.12521696090698242,0.9872922897338867,0.7072266340255737
YCR069W,YPL189C-A,0,-0.29626063,0.12520143389701843,0.9872922897338867,0.7073268294334412
YPL162C,YLR376C,0,-0.29637063,0.12518592178821564,0.9872922897338867,0.7074270844459534
YJL008C,YHR104W,0,-0.29638076,0.12517040967941284,0.9872922897338867,0.7075273394584656
YMR133W,YLR239C,0,-0.29767573,0.12515489757061005,0.9872922897338867,0.707627534866333
YBR048W,YEL003W,0,-0.29781196,0.12513938546180725,0.9872922897338867,0.7077277898788452
YOR208W,YDR367W,0,-0.29804143,0.12512388825416565,0.9872922897338867,0.7078279852867126
YDR210W,YKR105C,0,-0.29805177,0.12510839104652405,0.9872922897338867,0.7079282402992249
YLR417W,YJL052W,0,-0.29808784,0.12509289383888245,0.9872922897338867,0.7080284357070923
YIL123W,YDR261C-C,0,-0.2988148,0.12507739663124084,0.9872922897338867,0.7081286907196045
YLR227W-A,YHR086W,0,-0.2999931,0.12506191432476044,0.9872922897338867,0.7082289457321167
YFL052W,YHL028W,0,-0.3007974,0.12504643201828003,0.9872922897338867,0.7083291411399841
YNR051C,YFR007W,0,-0.30081263,0.12503094971179962,0.9872922897338867,0.7084293961524963
YML059C,YHR166C,0,-0.30094838,0.1250154674053192,0.9872922897338867,0.7085295915603638
YPR148C,YMR244C-A,0,-0.30121988,0.125,0.9872922897338867,0.708629846572876
YFR044C,YOR045W,0,-0.30197144,0.12498453259468079,0.9872922897338867,0.7087301015853882
YLR089C,YLR332W,0,-0.30249852,0.12496906518936157,0.9872922897338867,0.7088302969932556
YPR079W,YBR234C,0,-0.30284193,0.12495360523462296,0.9872922897338867,0.7089305520057678
YER048C,YJL148W,0,-0.30367196,0.12493815273046494,0.9872922897338867,0.7090307474136353
YLL057C,YFL035C-B,0,-0.30398095,0.12492269277572632,0.9872922897338867,0.7091310024261475
YDL117W,YPL221W,0,-0.30439025,0.1249072477221489,0.9872922897338867,0.7092312574386597
YOR357C,YDR176W,0,-0.30512685,0.12489180266857147,0.9872922897338867,0.7093314528465271
YCL057C-A,YJR108W,0,-0.30561507,0.12487635761499405,0.9872922897338867,0.7094317078590393
YLL016W,YPL059W,0,-0.30574396,0.12486092001199722,0.9872922897338867,0.7095319032669067
YNR047W,YLR040C,0,-0.30575636,0.124845489859581,0.9872922897338867,0.709632158279419
YHR089C,YGR277C,0,-0.3074925,0.12483005970716476,0.9872922897338867,0.7097324132919312
YBR201W,YPR047W,0,-0.30950814,0.12481462955474854,0.9872922897338867,0.7098326086997986
YNL241C,YBR028C,0,-0.31061253,0.1247992068529129,0.9872922897338867,0.7099328637123108
YDL108W,YER071C,0,-0.31064665,0.12478379160165787,0.9872922897338867,0.7100330591201782
YFL009W,YEL047C,0,-0.31099266,0.12476837635040283,0.9872922897338867,0.7101333141326904
YGL045W,YML081W,0,-0.3116212,0.1247529610991478,0.9872922897338867,0.7102335095405579
YOL103W-A,YDR432W,0,-0.31163734,0.12473756074905396,0.9872922897338867,0.7103337645530701
YDR511W,YPL037C,0,-0.3117681,0.12472215294837952,0.9872922897338867,0.7104340195655823
YNL083W,YPL270W,0,-0.31232727,0.12470675259828568,0.9872922897338867,0.7105342149734497
YOR178C,YJL160C,0,-0.31261796,0.12469135969877243,0.9872922897338867,0.7106344699859619
YOR095C,YPL108W,0,-0.31273708,0.12467596679925919,0.9872922897338867,0.7107346653938293
YNL254C,YPR158W-A,0,-0.3128127,0.12466058135032654,0.9872922897338867,0.7108349204063416
YKL141W,YCR021C,0,-0.31285408,0.12464519590139389,0.9872922897338867,0.7109351754188538
YCR024C-A,YDR520C,0,-0.3129014,0.12462981045246124,0.9872922897338867,0.7110353708267212
YML069W,YER081W,0,-0.31310582,0.12461443245410919,0.9872922897338867,0.7111356258392334
YBR280C,YDL046W,0,-0.31364867,0.12459906190633774,0.9872922897338867,0.7112358212471008
YOR267C,YNL310C,0,-0.31380045,0.12458369135856628,0.9872922897338867,0.711336076259613
YOR357C,YDR522C,0,-0.31384346,0.12456832826137543,0.9872922897338867,0.7114363312721252
YER160C,YAL068C,0,-0.31392068,0.12455296516418457,0.9872922897338867,0.7115365266799927
YPR201W,YPR004C,0,-0.3147741,0.12453760951757431,0.9872922897338867,0.7116367816925049
YHR143W-A,YGL255W,0,-0.31490645,0.12452225387096405,0.9872922897338867,0.7117369771003723
YJL181W,YLR306W,0,-0.31548882,0.12450690567493439,0.9872922897338867,0.7118372321128845
YOR177C,YLR069C,0,-0.31626296,0.12449155747890472,0.9872922897338867,0.711937427520752
YDR184C,YHR013C,0,-0.31675297,0.12447621673345566,0.9872922897338867,0.7120376825332642
YLR259C,YAL014C,0,-0.31797048,0.12446087598800659,0.9872922897338867,0.7121379375457764
YKR018C,YNL216W,0,-0.3184964,0.12444554269313812,0.9872922897338867,0.7122381329536438
YMR188C,YCR105W,0,-0.31876898,0.12443020939826965,0.9872922897338867,0.712338387966156
YCL038C,YOR110W,0,-0.3193081,0.12441488355398178,0.9872922897338867,0.7124385833740234
YEL064C,YPR029C,0,-0.31955492,0.12439955770969391,0.9872922897338867,0.7125388383865356
YER112W,YER058W,0,-0.3195877,0.12438423931598663,0.9872922897338867,0.7126390933990479
YLR008C,YKR061W,0,-0.32079715,0.12436892092227936,0.9872922897338867,0.7127392888069153
YGL160W,YHR210C,0,-0.32206792,0.12435360997915268,0.9872922897338867,0.7128395438194275
YAL068C,YLR223C,0,-0.32220054,0.124338299036026,0.9872922897338867,0.7129397392272949
YKL191W,YPL145C,0,-0.32240087,0.12432299554347992,0.9872922897338867,0.7130399942398071
YDL204W,YGL229C,0,-0.32241955,0.12430769205093384,0.9872922897338867,0.7131402492523193
YGL053W,YGR191W,0,-0.32283527,0.12429239600896835,0.9872922897338867,0.7132404446601868
YDR096W,YPR028W,0,-0.32317346,0.12427709996700287,0.9872922897338867,0.713340699672699
YKL213C,YGR027W-B,0,-0.32504398,0.12426181137561798,0.9872922897338867,0.7134408950805664
YMR309C,YPL228W,0,-0.3253923,0.1242465227842331,0.9872922897338867,0.7135411500930786
YEL002C,YLR396C,0,-0.32583457,0.1242312416434288,0.9872922897338867,0.713641345500946
YCL075W,YNL272C,0,-0.32599962,0.12421596050262451,0.9872922897338867,0.7137416005134583
YNR073C,YDR248C,0,-0.32669657,0.12420068681240082,0.9872922897338867,0.7138418555259705
YDR438W,YJL014W,0,-0.3281097,0.12418542057275772,0.9872922897338867,0.7139420509338379
YCR043C,YNL207W,0,-0.3281515,0.12417014688253403,0.9872922897338867,0.7140423059463501
YER044C,YFR016C,0,-0.3284238,0.12415488809347153,0.9872922897338867,0.7141425013542175
YJL092W,YOR192C-A,0,-0.3286111,0.12413962930440903,0.9872922897338867,0.7142427563667297
YKR085C,YKL035W,0,-0.3287599,0.12412437051534653,0.9872922897338867,0.7143430113792419
YGL021W,YML100W,0,-0.32923794,0.12410911917686462,0.9872922897338867,0.7144432067871094
YKL088W,YLR001C,0,-0.3302803,0.12409386783838272,0.9872922897338867,0.7145434617996216
YJL183W,YNL280C,0,-0.33028713,0.12407862395048141,0.9872922897338867,0.714643657207489
YBL100W-A,YGL079W,0,-0.33182272,0.12406338006258011,0.9872922897338867,0.7147439122200012
YHR181W,YPL204W,0,-0.33261797,0.1240481436252594,0.9872922897338867,0.7148441672325134
YPR124W,YPL118W,0,-0.33314574,0.12403291463851929,0.9872922897338867,0.7149443626403809
YPR201W,YGL045W,0,-0.33430964,0.12401767820119858,0.9872922897338867,0.7150446176528931
YHL026C,YAR050W,0,-0.33435133,0.12400245666503906,0.9872922897338867,0.7151448130607605
YDR186C,YOL157C,0,-0.33490258,0.12398723512887955,0.9872922897338867,0.7152450680732727
YIL112W,YKL193C,0,-0.33518976,0.12397201359272003,0.9872922897338867,0.7153453230857849
YNL071W,YPL204W,0,-0.33536083,0.12395679950714111,0.9872922897338867,0.7154455184936523
YMR142C,YOR109W,0,-0.33673796,0.1239415854215622,0.9872922897338867,0.7155457735061646
YDR036C,YMR076C,0,-0.3370023,0.12392637878656387,0.9872922897338867,0.715645968914032
YOR389W,YEL061C,0,-0.33762616,0.12391117960214615,0.9872922897338867,0.7157462239265442
YLR132C,YDL194W,0,-0.33936673,0.12389597296714783,0.9872922897338867,0.7158464193344116
YML013W,YNR045W,0,-0.34015116,0.1238807812333107,0.9872922897338867,0.7159466743469238
YOR214C,YCR075C,0,-0.3406341,0.12386558949947357,0.9872922897338867,0.716046929359436
YDR466W,YOR391C,0,-0.3406662,0.12385039776563644,0.9872922897338867,0.7161471247673035
YLR060W,YGL032C,0,-0.34108305,0.12383521348237991,0.9872922897338867,0.7162473797798157
YDR011W,YLR233C,0,-0.34112635,0.12382002919912338,0.9872922897338867,0.7163475751876831
YFL052W,YBR038W,0,-0.34220868,0.12380485236644745,0.9872922897338867,0.7164478302001953
YNL316C,YGL206C,0,-0.34248585,0.12378968298435211,0.9872922897338867,0.7165480852127075
YBR028C,YOR233W,0,-0.34259802,0.12377450615167618,0.9872922897338867,0.716648280620575
YPR025C,YMR166C,0,-0.3426719,0.12375934422016144,0.9872922897338867,0.7167485356330872
YGL012W,YML040W,0,-0.34274143,0.1237441822886467,0.9872922897338867,0.7168487310409546
YKL005C,YHR080C,0,-0.34336105,0.12372902035713196,0.9872922897338867,0.7169489860534668
YPL140C,YOR036W,0,-0.34343916,0.12371386587619781,0.9872922897338867,0.717049241065979
YGL061C,YDL134C,0,-0.34391558,0.12369871139526367,0.9872922897338867,0.7171494364738464
YER054C,YGR203W,0,-0.34393895,0.12368356436491013,0.9872922897338867,0.7172496914863586
YMR264W,YMR323W,0,-0.34396586,0.12366842478513718,0.9872922897338867,0.7173498868942261
YNL156C,YGR266W,0,-0.34418637,0.12365327775478363,0.9872922897338867,0.7174501419067383
YJR009C,YBL004W,0,-0.34446537,0.12363814562559128,0.9872922897338867,0.7175503373146057
YDR420W,YDR534C,0,-0.34536052,0.12362301349639893,0.9872922897338867,0.7176505923271179
YKR072C,YNR008W,0,-0.3455094,0.12360788136720657,0.9872922897338867,0.7177508473396301
YDR447C,YNL315C,0,-0.34804225,0.12359275668859482,0.9872922897338867,0.7178510427474976
YPL154C,YMR167W,0,-0.34806138,0.12357763200998306,0.9872922897338867,0.7179512977600098
YNL263C,YFL018W-A,0,-0.34844452,0.1235625147819519,0.9872922897338867,0.7180514931678772
YPL013C,YJR121W,0,-0.34865105,0.12354739755392075,0.9872922897338867,0.7181517481803894
YGL123W,YKL027W,0,-0.34874123,0.12353228777647018,0.9872922897338867,0.7182520031929016
YML037C,YBR153W,0,-0.34887803,0.12351718544960022,0.9872922897338867,0.718352198600769
YHR187W,YIL120W,0,-0.3494137,0.12350207567214966,0.9872922897338867,0.7184524536132812
YJL098W,YGR059W,0,-0.34990937,0.12348698079586029,0.9872922897338867,0.7185526490211487
YKL152C,YNL217W,0,-0.34995145,0.12347188591957092,0.9872922897338867,0.7186529040336609
YPR063C,YLR148W,0,-0.35026562,0.12345679104328156,0.9872922897338867,0.7187531590461731
YPL281C,YLR074C,0,-0.35061443,0.12344170361757278,0.9872922897338867,0.7188533544540405
YHR204W,YLR446W,0,-0.35317507,0.12342661619186401,0.9872922897338867,0.7189536094665527
YMR055C,YLL015W,0,-0.35338992,0.12341153621673584,0.9872922897338867,0.7190538048744202
YIL051C,YEL003W,0,-0.35422385,0.12339645624160767,0.9872922897338867,0.7191540598869324
YGL022W,YER140W,0,-0.35439187,0.12338138371706009,0.9872922897338867,0.7192542552947998
YAR009C,YOR244W,0,-0.35448086,0.12336631119251251,0.9872922897338867,0.719354510307312
YDR298C,YER031C,0,-0.3546605,0.12335124611854553,0.9872922897338867,0.7194547653198242
YNL169C,YAL053W,0,-0.35480976,0.12333618104457855,0.9872922897338867,0.7195549607276917
YDR057W,YPL225W,0,-0.35531712,0.12332112342119217,0.9872922897338867,0.7196552157402039
YBR057C,YJR129C,0,-0.3563068,0.12330606579780579,0.9872922897338867,0.7197554111480713
YLL066C,YGL078C,0,-0.3563712,0.123291015625,0.9872922897338867,0.7198556661605835
YML027W,YMR161W,0,-0.3572229,0.12327596545219421,0.9872922897338867,0.7199559211730957
YMR045C,YIL008W,0,-0.35957,0.12326092272996902,0.9872922897338867,0.7200561165809631
YDR268W,YOR253W,0,-0.3597569,0.12324588000774384,0.9872922897338867,0.7201563715934753
YLR064W,YML058W,0,-0.36008775,0.12323084473609924,0.9872922897338867,0.7202565670013428
YHR113W,YCR092C,0,-0.36132103,0.12321580946445465,0.9872922897338867,0.720356822013855
YHR153C,YOR371C,0,-0.36327124,0.12320078164339066,0.9872922897338867,0.7204570770263672
YLL042C,YGR132C,0,-0.36432064,0.12318575382232666,0.9872922897338867,0.7205572724342346
YJR159W,YAL007C,0,-0.36444715,0.12317073345184326,0.9872922897338867,0.7206575274467468
YMR293C,YNL325C,0,-0.3647543,0.12315571308135986,0.9872922897338867,0.7207577228546143
YBR101C,YOR343W-A,0,-0.36479685,0.12314070016145706,0.9872922897338867,0.7208579778671265
YKL039W,YPR178W,0,-0.36515716,0.12312568724155426,0.9872922897338867,0.7209582328796387
YCR044C,YCR073C,0,-0.36521682,0.12311067432165146,0.9872922897338867,0.7210584282875061
YLR398C,YNL275W,0,-0.3659479,0.12309567630290985,0.9872922897338867,0.7211586833000183
YLR100W,YKR059W,0,-0.36693686,0.12308067083358765,0.9872922897338867,0.7212588787078857
YER089C,YGL079W,0,-0.3674604,0.12306567281484604,0.9872922897338867,0.721359133720398
YBR218C,YLR352W,0,-0.36893564,0.12305068224668503,0.9872922897338867,0.7214593291282654
YKR065C,YDL042C,0,-0.36926275,0.12303569167852402,0.9872922897338867,0.7215595841407776
YGL017W,YPR055W,0,-0.36960155,0.1230207085609436,0.9872922897338867,0.7216598391532898
YGL033W,YOR210W,0,-0.37001085,0.12300572544336319,0.9872922897338867,0.7217600345611572
YHR147C,YBR253W,0,-0.37207732,0.12299074232578278,0.9872922897338867,0.7218602895736694
YFL002W-A,YBR021W,0,-0.372396,0.12297576665878296,0.9872922897338867,0.7219604849815369
YNL227C,YHR046C,0,-0.3729295,0.12296079844236374,0.9872922897338867,0.7220607399940491
YLL066C,YGR274C,0,-0.37294835,0.12294583022594452,0.9872922897338867,0.7221609950065613
YLR361C,YDL214C,0,-0.37426454,0.1229308694601059,0.9872922897338867,0.7222611904144287
YGL157W,YBR203W,0,-0.37463373,0.12291590869426727,0.9872922897338867,0.7223614454269409
YGL222C,YNL251C,0,-0.37563348,0.12290094792842865,0.9872922897338867,0.7224616408348083
YJR098C,YKL108W,0,-0.37596816,0.12288599461317062,0.9872922897338867,0.7225618958473206
YMR110C,YNL146W,0,-0.3774721,0.1228710487484932,0.9872922897338867,0.7226621508598328
YDL220C,YBR132C,0,-0.37877098,0.12285610288381577,0.9872922897338867,0.7227623462677002
YDL181W,YDR176W,0,-0.3793198,0.12284115701913834,0.9872922897338867,0.7228626012802124
YNR071C,YPL221W,0,-0.379386,0.1228262186050415,0.9872922897338867,0.7229627966880798
YDR406W,YJR120W,0,-0.37996638,0.12281128764152527,0.9872922897338867,0.723063051700592
YBR288C,YFR015C,0,-0.37999654,0.12279634922742844,0.9872922897338867,0.7231632471084595
YML085C,YDR313C,0,-0.38122037,0.1227814257144928,0.9872922897338867,0.7232635021209717
YOL023W,YIL156W,0,-0.3815388,0.12276650220155716,0.9872922897338867,0.7233637571334839
YPR010C,YPL281C,0,-0.3819461,0.12275157868862152,0.9872922897338867,0.7234639525413513
YPL160W,YGR004W,0,-0.3844797,0.12273666262626648,0.9872922897338867,0.7235642075538635
YDR206W,YJL093C,0,-0.38541645,0.12272174656391144,0.9872922897338867,0.723664402961731
YBR126C,YDR239C,0,-0.38544297,0.122706837952137,0.9872922897338867,0.7237646579742432
YCR107W,YOR004W,0,-0.38715297,0.12269193679094315,0.9872922897338867,0.7238649129867554
YKL004W,YPR010C,0,-0.38729155,0.1226770281791687,0.9872922897338867,0.7239651083946228
YOR143C,YIL097W,0,-0.38833684,0.12266213446855545,0.9872922897338867,0.724065363407135
YNL054W-B,YLR190W,0,-0.38915303,0.1226472407579422,0.9872922897338867,0.7241655588150024
YBR084C-A,YDL145C,0,-0.38983443,0.12263234704732895,0.9872922897338867,0.7242658138275146
YMR297W,YKL046C,0,-0.39002597,0.1226174607872963,0.9872922897338867,0.7243660688400269
YBL060W,YIL172C,0,-0.39053157,0.12260257452726364,0.9872922897338867,0.7244662642478943
YPL186C,YJR118C,0,-0.39152324,0.12258769571781158,0.9872922897338867,0.7245665192604065
YKR064W,YMR274C,0,-0.3915989,0.12257281690835953,0.9872922897338867,0.7246667146682739
YDL204W,YKR078W,0,-0.39288414,0.12255794554948807,0.9872922897338867,0.7247669696807861
YHL031C,YMR130W,0,-0.39317244,0.12254307419061661,0.9872922897338867,0.7248671650886536
YPL162C,YDR031W,0,-0.39380354,0.12252820283174515,0.9872922897338867,0.7249674201011658
YFR025C,YER160C,0,-0.39397416,0.12251334637403488,0.9872922897338867,0.725067675113678
YPL162C,YJR159W,0,-0.39453605,0.12249848246574402,0.9872922897338867,0.7251678705215454
YOR371C,YGL061C,0,-0.3951165,0.12248362600803375,0.9872922897338867,0.7252681255340576
YKL039W,YDL102W,0,-0.39563847,0.12246877700090408,0.9872922897338867,0.725368320941925
YGL104C,YHR122W,0,-0.39822137,0.12245392799377441,0.9872922897338867,0.7254685759544373
YFL002W-A,YNL329C,0,-0.39864203,0.12243908643722534,0.9872922897338867,0.7255688309669495
YFL055W,YOL084W,0,-0.39955842,0.12242424488067627,0.9872922897338867,0.7256690263748169
YGL139W,YOR312C,0,-0.4004148,0.1224094033241272,0.9872922897338867,0.7257692813873291
YER143W,YAR014C,0,-0.40111685,0.12239456921815872,0.9872922897338867,0.7258694767951965
YGR014W,YMR216C,0,-0.40131432,0.12237974256277084,0.9872922897338867,0.7259697318077087
YHR067W,YPL124W,0,-0.4015417,0.12236491590738297,0.9872922897338867,0.726069986820221
YIL119C,YBL037W,0,-0.40202993,0.12235008925199509,0.9872922897338867,0.7261701822280884
YLL032C,YGL160W,0,-0.4026827,0.1223352700471878,0.9872922897338867,0.7262704372406006
YOR037W,YGR008C,0,-0.4037869,0.12232045829296112,0.9872922897338867,0.726370632648468
YBL069W,YGR082W,0,-0.4039696,0.12230564653873444,0.9872922897338867,0.7264708876609802
YLR337C,YGL127C,0,-0.403979,0.12229083478450775,0.9872922897338867,0.7265711426734924
YOR242C,YKR027W,0,-0.40422595,0.12227603048086166,0.9872922897338867,0.7266713380813599
YDR348C,YOL033W,0,-0.40461826,0.12226122617721558,0.9872922897338867,0.7267715930938721
YLR186W,YJR029W,0,-0.40508574,0.12224642932415009,0.9872922897338867,0.7268717885017395
YGL047W,YPR021C,0,-0.40577173,0.1222316324710846,0.9872922897338867,0.7269720435142517
YNL331C,YOR092W,0,-0.40683392,0.1222168430685997,0.9872922897338867,0.7270722389221191
YAR066W,YPL100W,0,-0.40709174,0.12220205366611481,0.9872922897338867,0.7271724939346313
YLR194C,YPL228W,0,-0.40744543,0.12218727171421051,0.9872922897338867,0.7272727489471436
YOR037W,YLR205C,0,-0.40819833,0.12217248976230621,0.9872922897338867,0.727372944355011
YBR286W,YMR202W,0,-0.40935165,0.12215771526098251,0.9872922897338867,0.7274731993675232
YOL091W,YPL132W,0,-0.40943223,0.12214294075965881,0.9872922897338867,0.7275733947753906
YNL241C,YOR192C-A,0,-0.40962327,0.12212817370891571,0.9872922897338867,0.7276736497879028
YDR034C-C,YMR079W,0,-0.41079485,0.12211340665817261,0.9872922897338867,0.727773904800415
YKL134C,YBL022C,0,-0.41255063,0.1220986470580101,0.9872922897338867,0.7278741002082825
YBL069W,YMR149W,0,-0.41285124,0.1220838874578476,0.9872922897338867,0.7279743552207947
YFL022C,YOR178C,0,-0.41372424,0.12206913530826569,0.9872922897338867,0.7280745506286621
YDR171W,YPR022C,0,-0.41513956,0.12205438315868378,0.9872922897338867,0.7281748056411743
YPL001W,YBR028C,0,-0.4159102,0.12203963100910187,0.9872922897338867,0.7282750606536865
YHL036W,YGR207C,0,-0.41621196,0.12202488631010056,0.9872922897338867,0.728375256061554
YOL147C,YPR005C,0,-0.4171711,0.12201014906167984,0.9872922897338867,0.7284755110740662
YBR021W,YOR195W,0,-0.417865,0.12199541181325912,0.9872922897338867,0.7285757064819336
YGR122W,YPR046W,0,-0.41816083,0.12198067456483841,0.9872922897338867,0.7286759614944458
YFR007W,YOR149C,0,-0.4189312,0.12196594476699829,0.9872922897338867,0.7287761569023132
YPR075C,YJL054W,0,-0.41937748,0.12195122241973877,0.9872922897338867,0.7288764119148254
YPL140C,YCL045C,0,-0.4204727,0.12193650007247925,0.9872922897338867,0.7289766669273376
YDL124W,YDR267C,0,-0.42122942,0.12192177772521973,0.9872922897338867,0.7290768623352051
YIL167W,YDR402C,0,-0.42180917,0.1219070628285408,0.9872922897338867,0.7291771173477173
YIL138C,YJL012C,0,-0.42222738,0.12189234793186188,0.9872922897338867,0.7292773127555847
YIL117C,YDR381W,0,-0.42224476,0.12187764048576355,0.9872922897338867,0.7293775677680969
YCR058C,YDR348C,0,-0.42277336,0.12186293303966522,0.9872922897338867,0.7294778227806091
YDR294C,YKL059C,0,-0.42293006,0.12184823304414749,0.9872922897338867,0.7295780181884766
YGR135W,YIL114C,0,-0.42389473,0.12183353304862976,0.9872922897338867,0.7296782732009888
YIL039W,YLR155C,0,-0.42479935,0.12181884050369263,0.9872922897338867,0.7297784686088562
YJL073W,YML081W,0,-0.42587316,0.1218041479587555,0.9872922897338867,0.7298787236213684
YCR003W,YNL090W,0,-0.42689124,0.12178946286439896,0.9872922897338867,0.7299789786338806
YDR436W,YKR081C,0,-0.42714265,0.12177477777004242,0.9872922897338867,0.730079174041748
YFL037W,YBL010C,0,-0.42823887,0.12176010012626648,0.9872922897338867,0.7301794290542603
YJR054W,YPL010W,0,-0.42846048,0.12174542248249054,0.9872922897338867,0.7302796244621277
YDR367W,YJR143C,0,-0.42957073,0.1217307448387146,0.9872922897338867,0.7303798794746399
YDR352W,YDR197W,0,-0.4306702,0.12171607464551926,0.9872922897338867,0.7304800748825073
YOR303W,YNR020C,0,-0.43085837,0.12170141190290451,0.9872922897338867,0.7305803298950195
YLR363C,YBR008C,0,-0.43095043,0.12168674916028976,0.9872922897338867,0.7306805849075317
YDR006C,YDL132W,0,-0.4316711,0.12167208641767502,0.9872922897338867,0.7307807803153992
YLL032C,YPL103C,0,-0.4353889,0.12165743112564087,0.9872922897338867,0.7308810353279114
YBR293W,YDL129W,0,-0.43555385,0.12164278328418732,0.9872922897338867,0.7309812307357788
YLR433C,YIL106W,0,-0.43593577,0.12162812799215317,0.9872922897338867,0.731081485748291
YDR212W,YBR082C,0,-0.4361397,0.12161348760128021,0.9872922897338867,0.7311817407608032
YCL060C,YGL112C,1,-0.4368633,0.12171924114227295,0.9882698059082031,0.7311817407608032
YLR361C,YPL084W,0,-0.4376814,0.1217045858502388,0.9882698059082031,0.7312819361686707
YMR056C,YNL173C,0,-0.43783706,0.12168993800878525,0.9882698059082031,0.7313821911811829
YJR143C,YMR286W,0,-0.43881172,0.1216752901673317,0.9882698059082031,0.7314823865890503
YOR262W,YIL063C,0,-0.4392711,0.12166064977645874,0.9882698059082031,0.7315826416015625
YBR268W,YBL004W,0,-0.4402926,0.12164600938558578,0.9882698059082031,0.7316828966140747
YCL030C,YER093C,0,-0.442057,0.12163137644529343,0.9882698059082031,0.7317830920219421
YGR263C,YBR121C,0,-0.4422167,0.12161674350500107,0.9882698059082031,0.7318833470344543
YOL116W,YDR243C,0,-0.44393528,0.1216021180152893,0.9882698059082031,0.7319835424423218
YGR125W,YCR037C,0,-0.4442733,0.12158749252557755,0.9882698059082031,0.732083797454834
YGR008C,YGR109C,0,-0.44508833,0.12157287448644638,0.9882698059082031,0.7321840524673462
YDR093W,YOR260W,0,-0.44545496,0.12155825644731522,0.9882698059082031,0.7322842478752136
YER178W,YKL208W,0,-0.44592935,0.12154363840818405,0.9882698059082031,0.7323845028877258
YLL016W,YOR252W,0,-0.4465888,0.12152902781963348,0.9882698059082031,0.7324846982955933
YER178W,YJL210W,0,-0.44905442,0.12151442468166351,0.9882698059082031,0.7325849533081055
YDR150W,YNL264C,0,-0.44967705,0.12149982154369354,0.9882698059082031,0.7326851487159729
YLR439W,YGR071C,0,-0.45006847,0.12148521840572357,0.9882698059082031,0.7327854037284851
YDR406W,YHR112C,0,-0.45037013,0.1214706227183342,0.9882698059082031,0.7328856587409973
YPL169C,YLR424W,0,-0.4505137,0.12145602703094482,0.9882698059082031,0.7329858541488647
YHL050C,YPR056W,0,-0.45072603,0.12144143879413605,0.9882698059082031,0.733086109161377
YKL188C,YLR192C,0,-0.45091274,0.12142685800790787,0.9882698059082031,0.7331863045692444
YNL247W,YBR213W,0,-0.45170167,0.12141226977109909,0.9882698059082031,0.7332865595817566
YCR028C-A,YJL118W,0,-0.4519238,0.12139769643545151,0.9882698059082031,0.7333868145942688
YBR181C,YNL177C,0,-0.4524172,0.12138311564922333,0.9882698059082031,0.7334870100021362
YPR140W,YGL145W,0,-0.45307705,0.12136854976415634,0.9882698059082031,0.7335872650146484
YFL052W,YML027W,0,-0.4539336,0.12135397642850876,0.9882698059082031,0.7336874604225159
YDL243C,YLR216C,0,-0.45395064,0.12133941799402237,0.9882698059082031,0.7337877154350281
YDR487C,YML125C,0,-0.4544158,0.12132485210895538,0.9882698059082031,0.7338879704475403
YOR227W,YNL063W,0,-0.45522323,0.121310293674469,0.9882698059082031,0.7339881658554077
YLR299W,YJL204C,0,-0.4558068,0.1212957426905632,0.9882698059082031,0.7340884208679199
YEL064C,YGL155W,0,-0.4558993,0.12128119170665741,0.9882698059082031,0.7341886162757874
YDL181W,YMR190C,0,-0.45788056,0.12126664072275162,0.9882698059082031,0.7342888712882996
YPR110C,YDR190C,0,-0.4579199,0.12125209718942642,0.9882698059082031,0.734389066696167
YBL040C,YFR047C,0,-0.4583513,0.12123756110668182,0.9882698059082031,0.7344893217086792
YMR150C,YDR287W,0,-0.45949894,0.12122302502393723,0.9882698059082031,0.7345895767211914
YML078W,YNL029C,0,-0.4601674,0.12120848894119263,0.9882698059082031,0.7346897721290588
YCR040W,YDR251W,0,-0.46037805,0.12119396030902863,0.9882698059082031,0.734790027141571
YJL116C,YER095W,0,-0.46068212,0.12117943167686462,0.9882698059082031,0.7348902225494385
YKL004W,YCL048W-A,0,-0.46146876,0.12116491049528122,0.9882698059082031,0.7349904775619507
YNL005C,YPL254W,0,-0.46227202,0.12115038931369781,0.9882698059082031,0.7350907325744629
YIR008C,YKR053C,0,-0.46266887,0.12113587558269501,0.9882698059082031,0.7351909279823303
YKR088C,YLR451W,0,-0.4640502,0.1211213618516922,0.9882698059082031,0.7352911829948425
YGR220C,YML065W,0,-0.4642117,0.12110685557126999,0.9882698059082031,0.73539137840271
YDR057W,YOR358W,0,-0.46480715,0.12109234929084778,0.9882698059082031,0.7354916334152222
YJL139C,YDR188W,0,-0.46490985,0.12107784301042557,0.9882698059082031,0.7355918884277344
YOR079C,YLR074C,0,-0.46610615,0.12106334418058395,0.9882698059082031,0.7356920838356018
YIL136W,YJL058C,0,-0.46666098,0.12104885280132294,0.9882698059082031,0.735792338848114
YLR004C,YDL014W,0,-0.46945584,0.12103436142206192,0.9882698059082031,0.7358925342559814
YPL275W,YPL060C-A,0,-0.46946988,0.1210198700428009,0.9882698059082031,0.7359927892684937
YHR089C,YBL066C,0,-0.4700352,0.12100538611412048,0.9882698059082031,0.7360929846763611
YEL063C,YOR034C,0,-0.471542,0.12099090218544006,0.9882698059082031,0.7361932396888733
YNL128W,YPL132W,0,-0.471735,0.12097642570734024,0.9882698059082031,0.7362934947013855
YBL037W,YOR192C,0,-0.47188762,0.12096194922924042,0.9882698059082031,0.7363936901092529
YOR336W,YLR144C,0,-0.47196686,0.12094748020172119,0.9882698059082031,0.7364939451217651
YBR048W,YDL100C,0,-0.47260663,0.12093301117420197,0.9882698059082031,0.7365941405296326
YFR031C-A,YCL069W,0,-0.4726441,0.12091854959726334,0.9882698059082031,0.7366943955421448
YIL072W,YGL070C,0,-0.4728031,0.12090408802032471,0.9882698059082031,0.736794650554657
YOR270C,YOR178C,0,-0.4728961,0.12088963389396667,0.9882698059082031,0.7368948459625244
YNR026C,YDR155C,0,-0.4729762,0.12087517976760864,0.9882698059082031,0.7369951009750366
YDR443C,YOL018C,0,-0.47309953,0.12086072564125061,0.9882698059082031,0.737095296382904
YOR383C,YIR007W,0,-0.47376087,0.12084627896547318,0.9882698059082031,0.7371955513954163
YPL090C,YPL225W,0,-0.47516575,0.12083183974027634,0.9882698059082031,0.7372958064079285
YFR030W,YDR482C,0,-0.47541672,0.1208174005150795,0.9882698059082031,0.7373960018157959
YPL105C,YOL078W,0,-0.47569832,0.12080296128988266,0.9882698059082031,0.7374962568283081
YPR054W,YMR081C,0,-0.47681093,0.12078852951526642,0.9882698059082031,0.7375964522361755
YIL018W,YGL232W,0,-0.4777511,0.12077409774065018,0.9882698059082031,0.7376967072486877
YPL085W,YNL183C,0,-0.4779358,0.12075967341661453,0.9882698059082031,0.7377969622612
YDR118W,YBR054W,0,-0.47809982,0.12074524909257889,0.9882698059082031,0.7378971576690674
YNL145W,YDL005C,0,-0.47833,0.12073083221912384,0.9882698059082031,0.7379974126815796
YHL035C,YBL088C,0,-0.47964486,0.12071641534566879,0.9882698059082031,0.738097608089447
YGL089C,YIL053W,0,-0.47983694,0.12070200592279434,0.9882698059082031,0.7381978631019592
YPL234C,YMR135C,0,-0.4805366,0.12068759649991989,0.9882698059082031,0.7382980585098267
YOL098C,YJR044C,0,-0.48148945,0.12067319452762604,0.9882698059082031,0.7383983135223389
YBR039W,YLR378C,0,-0.48261994,0.12065879255533218,0.9882698059082031,0.7384985685348511
YER039C,YKR046C,0,-0.48364812,0.12064439058303833,0.9882698059082031,0.7385987639427185
YLR001C,YGL033W,0,-0.48562855,0.12062999606132507,0.9882698059082031,0.7386990189552307
YHR080C,YGR006W,0,-0.48681942,0.12061560153961182,0.9882698059082031,0.7387992143630981
YPR096C,YDR057W,0,-0.48724604,0.12060121446847916,0.9882698059082031,0.7388994693756104
YDL014W,YBL016W,0,-0.48804143,0.1205868348479271,0.9882698059082031,0.7389997243881226
YPL204W,YCR069W,0,-0.48868737,0.12057244777679443,0.9882698059082031,0.73909991979599
YBL105C,YGL258W-A,0,-0.48895657,0.12055807560682297,0.9882698059082031,0.7392001748085022
YMR163C,YGL156W,0,-0.4891503,0.1205436959862709,0.9882698059082031,0.7393003702163696
YKR079C,YMR225C,0,-0.4895344,0.12052933126688004,0.9882698059082031,0.7394006252288818
YBL005W-A,YBR094W,0,-0.48963287,0.12051495909690857,0.9882698059082031,0.739500880241394
YDR380W,YGR166W,0,-0.4901867,0.1205005943775177,0.9882698059082031,0.7396010756492615
YEL002C,YBR139W,0,-0.4912656,0.12048623710870743,0.9882698059082031,0.7397013306617737
YOR255W,YPR028W,0,-0.49258238,0.12047187983989716,0.9882698059082031,0.7398015260696411
YOL029C,YPR020W,0,-0.492657,0.12045752257108688,0.9882698059082031,0.7399017810821533
YDL123W,YGR203W,0,-0.49290526,0.12044317275285721,0.9882698059082031,0.7400019764900208
YHL018W,YMR006C,0,-0.49336797,0.12042883038520813,0.9882698059082031,0.740102231502533
YOL140W,YOR175C,0,-0.49338287,0.12041448056697845,0.9882698059082031,0.7402024865150452
YOR214C,YOR167C,0,-0.49378663,0.12040014564990997,0.9882698059082031,0.7403026819229126
YOR246C,YHR007C,0,-0.49441257,0.1203858032822609,0.9882698059082031,0.7404029369354248
YOR193W,YLR057W,0,-0.4974541,0.12037147581577301,0.9882698059082031,0.7405031323432922
YBR105C,YBL051C,0,-0.49746495,0.12035714089870453,0.9882698059082031,0.7406033873558044
YEL017C-A,YAR018C,0,-0.49749327,0.12034281343221664,0.9882698059082031,0.7407036423683167
YIL109C,YHR081W,0,-0.49778846,0.12032849341630936,0.9882698059082031,0.7408038377761841
YOR181W,YJL154C,0,-0.49786174,0.12031417340040207,0.9882698059082031,0.7409040927886963
YER004W,YPL254W,0,-0.4986036,0.12029986083507538,0.9882698059082031,0.7410042881965637
YER042W,YHR143W-A,0,-0.49985045,0.12028554081916809,0.9882698059082031,0.7411045432090759
YEL015W,YBR235W,0,-0.5000604,0.120271235704422,0.9882698059082031,0.7412047982215881
YDR350C,YIL031W,0,-0.5007627,0.1202569305896759,0.9882698059082031,0.7413049936294556
YDR186C,YCR054C,0,-0.50260043,0.12024262547492981,0.9882698059082031,0.7414052486419678
YDR182W,YPR021C,0,-0.50276136,0.12022832781076431,0.9882698059082031,0.7415054440498352
YHR088W,YOR049C,0,-0.50350857,0.12021403014659882,0.9882698059082031,0.7416056990623474
YDR516C,YOR210W,0,-0.50373423,0.12019973993301392,0.9882698059082031,0.7417058944702148
YNL156C,YJR091C,0,-0.504175,0.12018544971942902,0.9882698059082031,0.741806149482727
YHR011W,YOR244W,0,-0.5043514,0.12017116695642471,0.9882698059082031,0.7419064044952393
YLR097C,YER078C,0,-0.5062195,0.12015688419342041,0.9882698059082031,0.7420065999031067
YMR104C,YHR121W,0,-0.50705796,0.12014260143041611,0.9882698059082031,0.7421068549156189
YKL209C,YMR125W,0,-0.5080855,0.1201283261179924,0.9882698059082031,0.7422070503234863
YBR186W,YGR061C,0,-0.50893617,0.12011405825614929,0.9882698059082031,0.7423073053359985
YHL026C,YNL068C,0,-0.5089384,0.12009978294372559,0.9882698059082031,0.7424075603485107
YOR356W,YMR277W,0,-0.51105785,0.12008552253246307,0.9882698059082031,0.7425077557563782
YNL086W,YDR545W,0,-0.51118803,0.12007126212120056,0.9882698059082031,0.7426080107688904
YKL163W,YKL146W,0,-0.51161325,0.12005700170993805,0.9882698059082031,0.7427082061767578
YML005W,YLR284C,0,-0.51252615,0.12004274874925613,0.9882698059082031,0.74280846118927
YHR019C,YIR021W,0,-0.51297146,0.12002849578857422,0.9882698059082031,0.7429087162017822
YIL162W,YHR032W,0,-0.5134511,0.1200142428278923,0.9882698059082031,0.7430089116096497
YJR046W,YHR045W,0,-0.5139913,0.11999999731779099,0.9882698059082031,0.7431091666221619
YKL084W,YLR132C,0,-0.5141125,0.11998575925827026,0.9882698059082031,0.7432093620300293
YML029W,YKR007W,0,-0.5149533,0.11997152119874954,0.9882698059082031,0.7433096170425415
YPL088W,YPL053C,0,-0.5150891,0.11995728313922882,0.9882698059082031,0.7434098720550537
YPL089C,YMR152W,0,-0.5153068,0.1199430525302887,0.9882698059082031,0.7435100674629211
YFR025C,YDR386W,0,-0.5154282,0.11992882192134857,0.9882698059082031,0.7436103224754333
YBR251W,YOR252W,0,-0.5158739,0.11991459876298904,0.9882698059082031,0.7437105178833008
YBL036C,YOR100C,0,-0.51650095,0.11990038305521011,0.9882698059082031,0.743810772895813
YLR238W,YOR221C,0,-0.5188558,0.11988615989685059,0.9882698059082031,0.7439109683036804
YDR524C-B,YPL189C-A,0,-0.5201426,0.11987194418907166,0.9882698059082031,0.7440112233161926
YLR382C,YMR006C,0,-0.5217885,0.11985773593187332,0.9882698059082031,0.7441114783287048
YEL077C,YBL035C,0,-0.52243006,0.11984352767467499,0.9882698059082031,0.7442116737365723
YPR201W,YPR036W,0,-0.52388424,0.11982932686805725,0.9882698059082031,0.7443119287490845
YOR132W,YHR050W,0,-0.52476346,0.11981511861085892,0.9882698059082031,0.7444121241569519
YAL023C,YBL036C,0,-0.5268878,0.11980092525482178,0.9882698059082031,0.7445123791694641
YKR078W,YGR271C-A,0,-0.52732694,0.11978673189878464,0.9882698059082031,0.7446126341819763
YOR196C,YNL240C,0,-0.52923,0.1197725385427475,0.9882698059082031,0.7447128295898438
YNL265C,YBR109C,0,-0.52966857,0.11975835263729095,0.9882698059082031,0.744813084602356
YDL114W,YPL173W,0,-0.52995193,0.11974416673183441,0.9882698059082031,0.7449132800102234
YDR127W,YGR075C,0,-0.53009355,0.11972998827695847,0.9882698059082031,0.7450135350227356
YKL018W,YHR110W,0,-0.53078485,0.11971580982208252,0.9882698059082031,0.7451137900352478
YOR396W,YHL022C,0,-0.53115815,0.11970163136720657,0.9882698059082031,0.7452139854431152
YER070W,YPL242C,0,-0.5326,0.11968746036291122,0.9882698059082031,0.7453142404556274
YMR053C,YJR109C,0,-0.5326556,0.11967329680919647,0.9882698059082031,0.7454144358634949
YOR110W,YLR283W,0,-0.5335744,0.11965913325548172,0.9882698059082031,0.7455146908760071
YPR193C,YOR230W,1,-0.5352039,0.1197633147239685,0.9892473220825195,0.7455146908760071
YNL191W,YDL002C,0,-0.53612757,0.11974914371967316,0.9892473220825195,0.7456148862838745
YBL027W,YJR056C,0,-0.5368075,0.11973497271537781,0.9892473220825195,0.7457151412963867
YDL075W,YEL003W,0,-0.5372083,0.11972080916166306,0.9892473220825195,0.7458153963088989
YGL179C,YER173W,0,-0.53761536,0.1197066456079483,0.9892473220825195,0.7459155917167664
YGL141W,YHR190W,0,-0.5387292,0.11969248950481415,0.9892473220825195,0.7460158467292786
YDL193W,YOL115W,0,-0.5391122,0.11967833340167999,0.9892473220825195,0.746116042137146
YPR164W,YJR139C,0,-0.53949976,0.11966418474912643,0.9892473220825195,0.7462162971496582
YPL186C,YBR070C,0,-0.54032356,0.11965003609657288,0.9892473220825195,0.7463165521621704
YLR051C,YBR200W-A,0,-0.5412537,0.11963588744401932,0.9892473220825195,0.7464167475700378
YFR007W,YML096W,0,-0.54142696,0.11962174624204636,0.9892473220825195,0.74651700258255
YMR297W,YCR027C,0,-0.54157656,0.11960761249065399,0.9892473220825195,0.7466171979904175
YBR161W,YPL137C,0,-0.54228026,0.11959347873926163,0.9892473220825195,0.7467174530029297
YML078W,YEL017C-A,0,-0.5427211,0.11957934498786926,0.9892473220825195,0.7468177080154419
YGR023W,YPL202C,0,-0.54296255,0.1195652186870575,0.9892473220825195,0.7469179034233093
YBR214W,YHL017W,0,-0.5434774,0.11955109238624573,0.9892473220825195,0.7470181584358215
YEL001C,YHR039C-B,0,-0.5440025,0.11953697353601456,0.9892473220825195,0.747118353843689
YGR212W,YHL035C,0,-0.5444181,0.11952285468578339,0.9892473220825195,0.7472186088562012
YPL018W,YNL331C,0,-0.5453592,0.11950873583555222,0.9892473220825195,0.7473188042640686
YFR041C,YCR094W,0,-0.5455214,0.11949462443590164,0.9892473220825195,0.7474190592765808
YAR066W,YGL049C,0,-0.54673994,0.11948052048683167,0.9892473220825195,0.747519314289093
YKR003W,YJL209W,0,-0.54697776,0.11946641653776169,0.9892473220825195,0.7476195096969604
YOL041C,YMR223W,0,-0.54780084,0.11945231258869171,0.9892473220825195,0.7477197647094727
YHL021C,YPR004C,0,-0.5487141,0.11943821609020233,0.9892473220825195,0.7478199601173401
YDL007W,YML063W,0,-0.5494014,0.11942411959171295,0.9892473220825195,0.7479202151298523
YOR056C,YGL238W,0,-0.5514379,0.11941003054380417,0.9892473220825195,0.7480204701423645
YLR189C,YJL021C,0,-0.55249894,0.11939594149589539,0.9892473220825195,0.7481206655502319
YNL212W,YER078C,0,-0.5530809,0.1193818598985672,0.9892473220825195,0.7482209205627441
YOR119C,YJR014W,0,-0.55494046,0.11936777830123901,0.9892473220825195,0.7483211159706116
YLR426W,YNL129W,0,-0.55551827,0.11935369670391083,0.9892473220825195,0.7484213709831238
YDR047W,YLR276C,0,-0.5558672,0.11933962255716324,0.9892473220825195,0.748521625995636
YCR088W,YGR059W,0,-0.5577039,0.11932554841041565,0.9892473220825195,0.7486218214035034
YBL055C,YIL018W,0,-0.55783033,0.11931148171424866,0.9892473220825195,0.7487220764160156
YNL152W,YLR435W,0,-0.55836695,0.11929741501808167,0.9892473220825195,0.7488222718238831
YAR066W,YJL033W,0,-0.5590572,0.11928335577249527,0.9892473220825195,0.7489225268363953
YGR244C,YJL002C,0,-0.559267,0.11926929652690887,0.9892473220825195,0.7490227818489075
YKL029C,YBL004W,0,-0.5594486,0.11925524473190308,0.9892473220825195,0.7491229772567749
YOL059W,YDR266C,0,-0.5595581,0.11924119293689728,0.9892473220825195,0.7492232322692871
YLL052C,YDR041W,0,-0.5595785,0.11922714114189148,0.9892473220825195,0.7493234276771545
YKL145W,YKR099C-A,0,-0.5602521,0.11921309679746628,0.9892473220825195,0.7494236826896667
YKR003W,YPL225W,0,-0.5603131,0.11919905990362167,0.9892473220825195,0.7495238780975342
YPL004C,YKL091C,0,-0.56092334,0.11918502300977707,0.9892473220825195,0.7496241331100464
YNR037C,YDR342C,0,-0.5615088,0.11917098611593246,0.9892473220825195,0.7497243881225586
YFL009W,YDL124W,0,-0.56184506,0.11915694922208786,0.9892473220825195,0.749824583530426
YIL062C,YML018C,0,-0.56288475,0.11914292722940445,0.9892473220825195,0.7499248385429382
YJL099W,YMR223W,0,-0.56367195,0.11912889778614044,0.9892473220825195,0.7500250339508057
YGL231C,YGR188C,0,-0.56384665,0.11911487579345703,0.9892473220825195,0.7501252889633179
YNR055C,YMR211W,0,-0.56403005,0.11910086125135422,0.9892473220825195,0.7502255439758301
YJR158W,YDL087C,0,-0.56516814,0.1190868467092514,0.9892473220825195,0.7503257393836975
YBR078W,YCR028C-A,0,-0.56697506,0.11907283216714859,0.9892473220825195,0.7504259943962097
YNL096C,YGR287C,0,-0.5675553,0.11905882507562637,0.9892473220825195,0.7505261898040771
YFL052W,YHR128W,0,-0.5677055,0.11904481798410416,0.9892473220825195,0.7506264448165894
YLL035W,YNR032C-A,0,-0.5681519,0.11903081834316254,0.9892473220825195,0.7507266998291016
YGR023W,YGL167C,0,-0.56867313,0.11901681870222092,0.9892473220825195,0.750826895236969
YPR106W,YGL127C,0,-0.5687518,0.1190028190612793,0.9892473220825195,0.7509271502494812
YNL336W,YPL148C,0,-0.56877667,0.11898882687091827,0.9892473220825195,0.7510273456573486
YOR009W,YGR006W,0,-0.5703281,0.11897484213113785,0.9892473220825195,0.7511276006698608
YDR100W,YJR073C,0,-0.57086825,0.11896085739135742,0.9892473220825195,0.7512277960777283
YNL134C,YPL138C,0,-0.5709706,0.118946872651577,0.9892473220825195,0.7513280510902405
YGR283C,YKL155C,0,-0.5719649,0.11893289536237717,0.9892473220825195,0.7514283061027527
YDL229W,YOR228C,0,-0.57199526,0.11891891807317734,0.9892473220825195,0.7515285015106201
YDR348C,YKR052C,0,-0.5746994,0.1189049482345581,0.9892473220825195,0.7516287565231323
YPR154W,YPL152W,0,-0.5747472,0.11889097839593887,0.9892473220825195,0.7517289519309998
YNL130C,YDL155W,0,-0.5752163,0.11887700855731964,0.9892473220825195,0.751829206943512
YOL064C,YOR018W,0,-0.5755645,0.118863046169281,0.9892473220825195,0.7519294619560242
YIL005W,YLR006C,0,-0.57852066,0.11884909123182297,0.9892473220825195,0.7520296573638916
YGR061C,YGL061C,0,-0.5791677,0.11883513629436493,0.9892473220825195,0.7521299123764038
YOL067C,YPL081W,0,-0.5801922,0.11882118135690689,0.9892473220825195,0.7522301077842712
YGR254W,YDR339C,0,-0.58190703,0.11880723387002945,0.9892473220825195,0.7523303627967834
YOR056C,YGL049C,0,-0.5826196,0.11879328638315201,0.9892473220825195,0.7524306178092957
YGL157W,YMR164C,0,-0.5829991,0.11877934634685516,0.9892473220825195,0.7525308132171631
YGL006W,YMR011W,0,-0.58381635,0.11876540631055832,0.9892473220825195,0.7526310682296753
YJL058C,YMR307W,0,-0.5840378,0.11875146627426147,0.9892473220825195,0.7527312636375427
YAL056W,YGR272C,0,-0.5844214,0.11873753368854523,0.9892473220825195,0.7528315186500549
YPL164C,YLR324W,0,-0.5845456,0.11872360110282898,0.9892473220825195,0.7529317140579224
YMR244C-A,YGL025C,0,-0.5849485,0.11870967596769333,0.9892473220825195,0.7530319690704346
YLR139C,YLR002C,0,-0.58534396,0.11869575083255768,0.9892473220825195,0.7531322240829468
YBL054W,YLR185W,0,-0.5859591,0.11868183314800262,0.9892473220825195,0.7532324194908142
YEL046C,YFL056C,0,-0.58640337,0.11866791546344757,0.9892473220825195,0.7533326745033264
YNL066W,YMR306W,0,-0.58757675,0.11865400522947311,0.9892473220825195,0.7534328699111938
YDR273W,YLL018C-A,0,-0.587932,0.11864009499549866,0.9892473220825195,0.753533124923706
YMR257C,YER180C,0,-0.588312,0.1186261847615242,0.9892473220825195,0.7536333799362183
YKL039W,YMR303C,0,-0.590838,0.11861228197813034,0.9892473220825195,0.7537335753440857
YMR205C,YOR149C,0,-0.591805,0.11859837919473648,0.9892473220825195,0.7538338303565979
YBR121C,YGL224C,0,-0.59240186,0.11858448386192322,0.9892473220825195,0.7539340257644653
YIR014W,YDL138W,0,-0.5936276,0.11857058852910995,0.9892473220825195,0.7540342807769775
YPL187W,YBR024W,0,-0.5945239,0.11855670064687729,0.9892473220825195,0.7541345357894897
YEL024W,YER143W,0,-0.5949236,0.11854281276464462,0.9892473220825195,0.7542347311973572
YHR020W,YLR170C,0,-0.5956726,0.11852893233299255,0.9892473220825195,0.7543349862098694
YJR022W,YLL016W,0,-0.59677553,0.11851505190134048,0.9892473220825195,0.7544351816177368
YHR204W,YKL146W,0,-0.5968055,0.11850117146968842,0.9892473220825195,0.754535436630249
YDR255C,YHL018W,0,-0.5971479,0.11848729848861694,0.9892473220825195,0.7546356916427612
YCL057C-A,YNL164C,0,-0.597808,0.11847342550754547,0.9892473220825195,0.7547358870506287
YKL141W,YPR094W,0,-0.59797126,0.1184595599770546,0.9892473220825195,0.7548361420631409
YLR006C,YCR010C,0,-0.59807706,0.11844569444656372,0.9892473220825195,0.7549363374710083
YFL035C-A,YKR060W,0,-0.59895414,0.11843182891607285,0.9892473220825195,0.7550365924835205
YGR109W-A,YMR171C,0,-0.5990175,0.11841797083616257,0.9892473220825195,0.7551367878913879
YLL018C,YLR438C-A,0,-0.601012,0.11840412020683289,0.9892473220825195,0.7552370429039001
YLR099C,YCR017C,0,-0.6017916,0.1183902695775032,0.9892473220825195,0.7553372979164124
YJR047C,YNL020C,0,-0.60260034,0.11837641894817352,0.9892473220825195,0.7554374933242798
YHR076W,YLR147C,0,-0.6053889,0.11836257576942444,0.9892473220825195,0.755537748336792
YGR183C,YGR046W,0,-0.6074834,0.11834873259067535,0.9892473220825195,0.7556379437446594
YER081W,YOL095C,0,-0.6075712,0.11833488941192627,0.9892473220825195,0.7557381987571716
YOL127W,YIR021W,0,-0.607921,0.11832105368375778,0.9892473220825195,0.7558384537696838
YKR093W,YCR018C,0,-0.6084535,0.11830722540616989,0.9892473220825195,0.7559386491775513
YJR041C,YHL028W,0,-0.6084645,0.118293397128582,0.9892473220825195,0.7560389041900635
YLR109W,YCR034W,0,-0.6093025,0.11827956885099411,0.9892473220825195,0.7561390995979309
YNL336W,YHR099W,0,-0.6093776,0.11826574802398682,0.9892473220825195,0.7562393546104431
YOL076W,YPL225W,0,-0.6122588,0.11825192719697952,0.9892473220825195,0.7563396096229553
YMR050C,YOR192C-B,0,-0.6134635,0.11823811382055283,0.9892473220825195,0.7564398050308228
YHR160C,YBR104W,0,-0.61353344,0.11822430044412613,0.9892473220825195,0.756540060043335
YHR128W,YDR354W,0,-0.61483103,0.11821048706769943,0.9892473220825195,0.7566402554512024
YDR400W,YDL223C,0,-0.615128,0.11819668114185333,0.9892473220825195,0.7567405104637146
YJL133W,YDR248C,0,-0.6152412,0.11818288266658783,0.9892473220825195,0.756840705871582
YPL248C,YOR131C,0,-0.6163257,0.11816907674074173,0.9892473220825195,0.7569409608840942
YPL100W,YGR257C,0,-0.6165904,0.11815528571605682,0.9892473220825195,0.7570412158966064
YPL255W,YHR196W,0,-0.6174812,0.11814148724079132,0.9892473220825195,0.7571414113044739
YDR045C,YBR301W,0,-0.61753786,0.11812769621610641,0.9892473220825195,0.7572416663169861
YDR142C,YOR288C,0,-0.61836046,0.1181139126420021,0.9892473220825195,0.7573418617248535
YFL025C,YDL155W,0,-0.6184467,0.1181001290678978,0.9892473220825195,0.7574421167373657
YPR173C,YLR352W,0,-0.61847097,0.11808634549379349,0.9892473220825195,0.7575423717498779
YER160C,YDR365W-A,0,-0.61870754,0.11807256937026978,0.9892473220825195,0.7576425671577454
YEL024W,YBR121C,0,-0.6189492,0.11805879324674606,0.9892473220825195,0.7577428221702576
YMR192W,YDL066W,0,-0.62085533,0.11804502457380295,0.9892473220825195,0.757843017578125
YLR460C,YDL067C,0,-0.6215873,0.11803125590085983,0.9892473220825195,0.7579432725906372
YBR085W,YGR272C,0,-0.62215114,0.11801749467849731,0.9892473220825195,0.7580435276031494
YCR036W,YLR064W,0,-0.62308055,0.1180037334561348,0.9892473220825195,0.7581437230110168
YPL118W,YDL132W,0,-0.62440753,0.11798997223377228,0.9892473220825195,0.758243978023529
YDR251W,YER031C,0,-0.62478185,0.11797621846199036,0.9892473220825195,0.7583441734313965
YER167W,YDR348C,0,-0.6259467,0.11796246469020844,0.9892473220825195,0.7584444284439087
YJL104W,YPL283C,0,-0.62614137,0.11794871836900711,0.9892473220825195,0.7585446238517761
YKL148C,YIL023C,0,-0.62622595,0.11793497204780579,0.9892473220825195,0.7586448788642883
YJR054W,YLR376C,0,-0.6262549,0.11792123317718506,0.9892473220825195,0.7587451338768005
YPR086W,YAR010C,0,-0.6263674,0.11790749430656433,0.9892473220825195,0.758845329284668
YDR316W-B,YGR027W-B,0,-0.6278124,0.1178937554359436,0.9892473220825195,0.7589455842971802
YBR286W,YGL006W,0,-0.6278665,0.11788002401590347,0.9892473220825195,0.7590457797050476
YNL007C,YHL006C,0,-0.62823117,0.11786629259586334,0.9892473220825195,0.7591460347175598
YLR131C,YHR172W,0,-0.62854064,0.11785256862640381,0.9892473220825195,0.759246289730072
YMR188C,YDR515W,0,-0.63088334,0.11783884465694427,0.9892473220825195,0.7593464851379395
YCR039C,YOL023W,0,-0.632594,0.11782512813806534,0.9892473220825195,0.7594467401504517
YDR190C,YER003C,0,-0.6330502,0.1178114116191864,0.9892473220825195,0.7595469355583191
YKR092C,YOR315W,0,-0.633315,0.11779769510030746,0.9892473220825195,0.7596471905708313
YEL011W,YFR016C,0,-0.63388175,0.11778398603200912,0.9892473220825195,0.7597474455833435
YML075C,YAR010C,0,-0.6339941,0.11777027696371078,0.9892473220825195,0.7598476409912109
YJL221C,YJR098C,0,-0.6377532,0.11775657534599304,0.9892473220825195,0.7599478960037231
YGR142W,YIL158W,0,-0.63775665,0.1177428737282753,0.9892473220825195,0.7600480914115906
YDR477W,YAR019C,0,-0.63950175,0.11772917956113815,0.9892473220825195,0.7601483464241028
YOL007C,YGL023C,0,-0.64027745,0.11771548539400101,0.9892473220825195,0.760248601436615
YOL113W,YBR179C,0,-0.6412475,0.11770179122686386,0.9892473220825195,0.7603487968444824
YHR005C,YEL020C,0,-0.6412846,0.11768810451030731,0.9892473220825195,0.7604490518569946
YOL013C,YDL108W,0,-0.6418152,0.11767441779375076,0.9892473220825195,0.7605492472648621
YLR406C,YDR495C,0,-0.64473903,0.11766073852777481,0.9892473220825195,0.7606495022773743
YDR039C,YPL121C,0,-0.6455444,0.11764705926179886,0.9892473220825195,0.7607496976852417
YAL028W,YLR355C,0,-0.6461309,0.1176333799958229,0.9892473220825195,0.7608499526977539
YBR003W,YNL090W,0,-0.6473737,0.11761970818042755,0.9892473220825195,0.7609502077102661
YPL241C,YMR021C,0,-0.6474891,0.11760604381561279,0.9892473220825195,0.7610504031181335
YPL204W,YNL065W,0,-0.64786744,0.11759237945079803,0.9892473220825195,0.7611506581306458
YJR113C,YGR078C,0,-0.6495383,0.11757871508598328,0.9892473220825195,0.7612508535385132
YFL034C-A,YBL004W,0,-0.6514788,0.11756505817174911,0.9892473220825195,0.7613511085510254
YLR126C,YNL292W,0,-0.65160924,0.11755140125751495,0.9892473220825195,0.7614513635635376
YER025W,YER016W,0,-0.65315694,0.11753774434328079,0.9892473220825195,0.761551558971405
YJL051W,YJL179W,0,-0.65315735,0.11752409487962723,0.9892473220825195,0.7616518139839172
YPL089C,YNL213C,0,-0.653882,0.11751045286655426,0.9892473220825195,0.7617520093917847
YBR133C,YIL067C,0,-0.6544166,0.11749681085348129,0.9892473220825195,0.7618522644042969
YNL176C,YGL033W,0,-0.65483814,0.11748316884040833,0.9892473220825195,0.7619525194168091
YDR018C,YGR163W,0,-0.65500677,0.11746952682733536,0.9892473220825195,0.7620527148246765
YGR247W,YML088W,0,-0.65529215,0.11745589971542358,0.9892473220825195,0.7621529698371887
YBR069C,YAL009W,0,-0.6555371,0.11744226515293121,0.9892473220825195,0.7622531652450562
YOR205C,YDR341C,0,-0.655917,0.11742863804101944,0.9892473220825195,0.7623534202575684
YJR098C,YMR006C,0,-0.65639585,0.11741501092910767,0.9892473220825195,0.7624536156654358
YPR028W,YMR290C,0,-0.65664345,0.11740139126777649,0.9892473220825195,0.762553870677948
YGL231C,YOR096W,0,-0.6574509,0.11738777160644531,0.9892473220825195,0.7626541256904602
YPL066W,YGL240W,0,-0.6585415,0.11737415939569473,0.9892473220825195,0.7627543210983276
YGR247W,YIR035C,0,-0.6594269,0.11736054718494415,0.9892473220825195,0.7628545761108398
YJL051W,YML038C,0,-0.6602677,0.11734694242477417,0.9892473220825195,0.7629547715187073
YHL033C,YBL005W-A,0,-0.66044915,0.11733333021402359,0.9892473220825195,0.7630550265312195
YDL012C,YGL184C,0,-0.66316986,0.1173197329044342,0.9892473220825195,0.7631552815437317
YOR332W,YBL036C,0,-0.6637325,0.11730613559484482,0.9892473220825195,0.7632554769515991
YDR115W,YKL222C,0,-0.66412944,0.11729253828525543,0.9892473220825195,0.7633557319641113
YOR086C,YAL009W,0,-0.6642293,0.11727894097566605,0.9892473220825195,0.7634559273719788
YKL211C,YER011W,0,-0.6650559,0.11726535111665726,0.9892473220825195,0.763556182384491
YDR343C,YOR290C,0,-0.6657052,0.11725176870822906,0.9892473220825195,0.7636564373970032
YNL118C,YJR044C,0,-0.6670148,0.11723818629980087,0.9892473220825195,0.7637566328048706
YNL212W,YPL108W,0,-0.6677462,0.11722460389137268,0.9892473220825195,0.7638568878173828
YBL100W-A,YBR098W,0,-0.66926545,0.11721102893352509,0.9892473220825195,0.7639570832252502
YPR120C,YBR248C,0,-0.6695838,0.11719745397567749,0.9892473220825195,0.7640573382377625
YOR328W,YPL217C,0,-0.6709498,0.1171838790178299,0.9892473220825195,0.7641575336456299
YER073W,YLR310C,0,-0.67229366,0.1171703115105629,0.9892473220825195,0.7642577886581421
YKR072C,YKL027W,0,-0.67238915,0.1171567514538765,0.9892473220825195,0.7643580436706543
YDR182W,YJR125C,0,-0.6728806,0.1171431913971901,0.9892473220825195,0.7644582390785217
YNL066W,YPL141C,0,-0.67293215,0.11712963134050369,0.9892473220825195,0.7645584940910339
YOR128C,YLR340W,0,-0.673972,0.11711607128381729,0.9892473220825195,0.7646586894989014
YPR018W,YBR056W,0,-0.67486596,0.11710252612829208,0.9892473220825195,0.7647589445114136
YDL243C,YNL217W,0,-0.6752001,0.11708897352218628,0.9892473220825195,0.7648591995239258
YMR026C,YLR040C,0,-0.676356,0.11707542836666107,0.9892473220825195,0.7649593949317932
YJR007W,YGL224C,0,-0.6788907,0.11706188321113586,0.9892473220825195,0.7650596499443054
YGL245W,YPL158C,0,-0.679433,0.11704834550619125,0.9892473220825195,0.7651598453521729
YDR248C,YML087C,0,-0.68030226,0.11703480780124664,0.9892473220825195,0.7652601003646851
YDR322W,YAL012W,0,-0.6804764,0.11702127754688263,0.9892473220825195,0.7653603553771973
YNR012W,YKL099C,0,-0.68319046,0.11700774729251862,0.9892473220825195,0.7654605507850647
YPL262W,YMR207C,0,-0.6848891,0.1169942170381546,0.9892473220825195,0.7655608057975769
YPR075C,YML127W,0,-0.6853349,0.11698069423437119,0.9892473220825195,0.7656610012054443
YDL069C,YLR233C,0,-0.68652284,0.11696717888116837,0.9892473220825195,0.7657612562179565
YER148W,YDR012W,0,-0.6871382,0.11695365607738495,0.9892473220825195,0.765861451625824
YNR071C,YDL020C,0,-0.6878403,0.11694014072418213,0.9892473220825195,0.7659617066383362
YGR240C,YJR135W-A,0,-0.689136,0.1169266328215599,0.9892473220825195,0.7660619616508484
YLR371W,YKL069W,0,-0.6894866,0.11691312491893768,0.9892473220825195,0.7661621570587158
YPL154C,YOR182C,0,-0.6898483,0.11689961701631546,0.9892473220825195,0.766262412071228
YAL041W,YFR042W,0,-0.6900878,0.11688611656427383,0.9892473220825195,0.7663626074790955
YOL049W,YNL048W,0,-0.6902188,0.11687261611223221,0.9892473220825195,0.7664628624916077
YER014W,YPR134W,0,-0.6924804,0.11685912311077118,0.9892473220825195,0.7665631175041199
YJL096W,YIL121W,0,-0.6931697,0.11684563010931015,0.9892473220825195,0.7666633129119873
YNL069C,YHL036W,0,-0.6937955,0.11683213710784912,0.9892473220825195,0.7667635679244995
YFL018C,YNL288W,0,-0.6944029,0.11681865155696869,0.9892473220825195,0.7668637633323669
YER070W,YER167W,0,-0.6961675,0.11680517345666885,0.9892473220825195,0.7669640183448792
YBR180W,YLL052C,0,-0.69652694,0.11679168790578842,0.9892473220825195,0.7670642733573914
YLR371W,YGR044C,0,-0.69698846,0.11677821725606918,0.9892473220825195,0.7671644687652588
YGR206W,YPR022C,0,-0.6972158,0.11676473915576935,0.9892473220825195,0.767264723777771
YAL055W,YGR078C,0,-0.69811296,0.11675126850605011,0.9892473220825195,0.7673649191856384
YIL072W,YAL041W,0,-0.69929975,0.11673779785633087,0.9892473220825195,0.7674651741981506
YFL011W,YER019W,0,-0.6996423,0.11672433465719223,0.9892473220825195,0.7675654292106628
YGL184C,YEL071W,0,-0.7004006,0.11671087890863419,0.9892473220825195,0.7676656246185303
YHR043C,YGR277C,0,-0.70047504,0.11669741570949554,0.9892473220825195,0.7677658796310425
YDR387C,YOR032C,0,-0.70051926,0.1166839599609375,0.9892473220825195,0.7678660750389099
YGR122W,YAR033W,0,-0.70063007,0.11667051166296005,0.9892473220825195,0.7679663300514221
YCR068W,YLR258W,0,-0.700984,0.1166570633649826,0.9892473220825195,0.7680665254592896
YFL034C-B,YNL054W,0,-0.70155966,0.11664361506700516,0.9892473220825195,0.7681667804718018
YKL213C,YAL041W,0,-0.7029556,0.1166301742196083,0.9892473220825195,0.768267035484314
YDR069C,YLR324W,0,-0.70312494,0.11661673337221146,0.9892473220825195,0.7683672308921814
YLR360W,YNL098C,0,-0.7034312,0.1166032925248146,0.9892473220825195,0.7684674859046936
YEL039C,YDR387C,0,-0.7037245,0.11658985912799835,0.9892473220825195,0.768567681312561
YDR338C,YGL151W,0,-0.70464337,0.1165764331817627,0.9892473220825195,0.7686679363250732
YML100W,YDL168W,0,-0.7052621,0.11656300723552704,0.9892473220825195,0.7687681913375854
YPR082C,YPR020W,0,-0.70712507,0.11654958128929138,0.9892473220825195,0.7688683867454529
YGL223C,YKR018C,0,-0.7072153,0.11653615534305573,0.9892473220825195,0.7689686417579651
YKL181W,YNL299W,0,-0.7073697,0.11652273684740067,0.9892473220825195,0.7690688371658325
YDR315C,YMR313C,0,-0.708601,0.1165093258023262,0.9892473220825195,0.7691690921783447
YGR247W,YDR443C,0,-0.7107482,0.11649591475725174,0.9892473220825195,0.7692693471908569
YNR056C,YJL118W,0,-0.7112371,0.11648250371217728,0.9892473220825195,0.7693695425987244
YOR075W,YDR020C,0,-0.7145318,0.11646910011768341,0.9892473220825195,0.7694697976112366
YDR045C,YDL056W,0,-0.7180133,0.11645569652318954,0.9892473220825195,0.769569993019104
YDR379W,YOR011W,0,-0.7183427,0.11644229292869568,0.9892473220825195,0.7696702480316162
YDR084C,YDL065C,0,-0.71844715,0.11642889678478241,0.9892473220825195,0.7697704434394836
YDR186C,YPL123C,0,-0.7196474,0.11641550809144974,0.9892473220825195,0.7698706984519958
YLR061W,YPL141C,0,-0.7200525,0.11640211939811707,0.9892473220825195,0.7699709534645081
YPL040C,YKL191W,0,-0.7201443,0.1163887307047844,0.9892473220825195,0.7700711488723755
YPL072W,YJL196C,0,-0.72052836,0.11637534201145172,0.9892473220825195,0.7701714038848877
YOR267C,YBR089C-A,0,-0.7217845,0.11636196076869965,0.9892473220825195,0.7702715992927551
YER007C-A,YOR293W,0,-0.72195554,0.11634858697652817,0.9892473220825195,0.7703718543052673
YBL099W,YNL323W,0,-0.72223854,0.11633521318435669,0.9892473220825195,0.7704721093177795
YIL068C,YOR004W,0,-0.7226175,0.11632183939218521,0.9892473220825195,0.770572304725647
YNL166C,YNL243W,0,-0.7234776,0.11630847305059433,0.9892473220825195,0.7706725597381592
YKL035W,YNR020C,0,-0.7254169,0.11629510670900345,0.9892473220825195,0.7707727551460266
YOR328W,YMR118C,0,-0.72563875,0.11628174036741257,0.9892473220825195,0.7708730101585388
YOL113W,YDR003W,0,-0.7258919,0.11626838147640228,0.9892473220825195,0.770973265171051
YJL181W,YLR288C,0,-0.7261008,0.116255022585392,0.9892473220825195,0.7710734605789185
YHR073W,YDR513W,0,-0.7264362,0.11624167114496231,0.9892473220825195,0.7711737155914307
YGL038C,YOR005C,0,-0.7291163,0.11622831970453262,0.9892473220825195,0.7712739109992981
YOR337W,YHR117W,0,-0.729294,0.11621497571468353,0.9892473220825195,0.7713741660118103
YKL222C,YOR231W,0,-0.72945607,0.11620163172483444,0.9892473220825195,0.7714743614196777
YOR070C,YDR236C,0,-0.7296366,0.11618828773498535,0.9892473220825195,0.7715746164321899
YML065W,YGR205W,0,-0.72990215,0.11617495119571686,0.9892473220825195,0.7716748714447021
YIL037C,YBL071W-A,0,-0.7310948,0.11616161465644836,0.9892473220825195,0.7717750668525696
YPR075C,YAL001C,0,-0.731627,0.11614828556776047,0.9892473220825195,0.7718753218650818
YPL105C,YHR023W,0,-0.73190176,0.11613495647907257,0.9892473220825195,0.7719755172729492
YOR384W,YPL060C-A,0,-0.7319381,0.11612162739038467,0.9892473220825195,0.7720757722854614
YPR081C,YKL199C,0,-0.7322547,0.11610830575227737,0.9892473220825195,0.7721760272979736
YCL044C,YDL191W,0,-0.7335969,0.11609498411417007,0.9892473220825195,0.7722762227058411
YLR356W,YHR036W,0,-0.7346302,0.11608166992664337,0.9892473220825195,0.7723764777183533
YDR315C,YOR100C,0,-0.7357969,0.11606835573911667,0.9892473220825195,0.7724766731262207
YJR044C,YGR257C,0,-0.7367635,0.11605504900217056,0.9892473220825195,0.7725769281387329
YBL099W,YLR089C,0,-0.73994535,0.11604173481464386,0.9892473220825195,0.7726771831512451
YIR037W,YNL207W,0,-0.7400451,0.11602843552827835,0.9892473220825195,0.7727773785591125
YGR038W,YFR051C,0,-0.7405085,0.11601512879133224,0.9892473220825195,0.7728776335716248
YFR009W,YIL053W,0,-0.7405876,0.11600183695554733,0.9892473220825195,0.7729778289794922
YJR113C,YIR007W,0,-0.74179596,0.11598853766918182,0.9892473220825195,0.7730780839920044
YDL046W,YPL152W,0,-0.7429457,0.11597524583339691,0.9892473220825195,0.7731783390045166
YGR254W,YHR123W,0,-0.744262,0.115961953997612,0.9892473220825195,0.773278534412384
YHR147C,YNL049C,0,-0.7453641,0.11594866961240768,0.9892473220825195,0.7733787894248962
YGL079W,YHR176W,0,-0.74546736,0.11593538522720337,0.9892473220825195,0.7734789848327637
YHR187W,YAL053W,0,-0.7473239,0.11592210829257965,0.9892473220825195,0.7735792398452759
YDR214W,YMR021C,0,-0.7477064,0.11590883135795593,0.9892473220825195,0.7736794352531433
YKL188C,YFL016C,0,-0.747754,0.11589555442333221,0.9892473220825195,0.7737796902656555
YLR308W,YKR105C,0,-0.74825454,0.11588228493928909,0.9892473220825195,0.7738799452781677
YER087C-A,YDL209C,0,-0.7502941,0.11586901545524597,0.9892473220825195,0.7739801406860352
YOR339C,YBR084W,0,-0.7505325,0.11585575342178345,0.9892473220825195,0.7740803956985474
YOR335C,YJL216C,0,-0.7509776,0.11584249138832092,0.9892473220825195,0.7741805911064148
YDR134C,YIL162W,0,-0.7531528,0.1158292293548584,0.9892473220825195,0.774280846118927
YDL124W,YOL149W,0,-0.7534573,0.11581597477197647,0.9892473220825195,0.7743811011314392
YFL009W,YMR202W,0,-0.7540276,0.11580272018909454,0.9892473220825195,0.7744812965393066
YGR005C,YDL127W,0,-0.7555604,0.11578947305679321,0.9892473220825195,0.7745815515518188
YNL051W,YDR273W,0,-0.7558837,0.11577622592449188,0.9892473220825195,0.7746817469596863
YPR141C,YER003C,0,-0.7561843,0.11576298624277115,0.9892473220825195,0.7747820019721985
YBR034C,YIL091C,0,-0.7575232,0.11574973911046982,0.9892473220825195,0.7748822569847107
YBR280C,YER112W,0,-0.7583493,0.11573650687932968,0.9892473220825195,0.7749824523925781
YFR025C,YLR097C,0,-0.7587324,0.11572326719760895,0.9892473220825195,0.7750827074050903
YMR033W,YOR338W,1,-0.75969744,0.1158243790268898,0.9902248382568359,0.7750827074050903
YNL094W,YLR011W,0,-0.759969,0.11581113189458847,0.9902248382568359,0.7751829028129578
YDR221W,YDR040C,0,-0.76219225,0.11579789966344833,0.9902248382568359,0.77528315782547
YDL085W,YBR023C,0,-0.7636485,0.1157846599817276,0.9902248382568359,0.7753833532333374
YMR156C,YER016W,0,-0.7651856,0.11577142775058746,0.9902248382568359,0.7754836082458496
YGR172C,YDL008W,0,-0.7655335,0.11575819551944733,0.9902248382568359,0.7755838632583618
YNL247W,YOR273C,0,-0.76579666,0.11574497073888779,0.9902248382568359,0.7756840586662292
YGR035C,YHR196W,0,-0.7664849,0.11573174595832825,0.9902248382568359,0.7757843136787415
YHR201C,YOL044W,0,-0.7666033,0.1157185286283493,0.9902248382568359,0.7758845090866089
YKL063C,YPL256C,0,-0.76699716,0.11570531129837036,0.9902248382568359,0.7759847640991211
YDR074W,YPR174C,0,-0.76704776,0.11569209396839142,0.9902248382568359,0.7760850191116333
YCR043C,YOL020W,0,-0.76829505,0.11567888408899307,0.9902248382568359,0.7761852145195007
YCR043C,YDR292C,0,-0.7693281,0.11566567420959473,0.9902248382568359,0.7762854695320129
YGR122W,YDR325W,0,-0.7696535,0.11565247178077698,0.9902248382568359,0.7763856649398804
YFR055W,YDR343C,0,-0.7699549,0.11563926935195923,0.9902248382568359,0.7764859199523926
YMR041C,YBR221C,0,-0.7706052,0.11562606692314148,0.9902248382568359,0.7765861749649048
YPL090C,YLR109W,0,-0.77064466,0.11561287194490433,0.9902248382568359,0.7766863703727722
YER062C,YBR162C,0,-0.77082574,0.11559967696666718,0.9902248382568359,0.7767866253852844
YDR511W,YKL048C,0,-0.7715659,0.11558648943901062,0.9902248382568359,0.7768868207931519
YNL265C,YCR102C,0,-0.77205276,0.11557330191135406,0.9902248382568359,0.7769870758056641
YER106W,YDR538W,0,-0.7732953,0.1155601218342781,0.9902248382568359,0.7770872712135315
YMR184W,YGL106W,0,-0.7741516,0.11554693430662155,0.9902248382568359,0.7771875262260437
YLL010C,YNL158W,0,-0.77501607,0.11553376168012619,0.9902248382568359,0.7772877812385559
YMR053C,YMR109W,0,-0.7754929,0.11552058160305023,0.9902248382568359,0.7773879766464233
YGL037C,YBR081C,1,-0.7760606,0.11562144011259079,0.9912023544311523,0.7773879766464233
YHR039C-B,YNR046W,0,-0.7766814,0.11560825258493423,0.9912023544311523,0.7774882316589355
YOL002C,YDL189W,0,-0.77776086,0.11559507250785828,0.9912023544311523,0.777588427066803
YOR330C,YIL013C,0,-0.7779529,0.11558189988136292,0.9912023544311523,0.7776886820793152
YMR016C,YHR009C,0,-0.77840537,0.11556872725486755,0.9912023544311523,0.7777889370918274
YJR098C,YPL173W,0,-0.7812449,0.11555555462837219,0.9912023544311523,0.7778891324996948
YHR129C,YNL197C,0,-0.78226125,0.11554238945245743,0.9912023544311523,0.777989387512207
YNL093W,YJR118C,0,-0.783095,0.11552922427654266,0.9912023544311523,0.7780895829200745
YEL013W,YDL191W,0,-0.7849153,0.1155160665512085,0.9912023544311523,0.7781898379325867
YLR417W,YGR040W,0,-0.78541696,0.11550290137529373,0.9912023544311523,0.7782900929450989
YGR035C,YLR441C,0,-0.785831,0.11548975110054016,0.9912023544311523,0.7783902883529663
YOR130C,YER161C,0,-0.78676546,0.11547660082578659,0.9912023544311523,0.7784905433654785
YDR044W,YBL042C,0,-0.786839,0.11546345055103302,0.9912023544311523,0.778590738773346
YKL060C,YAR071W,0,-0.7869143,0.11545030027627945,0.9912023544311523,0.7786909937858582
YNL083W,YGL206C,0,-0.7873858,0.11543715745210648,0.9912023544311523,0.7787912487983704
YNL339C,YNL083W,0,-0.7873965,0.1154240146279335,0.9912023544311523,0.7788914442062378
YLR390W-A,YIL107C,0,-0.7875451,0.11541087925434113,0.9912023544311523,0.77899169921875
YMR050C,YOR254C,0,-0.7887936,0.11539774388074875,0.9912023544311523,0.7790918946266174
YLR377C,YOR290C,0,-0.7892692,0.11538461595773697,0.9912023544311523,0.7791921496391296
YJL164C,YLR248W,0,-0.7894213,0.11537148803472519,0.9912023544311523,0.7792923450469971
YMR281W,YER183C,0,-0.79008037,0.11535836011171341,0.9912023544311523,0.7793926000595093
YBR295W,YGR257C,0,-0.7901198,0.11534523963928223,0.9912023544311523,0.7794928550720215
YHL044W,YPR073C,0,-0.7904868,0.11533211916685104,0.9912023544311523,0.7795930504798889
YLR120C,YKR061W,0,-0.79067713,0.11531900614500046,0.9912023544311523,0.7796933054924011
YPL160W,YBL047C,0,-0.790823,0.11530589312314987,0.9912023544311523,0.7797935009002686
YJL089W,YBR156C,0,-0.7912429,0.11529278010129929,0.9912023544311523,0.7798937559127808
YKL181W,YDR363W-A,0,-0.791271,0.1152796745300293,0.9912023544311523,0.779994010925293
YKL004W,YKL112W,0,-0.7921835,0.11526656895875931,0.9912023544311523,0.7800942063331604
YGL095C,YER054C,0,-0.7924299,0.11525346338748932,0.9912023544311523,0.7801944613456726
YJL116C,YER003C,0,-0.793453,0.11524036526679993,0.9912023544311523,0.78029465675354
YFL062W,YBL020W,0,-0.79418385,0.11522727459669113,0.9912023544311523,0.7803949117660522
YLR408C,YNL112W,0,-0.7942875,0.11521418392658234,0.9912023544311523,0.7804951667785645
YGL185C,YMR275C,0,-0.7963662,0.11520109325647354,0.9912023544311523,0.7805953621864319
YLR378C,YDR387C,0,-0.79693633,0.11518800258636475,0.9912023544311523,0.7806956171989441
YDR056C,YHR111W,0,-0.7977741,0.11517491936683655,0.9912023544311523,0.7807958126068115
YKR045C,YMR091C,0,-0.8011487,0.11516183614730835,0.9912023544311523,0.7808960676193237
YIL051C,YPR104C,0,-0.8015685,0.11514876037836075,0.9912023544311523,0.7809962630271912
YML060W,YKL027W,0,-0.802948,0.11513568460941315,0.9912023544311523,0.7810965180397034
YKL071W,YDR490C,0,-0.80299085,0.11512261629104614,0.9912023544311523,0.7811967730522156
YBL105C,YOL086W-A,0,-0.8032521,0.11510954797267914,0.9912023544311523,0.781296968460083
YNR033W,YOR227W,0,-0.80442333,0.11509647965431213,0.9912023544311523,0.7813972234725952
YPL004C,YPL137C,0,-0.8052141,0.11508341878652573,0.9912023544311523,0.7814974188804626
YKR052C,YDR540C,0,-0.80619246,0.11507035791873932,0.9912023544311523,0.7815976738929749
YGL125W,YNL272C,0,-0.80632573,0.11505730450153351,0.9912023544311523,0.7816979289054871
YCR089W,YPL281C,0,-0.80916005,0.1150442510843277,0.9912023544311523,0.7817981243133545
YFL018C,YDR284C,0,-0.8102266,0.11503119766712189,0.9912023544311523,0.7818983793258667
YJR047C,YJL111W,0,-0.8110902,0.11501815170049667,0.9912023544311523,0.7819985747337341
YDL060W,YNL075W,0,-0.81114805,0.11500510573387146,0.9912023544311523,0.7820988297462463
YHR128W,YDR175C,0,-0.8117545,0.11499205976724625,0.9912023544311523,0.7821990847587585
YMR154C,YOR003W,0,-0.81210935,0.11497902125120163,0.9912023544311523,0.782299280166626
YNL241C,YBR159W,0,-0.8130621,0.11496598273515701,0.9912023544311523,0.7823995351791382
YML077W,YPR110C,0,-0.8141327,0.114952951669693,0.9912023544311523,0.7824997305870056
YLR378C,YBR106W,0,-0.8145381,0.11493992060422897,0.9912023544311523,0.7825999855995178
YDR283C,YIR019C,0,-0.8150735,0.11492689698934555,0.9912023544311523,0.7827001810073853
YLL016W,YBR279W,0,-0.81619763,0.11491387337446213,0.9912023544311523,0.7828004360198975
YDR485C,YDL223C,0,-0.8178364,0.1149008497595787,0.9912023544311523,0.7829006910324097
YPL195W,YKL096W,0,-0.82084465,0.11488783359527588,0.9912023544311523,0.7830008864402771
YLR369W,YOL077W-A,0,-0.82087207,0.11487481743097305,0.9912023544311523,0.7831011414527893
YGL231C,YER033C,0,-0.8211978,0.11486180126667023,0.9912023544311523,0.7832013368606567
YDR479C,YLR207W,0,-0.821489,0.114848792552948,0.9912023544311523,0.783301591873169
YER071C,YER126C,0,-0.82294697,0.11483578383922577,0.9912023544311523,0.7834018468856812
YPR168W,YPL158C,0,-0.8229486,0.11482278257608414,0.9912023544311523,0.7835020422935486
YHR033W,YKL025C,0,-0.8232597,0.1148097813129425,0.9912023544311523,0.7836022973060608
YKL184W,YBR302C,0,-0.8234719,0.11479678750038147,0.9912023544311523,0.7837024927139282
YCR079W,YDR320C-A,0,-0.8247793,0.11478378623723984,0.9912023544311523,0.7838027477264404
YNL093W,YLR204W,0,-0.8269253,0.1147707998752594,0.9912023544311523,0.7839030027389526
YLR192C,YPL183C,0,-0.82772547,0.11475780606269836,0.9912023544311523,0.7840031981468201
YJR126C,YGR059W,0,-0.8278812,0.11474481970071793,0.9912023544311523,0.7841034531593323
YLL023C,YKR029C,0,-0.8326508,0.11473184078931808,0.9912023544311523,0.7842036485671997
YMR257C,YDR129C,0,-0.83378744,0.11471886187791824,0.9912023544311523,0.7843039035797119
YJL221C,YBL045C,0,-0.8340561,0.1147058829665184,0.9912023544311523,0.7844041585922241
YMR256C,YDR219C,0,-0.83446634,0.11469291150569916,0.9912023544311523,0.7845043540000916
YIL050W,YGL156W,0,-0.83545244,0.11467994004487991,0.9912023544311523,0.7846046090126038
YMR080C,YGL179C,0,-0.8358743,0.11466696858406067,0.9912023544311523,0.7847048044204712
YGR295C,YLR310C,0,-0.8363141,0.11465400457382202,0.9912023544311523,0.7848050594329834
YMR105C,YGL224C,0,-0.83708715,0.11464104056358337,0.9912023544311523,0.7849052548408508
YLR347C,YOR295W,0,-0.8372049,0.11462808400392532,0.9912023544311523,0.785005509853363
YNL118C,YDL124W,0,-0.83782274,0.11461512744426727,0.9912023544311523,0.7851057648658752
YJL209W,YKL107W,0,-0.8382395,0.11460217088460922,0.9912023544311523,0.7852059602737427
YLL066C,YKL194C,0,-0.839833,0.11458922177553177,0.9912023544311523,0.7853062152862549
YDR208W,YBL039C,0,-0.84029865,0.11457627266645432,0.9912023544311523,0.7854064106941223
YDR348C,YKL026C,0,-0.8406196,0.11456332355737686,0.9912023544311523,0.7855066657066345
YPL249C-A,YJR084W,0,-0.8426697,0.11455038189888,0.9912023544311523,0.7856069207191467
YOR002W,YNL142W,0,-0.84360904,0.11453744769096375,0.9912023544311523,0.7857071161270142
YAL001C,YDR115W,0,-0.84618425,0.11452450603246689,0.9912023544311523,0.7858073711395264
YNL217W,YBL075C,0,-0.84652025,0.11451157182455063,0.9912023544311523,0.7859075665473938
YNR036C,YHR003C,0,-0.84700745,0.11449864506721497,0.9912023544311523,0.786007821559906
YGL223C,YNL275W,0,-0.8486826,0.1144857183098793,0.9912023544311523,0.7861080765724182
YDR100W,YDL247W,0,-0.84868956,0.11447279155254364,0.9912023544311523,0.7862082719802856
YGL022W,YGR200C,0,-0.8490637,0.11445987224578857,0.9912023544311523,0.7863085269927979
YDR018C,YBR033W,0,-0.8495926,0.11444695293903351,0.9912023544311523,0.7864087224006653
YDL239C,YPL096C-A,0,-0.85165685,0.11443403363227844,0.9912023544311523,0.7865089774131775
YAR010C,YPL108W,0,-0.8535984,0.11442112177610397,0.9912023544311523,0.7866091728210449
YFL029C,YER071C,0,-0.8540381,0.1144082173705101,0.9912023544311523,0.7867094278335571
YJL058C,YJR098C,0,-0.85416335,0.11439530551433563,0.9912023544311523,0.7868096828460693
YNL024C,YBR199W,0,-0.85419077,0.11438240110874176,0.9912023544311523,0.7869098782539368
YLR304C,YMR150C,0,-0.8548589,0.11436950415372849,0.9912023544311523,0.787010133266449
YGL135W,YPL158C,0,-0.8548691,0.11435659974813461,0.9912023544311523,0.7871103286743164
YIL098C,YMR233W,0,-0.8552937,0.11434371024370193,0.9912023544311523,0.7872105836868286
YKL060C,YDR501W,0,-0.85568666,0.11433081328868866,0.9912023544311523,0.7873108386993408
YAL001C,YBL047C,0,-0.85603285,0.11431792378425598,0.9912023544311523,0.7874110341072083
YJL106W,YHL044W,0,-0.8583041,0.1143050417304039,0.9912023544311523,0.7875112891197205
YNL094W,YDL043C,0,-0.8583258,0.11429215222597122,0.9912023544311523,0.7876114845275879
YDR239C,YDL042C,0,-0.8590785,0.11427927762269974,0.9912023544311523,0.7877117395401001
YLR166C,YOR211C,0,-0.85963917,0.11426639556884766,0.9912023544311523,0.7878119945526123
YMR264W,YHR122W,0,-0.85991734,0.11425352096557617,0.9912023544311523,0.7879121899604797
YIL037C,YGL020C,0,-0.8610624,0.11424064636230469,0.9912023544311523,0.7880124449729919
YGR166W,YGR074W,0,-0.86162966,0.1142277792096138,0.9912023544311523,0.7881126403808594
YLR308W,YLR411W,0,-0.86238474,0.11421491205692291,0.9912023544311523,0.7882128953933716
YJR010C-A,YER127W,0,-0.86396074,0.11420205235481262,0.9912023544311523,0.788313090801239
YNL311C,YPL266W,0,-0.8644695,0.11418919265270233,0.9912023544311523,0.7884133458137512
YOR269W,YBL037W,0,-0.86504114,0.11417633295059204,0.9912023544311523,0.7885136008262634
YDL052C,YIR007W,0,-0.8653023,0.11416347324848175,0.9912023544311523,0.7886137962341309
YMR275C,YBR043C,0,-0.8661792,0.11415062844753265,0.9912023544311523,0.7887140512466431
YGR279C,YDR266C,0,-0.86635566,0.11413777619600296,0.9912023544311523,0.7888142466545105
YHR147C,YOL055C,0,-0.8666795,0.11412493139505386,0.9912023544311523,0.7889145016670227
YNL212W,YDL114W,0,-0.8668001,0.11411208659410477,0.9912023544311523,0.7890147566795349
YKR001C,YFL047W,0,-0.8672432,0.11409924924373627,0.9912023544311523,0.7891149520874023
YPL086C,YJR099W,0,-0.8675653,0.11408641189336777,0.9912023544311523,0.7892152070999146
YDR439W,YDR523C,0,-0.8677478,0.11407357454299927,0.9912023544311523,0.789315402507782
YFL055W,YOR047C,0,-0.8683002,0.11406074464321136,0.9912023544311523,0.7894156575202942
YBL060W,YBR200W-A,0,-0.86883724,0.11404791474342346,0.9912023544311523,0.7895159125328064
YBR022W,YJR046W,0,-0.86979175,0.11403508484363556,0.9912023544311523,0.7896161079406738
YMR058W,YNL063W,0,-0.87087834,0.11402226239442825,0.9912023544311523,0.789716362953186
YER069W,YOR319W,0,-0.87094456,0.11400944739580154,0.9912023544311523,0.7898165583610535
YLR315W,YPR028W,0,-0.871138,0.11399662494659424,0.9912023544311523,0.7899168133735657
YBR216C,YMR134W,0,-0.87127644,0.11398380994796753,0.9912023544311523,0.7900170683860779
YGL085W,YIL129C,0,-0.8714124,0.11397100239992142,0.9912023544311523,0.7901172637939453
YKL081W,YOR315W,0,-0.871721,0.1139581948518753,0.9912023544311523,0.7902175188064575
YIL037C,YDL117W,0,-0.87172544,0.1139453873038292,0.9912023544311523,0.790317714214325
YDL110C,YER184C,0,-0.8723365,0.11393258720636368,0.9912023544311523,0.7904179692268372
YOL002C,YLR226W,0,-0.87310576,0.11391978710889816,0.9912023544311523,0.7905181646347046
YJR041C,YMR164C,0,-0.8747836,0.11390698701143265,0.9912023544311523,0.7906184196472168
YGL185C,YPL061W,0,-0.8766092,0.11389419436454773,0.9912023544311523,0.790718674659729
YPL006W,YFR040W,0,-0.8774466,0.11388140171766281,0.9912023544311523,0.7908188700675964
YGL222C,YJL036W,0,-0.8778938,0.11386861652135849,0.9912023544311523,0.7909191250801086
YPL101W,YOR116C,0,-0.8797927,0.11385582387447357,0.9912023544311523,0.7910193204879761
YNL069C,YKL026C,0,-0.8803605,0.11384304612874985,0.9912023544311523,0.7911195755004883
YJR064W,YOR374W,0,-0.88048506,0.11383026838302612,0.9912023544311523,0.7912198305130005
YLR037C,YGR092W,0,-0.880834,0.1138174906373024,0.9912023544311523,0.7913200259208679
YEL006W,YEL047C,0,-0.88194966,0.11380471289157867,0.9912023544311523,0.7914202809333801
YNL020C,YIL097W,0,-0.88243127,0.11379194259643555,0.9912023544311523,0.7915204763412476
YER149C,YLR262C,0,-0.88249195,0.11377917230129242,0.9912023544311523,0.7916207313537598
YGR181W,YJL069C,0,-0.8831351,0.11376640945672989,0.9912023544311523,0.791720986366272
YHR202W,YBR160W,0,-0.88607746,0.11375364661216736,0.9912023544311523,0.7918211817741394
YDL104C,YLR196W,0,-0.88878554,0.11374088376760483,0.9912023544311523,0.7919214367866516
YCR020C,YDR242W,0,-0.88916254,0.1137281283736229,0.9912023544311523,0.792021632194519
YLR352W,YLR147C,0,-0.88994616,0.11371537297964096,0.9912023544311523,0.7921218872070312
YNL020C,YDR361C,0,-0.8903116,0.11370262503623962,0.9912023544311523,0.7922220826148987
YHL026C,YLR283W,0,-0.89054686,0.11368987709283829,0.9912023544311523,0.7923223376274109
YDR143C,YCL011C,0,-0.8915699,0.11367712914943695,0.9912023544311523,0.7924225926399231
YOR198C,YHR011W,0,-0.8916354,0.11366438865661621,0.9912023544311523,0.7925227880477905
YLL028W,YLR283W,0,-0.8927468,0.11365164816379547,0.9912023544311523,0.7926230430603027
YDR168W,YHR076W,0,-0.8929746,0.11363890767097473,0.9912023544311523,0.7927232384681702
YDR018C,YIL040W,0,-0.8931135,0.11362617462873459,0.9912023544311523,0.7928234934806824
YDR536W,YEL061C,0,-0.89440095,0.11361344903707504,0.9912023544311523,0.7929237484931946
YFL002W-A,YLR061W,0,-0.8945073,0.1136007159948349,0.9912023544311523,0.793023943901062
YLR003C,YDL100C,0,-0.89527345,0.11358799040317535,0.9912023544311523,0.7931241989135742
YPL056C,YGL059W,0,-0.89534366,0.1135752722620964,0.9912023544311523,0.7932243943214417
YIL067C,YLR190W,0,-0.8959991,0.11356254667043686,0.9912023544311523,0.7933246493339539
YCR079W,YDR027C,0,-0.8962572,0.11354982852935791,0.9912023544311523,0.7934249043464661
YMR282C,YOR264W,0,-0.8964349,0.11353711783885956,0.9912023544311523,0.7935250997543335
YPL236C,YDR113C,0,-0.89755213,0.1135244071483612,0.9912023544311523,0.7936253547668457
YBR180W,YLL023C,0,-0.89783996,0.11351169645786285,0.9912023544311523,0.7937255501747131
YMR163C,YMR118C,0,-0.89793456,0.1134989932179451,0.9912023544311523,0.7938258051872253
YJL212C,YLR233C,0,-0.8980876,0.11348628997802734,0.9912023544311523,0.7939260005950928
YBR201W,YOR273C,0,-0.8987143,0.11347358673810959,0.9912023544311523,0.794026255607605
YPL214C,YER122C,0,-0.8988268,0.11346089094877243,0.9912023544311523,0.7941265106201172
YDR054C,YLR023C,0,-0.89939785,0.11344819515943527,0.9912023544311523,0.7942267060279846
YDR119W,YDL087C,0,-0.89967424,0.11343550682067871,0.9912023544311523,0.7943269610404968
YDR077W,YBR035C,0,-0.89986837,0.11342281848192215,0.9912023544311523,0.7944271564483643
YOL098C,YNL279W,0,-0.90028584,0.11341013014316559,0.9912023544311523,0.7945274114608765
YMR053C,YML057W,0,-0.9005033,0.11339744925498962,0.9912023544311523,0.7946276664733887
YOR347C,YLR449W,0,-0.9006772,0.11338476836681366,0.9912023544311523,0.7947278618812561
YDR099W,YJR088C,0,-0.90094984,0.11337209492921829,0.9912023544311523,0.7948281168937683
YDR025W,YPL053C,0,-0.9015553,0.11335942149162292,0.9912023544311523,0.7949283123016357
YJL106W,YNL275W,0,-0.9050176,0.11334674805402756,0.9912023544311523,0.795028567314148
YHR080C,YDL130W-A,0,-0.9052218,0.11333408206701279,0.9912023544311523,0.7951288223266602
YIL067C,YJL189W,0,-0.90554756,0.11332141607999802,0.9912023544311523,0.7952290177345276
YHR001W,YGL213C,0,-0.90601015,0.11330875009298325,0.9912023544311523,0.7953292727470398
YHR183W,YLR135W,0,-0.90718436,0.11329609155654907,0.9912023544311523,0.7954294681549072
YDR438W,YPR098C,0,-0.90737367,0.1132834330201149,0.9912023544311523,0.7955297231674194
YOR255W,YMR048W,0,-0.90764624,0.11327077448368073,0.9912023544311523,0.7956299781799316
YGL039W,YLR185W,0,-0.907749,0.11325812339782715,0.9912023544311523,0.7957301735877991
YCR098C,YIR036C,0,-0.9077759,0.11324547976255417,0.9912023544311523,0.7958304286003113
YNL289W,YDL119C,0,-0.908028,0.11323282867670059,0.9912023544311523,0.7959306240081787
YDL214C,YNL331C,0,-0.90910447,0.11322018504142761,0.9912023544311523,0.7960308790206909
YDR018C,YNL090W,0,-0.9094781,0.11320754885673523,0.9912023544311523,0.7961310744285583
YML092C,YGR193C,0,-0.91037893,0.11319491267204285,0.9912023544311523,0.7962313294410706
YBR171W,YOR247W,0,-0.91046447,0.11318227648735046,0.9912023544311523,0.7963315844535828
YOL088C,YDR055W,0,-0.9104984,0.11316964030265808,0.9912023544311523,0.7964317798614502
YLR194C,YDR329C,0,-0.9105377,0.1131570115685463,0.9912023544311523,0.7965320348739624
YCL040W,YBR127C,0,-0.9107467,0.1131443902850151,0.9912023544311523,0.7966322302818298
YLR304C,YBR149W,0,-0.9112319,0.11313176155090332,0.9912023544311523,0.796732485294342
YOR373W,YGL160W,0,-0.91139346,0.11311914026737213,0.9912023544311523,0.7968327403068542
YKL051W,YGL039W,0,-0.9125731,0.11310652643442154,0.9912023544311523,0.7969329357147217
YDR252W,YBL047C,0,-0.91271245,0.11309391260147095,0.9912023544311523,0.7970331907272339
YKL077W,YLR118C,0,-0.9129704,0.11308129876852036,0.9912023544311523,0.7971333861351013
YKL027W,YIL111W,0,-0.914872,0.11306869238615036,0.9912023544311523,0.7972336411476135
YDR106W,YDR005C,1,-0.91546655,0.11316757649183273,0.9921798706054688,0.7972336411476135
YBR204C,YPR023C,0,-0.91671205,0.11315496265888214,0.9921798706054688,0.7973338961601257
YNL020C,YHR210C,0,-0.917303,0.11314234882593155,0.9921798706054688,0.7974340915679932
YLR120C,YNL216W,0,-0.9173661,0.11312973499298096,0.9921798706054688,0.7975343465805054
YIL067C,YDL033C,0,-0.9184392,0.11311712861061096,0.9921798706054688,0.7976345419883728
YOR120W,YER172C,0,-0.9186931,0.11310452222824097,0.9921798706054688,0.797734797000885
YGL185C,YJL111W,0,-0.91908276,0.11309192329645157,0.9921798706054688,0.7978349924087524
YHR172W,YER006W,0,-0.9221026,0.11307932436466217,0.9921798706054688,0.7979352474212646
YMR052W,YER131W,0,-0.922408,0.11306672543287277,0.9921798706054688,0.7980355024337769
YDR456W,YKR099W,0,-0.9242583,0.11305413395166397,0.9921798706054688,0.7981356978416443
YFR025C,YML063W,0,-0.9247279,0.11304154247045517,0.9921798706054688,0.7982359528541565
YHL026C,YCL010C,0,-0.9260638,0.11302895098924637,0.9921798706054688,0.7983361482620239
YEL011W,YDR541C,0,-0.92671406,0.11301636695861816,0.9921798706054688,0.7984364032745361
YHR157W,YPL159C,0,-0.927549,0.11300378292798996,0.9921798706054688,0.7985366582870483
YNL161W,YLR362W,0,-0.92821246,0.11299120634794235,0.9921798706054688,0.7986368536949158
YGL119W,YDR021W,0,-0.92955756,0.11297862976789474,0.9921798706054688,0.798737108707428
YJL089W,YNL101W,0,-0.93059707,0.11296605318784714,0.9921798706054688,0.7988373041152954
YLR450W,YAR014C,0,-0.9321915,0.11295348405838013,0.9921798706054688,0.7989375591278076
YDR338C,YDR264C,0,-0.9322845,0.11294091492891312,0.9921798706054688,0.7990378141403198
YGL107C,YLR265C,0,-0.9326246,0.1129283457994461,0.9921798706054688,0.7991380095481873
YNL091W,YGL111W,0,-0.9330285,0.11291578412055969,0.9921798706054688,0.7992382645606995
YDL066W,YOR258W,0,-0.9353129,0.11290322244167328,0.9921798706054688,0.7993384599685669
YBR084C-A,YDR322W,0,-0.9358195,0.11289066821336746,0.9921798706054688,0.7994387149810791
YDR188W,YER146W,0,-0.9363813,0.11287811398506165,0.9921798706054688,0.7995389103889465
YFR044C,YMR092C,0,-0.9382529,0.11286555975675583,0.9921798706054688,0.7996391654014587
YNL173C,YBR203W,0,-0.9383802,0.11285301297903061,0.9921798706054688,0.799739420413971
YNL158W,YMR261C,0,-0.9390489,0.11284046620130539,0.9921798706054688,0.7998396158218384
YLR174W,YLR097C,0,-0.9396809,0.11282792687416077,0.9921798706054688,0.7999398708343506
YBR034C,YOR019W,0,-0.9411433,0.11281538009643555,0.9921798706054688,0.800040066242218
YDL051W,YIL039W,0,-0.94187176,0.11280284821987152,0.9921798706054688,0.8001403212547302
YMR297W,YBR164C,0,-0.9419887,0.1127903088927269,0.9921798706054688,0.8002405762672424
YKL129C,YJR125C,0,-0.9429197,0.11277777701616287,0.9921798706054688,0.8003407716751099
YGR162W,YDR292C,0,-0.9447217,0.11276524513959885,0.9921798706054688,0.8004410266876221
YHR063C,YDL205C,0,-0.9448954,0.11275272071361542,0.9921798706054688,0.8005412220954895
YDR239C,YPL157W,0,-0.9459716,0.11274019628763199,0.9921798706054688,0.8006414771080017
YDR212W,YCR063W,0,-0.95011044,0.11272767931222916,0.9921798706054688,0.8007417321205139
YDR239C,YPR112C,0,-0.95054084,0.11271515488624573,0.9921798706054688,0.8008419275283813
YOL128C,YGL047W,0,-0.9510314,0.11270264536142349,0.9921798706054688,0.8009421825408936
YOL029C,YDR301W,0,-0.95206976,0.11269012838602066,0.9921798706054688,0.801042377948761
YPL060C-A,YDR495C,0,-0.9521978,0.11267761886119843,0.9921798706054688,0.8011426329612732
YLR178C,YJR017C,0,-0.9522117,0.11266510933637619,0.9921798706054688,0.8012428879737854
YLR307W,YIL050W,0,-0.9527514,0.11265260726213455,0.9921798706054688,0.8013430833816528
YAL008W,YDL175C,0,-0.9530063,0.11264010518789291,0.9921798706054688,0.801443338394165
YAL010C,YHR032W,0,-0.9540987,0.11262761056423187,0.9921798706054688,0.8015435338020325
YCR089W,YJL094C,0,-0.9541058,0.11261510848999023,0.9921798706054688,0.8016437888145447
YPR155C,YDR130C,0,-0.9545739,0.11260262131690979,0.9921798706054688,0.8017439842224121
YJL063C,YDR462W,0,-0.95501095,0.11259012669324875,0.9921798706054688,0.8018442392349243
YNL024C,YOR334W,0,-0.9554361,0.1125776395201683,0.9921798706054688,0.8019444942474365
YNL265C,YMR289W,0,-0.9559343,0.11256515234708786,0.9921798706054688,0.802044689655304
YLR304C,YHR010W,0,-0.9560025,0.11255267262458801,0.9921798706054688,0.8021449446678162
YDR039C,YOL156W,0,-0.956499,0.11254019290208817,0.9921798706054688,0.8022451400756836
YOR391C,YDR359C,0,-0.9573269,0.11252771317958832,0.9921798706054688,0.8023453950881958
YOL031C,YPL158C,0,-0.95944536,0.11251524090766907,0.9921798706054688,0.802445650100708
YGR005C,YHR016C,0,-0.95981455,0.11250276863574982,0.9921798706054688,0.8025458455085754
YFR004W,YMR226C,0,-0.9600003,0.11249030381441116,0.9921798706054688,0.8026461005210876
YJL210W,YJL167W,0,-0.9622308,0.11247783899307251,0.9921798706054688,0.8027462959289551
YAL053W,YCL031C,0,-0.9667882,0.11246537417173386,0.9921798706054688,0.8028465509414673
YNL293W,YBL022C,0,-0.9672433,0.1124529168009758,0.9921798706054688,0.8029468059539795
YMR156C,YCL001W,0,-0.9678482,0.11244045943021774,0.9921798706054688,0.8030470013618469
YLR318W,YLR411W,0,-0.9691519,0.11242800205945969,0.9921798706054688,0.8031472563743591
YHR050W,YJL170C,0,-0.9693638,0.11241555213928223,0.9921798706054688,0.8032474517822266
YCL044C,YNR059W,0,-0.97089,0.11240310221910477,0.9921798706054688,0.8033477067947388
YKL107W,YOR094W,0,-0.9714336,0.11239065229892731,0.9921798706054688,0.8034479022026062
YBR040W,YNL029C,0,-0.9714401,0.11237820982933044,0.9921798706054688,0.8035481572151184
YKL146W,YGR040W,0,-0.9716534,0.11236576735973358,0.9921798706054688,0.8036484122276306
YJL216C,YBR199W,0,-0.9722683,0.11235333234071732,0.9921798706054688,0.803748607635498
YKL063C,YLR064W,0,-0.97305006,0.11234089732170105,0.9921798706054688,0.8038488626480103
YIL033C,YHR140W,0,-0.9739799,0.11232846230268478,0.9921798706054688,0.8039490580558777
YCR105W,YOR290C,0,-0.97574335,0.11231603473424911,0.9921798706054688,0.8040493130683899
YER083C,YJL116C,0,-0.97612524,0.11230360716581345,0.9921798706054688,0.8041495680809021
YHL032C,YOR132W,0,-0.97657484,0.11229117959737778,0.9921798706054688,0.8042497634887695
YML094W,YIL027C,0,-0.9784826,0.1122787594795227,0.9921798706054688,0.8043500185012817
YBR286W,YIL121W,0,-0.9788258,0.11226633936166763,0.9921798706054688,0.8044502139091492
YDL066W,YBL082C,0,-0.97919524,0.11225392669439316,0.9921798706054688,0.8045504689216614
YPR032W,YOL056W,0,-0.979437,0.11224151402711868,0.9921798706054688,0.8046507239341736
YNL318C,YOR087W,0,-0.9801345,0.11222910135984421,0.9921798706054688,0.804750919342041
YDR018C,YHR019C,0,-0.98044586,0.11221669614315033,0.9921798706054688,0.8048511743545532
YJL108C,YDR448W,0,-0.9837867,0.11220429092645645,0.9921798706054688,0.8049513697624207
YLR260W,YLL001W,0,-0.98380184,0.11219188570976257,0.9921798706054688,0.8050516247749329
YGR183C,YGR133W,0,-0.9848759,0.11217948794364929,0.9921798706054688,0.8051518201828003
YMR050C,YIL114C,0,-0.9873913,0.11216709017753601,0.9921798706054688,0.8052520751953125
YGR009C,YGR108W,0,-0.98756325,0.11215469241142273,0.9921798706054688,0.8053523302078247
YLR216C,YPL084W,0,-0.98757,0.11214230209589005,0.9921798706054688,0.8054525256156921
YOL019W,YDR142C,0,-0.98812354,0.11212991923093796,0.9921798706054688,0.8055527806282043
YPL118W,YIR021W,0,-0.9882406,0.11211752891540527,0.9921798706054688,0.8056529760360718
YPR097W,YHR121W,0,-0.98866194,0.11210514605045319,0.9921798706054688,0.805753231048584
YPL192C,YGL232W,0,-0.98983717,0.1120927631855011,0.9921798706054688,0.8058534860610962
YKL146W,YDL160C,0,-0.98996806,0.11208038777112961,0.9921798706054688,0.8059536814689636
YHL026C,YLR052W,0,-0.99049574,0.11206801235675812,0.9921798706054688,0.8060539364814758
YGR289C,YOL055C,0,-0.9916978,0.11205564439296722,0.9921798706054688,0.8061541318893433
YNL024C,YEL042W,0,-0.9925457,0.11204326897859573,0.9921798706054688,0.8062543869018555
YPL015C,YNL242W,0,-0.99292636,0.11203090846538544,0.9921798706054688,0.8063546419143677
YKL060C,YGR205W,0,-0.9955681,0.11201854050159454,0.9921798706054688,0.8064548373222351
YOL154W,YNL328C,0,-0.997993,0.11200617998838425,0.9921798706054688,0.8065550923347473
YDL226C,YOR004W,0,-0.99989057,0.11199381947517395,0.9921798706054688,0.8066552877426147
YKL081W,YLR110C,0,-1.005171,0.11198146641254425,0.9921798706054688,0.806755542755127
YJL098W,YER129W,0,-1.0054427,0.11196911334991455,0.9921798706054688,0.8068557977676392
YNR019W,YNL134C,0,-1.007277,0.11195676028728485,0.9921798706054688,0.8069559931755066
YIL070C,YCL001W,0,-1.0076947,0.11194441467523575,0.9921798706054688,0.8070562481880188
YJL145W,YJL110C,0,-1.0091603,0.11193206906318665,0.9921798706054688,0.8071564435958862
YIR003W,YDR268W,0,-1.0095639,0.11191972345113754,0.9921798706054688,0.8072566986083984
YKR093W,YNL049C,0,-1.0097636,0.11190738528966904,0.9921798706054688,0.8073568940162659
YML100W,YLR362W,0,-1.0098537,0.11189504712820053,0.9921798706054688,0.8074571490287781
YOL116W,YER027C,0,-1.0118291,0.11188271641731262,0.9921798706054688,0.8075574040412903
YIL066C,YLL015W,0,-1.0121353,0.11187038570642471,0.9921798706054688,0.8076575994491577
YDR477W,YGR075C,0,-1.0134172,0.1118580549955368,0.9921798706054688,0.8077578544616699
YGL099W,YMR290C,0,-1.0137594,0.11184573173522949,0.9921798706054688,0.8078580498695374
YML064C,YDL161W,0,-1.0143344,0.11183340847492218,0.9921798706054688,0.8079583048820496
YGR083C,YGL129C,0,-1.0147097,0.11182108521461487,0.9921798706054688,0.8080585598945618
YCR004C,YCR105W,0,-1.016731,0.11180876940488815,0.9921798706054688,0.8081587553024292
YDR528W,YML055W,0,-1.016734,0.11179645359516144,0.9921798706054688,0.8082590103149414
YDR128W,YPR022C,0,-1.016982,0.11178413778543472,0.9921798706054688,0.8083592057228088
YJR152W,YHR185C,0,-1.0170842,0.1117718294262886,0.9921798706054688,0.808459460735321
YBR044C,YOL117W,0,-1.0177586,0.11175952106714249,0.9921798706054688,0.8085597157478333
YGR033C,YPR003C,0,-1.0178097,0.11174722015857697,0.9921798706054688,0.8086599111557007
YPL088W,YDR511W,0,-1.0189244,0.11173491925001144,0.9921798706054688,0.8087601661682129
YDL180W,YIL023C,0,-1.019326,0.11172261834144592,0.9921798706054688,0.8088603615760803
YPL072W,YLR022C,0,-1.0196241,0.111710324883461,0.9921798706054688,0.8089606165885925
YJL145W,YAL003W,0,-1.0199677,0.11169803142547607,0.9921798706054688,0.80906081199646
YKL029C,YJR043C,0,-1.0225285,0.11168573796749115,0.9921798706054688,0.8091610670089722
YMR281W,YLR390W-A,0,-1.0242403,0.11167345196008682,0.9921798706054688,0.8092613220214844
YKL081W,YLR150W,0,-1.0266957,0.1116611659526825,0.9921798706054688,0.8093615174293518
YNL265C,YDL105W,0,-1.0271008,0.11164887994527817,0.9921798706054688,0.809461772441864
YDL137W,YHR158C,0,-1.0274289,0.11163660138845444,0.9921798706054688,0.8095619678497314
YIL067C,YPL086C,0,-1.0277923,0.1116243228316307,0.9921798706054688,0.8096622228622437
YER129W,YBR156C,0,-1.0304167,0.11161205172538757,0.9921798706054688,0.8097624778747559
YDR100W,YLR204W,0,-1.0315282,0.11159978061914444,0.9921798706054688,0.8098626732826233
YJR065C,YNL098C,0,-1.034334,0.1115875095129013,0.9921798706054688,0.8099629282951355
YLR239C,YER068W,0,-1.0343419,0.11157524585723877,0.9921798706054688,0.8100631237030029
YPR140W,YJL165C,0,-1.0363035,0.11156298220157623,0.9921798706054688,0.8101633787155151
YER018C,YJL042W,0,-1.0380796,0.1115507185459137,0.9921798706054688,0.8102636337280273
YLR057W,YNL126W,0,-1.0386213,0.11153846234083176,0.9921798706054688,0.8103638291358948
YJL092W,YGR220C,0,-1.039241,0.11152620613574982,0.9921798706054688,0.810464084148407
YDR500C,YJR002W,0,-1.040065,0.11151394993066788,0.9921798706054688,0.8105642795562744
YMR189W,YBL016W,0,-1.0401943,0.11150170117616653,0.9921798706054688,0.8106645345687866
YPL019C,YGL178W,0,-1.0402958,0.11148945242166519,0.9921798706054688,0.810764729976654
YLR306W,YMR167W,0,-1.04064,0.11147721111774445,0.9921798706054688,0.8108649849891663
YPL258C,YJR059W,0,-1.0422534,0.1114649698138237,0.9921798706054688,0.8109652400016785
YDR128W,YIL087C,0,-1.0427878,0.11145272850990295,0.9921798706054688,0.8110654354095459
YAL008W,YJR056C,0,-1.0462011,0.1114404946565628,0.9921798706054688,0.8111656904220581
YLR417W,YPL234C,0,-1.0468334,0.11142826080322266,0.9921798706054688,0.8112658858299255
YPL269W,YDL154W,0,-1.0475652,0.11141602694988251,0.9921798706054688,0.8113661408424377
YDR299W,YAR007C,0,-1.0478523,0.11140380054712296,0.9921798706054688,0.81146639585495
YLR133W,YKL084W,0,-1.0486515,0.1113915741443634,0.9921798706054688,0.8115665912628174
YEL048C,YJR113C,0,-1.0491834,0.11137934774160385,0.9921798706054688,0.8116668462753296
YDL136W,YLL018C-A,0,-1.0491915,0.1113671287894249,0.9921798706054688,0.811767041683197
YER053C,YDR101C,0,-1.0491985,0.11135490983724594,0.9921798706054688,0.8118672966957092
YGL144C,YLR057W,0,-1.0493631,0.11134269088506699,0.9921798706054688,0.8119675517082214
YJR019C,YKL148C,0,-1.0494676,0.11133047938346863,0.9921798706054688,0.8120677471160889
YJL154C,YNL181W,0,-1.0498339,0.11131826788187027,0.9921798706054688,0.8121680021286011
YMR230W,YMR224C,0,-1.0509533,0.11130606383085251,0.9921798706054688,0.8122681975364685
YDR036C,YDL193W,0,-1.0515106,0.11129385977983475,0.9921798706054688,0.8123684525489807
YGL157W,YDR452W,0,-1.0518193,0.11128165572881699,0.9921798706054688,0.8124687075614929
YNL312W,YJR009C,0,-1.0520735,0.11126945912837982,0.9921798706054688,0.8125689029693604
YKL222C,YIL015W,0,-1.0525167,0.11125726252794266,0.9921798706054688,0.8126691579818726
YJL089W,YFR006W,0,-1.0535827,0.1112450659275055,0.9921798706054688,0.81276935338974
YNR073C,YJR050W,0,-1.0539997,0.11123287677764893,0.9921798706054688,0.8128696084022522
YJR073C,YGL206C,0,-1.0540407,0.11122068762779236,0.9921798706054688,0.8129698038101196
YMR316W,YPR005C,0,-1.0550772,0.11120850592851639,0.9921798706054688,0.8130700588226318
YOL055C,YJL137C,0,-1.0557611,0.11119631677865982,0.9921798706054688,0.813170313835144
YGR266W,YOL139C,0,-1.0569236,0.11118413507938385,0.9921798706054688,0.8132705092430115
YDR283C,YGR122W,0,-1.0570761,0.11117196083068848,0.9921798706054688,0.8133707642555237
YKL138C-A,YGR075C,0,-1.05717,0.1111597865819931,0.9921798706054688,0.8134709596633911
YHR171W,YGL033W,0,-1.0571977,0.11114761233329773,0.9921798706054688,0.8135712146759033
YBR018C,YKR077W,0,-1.0592115,0.11113544553518295,0.9921798706054688,0.8136714696884155
YHL001W,YLR019W,0,-1.0593514,0.11112327873706818,0.9921798706054688,0.813771665096283
YOR149C,YML093W,0,-1.0594101,0.1111111119389534,0.9921798706054688,0.8138719201087952
YNL177C,YGL059W,0,-1.0605475,0.11109895259141922,0.9921798706054688,0.8139721155166626
YLR220W,YDL082W,0,-1.0613203,0.11108679324388504,0.9921798706054688,0.8140723705291748
YMR262W,YPL091W,0,-1.063407,0.11107463389635086,0.9921798706054688,0.814172625541687
YER069W,YDR122W,0,-1.0637228,0.11106248199939728,0.9921798706054688,0.8142728209495544
YHR117W,YBR239C,0,-1.0668561,0.1110503301024437,0.9921798706054688,0.8143730759620667
YJR014W,YGR220C,0,-1.0670463,0.11103817820549011,0.9921798706054688,0.8144732713699341
YLR048W,YBR102C,0,-1.0686977,0.11102603375911713,0.9921798706054688,0.8145735263824463
YNL009W,YDR339C,0,-1.0700876,0.11101388931274414,0.9921798706054688,0.8146737217903137
YDL180W,YER041W,0,-1.0710847,0.11100175231695175,0.9921798706054688,0.8147739768028259
YPR063C,YDR541C,0,-1.0725987,0.11098961532115936,0.9921798706054688,0.8148742318153381
YOR389W,YNL188W,0,-1.0729265,0.11097747832536697,0.9921798706054688,0.8149744272232056
YMR149W,YCR098C,0,-1.0733129,0.11096534132957458,0.9921798706054688,0.8150746822357178
YGR178C,YIL049W,0,-1.0739805,0.11095321178436279,0.9921798706054688,0.8151748776435852
YOL031C,YIR022W,0,-1.0740323,0.1109410896897316,0.9921798706054688,0.8152751326560974
YNL015W,YBR290W,0,-1.0741581,0.1109289601445198,0.9921798706054688,0.8153753876686096
YFL052W,YKL221W,0,-1.0750768,0.11091683804988861,0.9921798706054688,0.815475583076477
YGR207C,YIL150C,0,-1.0751219,0.11090472340583801,0.9921798706054688,0.8155758380889893
YOL089C,YDR541C,0,-1.075342,0.11089260131120682,0.9921798706054688,0.8156760334968567
YPR108W,YMR110C,0,-1.0764275,0.11088048666715622,0.9921798706054688,0.8157762885093689
YMR012W,YER071C,0,-1.076601,0.11086837947368622,0.9921798706054688,0.8158765435218811
YBR237W,YIL107C,0,-1.0780165,0.11085627228021622,0.9921798706054688,0.8159767389297485
YGR183C,YAL048C,0,-1.0811757,0.11084416508674622,0.9921798706054688,0.8160769939422607
YGL020C,YOR101W,0,-1.081198,0.11083205789327621,0.9921798706054688,0.8161771893501282
YOL041C,YOL144W,0,-1.0829763,0.11081995815038681,0.9921798706054688,0.8162774443626404
YBR069C,YOR068C,0,-1.0840226,0.1108078584074974,0.9921798706054688,0.8163776397705078
YAR042W,YOR293W,0,-1.0865619,0.1107957661151886,0.9921798706054688,0.81647789478302
YGL157W,YHR215W,0,-1.0868424,0.11078367382287979,0.9921798706054688,0.8165781497955322
YGR165W,YOL139C,0,-1.0886674,0.11077158153057098,0.9921798706054688,0.8166783452033997
YKL034W,YOR221C,0,-1.091145,0.11075949668884277,0.9921798706054688,0.8167786002159119
YJL113W,YNL294C,0,-1.0918257,0.11074741184711456,0.9921798706054688,0.8168787956237793
YPL235W,YDR194C,0,-1.0922077,0.11073532700538635,0.9921798706054688,0.8169790506362915
YGL061C,YJR150C,0,-1.0922923,0.11072324961423874,0.9921798706054688,0.8170793056488037
YGL179C,YOL011W,0,-1.0923975,0.11071117222309113,0.9921798706054688,0.8171795010566711
YKL016C,YPL202C,0,-1.0927186,0.11069909483194351,0.9921798706054688,0.8172797560691833
YER062C,YLR017W,0,-1.0954707,0.1106870248913765,0.9921798706054688,0.8173799514770508
YML042W,YJL090C,0,-1.0965599,0.11067495495080948,0.9921798706054688,0.817480206489563
YJL179W,YGR071C,0,-1.0985479,0.11066288501024246,0.9921798706054688,0.8175804615020752
YLR143W,YIL138C,0,-1.0994295,0.11065082252025604,0.9921798706054688,0.8176806569099426
YGR292W,YAL010C,0,-1.1003332,0.11063876003026962,0.9921798706054688,0.8177809119224548
YNL156C,YIL053W,0,-1.100454,0.1106267049908638,0.9921798706054688,0.8178811073303223
YKL071W,YOL001W,0,-1.1015241,0.11061464995145798,0.9921798706054688,0.8179813623428345
YER100W,YAL012W,0,-1.1027813,0.11060259491205215,0.9921798706054688,0.8180816173553467
YKL004W,YOR336W,0,-1.103452,0.11059053987264633,0.9921798706054688,0.8181818127632141
YNL134C,YFR016C,0,-1.1047899,0.1105784922838211,0.9921798706054688,0.8182820677757263
YHR181W,YDR127W,0,-1.1055233,0.11056645214557648,0.9921798706054688,0.8183822631835938
YKR059W,YBR035C,0,-1.1060452,0.11055440455675125,0.9921798706054688,0.818482518196106
YMR262W,YIL014W,0,-1.106061,0.11054236441850662,0.9921798706054688,0.8185827136039734
YGR035C,YOR019W,0,-1.1073605,0.110530324280262,0.9921798706054688,0.8186829686164856
YOL071W,YBR164C,0,-1.1081934,0.11051829159259796,0.9921798706054688,0.8187832236289978
YIL017C,YJR160C,0,-1.1094482,0.11050625890493393,0.9921798706054688,0.8188834190368652
YOR047C,YNL111C,0,-1.1098266,0.1104942336678505,0.9921798706054688,0.8189836740493774
YNR073C,YOR293W,0,-1.1100919,0.11048220098018646,0.9921798706054688,0.8190838694572449
YJR123W,YJL138C,0,-1.1118326,0.11047017574310303,0.9921798706054688,0.8191841244697571
YFR044C,YGR188C,0,-1.1121302,0.11045815795660019,0.9921798706054688,0.8192843794822693
YLR040C,YHR005C,0,-1.1126599,0.11044614017009735,0.9921798706054688,0.8193845748901367
YGR035C,YIR002C,0,-1.1135476,0.11043412238359451,0.9921798706054688,0.8194848299026489
YBR019C,YMR262W,0,-1.1140143,0.11042210459709167,0.9921798706054688,0.8195850253105164
YER061C,YPR004C,0,-1.1169239,0.11041009426116943,0.9921798706054688,0.8196852803230286
YOR373W,YML037C,0,-1.1171964,0.11039808392524719,0.9921798706054688,0.8197855353355408
YHR067W,YOR044W,0,-1.1182234,0.11038608103990555,0.9921798706054688,0.8198857307434082
YLL014W,YDR322W,0,-1.1187986,0.1103740781545639,0.9921798706054688,0.8199859857559204
YPR141C,YBR146W,0,-1.1201227,0.11036207526922226,0.9921798706054688,0.8200861811637878
YOR356W,YHR090C,0,-1.1206986,0.11035007238388062,0.9921798706054688,0.8201864361763
YMR197C,YIL062C,0,-1.121222,0.11033807694911957,0.9921798706054688,0.8202866315841675
YPR032W,YLR128W,0,-1.1220388,0.11032608896493912,0.9921798706054688,0.8203868865966797
YDR142C,YGR067C,0,-1.1228147,0.11031409353017807,0.9921798706054688,0.8204871416091919
YDR217C,YCL012W,0,-1.1229229,0.11030210554599762,0.9921798706054688,0.8205873370170593
YJR153W,YDL002C,0,-1.123548,0.11029012501239777,0.9921798706054688,0.8206875920295715
YFL062W,YGR063C,0,-1.1237001,0.11027813702821732,0.9921798706054688,0.820787787437439
YOR027W,YIL125W,0,-1.1242937,0.11026615649461746,0.9921798706054688,0.8208880424499512
YEL054C,YKL099C,0,-1.1245321,0.1102541834115982,0.9921798706054688,0.8209882974624634
YBR046C,YMR306W,0,-1.125087,0.11024221032857895,0.9921798706054688,0.8210884928703308
YPR055W,YBR164C,0,-1.1255434,0.11023023724555969,0.9921798706054688,0.821188747882843
YLR239C,YGR106C,0,-1.1257126,0.11021826416254044,0.9921798706054688,0.8212889432907104
YLR239C,YBR100W,0,-1.1265329,0.11020629853010178,0.9921798706054688,0.8213891983032227
YNL069C,YBL072C,0,-1.1277616,0.11019433289766312,0.9921798706054688,0.8214894533157349
YBR191W,YDR339C,0,-1.1279356,0.11018236726522446,0.9921798706054688,0.8215896487236023
YGL185C,YMR161W,0,-1.1283442,0.1101704090833664,0.9921798706054688,0.8216899037361145
YLL014W,YOL058W,0,-1.128705,0.11015845090150833,0.9921798706054688,0.8217900991439819
YCL063W,YBR024W,0,-1.1304283,0.11014650017023087,0.9921798706054688,0.8218903541564941
YGR033C,YDL226C,0,-1.1313812,0.1101345494389534,0.9921798706054688,0.8219905495643616
YBR045C,YIL073C,0,-1.1319036,0.11012259870767593,0.9921798706054688,0.8220908045768738
YBL060W,YDR235W,0,-1.1337508,0.11011065542697906,0.9921798706054688,0.822191059589386
YDR506C,YDL134C,0,-1.1338457,0.1100987121462822,0.9921798706054688,0.8222912549972534
YBR161W,YIL121W,0,-1.133915,0.11008676886558533,0.9921798706054688,0.8223915100097656
YDL114W,YLR069C,0,-1.1340673,0.11007482558488846,0.9921798706054688,0.8224917054176331
YMR050C,YOR048C,0,-1.1359843,0.11006288975477219,0.9921798706054688,0.8225919604301453
YHR009C,YNL002C,0,-1.1376394,0.11005096137523651,0.9921798706054688,0.8226922154426575
YLR081W,YPL189C-A,0,-1.1382728,0.11003902554512024,0.9921798706054688,0.8227924108505249
YOR312C,YGL047W,0,-1.1388063,0.11002709716558456,0.9921798706054688,0.8228926658630371
YPL168W,YKR095W,0,-1.1405599,0.11001517623662949,0.9921798706054688,0.8229928612709045
YHR204W,YNR008W,0,-1.140637,0.11000324785709381,0.9921798706054688,0.8230931162834167
YGR279C,YPL207W,0,-1.1424932,0.10999133437871933,0.9921798706054688,0.823193371295929
YCR067C,YDR266C,0,-1.1440837,0.10997941344976425,0.9921798706054688,0.8232935667037964
YBR159W,YPL256C,0,-1.1445167,0.10996749997138977,0.9921798706054688,0.8233938217163086
YBR044C,YPL066W,0,-1.144914,0.10995558649301529,0.9921798706054688,0.823494017124176
YGR041W,YDL010W,0,-1.1449512,0.10994367301464081,0.9921798706054688,0.8235942721366882
YOR119C,YHR062C,0,-1.1449522,0.10993176698684692,0.9921798706054688,0.8236944675445557
YOL096C,YOR386W,0,-1.146343,0.10991986095905304,0.9921798706054688,0.8237947225570679
YHR129C,YGR038W,0,-1.1480778,0.10990796238183975,0.9921798706054688,0.8238949775695801
YDR085C,YMR088C,0,-1.1484278,0.10989605635404587,0.9921798706054688,0.8239951729774475
YJR035W,YDR040C,0,-1.1490158,0.10988416522741318,0.9921798706054688,0.8240954279899597
YDL119C,YML015C,0,-1.150416,0.10987226665019989,0.9921798706054688,0.8241956233978271
YLR377C,YGL254W,0,-1.1531292,0.1098603755235672,0.9921798706054688,0.8242958784103394
YDR516C,YOR322C,0,-1.1543373,0.10984848439693451,0.9921798706054688,0.8243961334228516
YDR446W,YDL112W,0,-1.1546694,0.10983660072088242,0.9921798706054688,0.824496328830719
YJR048W,YJL063C,0,-1.1551287,0.10982470959424973,0.9921798706054688,0.8245965838432312
YHR190W,YDR434W,0,-1.1552293,0.10981283336877823,0.9921798706054688,0.8246967792510986
YHR116W,YFL034C-B,0,-1.1552844,0.10980094969272614,0.9921798706054688,0.8247970342636108
YEL006W,YPL024W,0,-1.1560065,0.10978907346725464,0.9921798706054688,0.824897289276123
YNL339C,YOL084W,0,-1.1567278,0.10977719724178314,0.9921798706054688,0.8249974846839905
YGR005C,YNL190W,0,-1.1570479,0.10976532846689224,0.9921798706054688,0.8250977396965027
YGR184C,YPL158C,0,-1.1608719,0.10975345969200134,0.9921798706054688,0.8251979351043701
YHR142W,YMR011W,0,-1.1617965,0.10974159091711044,0.9921798706054688,0.8252981901168823
YOR246C,YGL001C,0,-1.1619884,0.10972972959280014,0.9921798706054688,0.8253984451293945
YGR122W,YJL102W,0,-1.1620162,0.10971786826848984,0.9921798706054688,0.825498640537262
YIR003W,YHR124W,0,-1.1620953,0.10970600694417953,0.9921798706054688,0.8255988955497742
YDR394W,YDL174C,0,-1.1627537,0.10969415307044983,0.9921798706054688,0.8256990909576416
YOR330C,YBL072C,0,-1.1631243,0.10968229919672012,0.9921798706054688,0.8257993459701538
YER173W,YCR106W,0,-1.1646097,0.10967044532299042,0.9921798706054688,0.8258995413780212
YHR021C,YOR124C,0,-1.168247,0.10965859889984131,0.9921798706054688,0.8259997963905334
YFR006W,YHR033W,0,-1.1686109,0.1096467524766922,0.9921798706054688,0.8261000514030457
YDL146W,YBL097W,0,-1.1712081,0.10963491350412369,0.9921798706054688,0.8262002468109131
YOL128C,YLR413W,0,-1.1717548,0.10962306708097458,0.9921798706054688,0.8263005018234253
YPL124W,YLL015W,0,-1.1718452,0.10961122810840607,0.9921798706054688,0.8264006972312927
YJL098W,YHR001W-A,0,-1.1731279,0.10959939658641815,0.9921798706054688,0.8265009522438049
YNL087W,YBR058C,0,-1.1737022,0.10958756506443024,0.9921798706054688,0.8266012072563171
YNL152W,YKL040C,0,-1.174278,0.10957573354244232,0.9921798706054688,0.8267014026641846
YGL029W,YNR030W,0,-1.1743635,0.1095639020204544,0.9921798706054688,0.8268016576766968
YAL068C,YDR027C,0,-1.1763551,0.10955207794904709,0.9921798706054688,0.8269018530845642
YPL060W,YER123W,0,-1.1763623,0.10954025387763977,0.9921798706054688,0.8270021080970764
YKL096W,YNL176C,0,-1.1791636,0.10952843725681305,0.9921798706054688,0.8271023631095886
YKL150W,YJL021C,0,-1.17965,0.10951661318540573,0.9921798706054688,0.827202558517456
YDR317W,YMR015C,0,-1.1801014,0.1095048040151596,0.9921798706054688,0.8273028135299683
YHR031C,YLR057W,0,-1.1809635,0.10949298739433289,0.9921798706054688,0.8274030089378357
YOR120W,YDR198C,0,-1.1811855,0.10948117822408676,0.9921798706054688,0.8275032639503479
YDR435C,YIL010W,0,-1.1836398,0.10946936905384064,0.9921798706054688,0.8276034593582153
YCR076C,YDR310C,1,-1.1844577,0.10956540703773499,0.9931573867797852,0.8276034593582153
YBR268W,YFR005C,0,-1.1847613,0.10955359041690826,0.9931573867797852,0.8277037143707275
YOR242C,YEL071W,0,-1.1850739,0.10954178124666214,0.9931573867797852,0.8278039693832397
YNL217W,YDL207W,0,-1.1859171,0.10952997207641602,0.9931573867797852,0.8279041647911072
YLR362W,YCR066W,0,-1.1860862,0.10951816290616989,0.9931573867797852,0.8280044198036194
YPL019C,YDL185W,0,-1.1880074,0.10950636118650436,0.9931573867797852,0.8281046152114868
YJR153W,YEL032W,0,-1.1883489,0.10949455946683884,0.9931573867797852,0.828204870223999
YPL040C,YKR059W,0,-1.1906239,0.10948275774717331,0.9931573867797852,0.8283051252365112
YOR267C,YOR182C,0,-1.1917689,0.10947096347808838,0.9931573867797852,0.8284053206443787
YER160C,YDR434W,0,-1.192045,0.10945916920900345,0.9931573867797852,0.8285055756568909
YJL104W,YDL124W,0,-1.1929688,0.10944737493991852,0.9931573867797852,0.8286057710647583
YOL020W,YLR376C,0,-1.1942639,0.10943558812141418,0.9931573867797852,0.8287060260772705
YCR037C,YGR109C,0,-1.194972,0.10942380130290985,0.9931573867797852,0.8288062810897827
YGL079W,YAL009W,0,-1.1950302,0.10941201448440552,0.9931573867797852,0.8289064764976501
YHL033C,YNL001W,0,-1.1958723,0.10940023511648178,0.9931573867797852,0.8290067315101624
YER149C,YER089C,0,-1.197104,0.10938845574855804,0.9931573867797852,0.8291069269180298
YLR276C,YEL055C,0,-1.1971276,0.1093766838312149,0.9931573867797852,0.829207181930542
YDR115W,YML121W,0,-1.2031455,0.10936491191387177,0.9931573867797852,0.8293073773384094
YGL161C,YCR027C,0,-1.2043746,0.10935313999652863,0.9931573867797852,0.8294076323509216
YAL061W,YJL219W,0,-1.2048707,0.10934136807918549,0.9931573867797852,0.8295078873634338
YDR023W,YBR212W,0,-1.2049625,0.10932960361242294,0.9931573867797852,0.8296080827713013
YNR056C,YGR087C,0,-1.2054145,0.1093178391456604,0.9931573867797852,0.8297083377838135
YML054C,YDR339C,0,-1.2065477,0.10930608212947845,0.9931573867797852,0.8298085331916809
YNL233W,YOR103C,0,-1.2080832,0.10929431766271591,0.9931573867797852,0.8299087882041931
YPR148C,YGR097W,0,-1.2097915,0.10928256064653397,0.9931573867797852,0.8300090432167053
YMR262W,YBR283C,0,-1.2105148,0.10927081108093262,0.9931573867797852,0.8301092386245728
YJR086W,YOL092W,0,-1.2110063,0.10925906151533127,0.9931573867797852,0.830209493637085
YHR003C,YDR540C,0,-1.2110665,0.10924731194972992,0.9931573867797852,0.8303096890449524
YHR080C,YPL236C,0,-1.2111338,0.10923556238412857,0.9931573867797852,0.8304099440574646
YNL134C,YDR425W,0,-1.213767,0.10922382026910782,0.9931573867797852,0.8305101990699768
YKL084W,YPL225W,0,-1.2156276,0.10921208560466766,0.9931573867797852,0.8306103944778442
YHL031C,YBR235W,0,-1.2165667,0.10920034348964691,0.9931573867797852,0.8307106494903564
YNL012W,YDR107C,0,-1.2167095,0.10918860882520676,0.9931573867797852,0.8308108448982239
YDR210W,YJR153W,0,-1.2175024,0.1091768741607666,0.9931573867797852,0.8309110999107361
YPR096C,YER004W,0,-1.2175547,0.10916514694690704,0.9931573867797852,0.8310113549232483
YBL039C,YPL159C,0,-1.2179406,0.10915341973304749,0.9931573867797852,0.8311115503311157
YLR143W,YMR313C,0,-1.2180053,0.10914169251918793,0.9931573867797852,0.8312118053436279
YDR317W,YBL017C,0,-1.2200191,0.10912996530532837,0.9931573867797852,0.8313120007514954
YOR202W,YDR490C,0,-1.2200997,0.10911824554204941,0.9931573867797852,0.8314122557640076
YMR262W,YNL291C,0,-1.2207446,0.10910652577877045,0.9931573867797852,0.831512451171875
YKL035W,YNL090W,0,-1.220748,0.10909481346607208,0.9931573867797852,0.8316127061843872
YLR069C,YDL103C,0,-1.2208407,0.10908310115337372,0.9931573867797852,0.8317129611968994
YOR196C,YOR167C,0,-1.2209134,0.10907138884067535,0.9931573867797852,0.8318131566047668
YIL041W,YJR105W,0,-1.2227013,0.10905968397855759,0.9931573867797852,0.831913411617279
YGR257C,YDL109C,0,-1.2228042,0.10904797911643982,0.9931573867797852,0.8320136070251465
YLL021W,YGR211W,0,-1.2234074,0.10903627425432205,0.9931573867797852,0.8321138620376587
YBR043C,YIL078W,0,-1.2238089,0.10902457684278488,0.9931573867797852,0.8322141170501709
YPR054W,YDR438W,0,-1.2239671,0.10901287198066711,0.9931573867797852,0.8323143124580383
YDR186C,YNL142W,0,-1.2260616,0.10900118201971054,0.9931573867797852,0.8324145674705505
YGR094W,YHR122W,0,-1.2274354,0.10898948460817337,0.9931573867797852,0.832514762878418
YLR307W,YDL117W,0,-1.2284374,0.1089777946472168,0.9931573867797852,0.8326150178909302
YNL190W,YOR032C,0,-1.2293533,0.10896611213684082,0.9931573867797852,0.8327152729034424
YLR427W,YHR062C,0,-1.2301368,0.10895442217588425,0.9931573867797852,0.8328154683113098
YAR033W,YEL047C,0,-1.2324522,0.10894273966550827,0.9931573867797852,0.832915723323822
YDR093W,YKL116C,0,-1.2351284,0.1089310571551323,0.9931573867797852,0.8330159187316895
YPR155C,YAL056W,0,-1.2364821,0.10891938209533691,0.9931573867797852,0.8331161737442017
YMR192W,YJR105W,0,-1.2367252,0.10890770703554153,0.9931573867797852,0.8332163691520691
YNL299W,YGR231C,0,-1.237498,0.10889603197574615,0.9931573867797852,0.8333166241645813
YLR378C,YLR212C,0,-1.238154,0.10888436436653137,0.9931573867797852,0.8334168791770935
YBR092C,YNL055C,0,-1.2391741,0.10887269675731659,0.9931573867797852,0.8335170745849609
YJR007W,YHR084W,0,-1.2393346,0.1088610291481018,0.9931573867797852,0.8336173295974731
YHR011W,YDL127W,0,-1.2409718,0.10884936898946762,0.9931573867797852,0.8337175250053406
YOR267C,YBL014C,0,-1.2412779,0.10883770883083344,0.9931573867797852,0.8338177800178528
YOL018C,YDR421W,0,-1.2426069,0.10882604867219925,0.9931573867797852,0.833918035030365
YOL020W,YEL003W,0,-1.2440356,0.10881439596414566,0.9931573867797852,0.8340182304382324
YHL019C,YER108C,0,-1.2441154,0.10880274325609207,0.9931573867797852,0.8341184854507446
YGR055W,YLR099C,0,-1.2446245,0.10879109054803848,0.9931573867797852,0.8342186808586121
YML018C,YGR152C,0,-1.2473841,0.10877944529056549,0.9931573867797852,0.8343189358711243
YBR109C,YDL193W,0,-1.24794,0.1087678000330925,0.9931573867797852,0.8344191908836365
YNL151C,YJL167W,0,-1.2497342,0.1087561547756195,0.9931573867797852,0.8345193862915039
YBL055C,YFR055W,0,-1.2499812,0.10874451696872711,0.9931573867797852,0.8346196413040161
YHR147C,YGR001C,0,-1.250874,0.10873287916183472,0.9931573867797852,0.8347198367118835
YPL149W,YNR061C,0,-1.2509043,0.10872124135494232,0.9931573867797852,0.8348200917243958
YHR140W,YER007W,0,-1.2539554,0.10870961099863052,0.9931573867797852,0.8349202871322632
YBR185C,YDL105W,0,-1.2541504,0.10869798064231873,0.9931573867797852,0.8350205421447754
YAL030W,YFR040W,0,-1.256012,0.10868635028600693,0.9931573867797852,0.8351207971572876
YFL011W,YMR216C,0,-1.2564484,0.10867472738027573,0.9931573867797852,0.835220992565155
YPL021W,YGR078C,0,-1.2576754,0.10866310447454453,0.9931573867797852,0.8353212475776672
YHR117W,YHR026W,0,-1.2579072,0.10865148156881332,0.9931573867797852,0.8354214429855347
YHL021C,YNL130C,0,-1.2599273,0.10863986611366272,0.9931573867797852,0.8355216979980469
YDR358W,YDR398W,0,-1.2599843,0.10862825065851212,0.9931573867797852,0.8356219530105591
YGR165W,YCR034W,0,-1.2607222,0.10861663520336151,0.9931573867797852,0.8357221484184265
YKR037C,YIR007W,0,-1.2641499,0.1086050271987915,0.9931573867797852,0.8358224034309387
YHR016C,YAL047C,0,-1.2656094,0.1085934191942215,0.9931573867797852,0.8359225988388062
YFL062W,YER028C,0,-1.2657158,0.10858181118965149,0.9931573867797852,0.8360228538513184
YDR117C,YDL072C,0,-1.2673142,0.10857021063566208,0.9931573867797852,0.8361231088638306
YLR297W,YLR284C,0,-1.2675171,0.10855861008167267,0.9931573867797852,0.836223304271698
YPL060W,YGR026W,0,-1.2679005,0.10854700952768326,0.9931573867797852,0.8363235592842102
YNL037C,YPL152W,0,-1.2693288,0.10853541642427444,0.9931573867797852,0.8364237546920776
YKR067W,YJR076C,0,-1.2700033,0.10852382332086563,0.9931573867797852,0.8365240097045898
YHR067W,YNL051W,0,-1.2712746,0.10851223021745682,0.9931573867797852,0.836624264717102
YKL073W,YHL004W,0,-1.2719648,0.108500637114048,0.9931573867797852,0.8367244601249695
YOR373W,YNR063W,0,-1.2725481,0.10848905146121979,0.9931573867797852,0.8368247151374817
YKR078W,YLR039C,0,-1.273629,0.10847747325897217,0.9931573867797852,0.8369249105453491
YGL136C,YOL016C,0,-1.2738657,0.10846588760614395,0.9931573867797852,0.8370251655578613
YLL032C,YOL154W,0,-1.274445,0.10845430940389633,0.9931573867797852,0.8371253609657288
YMR036C,YGL147C,0,-1.2744591,0.10844273865222931,0.9931573867797852,0.837225615978241
YBR154C,YBL013W,0,-1.2755718,0.10843116044998169,0.9931573867797852,0.8373258709907532
YKR065C,YER026C,0,-1.2774452,0.10841958969831467,0.9931573867797852,0.8374260663986206
YDL110C,YMR105C,0,-1.2779884,0.10840802639722824,0.9931573867797852,0.8375263214111328
YFL053W,YLR297W,0,-1.2787784,0.10839645564556122,0.9931573867797852,0.8376265168190002
YPL186C,YDR466W,0,-1.2788224,0.10838489234447479,0.9931573867797852,0.8377267718315125
YHR083W,YGL240W,0,-1.2816222,0.10837333649396896,0.9931573867797852,0.8378270268440247
YCR040W,YDL200C,0,-1.2830741,0.10836177319288254,0.9931573867797852,0.8379272222518921
YPL058C,YOR201C,0,-1.2840387,0.10835021734237671,0.9931573867797852,0.8380274772644043
YMR286W,YGR218W,0,-1.2842482,0.10833866149187088,0.9931573867797852,0.8381276726722717
YGL195W,YCL031C,0,-1.2853432,0.10832711309194565,0.9931573867797852,0.8382279276847839
YDR436W,YOL088C,0,-1.2884293,0.10831556469202042,0.9931573867797852,0.8383281826972961
YCL047C,YJL003W,0,-1.2889771,0.10830401629209518,0.9931573867797852,0.8384283781051636
YOR119C,YPR165W,0,-1.2894746,0.10829247534275055,0.9931573867797852,0.8385286331176758
YKL073W,YKR059W,0,-1.2911487,0.10828093439340591,0.9931573867797852,0.8386288285255432
YMR012W,YHR107C,0,-1.2946465,0.10826939344406128,0.9931573867797852,0.8387290835380554
YLR363C,YPR022C,0,-1.2948838,0.10825785994529724,0.9931573867797852,0.8388292789459229
YKL146W,YNL134C,0,-1.2964339,0.1082463264465332,0.9931573867797852,0.8389295339584351
YPR131C,YGL160W,0,-1.2966698,0.10823479294776917,0.9931573867797852,0.8390297889709473
YOR153W,YPR066W,0,-1.2977604,0.10822326689958572,0.9931573867797852,0.8391299843788147
YHR113W,YML024W,0,-1.2983444,0.10821174085140228,0.9931573867797852,0.8392302393913269
YER087C-A,YCL044C,0,-1.2984241,0.10820021480321884,0.9931573867797852,0.8393304347991943
YCR058C,YDR317W,0,-1.2984731,0.1081886887550354,0.9931573867797852,0.8394306898117065
YKL209C,YNL024C,0,-1.3001359,0.10817717015743256,0.9931573867797852,0.8395309448242188
YIL154C,YLR056W,0,-1.3037394,0.10816565155982971,0.9931573867797852,0.8396311402320862
YOR011W,YDR440W,0,-1.3083029,0.10815414041280746,0.9931573867797852,0.8397313952445984
YMR208W,YOR241W,0,-1.3097059,0.10814262926578522,0.9931573867797852,0.8398315906524658
YOR361C,YMR224C,0,-1.3106871,0.10813111811876297,0.9931573867797852,0.839931845664978
YPL097W,YFR010W,0,-1.3107367,0.10811961442232132,0.9931573867797852,0.8400321006774902
YPL269W,YJL157C,0,-1.311331,0.10810811072587967,0.9931573867797852,0.8401322960853577
YDL153C,YOL080C,0,-1.3114523,0.10809660702943802,0.9931573867797852,0.8402325510978699
YLR408C,YDR027C,0,-1.3143483,0.10808510333299637,0.9931573867797852,0.8403327465057373
YGL185C,YFL039C,0,-1.3155626,0.10807360708713531,0.9931573867797852,0.8404330015182495
YER073W,YGL079W,0,-1.3173527,0.10806211084127426,0.9931573867797852,0.8405331969261169
YDR358W,YDR200C,0,-1.3195074,0.1080506220459938,0.9931573867797852,0.8406334519386292
YEL051W,YCR053W,0,-1.3199208,0.10803913325071335,0.9931573867797852,0.8407337069511414
YOR004W,YNR046W,0,-1.3212245,0.10802764445543289,0.9931573867797852,0.8408339023590088
YOL049W,YOR188W,0,-1.3221681,0.10801616311073303,0.9931573867797852,0.840934157371521
YDL240W,YOR171C,0,-1.3224318,0.10800467431545258,0.9931573867797852,0.8410343527793884
YLL028W,YHR025W,0,-1.3257582,0.10799320042133331,0.9931573867797852,0.8411346077919006
YDL123W,YDR412W,0,-1.3272315,0.10798171907663345,0.9931573867797852,0.8412348628044128
YLR229C,YDR324C,0,-1.3274128,0.10797024518251419,0.9931573867797852,0.8413350582122803
YBR084C-A,YER003C,0,-1.3281312,0.10795877128839493,0.9931573867797852,0.8414353132247925
YLR259C,YHR214W,0,-1.3297955,0.10794730484485626,0.9931573867797852,0.8415355086326599
YJL164C,YJL063C,0,-1.3305368,0.107935830950737,0.9931573867797852,0.8416357636451721
YCR008W,YJR108W,0,-1.3306576,0.10792436450719833,0.9931573867797852,0.8417360186576843
YNL190W,YPR145W,0,-1.331384,0.10791290551424026,0.9931573867797852,0.8418362140655518
YOR205C,YPL010W,0,-1.3314617,0.1079014465212822,0.9931573867797852,0.841936469078064
YER004W,YKL073W,0,-1.3338377,0.10788998752832413,0.9931573867797852,0.8420366644859314
YER087C-A,YLR313C,0,-1.3347971,0.10787852853536606,0.9931573867797852,0.8421369194984436
YIL016W,YER091C,0,-1.3356099,0.10786707699298859,0.9931573867797852,0.8422371745109558
YNR026C,YJL165C,0,-1.3365245,0.10785562545061111,0.9931573867797852,0.8423373699188232
YNL072W,YLL013C,0,-1.337559,0.10784418135881424,0.9931573867797852,0.8424376249313354
YLR201C,YAL051W,0,-1.3378241,0.10783272981643677,0.9931573867797852,0.8425378203392029
YLR220W,YIR014W,0,-1.3379537,0.10782128572463989,0.9931573867797852,0.8426380753517151
YLR136C,YLR097C,0,-1.3380231,0.10780984908342361,0.9931573867797852,0.8427382707595825
YNL115C,YOR307C,0,-1.3384457,0.10779840499162674,0.9931573867797852,0.8428385257720947
YDL130W,YDR312W,0,-1.3387618,0.10778697580099106,0.9931573867797852,0.8429387807846069
YOR389W,YLR010C,0,-1.3390226,0.10777553915977478,0.9931573867797852,0.8430389761924744
YNL310C,YDL211C,0,-1.339657,0.1077641099691391,0.9931573867797852,0.8431392312049866
YLR038C,YKL042W,0,-1.3407619,0.10775268077850342,0.9931573867797852,0.843239426612854
YOR224C,YNR020C,0,-1.3424774,0.10774125158786774,0.9931573867797852,0.8433396816253662
YOR119C,YIL127C,0,-1.3434455,0.10772982984781265,0.9931573867797852,0.8434399366378784
YIL064W,YNL047C,0,-1.3445944,0.10771840810775757,0.9931573867797852,0.8435401320457458
YAL013W,YML040W,0,-1.3452742,0.10770698636770248,0.9931573867797852,0.8436403870582581
YFL022C,YBR078W,0,-1.3453307,0.107695572078228,0.9931573867797852,0.8437405824661255
YJR143C,YOR087W,0,-1.3459845,0.10768415778875351,0.9931573867797852,0.8438408374786377
YMR105C,YPL076W,0,-1.3462698,0.10767274349927902,0.9931573867797852,0.8439410924911499
YLR388W,YLR409C,0,-1.3475776,0.10766133666038513,0.9931573867797852,0.8440412878990173
YDR239C,YIL138C,0,-1.3503182,0.10764992237091064,0.9931573867797852,0.8441415429115295
YLR106C,YJR091C,0,-1.3503947,0.10763852298259735,0.9931573867797852,0.844241738319397
YGR283C,YNL112W,0,-1.351254,0.10762711614370346,0.9931573867797852,0.8443419933319092
YER144C,YBL084C,0,-1.3518398,0.10761571675539017,0.9931573867797852,0.8444421887397766
YDR093W,YNL268W,0,-1.3521287,0.10760432481765747,0.9931573867797852,0.8445424437522888
YJR108W,YGR254W,0,-1.3530629,0.10759292542934418,0.9931573867797852,0.844642698764801
YHR091C,YER091C,0,-1.3531637,0.10758153349161148,0.9931573867797852,0.8447428941726685
YDR452W,YGL226W,0,-1.3534532,0.10757014155387878,0.9931573867797852,0.8448431491851807
YCL017C,YCR063W,0,-1.3555393,0.10755875706672668,0.9931573867797852,0.8449433445930481
YLL023C,YOL092W,0,-1.3568605,0.10754737257957458,0.9931573867797852,0.8450435996055603
YNL263C,YML091C,0,-1.3572978,0.10753598809242249,0.9931573867797852,0.8451438546180725
YOR046C,YAL002W,0,-1.3576597,0.10752460360527039,0.9931573867797852,0.8452440500259399
YCL060C,YLR015W,1,-1.357996,0.10761904716491699,0.9941349029541016,0.8452440500259399
YPR132W,YDL134C,0,-1.3593284,0.10760766267776489,0.9941349029541016,0.8453443050384521
YIL125W,YER140W,0,-1.3594291,0.10759627819061279,0.9941349029541016,0.8454445004463196
YPL056C,YPL262W,0,-1.361716,0.1075848937034607,0.9941349029541016,0.8455447554588318
YGR125W,YIR013C,0,-1.3638606,0.10757351666688919,0.9941349029541016,0.845645010471344
YDL240W,YOR208W,0,-1.3638791,0.10756213963031769,0.9941349029541016,0.8457452058792114
YLR347C,YFL056C,0,-1.364846,0.10755076259374619,0.9941349029541016,0.8458454608917236
YKR067W,YKL051W,0,-1.3670843,0.10753938555717468,0.9941349029541016,0.8459456562995911
YLR299W,YOR171C,0,-1.3688432,0.10752801597118378,0.9941349029541016,0.8460459113121033
YMR110C,YCR031C,0,-1.3717903,0.10751665383577347,0.9941349029541016,0.8461461067199707
YNR052C,YPR042C,0,-1.3723066,0.10750528424978256,0.9941349029541016,0.8462463617324829
YPR114W,YPL090C,0,-1.3723717,0.10749392211437225,0.9941349029541016,0.8463466167449951
YCL045C,YGL076C,0,-1.3733337,0.10748255997896194,0.9941349029541016,0.8464468121528625
YDR307W,YNL075W,0,-1.3745456,0.10747120529413223,0.9941349029541016,0.8465470671653748
YLR158C,YOR059C,0,-1.3798167,0.10745985060930252,0.9941349029541016,0.8466472625732422
YHR197W,YHR171W,0,-1.380496,0.10744849592447281,0.9941349029541016,0.8467475175857544
YNL254C,YDL247W,0,-1.3807117,0.1074371412396431,0.9941349029541016,0.8468477725982666
YMR297W,YOR383C,0,-1.3812013,0.10742579400539398,0.9941349029541016,0.846947968006134
YPL003W,YOL039W,0,-1.3814626,0.10741444677114487,0.9941349029541016,0.8470482230186462
YFR049W,YDR103W,0,-1.3832108,0.10740310698747635,0.9941349029541016,0.8471484184265137
YDL226C,YLR377C,0,-1.384722,0.10739175975322723,0.9941349029541016,0.8472486734390259
YPL100W,YBR212W,0,-1.3854691,0.10738042742013931,0.9941349029541016,0.8473489284515381
YDL012C,YOR172W,0,-1.3858643,0.1073690876364708,0.9941349029541016,0.8474491238594055
YDR456W,YKL211C,0,-1.3877165,0.10735775530338287,0.9941349029541016,0.8475493788719177
YOR347C,YJL133C-A,0,-1.3896363,0.10734642297029495,0.9941349029541016,0.8476495742797852
YGR088W,YKR080W,0,-1.3905814,0.10733509063720703,0.9941349029541016,0.8477498292922974
YPL146C,YLR204W,0,-1.3910322,0.10732376575469971,0.9941349029541016,0.8478500843048096
YAL008W,YOR036W,0,-1.3912691,0.10731244087219238,0.9941349029541016,0.847950279712677
YKL222C,YAL051W,0,-1.3913134,0.10730111598968506,0.9941349029541016,0.8480505347251892
YLR056W,YLR399C,0,-1.3923123,0.10728979855775833,0.9941349029541016,0.8481507301330566
YBR149W,YAL005C,0,-1.392339,0.1072784811258316,0.9941349029541016,0.8482509851455688
YGL021W,YJR098C,0,-1.3930925,0.10726716369390488,0.9941349029541016,0.8483511805534363
YJL054W,YDL178W,0,-1.3932769,0.10725585371255875,0.9941349029541016,0.8484514355659485
YGR076C,YDR506C,0,-1.3938342,0.10724454373121262,0.9941349029541016,0.8485516905784607
YER149C,YDL212W,0,-1.3943784,0.10723323374986649,0.9941349029541016,0.8486518859863281
YPL271W,YHR152W,0,-1.395555,0.10722193121910095,0.9941349029541016,0.8487521409988403
YPL009C,YKR042W,0,-1.3972738,0.10721062868833542,0.9941349029541016,0.8488523364067078
YOR127W,YBR229C,0,-1.3974941,0.10719932615756989,0.9941349029541016,0.84895259141922
YER054C,YNR053C,0,-1.3993621,0.10718802362680435,0.9941349029541016,0.8490528464317322
YKR065C,YOL029C,0,-1.4013104,0.10717672854661942,0.9941349029541016,0.8491530418395996
YNL229C,YOR004W,0,-1.4019339,0.10716544091701508,0.9941349029541016,0.8492532968521118
YOR153W,YGR003W,0,-1.4024317,0.10715414583683014,0.9941349029541016,0.8493534922599792
YNL194C,YIR013C,0,-1.4063518,0.1071428582072258,0.9941349029541016,0.8494537472724915
YIL155C,YDR510W,0,-1.4064081,0.10713157057762146,0.9941349029541016,0.8495540022850037
YNL086W,YGL153W,0,-1.4065924,0.10712028294801712,0.9941349029541016,0.8496541976928711
YDR139C,YGL253W,0,-1.4071945,0.10710900276899338,0.9941349029541016,0.8497544527053833
YGR200C,YHR123W,0,-1.407768,0.10709772258996964,0.9941349029541016,0.8498546481132507
YKR067W,YNL148C,0,-1.4111241,0.10708644986152649,0.9941349029541016,0.8499549031257629
YPL086C,YGR172C,0,-1.4111464,0.10707517713308334,0.9941349029541016,0.8500550985336304
YNL063W,YDL105W,0,-1.4116124,0.1070639044046402,0.9941349029541016,0.8501553535461426
YER071C,YJR118C,0,-1.4123663,0.10705263167619705,0.9941349029541016,0.8502556085586548
YGL006W,YPL033C,0,-1.4132676,0.1070413663983345,0.9941349029541016,0.8503558039665222
YGR189C,YHR185C,0,-1.4148433,0.10703010112047195,0.9941349029541016,0.8504560589790344
YDR500C,YDR293C,0,-1.4180427,0.1070188358426094,0.9941349029541016,0.8505562543869019
YDR148C,YPL176C,0,-1.4181426,0.10700757801532745,0.9941349029541016,0.8506565093994141
YLL048C,YNL190W,0,-1.4187509,0.1069963201880455,0.9941349029541016,0.8507567644119263
YGR078C,YDL143W,0,-1.4191483,0.10698506236076355,0.9941349029541016,0.8508569598197937
YDR116C,YDR074W,0,-1.4194429,0.1069738119840622,0.9941349029541016,0.8509572148323059
YML022W,YJL111W,0,-1.4252406,0.10696255415678024,0.9941349029541016,0.8510574102401733
YNL225C,YAL015C,0,-1.425627,0.10695131123065948,0.9941349029541016,0.8511576652526855
YDR398W,YIL158W,0,-1.4280868,0.10694006085395813,0.9941349029541016,0.8512579202651978
YNL176C,YPR081C,0,-1.4293131,0.10692881792783737,0.9941349029541016,0.8513581156730652
YKL157W,YLL048C,0,-1.4293158,0.10691757500171661,0.9941349029541016,0.8514583706855774
YCR008W,YLR342W,0,-1.4333043,0.10690633952617645,0.9941349029541016,0.8515585660934448
YDR317W,YNL272C,0,-1.4338264,0.10689510405063629,0.9941349029541016,0.851658821105957
YHR020W,YML116W,0,-1.4339174,0.10688386857509613,0.9941349029541016,0.8517590165138245
YOR177C,YNL244C,0,-1.4341297,0.10687263309955597,0.9941349029541016,0.8518592715263367
YDR352W,YAL001C,0,-1.4358146,0.1068614050745964,0.9941349029541016,0.8519595265388489
YBR268W,YNL167C,0,-1.4376748,0.10685017704963684,0.9941349029541016,0.8520597219467163
YHR115C,YDR266C,0,-1.4381891,0.10683895647525787,0.9941349029541016,0.8521599769592285
YDR289C,YBR199W,0,-1.4390093,0.10682772845029831,0.9941349029541016,0.852260172367096
YDR186C,YHR169W,0,-1.439337,0.10681650787591934,0.9941349029541016,0.8523604273796082
YAL061W,YBR091C,0,-1.4401948,0.10680529475212097,0.9941349029541016,0.8524606823921204
YDR065W,YHR176W,0,-1.4408053,0.106794074177742,0.9941349029541016,0.8525608777999878
YKR045C,YOR044W,0,-1.4420455,0.10678286105394363,0.9941349029541016,0.8526611328125
YDR019C,YLL026W,0,-1.4429164,0.10677165538072586,0.9941349029541016,0.8527613282203674
YHR190W,YGL047W,0,-1.4432454,0.10676044225692749,0.9941349029541016,0.8528615832328796
YKL029C,YPL141C,0,-1.4459679,0.10674923658370972,0.9941349029541016,0.8529618382453918
YLR048W,YCR069W,0,-1.4486233,0.10673803836107254,0.9941349029541016,0.8530620336532593
YGR035C,YOR293W,0,-1.4492095,0.10672683268785477,0.9941349029541016,0.8531622886657715
YHR202W,YNL189W,0,-1.4501786,0.10671563446521759,0.9941349029541016,0.8532624840736389
YKL150W,YER123W,0,-1.4502437,0.10670443624258041,0.9941349029541016,0.8533627390861511
YIL013C,YOR316C,0,-1.4504268,0.10669324547052383,0.9941349029541016,0.8534629940986633
YML014W,YLR345W,0,-1.4511285,0.10668205469846725,0.9941349029541016,0.8535631895065308
YOL130W,YDR234W,0,-1.4520415,0.10667086392641068,0.9941349029541016,0.853663444519043
YPL217C,YPL207W,0,-1.4528745,0.1066596731543541,0.9941349029541016,0.8537636399269104
YPR114W,YOL065C,0,-1.4546726,0.10664848983287811,0.9941349029541016,0.8538638949394226
YGL095C,YPR110C,0,-1.4552312,0.10663730651140213,0.9941349029541016,0.85396409034729
YDR248C,YCL063W,0,-1.4553722,0.10662613064050674,0.9941349029541016,0.8540643453598022
YKL039W,YBL051C,0,-1.4568754,0.10661494731903076,0.9941349029541016,0.8541646003723145
YPL155C,YAR009C,0,-1.4599557,0.10660377144813538,0.9941349029541016,0.8542647957801819
YJR088C,YBR014C,0,-1.460147,0.10659260302782059,0.9941349029541016,0.8543650507926941
YER170W,YNL094W,0,-1.4606194,0.1065814271569252,0.9941349029541016,0.8544652462005615
YOR240W,YNL112W,0,-1.4624333,0.10657025873661041,0.9941349029541016,0.8545655012130737
YKL039W,YMR041C,0,-1.4628313,0.10655909776687622,0.9941349029541016,0.8546657562255859
YMR264W,YAL007C,0,-1.4639103,0.10654792934656143,0.9941349029541016,0.8547659516334534
YMR184W,YDR465C,0,-1.4644127,0.10653676837682724,0.9941349029541016,0.8548662066459656
YJR135W-A,YLR421C,0,-1.4652311,0.10652560740709305,0.9941349029541016,0.854966402053833
YPL168W,YPL105C,0,-1.4652367,0.10651445388793945,0.9941349029541016,0.8550666570663452
YDR447C,YDR434W,0,-1.4679644,0.10650330036878586,0.9941349029541016,0.8551669120788574
YNR040W,YMR237W,0,-1.4704556,0.10649214684963226,0.9941349029541016,0.8552671074867249
YCR038C,YDL109C,0,-1.471134,0.10648099333047867,0.9941349029541016,0.8553673624992371
YIL067C,YMR303C,0,-1.4715588,0.10646984726190567,0.9941349029541016,0.8554675579071045
YOL089C,YJR059W,0,-1.4717708,0.10645870119333267,0.9941349029541016,0.8555678129196167
YDR447C,YDR471W,0,-1.4744834,0.10644756257534027,0.9941349029541016,0.8556680083274841
YNL166C,YDR251W,0,-1.4747632,0.10643642395734787,0.9941349029541016,0.8557682633399963
YPL186C,YLR061W,0,-1.4767903,0.10642528533935547,0.9941349029541016,0.8558685183525085
YDR119W,YBR069C,0,-1.4790015,0.10641414672136307,0.9941349029541016,0.855968713760376
YMR318C,YHR108W,0,-1.4792236,0.10640301555395126,0.9941349029541016,0.8560689687728882
YDL119C,YOR241W,0,-1.4799732,0.10639188438653946,0.9941349029541016,0.8561691641807556
YGR249W,YPR122W,0,-1.480569,0.10638075321912766,0.9941349029541016,0.8562694191932678
YIL136W,YDL067C,0,-1.4807326,0.10636962950229645,0.9941349029541016,0.85636967420578
YJL105W,YMR239C,1,-1.4837078,0.10646308213472366,0.995112419128418,0.85636967420578
YIL067C,YBL072C,0,-1.4844556,0.10645195096731186,0.995112419128418,0.8564698696136475
YDR065W,YML001W,0,-1.4889112,0.10644081979990005,0.995112419128418,0.8565701246261597
YOR371C,YJL056C,0,-1.4892483,0.10642968863248825,0.995112419128418,0.8566703200340271
YML005W,YML043C,0,-1.4922367,0.10641856491565704,0.995112419128418,0.8567705750465393
YOL140W,YBR211C,0,-1.4925957,0.10640744119882584,0.995112419128418,0.8568708300590515
YLR220W,YEL047C,0,-1.4948021,0.10639631748199463,0.995112419128418,0.856971025466919
YLR426W,YIL026C,0,-1.4949234,0.10638520121574402,0.995112419128418,0.8570712804794312
YOL116W,YNR070W,0,-1.4953319,0.10637408494949341,0.995112419128418,0.8571714758872986
YLR070C,YGR128C,0,-1.4959123,0.1063629686832428,0.995112419128418,0.8572717308998108
YMR281W,YLR077W,0,-1.4963181,0.10635185986757278,0.995112419128418,0.8573719263076782
YPR063C,YJL186W,0,-1.4969425,0.10634075105190277,0.995112419128418,0.8574721813201904
YGR283C,YPR058W,0,-1.4970671,0.10632964223623276,0.995112419128418,0.8575724363327026
YOL056W,YGR097W,0,-1.497545,0.10631854087114334,0.995112419128418,0.8576726317405701
YOR030W,YDR037W,0,-1.4987206,0.10630743205547333,0.995112419128418,0.8577728867530823
YPR005C,YIL156W,0,-1.49912,0.10629633814096451,0.995112419128418,0.8578730821609497
YFR009W,YHR150W,0,-1.5000122,0.10628523677587509,0.995112419128418,0.8579733371734619
YJR098C,YNL035C,0,-1.5025415,0.10627414286136627,0.995112419128418,0.8580735921859741
YMR166C,YAL028W,0,-1.5029154,0.10626304894685745,0.995112419128418,0.8581737875938416
YHR147C,YLR194C,0,-1.506242,0.10625195503234863,0.995112419128418,0.8582740426063538
YDL012C,YIL101C,0,-1.5084949,0.10624086856842041,0.995112419128418,0.8583742380142212
YAR010C,YNR008W,0,-1.5095284,0.10622978210449219,0.995112419128418,0.8584744930267334
YMR197C,YLL054C,0,-1.509603,0.10621869564056396,0.995112419128418,0.8585747480392456
YDR358W,YDR022C,0,-1.5103003,0.10620761662721634,0.995112419128418,0.858674943447113
YNR007C,YDR385W,0,-1.5108076,0.10619653761386871,0.995112419128418,0.8587751984596252
YMR202W,YNL254C,0,-1.5108174,0.10618545860052109,0.995112419128418,0.8588753938674927
YPL066W,YNL037C,0,-1.5128862,0.10617438703775406,0.995112419128418,0.8589756488800049
YJR126C,YEL071W,0,-1.5132412,0.10616331547498703,0.995112419128418,0.8590759038925171
YML100W,YJR120W,0,-1.5146422,0.10615224391222,0.995112419128418,0.8591760993003845
YCL027W,YDL134C,0,-1.5162992,0.10614117234945297,0.995112419128418,0.8592763543128967
YNL265C,YEL050C,0,-1.5172405,0.10613010823726654,0.995112419128418,0.8593765497207642
YHR096C,YPL206C,0,-1.5189084,0.10611904412508011,0.995112419128418,0.8594768047332764
YFR016C,YDR078C,0,-1.518994,0.10610798746347427,0.995112419128418,0.8595770001411438
YGL104C,YNL225C,0,-1.5193839,0.10609692335128784,0.995112419128418,0.859677255153656
YHR204W,YLR263W,0,-1.520847,0.106085866689682,0.995112419128418,0.8597775101661682
YPL249C,YGL001C,0,-1.5229492,0.10607481747865677,0.995112419128418,0.8598777055740356
YGL231C,YPR032W,0,-1.5255259,0.10606376081705093,0.995112419128418,0.8599779605865479
YGL107C,YGR296W,0,-1.5256131,0.1060527116060257,0.995112419128418,0.8600781559944153
YOR303W,YDR424C,0,-1.5262477,0.10604166984558105,0.995112419128418,0.8601784110069275
YIL034C,YHR186C,0,-1.526389,0.10603062063455582,0.995112419128418,0.8602786660194397
YER036C,YHR037W,0,-1.5277088,0.10601957887411118,0.995112419128418,0.8603788614273071
YDL119C,YFL004W,0,-1.5281714,0.10600853711366653,0.995112419128418,0.8604791164398193
YER071C,YLR135W,0,-1.5296961,0.10599750280380249,0.995112419128418,0.8605793118476868
YIR007W,YML010W,0,-1.5301061,0.10598646849393845,0.995112419128418,0.860679566860199
YPL072W,YBR106W,0,-1.5306827,0.1059754341840744,0.995112419128418,0.8607798218727112
YPL090C,YJL186W,0,-1.5313234,0.10596439987421036,0.995112419128418,0.8608800172805786
YKL141W,YBR301W,0,-1.5353199,0.10595337301492691,0.995112419128418,0.8609802722930908
YDL025C,YKL178C,0,-1.5362248,0.10594234615564346,0.995112419128418,0.8610804677009583
YLR283W,YOL154W,0,-1.5395288,0.10593131929636002,0.995112419128418,0.8611807227134705
YOL100W,YJR150C,0,-1.5397341,0.10592029988765717,0.995112419128418,0.8612809181213379
YDR242W,YBR205W,0,-1.5413516,0.10590928047895432,0.995112419128418,0.8613811731338501
YBR097W,YBR159W,0,-1.541594,0.10589826107025146,0.995112419128418,0.8614814281463623
YCL038C,YGR080W,0,-1.5420681,0.10588724911212921,0.995112419128418,0.8615816235542297
YCR003W,YHR108W,0,-1.5439506,0.10587623715400696,0.995112419128418,0.8616818785667419
YGR271C-A,YMR312W,0,-1.5455387,0.1058652251958847,0.995112419128418,0.8617820739746094
YKL027W,YPL144W,0,-1.5469328,0.10585421323776245,0.995112419128418,0.8618823289871216
YLR001C,YGR104C,0,-1.5503278,0.1058432087302208,0.995112419128418,0.8619825839996338
YGR227W,YJL118W,0,-1.5505793,0.10583220422267914,0.995112419128418,0.8620827794075012
YHR003C,YBL078C,0,-1.5509545,0.10582120716571808,0.995112419128418,0.8621830344200134
YGL076C,YPL068C,0,-1.5520567,0.10581021010875702,0.995112419128418,0.8622832298278809
YEL001C,YDL119C,0,-1.552185,0.10579921305179596,0.995112419128418,0.8623834848403931
YGL234W,YIL129C,0,-1.554225,0.1057882159948349,0.995112419128418,0.8624837398529053
YOL075C,YGL013C,0,-1.5571358,0.10577722638845444,0.995112419128418,0.8625839352607727
YHR064C,YGL185C,0,-1.5571673,0.10576623678207397,0.995112419128418,0.8626841902732849
YOL058W,YOR172W,0,-1.5576692,0.10575524717569351,0.995112419128418,0.8627843856811523
YKL157W,YOR267C,0,-1.5592487,0.10574425756931305,0.995112419128418,0.8628846406936646
YCR003W,YDL004W,0,-1.5603194,0.10573327541351318,0.995112419128418,0.862984836101532
YHL031C,YDR255C,0,-1.5620645,0.10572230070829391,0.995112419128418,0.8630850911140442
YCR068W,YLR265C,0,-1.5626664,0.10571131855249405,0.995112419128418,0.8631853461265564
YDR101C,YOL137W,0,-1.5642991,0.10570034384727478,0.995112419128418,0.8632855415344238
YPL170W,YPL169C,0,-1.5735892,0.10568936914205551,0.995112419128418,0.863385796546936
YHR141C,YGR142W,0,-1.574368,0.10567839443683624,0.995112419128418,0.8634859919548035
YHL031C,YKR098C,0,-1.5758483,0.10566742718219757,0.995112419128418,0.8635862469673157
YKR059W,YDL230W,0,-1.5768527,0.1056564599275589,0.995112419128418,0.8636865019798279
YPR079W,YGR257C,0,-1.5800643,0.10564549267292023,0.995112419128418,0.8637866973876953
YDR084C,YPL152W,0,-1.5803866,0.10563453286886215,0.995112419128418,0.8638869524002075
YHR003C,YGR209C,0,-1.5805318,0.10562357306480408,0.995112419128418,0.863987147808075
YNL177C,YKR078W,0,-1.5835931,0.105612613260746,0.995112419128418,0.8640874028205872
YGL049C,YCR067C,0,-1.585463,0.10560166090726852,0.995112419128418,0.8641876578330994
YMR101C,YLR006C,0,-1.5864493,0.10559070855379105,0.995112419128418,0.8642878532409668
YPL013C,YML026C,0,-1.5884528,0.10557975620031357,0.995112419128418,0.864388108253479
YPR008W,YLR084C,0,-1.5890294,0.10556880384683609,0.995112419128418,0.8644883036613464
YJL209W,YHR122W,0,-1.5920899,0.10555785894393921,0.995112419128418,0.8645885586738586
YPR148C,YOR065W,0,-1.592327,0.10554691404104233,0.995112419128418,0.8646888136863708
YJL098W,YLR352W,0,-1.5924288,0.10553597658872604,0.995112419128418,0.8647890090942383
YGR125W,YGL043W,0,-1.5942041,0.10552503168582916,0.995112419128418,0.8648892641067505
YGR162W,YDR376W,0,-1.5954205,0.10551409423351288,0.995112419128418,0.8649894595146179
YOR130C,YLR193C,0,-1.599022,0.10550316423177719,0.995112419128418,0.8650897145271301
YNR040W,YLR100W,0,-1.6021168,0.10549222677946091,0.995112419128418,0.8651899099349976
YIL041W,YCR031C,0,-1.6051213,0.10548129677772522,0.995112419128418,0.8652901649475098
YGR266W,YKR039W,0,-1.609816,0.10547036677598953,0.995112419128418,0.865390419960022
YHR096C,YJL045W,0,-1.6107695,0.10545944422483444,0.995112419128418,0.8654906153678894
YMR221C,YHL024W,0,-1.6115896,0.10544852167367935,0.995112419128418,0.8655908703804016
YGL079W,YAL012W,0,-1.6118685,0.10543759912252426,0.995112419128418,0.865691065788269
YGL020C,YPL227C,0,-1.6120198,0.10542667657136917,0.995112419128418,0.8657913208007812
YCR076C,YPR085C,1,-1.612102,0.10551930963993073,0.9960899353027344,0.8657913208007812
YOR328W,YHR031C,0,-1.6127009,0.10550838708877563,0.9960899353027344,0.8658915758132935
YJL208C,YDR194C,0,-1.6130495,0.10549746453762054,0.9960899353027344,0.8659917712211609
YHR112C,YPL029W,0,-1.6132103,0.10548654198646545,0.9960899353027344,0.8660920262336731
YLR064W,YDL150W,0,-1.6138228,0.10547562688589096,0.9960899353027344,0.8661922216415405
YDL025C,YIL098C,0,-1.6143916,0.10546470433473587,0.9960899353027344,0.8662924766540527
YHL021C,YOR122C,0,-1.6170884,0.10545378923416138,0.9960899353027344,0.8663927316665649
YLL014W,YLR324W,0,-1.6206307,0.10544288158416748,0.9960899353027344,0.8664929270744324
YPL005W,YHR143W,0,-1.6214637,0.10543197393417358,0.9960899353027344,0.8665931820869446
YDL160C,YBL072C,0,-1.6238554,0.10542106628417969,0.9960899353027344,0.866693377494812
YOL009C,YLR376C,0,-1.6240504,0.10541015863418579,0.9960899353027344,0.8667936325073242
YOR120W,YOR195W,0,-1.6261561,0.10539925843477249,0.9960899353027344,0.8668938279151917
YDR179C,YDR313C,0,-1.6279771,0.10538835823535919,0.9960899353027344,0.8669940829277039
YOL077W-A,YJL157C,0,-1.63075,0.10537745803594589,0.9960899353027344,0.8670943379402161
YBR280C,YCR023C,0,-1.6317737,0.10536655783653259,0.9960899353027344,0.8671945333480835
YLR259C,YPL275W,0,-1.6318002,0.10535566508769989,0.9960899353027344,0.8672947883605957
YGL255W,YGR191W,0,-1.6332178,0.10534477233886719,0.9960899353027344,0.8673949837684631
YGR154C,YDR022C,0,-1.6334946,0.10533388704061508,0.9960899353027344,0.8674952387809753
YOR389W,YMR289W,0,-1.6344733,0.10532299429178238,0.9960899353027344,0.8675954937934875
YKL084W,YFR047C,0,-1.6360817,0.10531210899353027,0.9960899353027344,0.867695689201355
YHR039C-B,YLR343W,0,-1.6362073,0.10530123114585876,0.9960899353027344,0.8677959442138672
YIL110W,YNL294C,0,-1.6365442,0.10529034584760666,0.9960899353027344,0.8678961396217346
YCR102C,YCR071C,0,-1.6368482,0.10527946799993515,0.9960899353027344,0.8679963946342468
YCL069W,YDL184C,0,-1.6373141,0.10526859760284424,0.9960899353027344,0.868096649646759
YLR188W,YER026C,0,-1.6385831,0.10525771975517273,0.9960899353027344,0.8681968450546265
YOR329C,YPL021W,0,-1.6401852,0.10524684935808182,0.9960899353027344,0.8682971000671387
YDR212W,YBR087W,0,-1.640943,0.1052359789609909,0.9960899353027344,0.8683972954750061
YPR124W,YJL083W,0,-1.6414742,0.10522511601448059,0.9960899353027344,0.8684975504875183
YHR083W,YJR125C,0,-1.6436768,0.10521424561738968,0.9960899353027344,0.8685977458953857
YKR100C,YNL264C,0,-1.6444702,0.10520338267087936,0.9960899353027344,0.868698000907898
YPL275W,YDR027C,0,-1.6467127,0.10519252717494965,0.9960899353027344,0.8687982559204102
YPL230W,YJR095W,0,-1.6473254,0.10518167167901993,0.9960899353027344,0.8688984513282776
YJL204C,YLR132C,0,-1.6477977,0.10517080873250961,0.9960899353027344,0.8689987063407898
YNL009W,YNR008W,0,-1.6477991,0.10515996068716049,0.9960899353027344,0.8690989017486572
YGR279C,YDL003W,0,-1.6478746,0.10514910519123077,0.9960899353027344,0.8691991567611694
YKR092C,YJL050W,0,-1.6483117,0.10513825714588165,0.9960899353027344,0.8692994117736816
YJR117W,YDR533C,0,-1.6516165,0.10512740910053253,0.9960899353027344,0.8693996071815491
YLR240W,YBR058C-A,0,-1.6542953,0.10511656850576401,0.9960899353027344,0.8694998621940613
YEL002C,YLR466W,0,-1.6547333,0.10510572791099548,0.9960899353027344,0.8696000576019287
YPL266W,YML026C,0,-1.6579822,0.10509488731622696,0.9960899353027344,0.8697003126144409
YHR140W,YMR022W,0,-1.6587743,0.10508404672145844,0.9960899353027344,0.8698005676269531
YPL051W,YPL009C,0,-1.659343,0.10507321357727051,0.9960899353027344,0.8699007630348206
YBR084W,YBR162W-A,0,-1.6598486,0.10506238043308258,0.9960899353027344,0.8700010180473328
YBR214W,YIR006C,0,-1.6599976,0.10505154728889465,0.9960899353027344,0.8701012134552002
YNL241C,YPR063C,0,-1.660326,0.10504071414470673,0.9960899353027344,0.8702014684677124
YBR186W,YPR140W,0,-1.6641276,0.1050298884510994,0.9960899353027344,0.8703017234802246
YML022W,YJR129C,0,-1.6649902,0.10501906275749207,0.9960899353027344,0.870401918888092
YGL053W,YOR290C,0,-1.6655517,0.10500824451446533,0.9960899353027344,0.8705021739006042
YLR048W,YBR221C,0,-1.6672436,0.1049974262714386,0.9960899353027344,0.8706023693084717
YNL106C,YPL058C,0,-1.6687641,0.10498660802841187,0.9960899353027344,0.8707026243209839
YGR244C,YBR156C,0,-1.6700032,0.10497578978538513,0.9960899353027344,0.8708028197288513
YHL026C,YAL014C,0,-1.670127,0.104964978992939,0.9960899353027344,0.8709030747413635
YDR011W,YDR266C,0,-1.6701849,0.10495416820049286,0.9960899353027344,0.8710033297538757
YHL013C,YGL029W,0,-1.6703975,0.10494335740804672,0.9960899353027344,0.8711035251617432
YML086C,YOR010C,0,-1.6710601,0.10493255406618118,0.9960899353027344,0.8712037801742554
YDR041W,YCR075C,0,-1.6719792,0.10492174327373505,0.9960899353027344,0.8713039755821228
YOR298C-A,YPL076W,0,-1.6743897,0.1049109473824501,0.9960899353027344,0.871404230594635
YOR339C,YMR081C,0,-1.6755637,0.10490014404058456,0.9960899353027344,0.8715044856071472
YPR155C,YIL120W,0,-1.6764011,0.10488934814929962,0.9960899353027344,0.8716046810150146
YMR110C,YPL265W,0,-1.6799,0.10487855225801468,0.9960899353027344,0.8717049360275269
YGR235C,YNL191W,0,-1.680615,0.10486775636672974,0.9960899353027344,0.8718051314353943
YIL098C,YHR033W,0,-1.683934,0.10485696792602539,0.9960899353027344,0.8719053864479065
YKR078W,YOR100C,0,-1.6853275,0.10484617948532104,0.9960899353027344,0.8720056414604187
YNL321W,YLR134W,0,-1.6853554,0.1048353910446167,0.9960899353027344,0.8721058368682861
YOL042W,YBR136W,0,-1.6860412,0.10482461005449295,0.9960899353027344,0.8722060918807983
YOR035C,YJL042W,0,-1.6863744,0.1048138216137886,0.9960899353027344,0.8723062872886658
YPL015C,YMR058W,0,-1.6867054,0.10480304062366486,0.9960899353027344,0.872406542301178
YOL138C,YEL071W,0,-1.6870193,0.1047922670841217,0.9960899353027344,0.8725067377090454
YPR036W,YPL076W,0,-1.6872466,0.10478149354457855,0.9960899353027344,0.8726069927215576
YJL003W,YBR241C,0,-1.6874332,0.1047707200050354,0.9960899353027344,0.8727072477340698
YLR069C,YLR058C,0,-1.6887892,0.10475994646549225,0.9960899353027344,0.8728074431419373
YCR009C,YLR126C,0,-1.6908516,0.1047491803765297,0.9960899353027344,0.8729076981544495
YPL048W,YDR020C,0,-1.6909709,0.10473841428756714,0.9960899353027344,0.8730078935623169
YNR055C,YGL016W,0,-1.691284,0.10472764819860458,0.9960899353027344,0.8731081485748291
YKR046C,YGL078C,0,-1.6943707,0.10471688210964203,0.9960899353027344,0.8732084035873413
YGR058W,YLR343W,0,-1.6964505,0.10470612347126007,0.9960899353027344,0.8733085989952087
YLR433C,YDR479C,0,-1.6965996,0.10469536483287811,0.9960899353027344,0.873408854007721
YBR078W,YOR019W,0,-1.6976044,0.10468461364507675,0.9960899353027344,0.8735090494155884
YHR203C,YCR053W,0,-1.698205,0.1046738550066948,0.9960899353027344,0.8736093044281006
YGR046W,YHR134W,0,-1.702212,0.10466310381889343,0.9960899353027344,0.8737095594406128
YPL123C,YLL031C,0,-1.7032115,0.10465236008167267,0.9960899353027344,0.8738097548484802
YDR379W,YGR277C,0,-1.7037252,0.10464160889387131,0.9960899353027344,0.8739100098609924
YOR190W,YGR103W,0,-1.7039394,0.10463086515665054,0.9960899353027344,0.8740102052688599
YDL044C,YIL171W,0,-1.7045617,0.10462012141942978,0.9960899353027344,0.8741104602813721
YHR171W,YKL125W,0,-1.7048262,0.10460938513278961,0.9960899353027344,0.8742106556892395
YIL039W,YBL078C,0,-1.7053398,0.10459864139556885,0.9960899353027344,0.8743109107017517
YDL130W-A,YMR047C,0,-1.7063637,0.10458791255950928,0.9960899353027344,0.8744111657142639
YAL002W,YBL009W,0,-1.707722,0.10457717627286911,0.9960899353027344,0.8745113611221313
YNR043W,YHR116W,0,-1.7085092,0.10456644743680954,0.9960899353027344,0.8746116161346436
YML026C,YDR471W,0,-1.7122822,0.10455571860074997,0.9960899353027344,0.874711811542511
YBR039W,YDR307W,0,-1.7123868,0.1045449897646904,0.9960899353027344,0.8748120665550232
YOL117W,YKL021C,0,-1.7152712,0.10453426092863083,0.9960899353027344,0.8749123215675354
YLR144C,YBR241C,0,-1.7162275,0.10452353954315186,0.9960899353027344,0.8750125169754028
YOL154W,YHR007C,0,-1.7166641,0.10451281815767288,0.9960899353027344,0.875112771987915
YOL019W,YLR006C,0,-1.7169601,0.1045021042227745,0.9960899353027344,0.8752129673957825
YKL155C,YPL101W,0,-1.7174124,0.10449138283729553,0.9960899353027344,0.8753132224082947
YHR027C,YDR256C,0,-1.7184762,0.10448066890239716,0.9960899353027344,0.8754134774208069
YLR143W,YIL056W,0,-1.7221832,0.10446996241807938,0.9960899353027344,0.8755136728286743
YMR217W,YER053C,0,-1.7263119,0.104459248483181,0.9960899353027344,0.8756139278411865
YDR219C,YHR063C,0,-1.7265346,0.10444854199886322,0.9960899353027344,0.875714123249054
YFL018C,YKL084W,0,-1.7282573,0.10443784296512604,0.9960899353027344,0.8758143782615662
YCR107W,YIL145C,0,-1.730526,0.10442713648080826,0.9960899353027344,0.8759146332740784
YMR086W,YIL031W,0,-1.7332579,0.10441643744707108,0.9960899353027344,0.8760148286819458
YML042W,YGR004W,0,-1.7344288,0.10440573841333389,0.9960899353027344,0.876115083694458
YNL301C,YGR209C,0,-1.7368454,0.10439503937959671,0.9960899353027344,0.8762152791023254
YMR221C,YOR196C,0,-1.739066,0.10438434779644012,0.9960899353027344,0.8763155341148376
YDL123W,YPL126W,0,-1.739095,0.10437365621328354,0.9960899353027344,0.8764157295227051
YFL016C,YER086W,0,-1.7430837,0.10436296463012695,0.9960899353027344,0.8765159845352173
YNL005C,YCR086W,0,-1.7438083,0.10435228049755096,0.9960899353027344,0.8766162395477295
YDR065W,YNL146W,0,-1.7445798,0.10434159636497498,0.9960899353027344,0.8767164349555969
YFL034C-A,YGL093W,0,-1.747194,0.10433091223239899,0.9960899353027344,0.8768166899681091
YOR266W,YIR013C,0,-1.7475344,0.104320228099823,0.9960899353027344,0.8769168853759766
YGL123W,YOR272W,0,-1.7479013,0.1043095514178276,0.9960899353027344,0.8770171403884888
YMR189W,YIL051C,0,-1.7493713,0.10429887473583221,0.9960899353027344,0.877117395401001
YCL012W,YJR064W,0,-1.7500004,0.10428819805383682,0.9960899353027344,0.8772175908088684
YMR205C,YPL117C,0,-1.7505214,0.10427752882242203,0.9960899353027344,0.8773178458213806
YHR140W,YDR017C,0,-1.7506201,0.10426685959100723,0.9960899353027344,0.877418041229248
YIR035C,YGR262C,0,-1.7510448,0.10425619035959244,0.9960899353027344,0.8775182962417603
YBR240C,YHR153C,0,-1.7511883,0.10424552112817764,0.9960899353027344,0.8776185512542725
YOL019W,YNR071C,0,-1.7512187,0.10423485934734344,0.9960899353027344,0.8777187466621399
YPL040C,YMR092C,0,-1.751899,0.10422419756650925,0.9960899353027344,0.8778190016746521
YLR201C,YHR070W,0,-1.7540334,0.10421354323625565,0.9960899353027344,0.8779191970825195
YER164W,YCL012W,0,-1.7547166,0.10420288145542145,0.9960899353027344,0.8780194520950317
YHL031C,YMR251W-A,0,-1.7560011,0.10419222712516785,0.9960899353027344,0.8781196475028992
YKL134C,YOR131C,0,-1.7579739,0.10418158024549484,0.9960899353027344,0.8782199025154114
YOL023W,YDR534C,0,-1.7585653,0.10417092591524124,0.9960899353027344,0.8783201575279236
YGL185C,YDR123C,0,-1.759263,0.10416027903556824,0.9960899353027344,0.878420352935791
YMR104C,YNL067W,0,-1.7601792,0.10414963215589523,0.9960899353027344,0.8785206079483032
YJL104W,YPL237W,0,-1.7628958,0.10413898527622223,0.9960899353027344,0.8786208033561707
YLR150W,YDR037W,0,-1.7634044,0.10412834584712982,0.9960899353027344,0.8787210583686829
YLR327C,YKL143W,0,-1.763672,0.10411770641803741,0.9960899353027344,0.8788213133811951
YGR277C,YOL094C,0,-1.7646631,0.10410706698894501,0.9960899353027344,0.8789215087890625
YPL220W,YDR007W,0,-1.7656467,0.1040964350104332,0.9960899353027344,0.8790217638015747
YJR086W,YDL005C,0,-1.7657912,0.10408580303192139,0.9960899353027344,0.8791219592094421
YOL120C,YGL027C,0,-1.7660245,0.10407517105340958,0.9960899353027344,0.8792222142219543
YIL067C,YLR328W,0,-1.766342,0.10406453907489777,0.9960899353027344,0.8793224692344666
YOL020W,YDR098C,0,-1.766357,0.10405391454696655,0.9960899353027344,0.879422664642334
YCL033C,YLR226W,0,-1.7694056,0.10404329001903534,0.9960899353027344,0.8795229196548462
YOR022C,YBR288C,0,-1.7709076,0.10403267294168472,0.9960899353027344,0.8796231150627136
YKL138C,YLR449W,0,-1.7710272,0.10402204841375351,0.9960899353027344,0.8797233700752258
YBR040W,YLR451W,0,-1.7722511,0.1040114313364029,0.9960899353027344,0.8798235654830933
YHR094C,YDL155W,0,-1.7726223,0.10400081425905228,0.9960899353027344,0.8799238204956055
YER170W,YOR233W,0,-1.7733986,0.10399020463228226,0.9960899353027344,0.8800240755081177
YNR019W,YNL305C,0,-1.7736921,0.10397959500551224,0.9960899353027344,0.8801242709159851
YKR087C,YMR161W,0,-1.7741454,0.10396898537874222,0.9960899353027344,0.8802245259284973
YOL071W,YOR019W,0,-1.7755105,0.1039583757519722,0.9960899353027344,0.8803247213363647
YJL078C,YIL011W,0,-1.778572,0.10394777357578278,0.9960899353027344,0.880424976348877
YKR072C,YIL168W,0,-1.7794509,0.10393717139959335,0.9960899353027344,0.8805252313613892
YCR081W,YDR506C,0,-1.780615,0.10392656922340393,0.9960899353027344,0.8806254267692566
YPL230W,YLR176C,0,-1.7827703,0.10391596704721451,0.9960899353027344,0.8807256817817688
YLR011W,YBL075C,0,-1.7854341,0.10390537232160568,0.9960899353027344,0.8808258771896362
YDR516C,YLR196W,0,-1.7879268,0.10389477759599686,0.9960899353027344,0.8809261322021484
YEL059C-A,YKL195W,0,-1.7880601,0.10388419032096863,0.9960899353027344,0.8810263872146606
YBR038W,YOR306C,0,-1.7881007,0.1038735955953598,0.9960899353027344,0.8811265826225281
YPL168W,YFL037W,0,-1.7888169,0.10386300832033157,0.9960899353027344,0.8812268376350403
YPL230W,YNL015W,0,-1.7889407,0.10385242849588394,0.9960899353027344,0.8813270330429077
YNL233W,YDL144C,0,-1.7903457,0.10384184122085571,0.9960899353027344,0.8814272880554199
YGR041W,YGR048W,0,-1.792139,0.10383126139640808,0.9960899353027344,0.8815275430679321
YOR228C,YOR241W,0,-1.7924255,0.10382068157196045,0.9960899353027344,0.8816277384757996
YPL120W,YGR048W,0,-1.7935238,0.10381010919809341,0.9960899353027344,0.8817279934883118
YNL318C,YFL034C-B,0,-1.7949013,0.10379952937364578,0.9960899353027344,0.8818281888961792
YJL105W,YNL186W,1,-1.7958179,0.1038908138871193,0.9970674514770508,0.8818281888961792
YHL017W,YKR052C,0,-1.7959602,0.10388023406267166,0.9970674514770508,0.8819284439086914
YLL014W,YPL108W,0,-1.7976298,0.10386965423822403,0.9970674514770508,0.8820286393165588
YGR138C,YBR046C,0,-1.8067509,0.1038590744137764,0.9970674514770508,0.882128894329071
YOR197W,YDL247W,0,-1.8115058,0.10384850203990936,0.9970674514770508,0.8822291493415833
YDR018C,YMR195W,0,-1.8128606,0.10383792966604233,0.9970674514770508,0.8823293447494507
YDR060W,YHR052W,0,-1.8129587,0.10382736474275589,0.9970674514770508,0.8824295997619629
YLR408C,YIL010W,0,-1.813628,0.10381679236888885,0.9970674514770508,0.8825297951698303
YDR456W,YNL154C,0,-1.8136394,0.10380622744560242,0.9970674514770508,0.8826300501823425
YBR084C-A,YKR024C,0,-1.8140438,0.10379566252231598,0.9970674514770508,0.8827303051948547
YFL003C,YGR245C,0,-1.8145424,0.10378510504961014,0.9970674514770508,0.8828305006027222
YOR356W,YGR280C,0,-1.8150373,0.1037745475769043,0.9970674514770508,0.8829307556152344
YKL134C,YNR039C,0,-1.8156828,0.10376399010419846,0.9970674514770508,0.8830309510231018
YCR004C,YGR266W,0,-1.8173782,0.10375343263149261,0.9970674514770508,0.883131206035614
YBL045C,YDR448W,0,-1.8175839,0.10374288260936737,0.9970674514770508,0.8832314610481262
YEL060C,YKL132C,0,-1.819177,0.10373233258724213,0.9970674514770508,0.8833316564559937
YFL011W,YDR103W,0,-1.8199751,0.10372178256511688,0.9970674514770508,0.8834319114685059
YOR356W,YDR368W,0,-1.8226943,0.10371123254299164,0.9970674514770508,0.8835321068763733
YBR005W,YNL173C,0,-1.8231659,0.10370068997144699,0.9970674514770508,0.8836323618888855
YHR104W,YGL249W,0,-1.8237063,0.10369014739990234,0.9970674514770508,0.8837325572967529
YDR348C,YOR330C,0,-1.8248339,0.1036796122789383,0.9970674514770508,0.8838328123092651
YGR125W,YNL059C,0,-1.8256729,0.10366906970739365,0.9970674514770508,0.8839330673217773
YBR214W,YLR221C,0,-1.8265713,0.1036585345864296,0.9970674514770508,0.8840332627296448
YNL152W,YOR018W,0,-1.831316,0.10364800691604614,0.9970674514770508,0.884133517742157
YPR201W,YMR024W,0,-1.8314694,0.10363747179508209,0.9970674514770508,0.8842337131500244
YNL191W,YGR211W,0,-1.8331826,0.10362694412469864,0.9970674514770508,0.8843339681625366
YMR281W,YPR057W,0,-1.8335164,0.10361641645431519,0.9970674514770508,0.8844342231750488
YOR247W,YGR203W,0,-1.8378716,0.10360588878393173,0.9970674514770508,0.8845344185829163
YBR056W,YDR097C,0,-1.8379571,0.10359536856412888,0.9970674514770508,0.8846346735954285
YHR157W,YER060W-A,0,-1.8382978,0.10358484834432602,0.9970674514770508,0.8847348690032959
YDL012C,YPL210C,0,-1.8417751,0.10357432812452316,0.9970674514770508,0.8848351240158081
YGR023W,YHL016C,0,-1.8418553,0.1035638153553009,0.9970674514770508,0.8849353790283203
YGR046W,YPR022C,0,-1.8423215,0.10355330258607864,0.9970674514770508,0.8850355744361877
YDR283C,YER027C,0,-1.843493,0.10354278981685638,0.9970674514770508,0.8851358294487
YDR046C,YPL117C,0,-1.8446285,0.10353227704763412,0.9970674514770508,0.8852360248565674
YLR089C,YKR031C,0,-1.845978,0.10352177172899246,0.9970674514770508,0.8853362798690796
YDR247W,YPL084W,0,-1.8488678,0.1035112664103508,0.9970674514770508,0.885436475276947
YGL055W,YMR045C,0,-1.8503873,0.10350076109170914,0.9970674514770508,0.8855367302894592
YOL058W,YNL254C,0,-1.8507663,0.10349026322364807,0.9970674514770508,0.8856369853019714
YFR050C,YNL242W,0,-1.8510821,0.10347975790500641,0.9970674514770508,0.8857371807098389
YER114C,YNR063W,0,-1.8521363,0.10346926003694534,0.9970674514770508,0.8858374357223511
YHR181W,YPL210C,0,-1.8529108,0.10345876961946487,0.9970674514770508,0.8859376311302185
YIL087C,YPR165W,0,-1.8555139,0.1034482792019844,0.9970674514770508,0.8860378861427307
YOR130C,YHR084W,0,-1.8561213,0.10343778878450394,0.9970674514770508,0.8861381411552429
YPR004C,YNL181W,0,-1.8565724,0.10342729836702347,0.9970674514770508,0.8862383365631104
YIL034C,YGR108W,0,-1.8576518,0.103416807949543,0.9970674514770508,0.8863385915756226
YHR183W,YHL009C,0,-1.8598046,0.10340632498264313,0.9970674514770508,0.88643878698349
YHR039C,YOL059W,0,-1.8599175,0.10339584201574326,0.9970674514770508,0.8865390419960022
YJL097W,YML081W,0,-1.8601224,0.10338536649942398,0.9970674514770508,0.8866392970085144
YMR289W,YJL118W,0,-1.8609471,0.10337488353252411,0.9970674514770508,0.8867394924163818
YKR072C,YGR235C,0,-1.8609896,0.10336440801620483,0.9970674514770508,0.886839747428894
YIL068C,YDR189W,0,-1.8616643,0.10335393995046616,0.9970674514770508,0.8869399428367615
YKL135C,YGR193C,0,-1.8674448,0.10334346443414688,0.9970674514770508,0.8870401978492737
YOR056C,YPR004C,0,-1.8678557,0.1033329963684082,0.9970674514770508,0.8871403932571411
YCR043C,YOR004W,0,-1.8696649,0.10332252830266953,0.9970674514770508,0.8872406482696533
YDR302W,YGR123C,0,-1.8711011,0.10331206023693085,0.9970674514770508,0.8873409032821655
YFR006W,YCL001W,0,-1.8712425,0.10330159962177277,0.9970674514770508,0.887441098690033
YHR039C-B,YBR030W,0,-1.8772638,0.10329113900661469,0.9970674514770508,0.8875413537025452
YKL029C,YLL028W,0,-1.8779329,0.1032806783914566,0.9970674514770508,0.8876415491104126
YIL067C,YJR145C,0,-1.8840125,0.10327022522687912,0.9970674514770508,0.8877418041229248
YMR080C,YMR195W,0,-1.8850163,0.10325977206230164,0.9970674514770508,0.887842059135437
YPL005W,YJR129C,0,-1.885408,0.10324931889772415,0.9970674514770508,0.8879422545433044
YBR004C,YPL018W,0,-1.8864424,0.10323886573314667,0.9970674514770508,0.8880425095558167
YOR303W,YLR181C,0,-1.8866796,0.10322842001914978,0.9970674514770508,0.8881427049636841
YJR109C,YHR214W,0,-1.8889084,0.1032179743051529,0.9970674514770508,0.8882429599761963
YLR216C,YKR014C,0,-1.8890338,0.103207528591156,0.9970674514770508,0.8883432149887085
YEL026W,YHR092C,0,-1.8930264,0.10319708287715912,0.9970674514770508,0.8884434103965759
YML047C,YJL050W,0,-1.8942547,0.10318664461374283,0.9970674514770508,0.8885436654090881
YHL033C,YPL271W,0,-1.8973539,0.10317620635032654,0.9970674514770508,0.8886438608169556
YOR067C,YGL192W,0,-1.8977139,0.10316577553749084,0.9970674514770508,0.8887441158294678
YDL137W,YDR044W,0,-1.9011148,0.10315533727407455,0.9970674514770508,0.88884437084198
YJL078C,YBR065C,0,-1.9020168,0.10314490646123886,0.9970674514770508,0.8889445662498474
YOL027C,YPL145C,0,-1.9043162,0.10313447564840317,0.9970674514770508,0.8890448212623596
YLL026W,YOL027C,0,-1.9044967,0.10312405228614807,0.9970674514770508,0.889145016670227
YJL094C,YLR324W,0,-1.9045873,0.10311362892389297,0.9970674514770508,0.8892452716827393
YGL224C,YKR039W,0,-1.9077182,0.10310320556163788,0.9970674514770508,0.8893454670906067
YBR005W,YDR104C,0,-1.9107873,0.10309278219938278,0.9970674514770508,0.8894457221031189
YHR205W,YIL091C,0,-1.9114411,0.10308236628770828,0.9970674514770508,0.8895459771156311
YHL024W,YOL092W,0,-1.9140694,0.10307195037603378,0.9970674514770508,0.8896461725234985
YNL176C,YOL122C,0,-1.9150821,0.10306153446435928,0.9970674514770508,0.8897464275360107
YNR039C,YOL052C-A,0,-1.9152639,0.10305111855268478,0.9970674514770508,0.8898466229438782
YLR406C,YPL081W,0,-1.9191201,0.10304071009159088,0.9970674514770508,0.8899468779563904
YML130C,YOR231W,0,-1.9247203,0.10303030163049698,0.9970674514770508,0.8900471329689026
YGL002W,YBR204C,0,-1.9290254,0.10301990061998367,0.9970674514770508,0.89014732837677
YGR207C,YER014W,0,-1.9292092,0.10300949215888977,0.9970674514770508,0.8902475833892822
YHR170W,YMR139W,0,-1.9308482,0.10299909114837646,0.9970674514770508,0.8903477787971497
YJL091C,YDR399W,0,-1.9315428,0.10298869013786316,0.9970674514770508,0.8904480338096619
YDR437W,YNL220W,0,-1.931634,0.10297829657793045,0.9970674514770508,0.8905482888221741
YGL012W,YJL054W,0,-1.9338927,0.10296789556741714,0.9970674514770508,0.8906484842300415
YML054C,YPR184W,0,-1.9341278,0.10295750200748444,0.9970674514770508,0.8907487392425537
YDL124W,YDL060W,0,-1.9362592,0.10294711589813232,0.9970674514770508,0.8908489346504211
YCR067C,YOL009C,0,-1.939527,0.10293672233819962,0.9970674514770508,0.8909491896629333
YGR207C,YCR106W,0,-1.9430523,0.1029263362288475,0.9970674514770508,0.8910493850708008
YKL091C,YEL003W,0,-1.9436543,0.10291595011949539,0.9970674514770508,0.891149640083313
YDL130W-A,YCR072C,0,-1.9473937,0.10290557146072388,0.9970674514770508,0.8912498950958252
YPL040C,YEL027W,0,-1.9481444,0.10289518535137177,0.9970674514770508,0.8913500905036926
YPL241C,YDL060W,0,-1.9484208,0.10288480669260025,0.9970674514770508,0.8914503455162048
YOR303W,YEL071W,0,-1.948876,0.10287443548440933,0.9970674514770508,0.8915505409240723
YPL076W,YOL061W,0,-1.9493504,0.10286405682563782,0.9970674514770508,0.8916507959365845
YGR289C,YPR106W,0,-1.9504468,0.1028536856174469,0.9970674514770508,0.8917510509490967
YHR112C,YBR033W,0,-1.9505501,0.10284331440925598,0.9970674514770508,0.8918512463569641
YDR462W,YNL162W,0,-1.951423,0.10283294320106506,0.9970674514770508,0.8919515013694763
YER061C,YDL156W,0,-1.9538536,0.10282257944345474,0.9970674514770508,0.8920516967773438
YPL271W,YDL109C,0,-1.9570031,0.10281221568584442,0.9970674514770508,0.892151951789856
YGR227W,YPL206C,0,-1.9576664,0.1028018519282341,0.9970674514770508,0.8922522068023682
YBR286W,YNL300W,0,-1.9578912,0.10279149562120438,0.9970674514770508,0.8923524022102356
YPR192W,YDL072C,0,-1.9611712,0.10278113931417465,0.9970674514770508,0.8924526572227478
YHR172W,YPR185W,0,-1.9617537,0.10277078300714493,0.9970674514770508,0.8925528526306152
YBR021W,YIL121W,0,-1.9622879,0.1027604267001152,0.9970674514770508,0.8926531076431274
YNL322C,YNL055C,0,-1.9625211,0.10275007784366608,0.9970674514770508,0.8927533030509949
YKL141W,YDR019C,0,-1.9642045,0.10273972898721695,0.9970674514770508,0.8928535580635071
YGR235C,YJR155W,0,-1.9645739,0.10272938013076782,0.9970674514770508,0.8929538130760193
YMR312W,YOR131C,0,-1.9652574,0.1027190312743187,0.9970674514770508,0.8930540084838867
YDR436W,YPL019C,0,-1.9663823,0.10270868986845016,0.9970674514770508,0.8931542634963989
YKL027W,YBR035C,0,-1.966454,0.10269834846258163,0.9970674514770508,0.8932544589042664
YER073W,YIL040W,0,-1.9672042,0.1026880070567131,0.9970674514770508,0.8933547139167786
YHR036W,YKR039W,0,-1.9687729,0.10267767310142517,0.9970674514770508,0.8934549689292908
YIL004C,YPL081W,0,-1.9699173,0.10266733914613724,0.9970674514770508,0.8935551643371582
YLR382C,YKR105C,0,-1.9760008,0.1026570051908493,0.9970674514770508,0.8936554193496704
YBR133C,YLR308W,0,-1.976578,0.10264667123556137,0.9970674514770508,0.8937556147575378
YOR171C,YLL067C,0,-1.9834992,0.10263634473085403,0.9970674514770508,0.89385586977005
YCL027W,YDR287W,0,-1.9859014,0.1026260182261467,0.9970674514770508,0.8939561247825623
YLL026W,YMR224C,0,-1.9862721,0.10261569172143936,0.9970674514770508,0.8940563201904297
YPL097W,YPL144W,0,-1.986527,0.10260537266731262,0.9970674514770508,0.8941565752029419
YCR004C,YKL051W,0,-1.9866705,0.10259505361318588,0.9970674514770508,0.8942567706108093
YJL136C,YHL015W,0,-1.9878349,0.10258473455905914,0.9970674514770508,0.8943570256233215
YEL026W,YHR160C,0,-1.990085,0.1025744155049324,0.9970674514770508,0.8944572806358337
YDR398W,YPL256C,0,-1.994292,0.10256410390138626,0.9970674514770508,0.8945574760437012
YLR081W,YLR186W,0,-1.9947973,0.10255379229784012,0.9970674514770508,0.8946577310562134
YFR024C-A,YAL055W,0,-1.9955328,0.10254348069429398,0.9970674514770508,0.8947579264640808
YMR271C,YGR158C,0,-1.9958806,0.10253316909074783,0.9970674514770508,0.894858181476593
YJR118C,YBR079C,0,-1.9958845,0.10252286493778229,0.9970674514770508,0.8949583768844604
YDR522C,YKL028W,0,-1.998102,0.10251256078481674,0.9970674514770508,0.8950586318969727
YKR104W,YNL316C,0,-1.9989383,0.1025022640824318,0.9970674514770508,0.8951588869094849
YOR022C,YDL043C,0,-1.9992647,0.10249195992946625,0.9970674514770508,0.8952590823173523
YBR068C,YPR056W,0,-1.9998978,0.1024816632270813,0.9970674514770508,0.8953593373298645
YPR042C,YER159C,0,-2.0062885,0.10247136652469635,0.9970674514770508,0.8954595327377319
YOR063W,YCR028C,0,-2.0073678,0.102461077272892,0.9970674514770508,0.8955597877502441
YOR010C,YJR044C,0,-2.008181,0.10245078057050705,0.9970674514770508,0.8956600427627563
YLR167W,YLR324W,0,-2.0114505,0.1024404913187027,0.9970674514770508,0.8957602381706238
YGR059W,YJR059W,0,-2.0145354,0.10243020951747894,0.9970674514770508,0.895860493183136
YLR360W,YKR097W,0,-2.0149846,0.10241992026567459,0.9970674514770508,0.8959606885910034
YGL089C,YKR027W,0,-2.0185437,0.10240963846445084,0.9970674514770508,0.8960609436035156
YOR127W,YAL044C,0,-2.0186725,0.10239935666322708,0.9970674514770508,0.8961611986160278
YER048W-A,YHR104W,0,-2.0196702,0.10238907486200333,0.9970674514770508,0.8962613940238953
YDR447C,YLL054C,0,-2.0200796,0.10237880051136017,0.9970674514770508,0.8963616490364075
YOR157C,YPL146C,0,-2.0209181,0.10236852616071701,0.9970674514770508,0.8964618444442749
YMR266W,YJL028W,0,-2.021984,0.10235825181007385,0.9970674514770508,0.8965620994567871
YML018C,YLR451W,0,-2.0242162,0.10234798491001129,0.9970674514770508,0.8966622948646545
YKL152C,YDL018C,0,-2.026127,0.10233771800994873,0.9970674514770508,0.8967625498771667
YGR162W,YML116W,0,-2.0269399,0.10232745110988617,0.9970674514770508,0.896862804889679
YOR063W,YLR014C,0,-2.0281394,0.10231718420982361,0.9970674514770508,0.8969630002975464
YKL081W,YPL242C,0,-2.0282252,0.10230691730976105,0.9970674514770508,0.8970632553100586
YLR283W,YJR134C,0,-2.0282354,0.10229665786027908,0.9970674514770508,0.897163450717926
YLR061W,YOL149W,0,-2.0309873,0.10228639841079712,0.9970674514770508,0.8972637057304382
YJR098C,YDR252W,0,-2.031029,0.10227614641189575,0.9970674514770508,0.8973639607429504
YIL154C,YJR109C,0,-2.0328646,0.10226589441299438,0.9970674514770508,0.8974641561508179
YDL119C,YGL160W,0,-2.0331783,0.10225564241409302,0.9970674514770508,0.8975644111633301
YNL264C,YKL040C,0,-2.035822,0.10224539041519165,0.9970674514770508,0.8976646065711975
YDR231C,YHR028C,0,-2.0363166,0.10223513841629028,0.9970674514770508,0.8977648615837097
YOL113W,YMR139W,0,-2.0365527,0.10222489386796951,0.9970674514770508,0.8978651165962219
YKL029C,YPR181C,0,-2.0368876,0.10221464931964874,0.9970674514770508,0.8979653120040894
YGL234W,YOR032C,0,-2.0391388,0.10220441222190857,0.9970674514770508,0.8980655670166016
YLR382C,YBR001C,0,-2.0395675,0.1021941676735878,0.9970674514770508,0.898165762424469
YPR067W,YKL194C,0,-2.0406833,0.10218393057584763,0.9970674514770508,0.8982660174369812
YDL069C,YNL191W,0,-2.0418494,0.10217369347810745,0.9970674514770508,0.8983662128448486
YJR091C,YOR068C,0,-2.0422816,0.10216346383094788,0.9970674514770508,0.8984664678573608
YBL038W,YCL068C,0,-2.0462687,0.1021532267332077,0.9970674514770508,0.898566722869873
YIR036C,YPL076W,0,-2.0489433,0.10214299708604813,0.9970674514770508,0.8986669182777405
YPL281C,YIL123W,0,-2.050874,0.10213277488946915,0.9970674514770508,0.8987671732902527
YDR135C,YHR039C-B,0,-2.052669,0.10212254524230957,0.9970674514770508,0.8988673686981201
YIR010W,YDR020C,0,-2.0562701,0.10211232304573059,0.9970674514770508,0.8989676237106323
YKL081W,YGL211W,0,-2.0566535,0.10210210084915161,0.9970674514770508,0.8990678787231445
YNL115C,YMR116C,0,-2.05873,0.10209188610315323,0.9970674514770508,0.899168074131012
YJR016C,YCL068C,0,-2.059515,0.10208166390657425,0.9970674514770508,0.8992683291435242
YLR439W,YCL033C,0,-2.0607095,0.10207144916057587,0.9970674514770508,0.8993685245513916
YKL184W,YGL029W,0,-2.0623994,0.10206123441457748,0.9970674514770508,0.8994687795639038
YFR003C,YLR360W,0,-2.0645719,0.1020510271191597,0.9970674514770508,0.899569034576416
YLR319C,YNL046W,0,-2.0682335,0.10204081982374191,0.9970674514770508,0.8996692299842834
YBR186W,YBR085W,0,-2.0687358,0.10203061252832413,0.9970674514770508,0.8997694849967957
YER126C,YLR233C,0,-2.0708375,0.10202040523290634,0.9970674514770508,0.8998696804046631
YFL011W,YPR056W,0,-2.0711932,0.10201019793748856,0.9970674514770508,0.8999699354171753
YLR408C,YIL097W,0,-2.0751731,0.10199999809265137,0.9970674514770508,0.9000701904296875
YGR224W,YIL136W,0,-2.0754175,0.10198979824781418,0.9970674514770508,0.9001703858375549
YER170W,YNR063W,0,-2.0783157,0.10197960585355759,0.9970674514770508,0.9002706408500671
YNR050C,YKR081C,0,-2.0796797,0.1019694060087204,0.9970674514770508,0.9003708362579346
YJL096W,YAL026C,0,-2.0797234,0.1019592136144638,0.9970674514770508,0.9004710912704468
YPR042C,YOL128C,0,-2.0813694,0.10194902867078781,0.9970674514770508,0.9005712866783142
YCR021C,YNL242W,0,-2.081573,0.10193883627653122,0.9970674514770508,0.9006715416908264
YOL031C,YNL146W,0,-2.0815916,0.10192865133285522,0.9970674514770508,0.9007717967033386
YMR232W,YGR209C,0,-2.08285,0.10191846638917923,0.9970674514770508,0.900871992111206
YOR118W,YDR165W,0,-2.0830538,0.10190828144550323,0.9970674514770508,0.9009722471237183
YGR235C,YOR167C,0,-2.0831504,0.10189810395240784,0.9970674514770508,0.9010724425315857
YDR135C,YOL152W,0,-2.0837915,0.10188792645931244,0.9970674514770508,0.9011726975440979
YML023C,YGL192W,0,-2.0846586,0.10187774896621704,0.9970674514770508,0.9012729525566101
YNL015W,YPL183C,0,-2.0868258,0.10186757147312164,0.9970674514770508,0.9013731479644775
YNR041C,YKL100C,0,-2.0882797,0.10185740143060684,0.9970674514770508,0.9014734029769897
YDL091C,YNL248C,0,-2.0884128,0.10184723138809204,0.9970674514770508,0.9015735983848572
YKL024C,YDR294C,0,-2.0901742,0.10183706134557724,0.9970674514770508,0.9016738533973694
YMR306W,YDR287W,0,-2.091698,0.10182689130306244,0.9970674514770508,0.9017741084098816
YPL060W,YML131W,0,-2.0962353,0.10181672871112823,0.9970674514770508,0.901874303817749
YFR053C,YOR030W,0,-2.0963798,0.10180656611919403,0.9970674514770508,0.9019745588302612
YHL024W,YDR091C,0,-2.0965693,0.10179640352725983,0.9970674514770508,0.9020747542381287
YLR054C,YJR152W,0,-2.0965781,0.10178624838590622,0.9970674514770508,0.9021750092506409
YLR007W,YFL056C,0,-2.103176,0.10177609324455261,0.9970674514770508,0.9022752046585083
YGR082W,YOR030W,0,-2.1033335,0.101765938103199,0.9970674514770508,0.9023754596710205
YPR140W,YHL015W,0,-2.1048694,0.1017557829618454,0.9970674514770508,0.9024757146835327
YML005W,YBR114W,0,-2.106081,0.10174563527107239,0.9970674514770508,0.9025759100914001
YMR166C,YLR247C,0,-2.1061835,0.10173548758029938,0.9970674514770508,0.9026761651039124
YPL032C,YDL046W,0,-2.1094658,0.10172533988952637,0.9970674514770508,0.9027763605117798
YHR143W,YOR254C,0,-2.1110315,0.10171519964933395,0.9970674514770508,0.902876615524292
YNL169C,YCR043C,0,-2.112335,0.10170505195856094,0.9970674514770508,0.9029768705368042
YFL034C-A,YLR090W,0,-2.1133056,0.10169491171836853,0.9970674514770508,0.9030770659446716
YDL223C,YLR193C,0,-2.114143,0.10168477892875671,0.9970674514770508,0.9031773209571838
YPL217C,YCL012W,0,-2.1146343,0.1016746386885643,0.9970674514770508,0.9032775163650513
YPR151C,YOR357C,0,-2.1150987,0.10166450589895248,0.9970674514770508,0.9033777713775635
YIL034C,YLR446W,0,-2.1165705,0.10165437310934067,0.9970674514770508,0.9034780263900757
YCR020C,YIR019C,0,-2.1187088,0.10164424777030945,0.9970674514770508,0.9035782217979431
YDL119C,YER094C,0,-2.1193511,0.10163411498069763,0.9970674514770508,0.9036784768104553
YGR277C,YIL160C,0,-2.1194925,0.10162398964166641,0.9970674514770508,0.9037786722183228
YKR093W,YNL336W,0,-2.121995,0.10161386430263519,0.9970674514770508,0.903878927230835
YOR389W,YOR092W,0,-2.1238832,0.10160374641418457,0.9970674514770508,0.9039791226387024
YOL064C,YPL026C,0,-2.129582,0.10159362852573395,0.9970674514770508,0.9040793776512146
YGL022W,YOR019W,0,-2.1297398,0.10158351063728333,0.9970674514770508,0.9041796326637268
YLR377C,YPL204W,0,-2.1314995,0.1015733927488327,0.9970674514770508,0.9042798280715942
YOR002W,YPR174C,0,-2.1318712,0.10156327486038208,0.9970674514770508,0.9043800830841064
YIL113W,YNL067W,0,-2.1386988,0.10155316442251205,0.9970674514770508,0.9044802784919739
YHR016C,YPL068C,0,-2.1395788,0.10154305398464203,0.9970674514770508,0.9045805335044861
YNL009W,YMR175W,0,-2.144362,0.1015329509973526,0.9970674514770508,0.9046807885169983
YGL022W,YMR286W,0,-2.146707,0.10152284055948257,0.9970674514770508,0.9047809839248657
YJR125C,YGR097W,0,-2.1486695,0.10151273757219315,0.9970674514770508,0.9048812389373779
YDR483W,YBR139W,0,-2.149702,0.10150263458490372,0.9970674514770508,0.9049814343452454
YGR061C,YIR014W,0,-2.1521811,0.10149253904819489,0.9970674514770508,0.9050816893577576
YDL006W,YDR293C,0,-2.154163,0.10148243606090546,0.9970674514770508,0.9051819443702698
YDL204W,YOR066W,0,-2.1556923,0.10147234052419662,0.9970674514770508,0.9052821397781372
YMR281W,YJR013W,0,-2.155921,0.10146225243806839,0.9970674514770508,0.9053823947906494
YER023W,YKR096W,0,-2.1560888,0.10145215690135956,0.9970674514770508,0.9054825901985168
YDR046C,YER016W,0,-2.1583333,0.10144206881523132,0.9970674514770508,0.905582845211029
YGR254W,YML096W,0,-2.1588898,0.10143198072910309,0.9970674514770508,0.9056831002235413
YER081W,YPR021C,0,-2.1590006,0.10142189264297485,0.9970674514770508,0.9057832956314087
YNL003C,YJR091C,0,-2.1633961,0.10141181200742722,0.9970674514770508,0.9058835506439209
YDR117C,YGL065C,0,-2.1643786,0.10140173137187958,0.9970674514770508,0.9059837460517883
YIL040W,YNL112W,0,-2.165987,0.10139165073633194,0.9970674514770508,0.9060840010643005
YGR023W,YHL040C,0,-2.166928,0.1013815701007843,0.9970674514770508,0.906184196472168
YLR054C,YDR246W,0,-2.1670961,0.10137149691581726,0.9970674514770508,0.9062844514846802
YAL053W,YJL046W,0,-2.1680048,0.10136142373085022,0.9970674514770508,0.9063847064971924
YDR313C,YLR343W,0,-2.1683578,0.10135135054588318,0.9970674514770508,0.9064849019050598
YOR027W,YBR149W,0,-2.168483,0.10134128481149673,0.9970674514770508,0.906585156917572
YOR245C,YHR201C,0,-2.169044,0.1013312116265297,0.9970674514770508,0.9066853523254395
YNL134C,YER119C,0,-2.1700568,0.10132114589214325,0.9970674514770508,0.9067856073379517
YNR059W,YDL222C,0,-2.17066,0.1013110876083374,0.9970674514770508,0.9068858623504639
YPL248C,YIL124W,0,-2.1713552,0.10130102187395096,0.9970674514770508,0.9069860577583313
YBR084W,YPR016C,0,-2.1723325,0.10129096359014511,0.9970674514770508,0.9070863127708435
YPL269W,YPL221W,0,-2.1725278,0.10128090530633926,0.9970674514770508,0.9071865081787109
YLR260W,YKL209C,0,-2.1732106,0.10127084702253342,0.9970674514770508,0.9072867631912231
YMR318C,YPL280W,0,-2.1732187,0.10126079618930817,0.9970674514770508,0.9073870182037354
YNL066W,YGL171W,0,-2.1770194,0.10125074535608292,0.9970674514770508,0.9074872136116028
YDR178W,YGL063W,0,-2.1794925,0.10124069452285767,0.9970674514770508,0.907587468624115
YHL047C,YCR066W,0,-2.1804218,0.10123064368963242,0.9970674514770508,0.9076876640319824
YER020W,YHR028C,0,-2.1821961,0.10122060030698776,0.9970674514770508,0.9077879190444946
YDR479C,YDR538W,0,-2.1847272,0.10121055692434311,0.9970674514770508,0.9078881144523621
YIR026C,YMR312W,0,-2.1871471,0.10120051354169846,0.9970674514770508,0.9079883694648743
YPL072W,YDR239C,0,-2.188886,0.1011904776096344,0.9970674514770508,0.9080886244773865
YHR003C,YLR045C,0,-2.1888933,0.10118044167757034,0.9970674514770508,0.9081888198852539
YDR001C,YDL160C,0,-2.1901,0.10117040574550629,0.9970674514770508,0.9082890748977661
YEL026W,YNL071W,0,-2.1920557,0.10116036981344223,0.9970674514770508,0.9083892703056335
YIL011W,YMR041C,0,-2.1933246,0.10115033388137817,0.9970674514770508,0.9084895253181458
YOR070C,YNL046W,0,-2.1939764,0.10114030539989471,0.9970674514770508,0.908589780330658
YHR003C,YJL180C,0,-2.1947036,0.10113027691841125,0.9970674514770508,0.9086899757385254
YNL173C,YBR291C,0,-2.1954336,0.10112025588750839,0.9970674514770508,0.9087902307510376
YGL008C,YAR050W,0,-2.1957285,0.10111022740602493,0.9970674514770508,0.908890426158905
YGR193C,YER140W,0,-2.1974268,0.10110020637512207,0.9970674514770508,0.9089906811714172
YDL213C,YDL126C,0,-2.1977544,0.10109018534421921,0.9970674514770508,0.9090909361839294
YGR207C,YOR117W,0,-2.1982129,0.10108017176389694,0.9970674514770508,0.9091911315917969
YBR039W,YNL045W,0,-2.1993241,0.10107015818357468,0.9970674514770508,0.9092913866043091
YCR020C,YDL127W,0,-2.2004504,0.10106013715267181,0.9970674514770508,0.9093915820121765
YGL145W,YCR069W,0,-2.2015133,0.10105013102293015,0.9970674514770508,0.9094918370246887
YFR016C,YML038C,0,-2.2026749,0.10104011744260788,0.9970674514770508,0.9095920324325562
YDL232W,YDR529C,0,-2.2082837,0.10103011131286621,0.9970674514770508,0.9096922874450684
YBL038W,YNL275W,0,-2.208771,0.10102010518312454,0.9970674514770508,0.9097925424575806
YOR381W,YOR273C,0,-2.2090616,0.10101009905338287,0.9970674514770508,0.909892737865448
YLR014C,YHR018C,0,-2.2096004,0.1010001003742218,0.9970674514770508,0.9099929928779602
YBR040W,YKR077W,0,-2.21099,0.10099010169506073,0.9970674514770508,0.9100931882858276
YPR055W,YKL194C,0,-2.215875,0.10098010301589966,0.9970674514770508,0.9101934432983398
YFR055W,YGL249W,0,-2.216083,0.10097010433673859,0.9970674514770508,0.910293698310852
YNR069C,YLR148W,0,-2.21706,0.10096011310815811,0.9970674514770508,0.9103938937187195
YKL138C,YJR002W,0,-2.2184472,0.10095012187957764,0.9970674514770508,0.9104941487312317
YJR123W,YIL113W,0,-2.218552,0.10094013065099716,0.9970674514770508,0.9105943441390991
YPR061C,YLR204W,0,-2.2191439,0.10093013942241669,0.9970674514770508,0.9106945991516113
YLR370C,YLR189C,0,-2.221074,0.10092015564441681,0.9970674514770508,0.9107948541641235
YNL123W,YJL069C,0,-2.2218432,0.10091017186641693,0.9970674514770508,0.910895049571991
YBL027W,YBL039C,0,-2.2354732,0.10090018808841705,0.9970674514770508,0.9109953045845032
YKL096W,YER172C,0,-2.2383523,0.10089020431041718,0.9970674514770508,0.9110954999923706
YMR105C,YDL100C,0,-2.2415938,0.1008802279829979,0.9970674514770508,0.9111957550048828
YBL038W,YIL111W,0,-2.2432413,0.10087025165557861,0.9970674514770508,0.911296010017395
YGR123C,YOR069W,0,-2.2442353,0.10086027532815933,0.9970674514770508,0.9113962054252625
YGR183C,YDR513W,0,-2.2453012,0.10085030645132065,0.9970674514770508,0.9114964604377747
YBR296C,YOR091W,0,-2.2520797,0.10084033757448196,0.9970674514770508,0.9115966558456421
YNR069C,YMR302C,0,-2.2522235,0.10083036869764328,0.9970674514770508,0.9116969108581543
YDR093W,YGR006W,0,-2.2536762,0.1008203998208046,0.9970674514770508,0.9117971062660217
YLR089C,YMR004W,0,-2.255143,0.10081043839454651,0.9970674514770508,0.9118973612785339
YBL106C,YJR137C,0,-2.2555702,0.10080047696828842,0.9970674514770508,0.9119976162910461
YGL106W,YIL114C,0,-2.2556977,0.10079051554203033,0.9970674514770508,0.9120978116989136
YKR087C,YMR221C,0,-2.2581859,0.10078055411577225,0.9970674514770508,0.9121980667114258
YDR434W,YHR094C,0,-2.258271,0.10077060014009476,0.9970674514770508,0.9122982621192932
YPL086C,YIL078W,0,-2.2594824,0.10076064616441727,0.9970674514770508,0.9123985171318054
YML130C,YMR289W,0,-2.2618244,0.10075069218873978,0.9970674514770508,0.9124987721443176
YLR382C,YPR098C,0,-2.265819,0.10074073821306229,0.9970674514770508,0.9125989675521851
YJL020C,YKL197C,0,-2.2662828,0.1007307916879654,0.9970674514770508,0.9126992225646973
YDR511W,YDL150W,0,-2.2716548,0.1007208451628685,0.9970674514770508,0.9127994179725647
YIL022W,YBL009W,0,-2.272171,0.1007108986377716,0.9970674514770508,0.9128996729850769
YBR214W,YLR064W,0,-2.2723558,0.10070095956325531,0.9970674514770508,0.9129999279975891
YBL080C,YDR350C,0,-2.2735205,0.10069102048873901,0.9970674514770508,0.9131001234054565
YJL096W,YJL050W,0,-2.2752974,0.10068108141422272,0.9970674514770508,0.9132003784179688
YKL100C,YDR270W,0,-2.2756834,0.10067114233970642,0.9970674514770508,0.9133005738258362
YDR338C,YGL208W,0,-2.2775116,0.10066120326519012,0.9970674514770508,0.9134008288383484
YJR159W,YPL013C,0,-2.2797585,0.10065127164125443,0.9970674514770508,0.9135010242462158
YJL121C,YNL207W,0,-2.2813911,0.10064134001731873,0.9970674514770508,0.913601279258728
YBR280C,YBR097W,0,-2.283134,0.10063141584396362,0.9970674514770508,0.9137015342712402
YPL066W,YHR037W,0,-2.285235,0.10062148422002792,0.9970674514770508,0.9138017296791077
YJL098W,YDL127W,0,-2.2854397,0.10061156004667282,0.9970674514770508,0.9139019846916199
YHR001W,YER095W,0,-2.2890267,0.10060163587331772,0.9970674514770508,0.9140021800994873
YDR377W,YDR342C,0,-2.2895145,0.10059171915054321,0.9970674514770508,0.9141024351119995
YIL087C,YBL088C,0,-2.2904086,0.10058179497718811,0.9970674514770508,0.9142026901245117
YER081W,YPL254W,0,-2.290893,0.1005718782544136,0.9970674514770508,0.9143028855323792
YGR207C,YDL095W,0,-2.2938309,0.1005619615316391,0.9970674514770508,0.9144031405448914
YHR113W,YOL033W,0,-2.2966135,0.10055205225944519,0.9970674514770508,0.9145033359527588
YMR266W,YJL219W,0,-2.2971535,0.10054213553667068,0.9970674514770508,0.914603590965271
YNL166C,YNL181W,0,-2.2983096,0.10053222626447678,0.9970674514770508,0.9147038459777832
YFL016C,YHR117W,0,-2.3002896,0.10052232444286346,0.9970674514770508,0.9148040413856506
YIR037W,YML106W,0,-2.3012786,0.10051241517066956,0.9970674514770508,0.9149042963981628
YGL085W,YLR022C,0,-2.3020988,0.10050251334905624,0.9970674514770508,0.9150044918060303
YPR140W,YKL178C,0,-2.3055599,0.10049261152744293,0.9970674514770508,0.9151047468185425
YHR142W,YNL291C,0,-2.306241,0.10048270970582962,0.9970674514770508,0.9152049422264099
YIL049W,YDL132W,0,-2.309493,0.1004728153347969,0.9970674514770508,0.9153051972389221
YDL153C,YML042W,0,-2.3108797,0.10046292096376419,0.9970674514770508,0.9154054522514343
YDR148C,YER054C,0,-2.3109062,0.10045302659273148,0.9970674514770508,0.9155056476593018
YKR092C,YER089C,0,-2.31536,0.10044313222169876,0.9970674514770508,0.915605902671814
YDR210W,YMR135C,0,-2.3170767,0.10043323785066605,0.9970674514770508,0.9157060980796814
YIL103W,YPL171C,0,-2.3178787,0.10042335093021393,0.9970674514770508,0.9158063530921936
YJR123W,YNL185C,0,-2.3197715,0.10041346400976181,0.9970674514770508,0.9159066081047058
YKL134C,YHR113W,0,-2.321238,0.10040358453989029,0.9970674514770508,0.9160068035125732
YJL078C,YBL005W-A,0,-2.3217523,0.10039369761943817,0.9970674514770508,0.9161070585250854
YMR257C,YKR058W,0,-2.324778,0.10038381814956665,0.9970674514770508,0.9162072539329529
YDL123W,YKL114C,0,-2.3253694,0.10037393867969513,0.9970674514770508,0.9163075089454651
YGR142W,YOR247W,0,-2.3253815,0.1003640666604042,0.9970674514770508,0.9164077639579773
YGL187C,YNL323W,0,-2.3257756,0.10035419464111328,0.9970674514770508,0.9165079593658447
YMR188C,YKR038C,0,-2.326253,0.10034431517124176,0.9970674514770508,0.9166082143783569
YIR037W,YOR272W,0,-2.3277724,0.10033445060253143,0.9970674514770508,0.9167084097862244
YMR192W,YNL310C,0,-2.3281548,0.10032457858324051,0.9970674514770508,0.9168086647987366
YPR063C,YLR276C,0,-2.3372576,0.10031471401453018,0.9970674514770508,0.9169089198112488
YDL146W,YDR465C,0,-2.3381224,0.10030484944581985,0.9970674514770508,0.9170091152191162
YGR227W,YGL227W,0,-2.3415365,0.10029498487710953,0.9970674514770508,0.9171093702316284
YGR154C,YER054C,0,-2.3428347,0.1002851277589798,0.9970674514770508,0.9172095656394958
YLR006C,YHR018C,0,-2.3455093,0.10027526319026947,0.9970674514770508,0.9173098206520081
YOL049W,YBR185C,0,-2.3479376,0.10026540607213974,0.9970674514770508,0.9174100160598755
YPR154W,YIL013C,0,-2.3484287,0.1002555564045906,0.9970674514770508,0.9175102710723877
YML024W,YER127W,0,-2.3525953,0.10024569928646088,0.9970674514770508,0.9176105260848999
YPR041W,YDR324C,0,-2.352942,0.10023584961891174,0.9970674514770508,0.9177107214927673
YBR097W,YCR005C,0,-2.354246,0.10022599995136261,0.9970674514770508,0.9178109765052795
YOR035C,YJR086W,0,-2.3543525,0.10021615028381348,0.9970674514770508,0.917911171913147
YNR040W,YAR014C,0,-2.357051,0.10020630806684494,0.9970674514770508,0.9180114269256592
YML078W,YNL046W,0,-2.3578985,0.1001964658498764,0.9970674514770508,0.9181116819381714
YML086C,YDR213W,0,-2.3598132,0.10018662363290787,0.9970674514770508,0.9182118773460388
YKL027W,YDL185W,0,-2.3599772,0.10017678141593933,0.9970674514770508,0.918312132358551
YNL156C,YNR050C,0,-2.365119,0.10016694664955139,0.9970674514770508,0.9184123277664185
YJR073C,YKL071W,0,-2.365603,0.10015711188316345,0.9970674514770508,0.9185125827789307
YEL054C,YLR249W,0,-2.3662934,0.10014727711677551,0.9970674514770508,0.9186128377914429
YNL256W,YPL135W,0,-2.3702407,0.10013744235038757,0.9970674514770508,0.9187130331993103
YGR096W,YIL114C,0,-2.370913,0.10012761503458023,0.9970674514770508,0.9188132882118225
YGR166W,YBL075C,0,-2.3716042,0.10011778771877289,0.9970674514770508,0.9189134836196899
YNL063W,YIR014W,0,-2.372533,0.10010796040296555,0.9970674514770508,0.9190137386322021
YIL087C,YLR466W,0,-2.3750334,0.1000981330871582,0.9970674514770508,0.9191139340400696
YML024W,YDL031W,0,-2.378299,0.10008831322193146,0.9970674514770508,0.9192141890525818
YFR032C-A,YJL184W,0,-2.3794036,0.10007849335670471,0.9970674514770508,0.919314444065094
YDL240W,YKL034W,0,-2.3796368,0.10006867349147797,0.9970674514770508,0.9194146394729614
YPR201W,YMR275C,0,-2.384831,0.10005886107683182,0.9970674514770508,0.9195148944854736
YKL084W,YOR273C,0,-2.3868718,0.10004904121160507,0.9970674514770508,0.9196150898933411
YBR001C,YBL010C,0,-2.3875194,0.10003922879695892,0.9970674514770508,0.9197153449058533
YFL016C,YJR139C,0,-2.3926528,0.10002942383289337,0.9970674514770508,0.9198155999183655
YNL001W,YBR218C,0,-2.3981955,0.10001961141824722,0.9970674514770508,0.9199157953262329
YPL118W,YDR342C,0,-2.4006217,0.10000980645418167,0.9970674514770508,0.9200160503387451
YDR253C,YLR327C,0,-2.4021733,0.10000000149011612,0.9970674514770508,0.9201162457466125
YBL007C,YKR094C,0,-2.4051707,0.09999019652605057,0.9970674514770508,0.9202165007591248
YHR129C,YPL091W,0,-2.405998,0.09998039901256561,0.9970674514770508,0.920316755771637
YMR158W,YJR135W-A,0,-2.4077947,0.09997059404850006,0.9970674514770508,0.9204169511795044
YDR313C,YKR024C,0,-2.4157379,0.0999607965350151,0.9970674514770508,0.9205172061920166
YJL073W,YBR126C,0,-2.417275,0.09995100647211075,0.9970674514770508,0.920617401599884
YDR025W,YPR098C,0,-2.4176168,0.0999412089586258,0.9970674514770508,0.9207176566123962
YBR046C,YAL026C,0,-2.4181821,0.09993141889572144,0.9970674514770508,0.9208178520202637
YOL084W,YER159C,0,-2.420823,0.09992162883281708,0.9970674514770508,0.9209181070327759
YCL060C,YHR119W,1,-2.4209275,0.10000979900360107,0.9980449676513672,0.9209181070327759
YHR141C,YNL151C,0,-2.4220195,0.10000000149011612,0.9980449676513672,0.9210183620452881
YGR215W,YCR018C,0,-2.4249184,0.09999020397663116,0.9980449676513672,0.9211185574531555
YOR234C,YJL041W,0,-2.428253,0.0999804139137268,0.9980449676513672,0.9212188124656677
YOL140W,YBR171W,0,-2.42975,0.09997062385082245,0.9980449676513672,0.9213190078735352
YMR029C,YOR010C,0,-2.430278,0.09996084123849869,0.9980449676513672,0.9214192628860474
YNL071W,YIL014W,0,-2.4306078,0.09995105117559433,0.9980449676513672,0.9215195178985596
YOR341W,YLR056W,0,-2.431385,0.09994126856327057,0.9980449676513672,0.921619713306427
YNL166C,YMR244C-A,0,-2.431826,0.09993148595094681,0.9980449676513672,0.9217199683189392
YHR104W,YGL078C,0,-2.4321706,0.09992170333862305,0.9980449676513672,0.9218201637268066
YER012W,YKL065C,0,-2.4324923,0.09991192817687988,0.9980449676513672,0.9219204187393188
YOL127W,YJR118C,0,-2.4331253,0.09990215301513672,0.9980449676513672,0.922020673751831
YBL045C,YLR060W,0,-2.4335325,0.09989237785339355,0.9980449676513672,0.9221208691596985
YJL096W,YML066C,0,-2.433928,0.09988260269165039,0.9980449676513672,0.9222211241722107
YLR142W,YDR372C,0,-2.4352605,0.09987283498048782,0.9980449676513672,0.9223213195800781
YEL001C,YPL130W,0,-2.437718,0.09986306726932526,0.9980449676513672,0.9224215745925903
YBL038W,YDR294C,0,-2.4383402,0.09985329955816269,0.9980449676513672,0.9225218296051025
YKR090W,YDR147W,0,-2.442821,0.09984353929758072,0.9980449676513672,0.92262202501297
YER044C-A,YBR123C,0,-2.444464,0.09983377158641815,0.9980449676513672,0.9227222800254822
YGR094W,YMR226C,0,-2.448348,0.09982401132583618,0.9980449676513672,0.9228224754333496
YMR139W,YPR055W,0,-2.4500241,0.09981425106525421,0.9980449676513672,0.9229227304458618
YKR065C,YBR301W,0,-2.4567645,0.09980449825525284,0.9980449676513672,0.9230229258537292
YPL168W,YDR115W,0,-2.456863,0.09979473799467087,0.9980449676513672,0.9231231808662415
YHR083W,YPR020W,0,-2.4618697,0.0997849851846695,0.9980449676513672,0.9232234358787537
YOR242C,YGL008C,0,-2.4621475,0.09977523982524872,0.9980449676513672,0.9233236312866211
YDL229W,YOR150W,0,-2.4640636,0.09976548701524734,0.9980449676513672,0.9234238862991333
YJL020C,YDR485C,0,-2.4723105,0.09975574165582657,0.9980449676513672,0.9235240817070007
YOL069W,YGL229C,0,-2.4754128,0.09974599629640579,0.9980449676513672,0.9236243367195129
YOR171C,YBR079C,0,-2.4774985,0.09973625093698502,0.9980449676513672,0.9237245917320251
YKR065C,YML009C,0,-2.4808443,0.09972650557756424,0.9980449676513672,0.9238247871398926
YPL168W,YJL156C,0,-2.4811943,0.09971676766872406,0.9980449676513672,0.9239250421524048
YBL005W-A,YNL280C,0,-2.4813342,0.09970702975988388,0.9980449676513672,0.9240252375602722
YNR049C,YLR446W,0,-2.4818258,0.0996972918510437,0.9980449676513672,0.9241254925727844
YER058W,YDR110W,0,-2.4837823,0.09968756139278412,0.9980449676513672,0.9242257475852966
YLR060W,YNL002C,0,-2.4849777,0.09967783093452454,0.9980449676513672,0.9243259429931641
YFR003C,YJL170C,0,-2.486064,0.09966810047626495,0.9980449676513672,0.9244261980056763
YJL098W,YPL103C,0,-2.4878597,0.09965837001800537,0.9980449676513672,0.9245263934135437
YBR139W,YOR028C,0,-2.4926386,0.09964864701032639,0.9980449676513672,0.9246266484260559
YMR012W,YFL041W,0,-2.4957137,0.0996389165520668,0.9980449676513672,0.9247268438339233
YNL209W,YJR121W,0,-2.4968064,0.09962919354438782,0.9980449676513672,0.9248270988464355
YGR220C,YGR108W,0,-2.5012348,0.09961947798728943,0.9980449676513672,0.9249273538589478
YOR336W,YBR297W,0,-2.5036848,0.09960975497961044,0.9980449676513672,0.9250275492668152
YLR319C,YIL145C,0,-2.5053988,0.09960003942251205,0.9980449676513672,0.9251278042793274
YBR204C,YDR407C,0,-2.509422,0.09959032386541367,0.9980449676513672,0.9252279996871948
YOR228C,YOL146W,0,-2.510075,0.09958060830831528,0.9980449676513672,0.925328254699707
YHL001W,YDR236C,0,-2.5102744,0.09957090020179749,0.9980449676513672,0.9254285097122192
YMR281W,YNL137C,0,-2.5123856,0.0995611920952797,0.9980449676513672,0.9255287051200867
YER106W,YBR123C,0,-2.5124154,0.0995514839887619,0.9980449676513672,0.9256289601325989
YPR155C,YMR166C,0,-2.5136566,0.09954177588224411,0.9980449676513672,0.9257291555404663
YKL088W,YCR071C,0,-2.5174298,0.09953207522630692,0.9980449676513672,0.9258294105529785
YPL029W,YIL091C,0,-2.5182886,0.09952236711978912,0.9980449676513672,0.9259296655654907
YOR356W,YGL206C,0,-2.5207758,0.09951267391443253,0.9980449676513672,0.9260298609733582
YLR337C,YIL074C,0,-2.5233855,0.09950297325849533,0.9980449676513672,0.9261301159858704
YOR190W,YDL201W,0,-2.5238461,0.09949327260255814,0.9980449676513672,0.9262303113937378
YLR356W,YPL097W,0,-2.5253553,0.09948357939720154,0.9980449676513672,0.92633056640625
YCL030C,YNL030W,0,-2.5270948,0.09947388619184494,0.9980449676513672,0.9264307618141174
YOL138C,YLR248W,0,-2.5287442,0.09946420043706894,0.9980449676513672,0.9265310168266296
YKL039W,YDR231C,0,-2.535285,0.09945450723171234,0.9980449676513672,0.9266312718391418
YDL189W,YLR332W,0,-2.5364776,0.09944482147693634,0.9980449676513672,0.9267314672470093
YHR003C,YOR228C,0,-2.5379653,0.09943513572216034,0.9980449676513672,0.9268317222595215
YDR379W,YPL156C,0,-2.5379856,0.09942545741796494,0.9980449676513672,0.9269319176673889
YOR246C,YBR159W,0,-2.5383146,0.09941577166318893,0.9980449676513672,0.9270321726799011
YKL137W,YBR028C,0,-2.5393176,0.09940609335899353,0.9980449676513672,0.9271324276924133
YBR101C,YCL017C,0,-2.540652,0.09939641505479813,0.9980449676513672,0.9272326231002808
YMR152W,YFL031W,0,-2.5422864,0.09938674420118332,0.9980449676513672,0.927332878112793
YJL151C,YDR531W,0,-2.5491538,0.09937706589698792,0.9980449676513672,0.9274330735206604
YGR234W,YGR148C,0,-2.550089,0.09936739504337311,0.9980449676513672,0.9275333285331726
YBR068C,YEL048C,0,-2.5536165,0.0993577241897583,0.9980449676513672,0.9276335835456848
YKL146W,YFR015C,0,-2.5554912,0.09934806078672409,0.9980449676513672,0.9277337789535522
YER140W,YIL114C,0,-2.5568895,0.09933838993310928,0.9980449676513672,0.9278340339660645
YPL204W,YCL044C,0,-2.5605671,0.09932872653007507,0.9980449676513672,0.9279342293739319
YLR204W,YPL225W,0,-2.565373,0.09931906312704086,0.9980449676513672,0.9280344843864441
YBR056W,YNR061C,0,-2.570009,0.09930940717458725,0.9980449676513672,0.9281347393989563
YLR388W,YDL130W,0,-2.573536,0.09929974377155304,0.9980449676513672,0.9282349348068237
YDR516C,YDR520C,0,-2.5744824,0.09929008781909943,0.9980449676513672,0.9283351898193359
YGL033W,YDR276C,0,-2.575336,0.09928043931722641,0.9980449676513672,0.9284353852272034
YGR125W,YJL198W,0,-2.5755157,0.0992707833647728,0.9980449676513672,0.9285356402397156
YIL041W,YJL094C,0,-2.5762913,0.09926113486289978,0.9980449676513672,0.928635835647583
YDL025C,YIR002C,0,-2.5827157,0.09925147891044617,0.9980449676513672,0.9287360906600952
YOL147C,YOR306C,0,-2.5870929,0.09924183785915375,0.9980449676513672,0.9288363456726074
YNL096C,YNR030W,0,-2.5875247,0.09923218935728073,0.9980449676513672,0.9289365410804749
YMR068W,YDL223C,0,-2.5973754,0.09922254830598831,0.9980449676513672,0.9290367960929871
YNL336W,YPL068C,0,-2.601791,0.09921290725469589,0.9980449676513672,0.9291369915008545
YIL127C,YGR181W,0,-2.602158,0.09920326620340347,0.9980449676513672,0.9292372465133667
YNL336W,YGR231C,0,-2.6026864,0.09919362515211105,0.9980449676513672,0.9293375015258789
YGL185C,YDR256C,0,-2.6126223,0.09918399155139923,0.9980449676513672,0.9294376969337463
YLR388W,YGL135W,0,-2.6126785,0.09917435795068741,0.9980449676513672,0.9295379519462585
YDR163W,YJR009C,0,-2.6133733,0.09916472434997559,0.9980449676513672,0.929638147354126
YER126C,YPL225W,0,-2.614906,0.09915509074926376,0.9980449676513672,0.9297384023666382
YLR427W,YIR026C,0,-2.6155446,0.09914546459913254,0.9980449676513672,0.9298386573791504
YNL278W,YFL025C,0,-2.615701,0.09913583844900131,0.9980449676513672,0.9299388527870178
YDR168W,YGR109C,0,-2.6158807,0.09912621229887009,0.9980449676513672,0.93003910779953
YDL085W,YOR361C,0,-2.6161463,0.09911659359931946,0.9980449676513672,0.9301393032073975
YLR054C,YOR336W,0,-2.6163054,0.09910696744918823,0.9980449676513672,0.9302395582199097
YOR369C,YHR010W,0,-2.6171546,0.0990973487496376,0.9980449676513672,0.9303397536277771
YKR100C,YLR174W,0,-2.6193376,0.09908773005008698,0.9980449676513672,0.9304400086402893
YLR240W,YDR287W,0,-2.6212502,0.09907811880111694,0.9980449676513672,0.9305402636528015
YIL041W,YDL124W,0,-2.6224403,0.09906850010156631,0.9980449676513672,0.930640459060669
YDR003W,YBL036C,0,-2.631258,0.09905888885259628,0.9980449676513672,0.9307407140731812
YOR347C,YOL098C,0,-2.636775,0.09904928505420685,0.9980449676513672,0.9308409094810486
YBL101C,YDL046W,0,-2.6393754,0.09903967380523682,0.9980449676513672,0.9309411644935608
YOL042W,YKR018C,0,-2.6430395,0.09903007000684738,0.9980449676513672,0.931041419506073
YLR345W,YPL118W,0,-2.6435533,0.09902046620845795,0.9980449676513672,0.9311416149139404
YDR039C,YPL265W,0,-2.646779,0.09901086241006851,0.9980449676513672,0.9312418699264526
YJR047C,YAL035W,0,-2.6488976,0.09900125861167908,0.9980449676513672,0.9313420653343201
YDR115W,YMR098C,0,-2.6528907,0.09899166226387024,0.9980449676513672,0.9314423203468323
YNL106C,YPR122W,0,-2.6531925,0.0989820659160614,0.9980449676513672,0.9315425753593445
YMR105C,YJL212C,0,-2.6555128,0.09897246956825256,0.9980449676513672,0.9316427707672119
YKL138C,YPR148C,0,-2.657298,0.09896287322044373,0.9980449676513672,0.9317430257797241
YKR078W,YDL193W,0,-2.6588316,0.09895328432321548,0.9980449676513672,0.9318432211875916
YOR354C,YDL191W,0,-2.6596324,0.09894369542598724,0.9980449676513672,0.9319434762001038
YDR171W,YDR006C,0,-2.6599967,0.098934106528759,0.9980449676513672,0.9320436716079712
YOR133W,YER033C,0,-2.6614833,0.09892452508211136,0.9980449676513672,0.9321439266204834
YMR162C,YPL135W,0,-2.6637955,0.09891493618488312,0.9980449676513672,0.9322441816329956
YPR037C,YHR170W,0,-2.6653523,0.09890535473823547,0.9980449676513672,0.932344377040863
YDR093W,YOR367W,0,-2.6654778,0.09889577329158783,0.9980449676513672,0.9324446320533752
YER054C,YGL178W,0,-2.6661468,0.09888619929552078,0.9980449676513672,0.9325448274612427
YJL105W,YGL207W,1,-2.6669097,0.09897346794605255,0.9990224838256836,0.9325448274612427
YIL041W,YDL134C,0,-2.6717486,0.09896387904882431,0.9990224838256836,0.9326450824737549
YDR425W,YNL252C,0,-2.672622,0.09895429760217667,0.9990224838256836,0.9327453374862671
YGL012W,YHR147C,0,-2.673274,0.09894471615552902,0.9990224838256836,0.9328455328941345
YLR119W,YGL253W,0,-2.6739964,0.09893514215946198,0.9990224838256836,0.9329457879066467
YJL151C,YHR171W,0,-2.674471,0.09892556071281433,0.9990224838256836,0.9330459833145142
YDR452W,YIR014W,0,-2.6756504,0.09891598671674728,0.9990224838256836,0.9331462383270264
YKL152C,YPL091W,0,-2.6756597,0.09890641272068024,0.9990224838256836,0.9332464933395386
YMR197C,YJR125C,0,-2.6785808,0.09889684617519379,0.9990224838256836,0.933346688747406
YNL007C,YDL166C,0,-2.6823072,0.09888727962970734,0.9990224838256836,0.9334469437599182
YCL047C,YKR027W,0,-2.6823726,0.09887770563364029,0.9990224838256836,0.9335471391677856
YHR203C,YHR167W,0,-2.6850102,0.09886814653873444,0.9990224838256836,0.9336473941802979
YOR177C,YDR436W,0,-2.6879866,0.09885857999324799,0.9990224838256836,0.9337476491928101
YDL081C,YLR413W,0,-2.6884024,0.09884902089834213,0.9990224838256836,0.9338478446006775
YKL129C,YDL160C,0,-2.6938715,0.09883946180343628,0.9990224838256836,0.9339480996131897
YPR010C,YJL180C,0,-2.6945293,0.09882990270853043,0.9990224838256836,0.9340482950210571
YLR345W,YHR110W,0,-2.6984832,0.09882034361362457,0.9990224838256836,0.9341485500335693
YCR024C,YPR036W,0,-2.701045,0.09881079196929932,0.9990224838256836,0.9342487454414368
YBR169C,YJR150C,0,-2.7045145,0.09880124032497406,0.9990224838256836,0.934349000453949
YLR069C,YBR149W,0,-2.7069676,0.0987916886806488,0.9990224838256836,0.9344492554664612
YIL087C,YNL162W,0,-2.7102904,0.09878213703632355,0.9990224838256836,0.9345494508743286
YFL062W,YPR108W,0,-2.7133994,0.09877259284257889,0.9990224838256836,0.9346497058868408
YOL023W,YPR075C,0,-2.716831,0.09876304864883423,0.9990224838256836,0.9347499012947083
YMR110C,YGL253W,0,-2.7233896,0.09875350445508957,0.9990224838256836,0.9348501563072205
YDR358W,YBR110W,0,-2.7254038,0.09874396026134491,0.9990224838256836,0.9349504113197327
YDR345C,YCR088W,0,-2.7254982,0.09873442351818085,0.9990224838256836,0.9350506067276001
YJR143C,YLR446W,0,-2.7296648,0.09872488677501678,0.9990224838256836,0.9351508617401123
YOR356W,YMR015C,0,-2.7296681,0.09871535003185272,0.9990224838256836,0.9352510571479797
YMR217W,YCR067C,0,-2.729985,0.09870581328868866,0.9990224838256836,0.9353513121604919
YHR138C,YGR097W,0,-2.7316742,0.0986962839961052,0.9990224838256836,0.9354515671730042
YPR067W,YNL125C,0,-2.7366648,0.09868675470352173,0.9990224838256836,0.9355517625808716
YDR284C,YGL227W,0,-2.7383552,0.09867722541093826,0.9990224838256836,0.9356520175933838
YIR037W,YDR113C,0,-2.7393486,0.0986676961183548,0.9990224838256836,0.9357522130012512
YLR284C,YPL137C,0,-2.7399907,0.09865817427635193,0.9990224838256836,0.9358524680137634
YOR130C,YGR092W,0,-2.745345,0.09864864498376846,0.9990224838256836,0.9359526634216309
YDR388W,YCL040W,0,-2.7454798,0.09863913059234619,0.9990224838256836,0.9360529184341431
YDR171W,YCR094W,0,-2.7469678,0.09862960875034332,0.9990224838256836,0.9361531734466553
YDR247W,YPL221W,0,-2.7510004,0.09862009435892105,0.9990224838256836,0.9362533688545227
YFR049W,YMR274C,0,-2.751372,0.09861057251691818,0.9990224838256836,0.9363536238670349
YOR335C,YHR025W,0,-2.7533808,0.09860105812549591,0.9990224838256836,0.9364538192749023
YGR207C,YMR002W,0,-2.7557564,0.09859155118465424,0.9990224838256836,0.9365540742874146
YHR203C,YKR053C,0,-2.7591667,0.09858203679323196,0.9990224838256836,0.9366543292999268
YGR061C,YBR160W,0,-2.7632341,0.09857252985239029,0.9990224838256836,0.9367545247077942
YOR356W,YER020W,0,-2.7660923,0.09856302291154861,0.9990224838256836,0.9368547797203064
YKL055C,YPL004C,0,-2.767086,0.09855352342128754,0.9990224838256836,0.9369549751281738
YGL147C,YML070W,0,-2.7693563,0.09854401648044586,0.9990224838256836,0.937055230140686
YBL075C,YIL171W,0,-2.7696407,0.09853451699018478,0.9990224838256836,0.9371554851531982
YLR408C,YGL059W,0,-2.7733831,0.0985250174999237,0.9990224838256836,0.9372556805610657
YML085C,YCL001W,0,-2.7740207,0.09851551800966263,0.9990224838256836,0.9373559355735779
YDL066W,YPL032C,0,-2.7758505,0.09850602596998215,0.9990224838256836,0.9374561309814453
YBL064C,YJL212C,0,-2.7770758,0.09849653393030167,0.9990224838256836,0.9375563859939575
YDR418W,YPL037C,0,-2.7781515,0.09848704189062119,0.9990224838256836,0.937656581401825
YKR013W,YMR161W,0,-2.779261,0.0984775498509407,0.9990224838256836,0.9377568364143372
YMR217W,YAR007C,0,-2.7828732,0.09846805781126022,0.9990224838256836,0.9378570914268494
YKR013W,YBL004W,0,-2.7835999,0.09845857322216034,0.9990224838256836,0.9379572868347168
YDL119C,YNL119W,0,-2.7847927,0.09844908863306046,0.9990224838256836,0.938057541847229
YJL137C,YDL231C,0,-2.7857168,0.09843960404396057,0.9990224838256836,0.9381577372550964
YPL086C,YJL138C,0,-2.7872906,0.09843012690544128,0.9990224838256836,0.9382579922676086
YAL008W,YKL065C,0,-2.7886724,0.098420649766922,0.9990224838256836,0.9383582472801208
YGR244C,YMR004W,0,-2.791693,0.09841117262840271,0.9990224838256836,0.9384584426879883
YNL247W,YDL150W,0,-2.7920887,0.09840169548988342,0.9990224838256836,0.9385586977005005
YCR021C,YBL042C,0,-2.7939887,0.09839221835136414,0.9990224838256836,0.9386588931083679
YOR321W,YKR049C,0,-2.79842,0.09838274866342545,0.9990224838256836,0.9387591481208801
YBL007C,YPR103W,0,-2.798625,0.09837327897548676,0.9990224838256836,0.9388594031333923
YDR380W,YLL052C,0,-2.79987,0.09836380928754807,0.9990224838256836,0.9389595985412598
YMR257C,YIL069C,0,-2.8059888,0.09835434705018997,0.9990224838256836,0.939059853553772
YLL062C,YOR128C,0,-2.8074389,0.09834487736225128,0.9990224838256836,0.9391600489616394
YDR532C,YBR079C,0,-2.8079557,0.09833541512489319,0.9990224838256836,0.9392603039741516
YGR008C,YOR211C,0,-2.813602,0.09832596033811569,0.9990224838256836,0.9393605589866638
YBL064C,YCR091W,0,-2.814593,0.0983164981007576,0.9990224838256836,0.9394607543945312
YMR289W,YCR105W,0,-2.815512,0.0983070433139801,0.9990224838256836,0.9395610094070435
YDR045C,YHR116W,0,-2.8163588,0.0982975885272026,0.9990224838256836,0.9396612048149109
YBR126C,YOR124C,0,-2.8164792,0.09828813374042511,0.9990224838256836,0.9397614598274231
YDR119W,YMR175W,0,-2.8194897,0.09827867895364761,0.9990224838256836,0.9398616552352905
YML100W,YDL230W,0,-2.8196816,0.09826923161745071,0.9990224838256836,0.9399619102478027
YOR173W,YMR091C,0,-2.8218734,0.09825978428125381,0.9990224838256836,0.9400621652603149
YKR037C,YNL024C,0,-2.8252184,0.09825033694505692,0.9990224838256836,0.9401623606681824
YIL136W,YGL106W,0,-2.8261232,0.09824088960886002,0.9990224838256836,0.9402626156806946
YNR040W,YIL171W,0,-2.8263106,0.09823144972324371,0.9990224838256836,0.940362811088562
YOR330C,YHR196W,0,-2.8299804,0.09822200983762741,0.9990224838256836,0.9404630661010742
YDR171W,YHR140W,0,-2.8316145,0.09821256995201111,0.9990224838256836,0.9405633211135864
YLR216C,YNL190W,0,-2.835278,0.0982031300663948,0.9990224838256836,0.9406635165214539
YNL106C,YER060W,0,-2.8394732,0.0981936976313591,0.9990224838256836,0.9407637715339661
YKL110C,YNL305C,0,-2.8399906,0.0981842651963234,0.9990224838256836,0.9408639669418335
YIL066C,YBR029C,0,-2.8417394,0.09817483276128769,0.9990224838256836,0.9409642219543457
YIL064W,YAL013W,0,-2.8425894,0.09816540032625198,0.9990224838256836,0.9410644769668579
YMR152W,YDR536W,0,-2.843133,0.09815597534179688,0.9990224838256836,0.9411646723747253
YLR001C,YOL052C-A,0,-2.843595,0.09814655035734177,0.9990224838256836,0.9412649273872375
YPL234C,YNL210W,0,-2.8445008,0.09813712537288666,0.9990224838256836,0.941365122795105
YJL151C,YIL154C,0,-2.8476353,0.09812770038843155,0.9990224838256836,0.9414653778076172
YMR086W,YOR004W,0,-2.849291,0.09811828285455704,0.9990224838256836,0.9415655732154846
YLR405W,YKR105C,0,-2.8503532,0.09810885787010193,0.9990224838256836,0.9416658282279968
YDR148C,YLR126C,0,-2.8504891,0.09809944033622742,0.9990224838256836,0.941766083240509
YDR025W,YDR045C,0,-2.8547792,0.0980900302529335,0.9990224838256836,0.9418662786483765
YPL195W,YOR173W,0,-2.855104,0.09808061271905899,0.9990224838256836,0.9419665336608887
YHL011C,YMR119W,0,-2.856627,0.09807120263576508,0.9990224838256836,0.9420667290687561
YOR383C,YPL090C,0,-2.8625064,0.09806179255247116,0.9990224838256836,0.9421669840812683
YJR009C,YFL029C,0,-2.8654947,0.09805238246917725,0.9990224838256836,0.9422672390937805
YNR001C,YNR061C,0,-2.8661132,0.09804297983646393,0.9990224838256836,0.942367434501648
YDR107C,YJR059W,0,-2.8678243,0.09803356975317001,0.9990224838256836,0.9424676895141602
YOR326W,YNR007C,0,-2.8678696,0.0980241671204567,0.9990224838256836,0.9425678849220276
YML029W,YIL118W,0,-2.8731205,0.09801477193832397,0.9990224838256836,0.9426681399345398
YDR171W,YFR016C,0,-2.879908,0.09800536930561066,0.9990224838256836,0.942768394947052
YDR032C,YLR237W,0,-2.8833263,0.09799597412347794,0.9990224838256836,0.9428685903549194
YKL148C,YHR110W,0,-2.885166,0.09798657894134521,0.9990224838256836,0.9429688453674316
YEL059C-A,YHR083W,0,-2.8852584,0.0979771837592125,0.9990224838256836,0.9430690407752991
YLR185W,YDL205C,0,-2.8882272,0.09796778857707977,0.9990224838256836,0.9431692957878113
YJR047C,YKL024C,0,-2.8937633,0.09795840084552765,0.9990224838256836,0.9432694911956787
YOL042W,YGR026W,0,-2.8940043,0.09794901311397552,0.9990224838256836,0.9433697462081909
YOR004W,YOL120C,0,-2.8947377,0.0979396253824234,0.9990224838256836,0.9434700012207031
YLR048W,YMR226C,0,-2.898093,0.09793024510145187,0.9990224838256836,0.9435701966285706
YJR102C,YNR019W,0,-2.8982086,0.09792085736989975,0.9990224838256836,0.9436704516410828
YNL220W,YCR075C,0,-2.9047616,0.09791147708892822,0.9990224838256836,0.9437706470489502
YDR503C,YIL013C,0,-2.908307,0.0979020968079567,0.9990224838256836,0.9438709020614624
YBL051C,YCR072C,0,-2.9136815,0.09789272397756577,0.9990224838256836,0.9439711570739746
YBR004C,YAL005C,0,-2.9167597,0.09788334369659424,0.9990224838256836,0.944071352481842
YDL025C,YDL066W,0,-2.9195316,0.09787397086620331,0.9990224838256836,0.9441716074943542
YDR316W,YLR089C,0,-2.920383,0.09786459803581238,0.9990224838256836,0.9442718029022217
YMR166C,YLR372W,0,-2.9232464,0.09785522520542145,0.9990224838256836,0.9443720579147339
YBR185C,YHL015W,0,-2.9238877,0.09784585982561111,0.9990224838256836,0.9444723129272461
YJL096W,YER094C,0,-2.9256268,0.09783649444580078,0.9990224838256836,0.9445725083351135
YBL038W,YHR215W,0,-2.9261346,0.09782712906599045,0.9990224838256836,0.9446727633476257
YOL097C,YDR188W,0,-2.9329486,0.09781776368618011,0.9990224838256836,0.9447729587554932
YIL158W,YLR150W,0,-2.938013,0.09780840575695038,0.9990224838256836,0.9448732137680054
YPL220W,YBL099W,0,-2.9418163,0.09779904037714005,0.9990224838256836,0.9449734091758728
YDR115W,YGL253W,0,-2.9430912,0.09778968244791031,0.9990224838256836,0.945073664188385
YJL106W,YMR068W,0,-2.9493465,0.09778033196926117,0.9990224838256836,0.9451739192008972
YGL187C,YDR402C,0,-2.9510846,0.09777097404003143,0.9990224838256836,0.9452741146087646
YKL026C,YJL083W,0,-2.9521475,0.0977616235613823,0.9990224838256836,0.9453743696212769
YLR441C,YDR523C,0,-2.9537241,0.09775227308273315,0.9990224838256836,0.9454745650291443
YPL066W,YPL123C,0,-2.954321,0.09774292260408401,0.9990224838256836,0.9455748200416565
YJL105W,YBL006C,1,-2.9577818,0.09782920777797699,1.0,0.9455748200416565
YJR159W,YHR102W,0,-2.9623117,0.09781984984874725,1.0,0.9456750750541687
YDR158W,YHR062C,0,-2.962453,0.09781049937009811,1.0,0.9457752704620361
YHR147C,YGR235C,0,-2.962609,0.09780114889144897,1.0,0.9458755254745483
YOR173W,YPL141C,0,-2.9633632,0.09779179841279984,1.0,0.9459757208824158
YDR148C,YKL198C,0,-2.9638,0.0977824479341507,1.0,0.946075975894928
YDR258C,YPR098C,0,-2.9653788,0.09777310490608215,1.0,0.9461762309074402
YHR073W,YHL024W,0,-2.966224,0.09776376187801361,1.0,0.9462764263153076
YMR105C,YOR322C,0,-2.969891,0.09775441884994507,1.0,0.9463766813278198
YNL209W,YLR175W,0,-2.9723365,0.09774507582187653,1.0,0.9464768767356873
YHR149C,YNL222W,0,-2.9733434,0.09773574024438858,1.0,0.9465771317481995
YPR102C,YCR016W,0,-2.9736714,0.09772640466690063,1.0,0.9466773867607117
YCR020C,YGR209C,0,-2.983387,0.09771706908941269,1.0,0.9467775821685791
YAL053W,YDL211C,0,-2.9845223,0.09770773351192474,1.0,0.9468778371810913
YGR148C,YOR171C,0,-2.9890084,0.0976984053850174,1.0,0.9469780325889587
YNL209W,YOL077C,0,-2.9921088,0.09768907725811005,1.0,0.947078287601471
YER023W,YHR196W,0,-2.9930463,0.0976797491312027,1.0,0.9471784830093384
YCR003W,YBR039W,0,-2.9980183,0.09767042100429535,1.0,0.9472787380218506
YDR516C,YKR003W,0,-2.9982386,0.0976611003279686,1.0,0.9473789930343628
YHL036W,YLR421C,0,-2.9994984,0.09765177220106125,1.0,0.9474791884422302
YDR516C,YDR495C,0,-3.0034952,0.0976424515247345,1.0,0.9475794434547424
YDR298C,YBR239C,0,-3.0041885,0.09763313829898834,1.0,0.9476796388626099
YPL249C-A,YAR019C,0,-3.0061712,0.09762381762266159,1.0,0.9477798938751221
YOR035C,YJL083W,0,-3.0087228,0.09761450439691544,1.0,0.9478801488876343
YMR072W,YKL178C,0,-3.0087876,0.09760519117116928,1.0,0.9479803442955017
YJL048C,YDR354W,0,-3.0103362,0.09759587794542313,1.0,0.9480805993080139
YMR202W,YDR268W,0,-3.01049,0.09758657217025757,1.0,0.9481807947158813
YLR204W,YHR032W,0,-3.0117326,0.09757725894451141,1.0,0.9482810497283936
YEL060C,YLR459W,0,-3.0122485,0.09756795316934586,1.0,0.9483813047409058
YHR201C,YMR312W,0,-3.015695,0.0975586473941803,1.0,0.9484815001487732
YDL165W,YIR014W,0,-3.0168262,0.09754934906959534,1.0,0.9485817551612854
YPR004C,YML025C,0,-3.0261838,0.09754004329442978,1.0,0.9486819505691528
YLR417W,YMR104C,0,-3.0298777,0.09753074496984482,1.0,0.948782205581665
YOR361C,YOR117W,0,-3.0356708,0.09752144664525986,1.0,0.9488824009895325
YKL167C,YNL035C,0,-3.045774,0.0975121557712555,1.0,0.9489826560020447
YNL323W,YPR154W,0,-3.0488567,0.09750285744667053,1.0,0.9490829110145569
YMR045C,YIL053W,0,-3.0526574,0.09749356657266617,1.0,0.9491831064224243
YEL054C,YLR432W,0,-3.0561776,0.0974842756986618,1.0,0.9492833614349365
YIL070C,YPR183W,0,-3.0613256,0.09747498482465744,1.0,0.949383556842804
YJR160C,YGL059W,0,-3.066355,0.09746570140123367,1.0,0.9494838118553162
YBR038W,YGL208W,0,-3.0699244,0.0974564179778099,1.0,0.9495840668678284
YMR281W,YML081W,0,-3.0803108,0.09744713455438614,1.0,0.9496842622756958
YNR049C,YPR073C,0,-3.0891147,0.09743785113096237,1.0,0.949784517288208
YDR481C,YGR008C,0,-3.0907185,0.0974285677075386,1.0,0.9498847126960754
YGL104C,YNR047W,0,-3.0955029,0.09741929173469543,1.0,0.9499849677085876
YHR021C,YPL221W,0,-3.0957007,0.09741001576185226,1.0,0.9500852227210999
YCR009C,YHR113W,0,-3.096615,0.0974007397890091,1.0,0.9501854181289673
YJL047C,YCR075C,0,-3.098217,0.09739147126674652,1.0,0.9502856731414795
YBR214W,YHR204W,0,-3.100203,0.09738219529390335,1.0,0.9503858685493469
YKL026C,YPL152W,0,-3.1033452,0.09737292677164078,1.0,0.9504861235618591
YHL022C,YJL148W,0,-3.106718,0.0973636656999588,1.0,0.9505863189697266
YJL177W,YBR079C,0,-3.1084354,0.09735439717769623,1.0,0.9506865739822388
YAL010C,YDL222C,0,-3.1228704,0.09734513610601425,1.0,0.950786828994751
YBR085W,YBL035C,0,-3.1267638,0.09733586758375168,1.0,0.9508870244026184
YDR204W,YKR088C,0,-3.1268172,0.0973266065120697,1.0,0.9509872794151306
YCR058C,YLR014C,0,-3.1273777,0.09731735289096832,1.0,0.951087474822998
YLR075W,YJL136C,0,-3.1304288,0.09730809181928635,1.0,0.9511877298355103
YNL209W,YBR079C,0,-3.134075,0.09729883819818497,1.0,0.9512879848480225
YGR224W,YGR183C,0,-3.1345022,0.09728958457708359,1.0,0.9513881802558899
YPL106C,YMR006C,0,-3.1427903,0.0972803384065628,1.0,0.9514884352684021
YDR065W,YBL039C,0,-3.1457818,0.09727108478546143,1.0,0.9515886306762695
YCR024C-A,YOL138C,0,-3.146983,0.09726183861494064,1.0,0.9516888856887817
YKL163W,YER102W,0,-3.1471472,0.09725259244441986,1.0,0.951789140701294
YMR286W,YLR340W,0,-3.1510665,0.09724334627389908,1.0,0.9518893361091614
YBR221C,YPL159C,0,-3.151448,0.0972341001033783,1.0,0.9519895911216736
YMR188C,YJL208C,0,-3.1521204,0.09722486138343811,1.0,0.952089786529541
YDR456W,YML057W,0,-3.1530616,0.09721562266349792,1.0,0.9521900415420532
YLR371W,YDL079C,0,-3.156096,0.09720638394355774,1.0,0.9522902965545654
YGL121C,YIR019C,0,-3.1610918,0.09719715267419815,1.0,0.9523904919624329
YJL210W,YOR348C,0,-3.1616375,0.09718791395425797,1.0,0.9524907469749451
YKL150W,YGL208W,0,-3.1640594,0.09717868268489838,1.0,0.9525909423828125
YDR127W,YCL050C,0,-3.164772,0.09716945141553879,1.0,0.9526911973953247
YBR200W,YGR284C,0,-3.1687741,0.0971602275967598,1.0,0.9527913928031921
YFR031C-A,YMR135C,0,-3.1702113,0.09715099632740021,1.0,0.9528916478157043
YGR041W,YBL016W,0,-3.171996,0.09714177250862122,1.0,0.9529919028282166
YML129C,YHL004W,0,-3.1728756,0.09713254868984222,1.0,0.953092098236084
YKL167C,YLR352W,0,-3.1746583,0.09712332487106323,1.0,0.9531923532485962
YNL093W,YJL209W,0,-3.1761065,0.09711410850286484,1.0,0.9532925486564636
YKL035W,YBL005W,0,-3.182116,0.09710489213466644,1.0,0.9533928036689758
YKL191W,YML025C,0,-3.1829534,0.09709566831588745,1.0,0.953493058681488
YLR216C,YHR090C,0,-3.1838648,0.09708645939826965,1.0,0.9535932540893555
YHR024C,YOR224C,0,-3.1849098,0.09707724303007126,1.0,0.9536935091018677
YBL080C,YJR096W,0,-3.1863718,0.09706803411245346,1.0,0.9537937045097351
YGL123W,YMR094W,0,-3.1877947,0.09705882519483566,1.0,0.9538939595222473
YER025W,YKR049C,0,-3.1937258,0.09704961627721786,1.0,0.9539942145347595
YMR303C,YDR058C,0,-3.195726,0.09704040735960007,1.0,0.954094409942627
YDL223C,YOR101W,0,-3.1968577,0.09703120589256287,1.0,0.9541946649551392
YDR077W,YDR382W,0,-3.1984136,0.09702200442552567,1.0,0.9542948603630066
YJR073C,YGL097W,0,-3.1992593,0.09701280295848846,1.0,0.9543951153755188
YBR185C,YNL243W,0,-3.1992667,0.09700360149145126,1.0,0.9544953107833862
YCR079W,YMR289W,0,-3.2018466,0.09699440747499466,1.0,0.9545955657958984
YBL007C,YGR109C,0,-3.2035148,0.09698521345853806,1.0,0.9546958208084106
YLR369W,YMR150C,0,-3.209216,0.09697601944208145,1.0,0.9547960162162781
YNL015W,YJL164C,0,-3.212926,0.09696682542562485,1.0,0.9548962712287903
YLR189C,YKL192C,0,-3.2228656,0.09695763140916824,1.0,0.9549964666366577
YOR255W,YMR237W,0,-3.2253327,0.09694844484329224,1.0,0.9550967216491699
YHR190W,YBL075C,0,-3.2272832,0.09693925827741623,1.0,0.9551969766616821
YKL184W,YGR094W,0,-3.2336626,0.09693007171154022,1.0,0.9552971720695496
YDL146W,YHR207C,0,-3.2392476,0.09692089259624481,1.0,0.9553974270820618
YMR281W,YLR333C,0,-3.241775,0.0969117060303688,1.0,0.9554976224899292
YLR414C,YHR005C,0,-3.248662,0.0969025269150734,1.0,0.9555978775024414
YGL139W,YHR138C,0,-3.2510417,0.09689334779977798,1.0,0.9556981325149536
YKL143W,YCL040W,0,-3.251585,0.09688417613506317,1.0,0.955798327922821
YOR173W,YMR243C,0,-3.253923,0.09687499701976776,1.0,0.9558985829353333
YHR020W,YKL150W,0,-3.25429,0.09686582535505295,1.0,0.9559987783432007
YGL077C,YMR177W,0,-3.25806,0.09685665369033813,1.0,0.9560990333557129
YOR130C,YLL028W,0,-3.25991,0.09684748947620392,1.0,0.9561992287635803
YER061C,YIL158W,0,-3.2629497,0.0968383178114891,1.0,0.9562994837760925
YJR073C,YPL152W,0,-3.2649095,0.09682915359735489,1.0,0.9563997387886047
YPL187W,YAL003W,0,-3.2656548,0.09681998938322067,1.0,0.9564999341964722
YDR447C,YLR172C,0,-3.2677083,0.09681082516908646,1.0,0.9566001892089844
YPR100W,YNL045W,0,-3.278884,0.09680166840553284,1.0,0.9567003846168518
YPL198W,YKL006W,0,-3.2822049,0.09679250419139862,1.0,0.956800639629364
YGR220C,YMR195W,0,-3.2826135,0.096783347427845,1.0,0.9569008946418762
YKL129C,YDL130W-A,0,-3.2845874,0.09677419066429138,1.0,0.9570010900497437
YBR044C,YKR080W,0,-3.285848,0.09676504135131836,1.0,0.9571013450622559
YMR297W,YOR182C,0,-3.287167,0.09675588458776474,1.0,0.9572015404701233
YIR003W,YDR320C,0,-3.2874398,0.09674673527479172,1.0,0.9573017954826355
YBR050C,YDR012W,0,-3.2884536,0.0967375859618187,1.0,0.9574020504951477
YPR140W,YJR046W,0,-3.2886615,0.09672844409942627,1.0,0.9575022459030151
YEL001C,YMR175W,0,-3.2918844,0.09671929478645325,1.0,0.9576025009155273
YML130C,YJL048C,0,-3.2930527,0.09671015292406082,1.0,0.9577026963233948
YNR001C,YOR262W,0,-3.2969089,0.0967010110616684,1.0,0.957802951335907
YGR224W,YMR135C,0,-3.2971523,0.09669186919927597,1.0,0.9579032063484192
YHR102W,YDR387C,0,-3.308151,0.09668273478746414,1.0,0.9580034017562866
YLR307W,YLL028W,0,-3.3113322,0.09667360037565231,1.0,0.9581036567687988
YJR160C,YBL004W,0,-3.317078,0.09666445851325989,1.0,0.9582038521766663
YCL063W,YJL057C,0,-3.3177886,0.09665533155202866,1.0,0.9583041071891785
YHR113W,YBR101C,0,-3.3284702,0.09664619714021683,1.0,0.9584043025970459
YHR202W,YOR386W,0,-3.3324773,0.0966370701789856,1.0,0.9585045576095581
YNR061C,YJR015W,0,-3.3387382,0.09662794321775436,1.0,0.9586048126220703
YIR026C,YGL129C,0,-3.3390293,0.09661881625652313,1.0,0.9587050080299377
YPL059W,YMR004W,0,-3.345313,0.0966096892952919,1.0,0.95880526304245
YHR089C,YPL281C,0,-3.3600762,0.09660056978464127,1.0,0.9589054584503174
YMR192W,YAL007C,0,-3.3686419,0.09659144282341003,1.0,0.9590057134628296
YOR153W,YMR199W,0,-3.3687806,0.0965823233127594,1.0,0.9591059684753418
YEL065W,YDR300C,0,-3.37014,0.09657321125268936,1.0,0.9592061638832092
YOL140W,YDL205C,0,-3.371438,0.09656409174203873,1.0,0.9593064188957214
YDR168W,YMR305C,0,-3.3723958,0.09655497968196869,1.0,0.9594066143035889
YPR184W,YGR274C,0,-3.3733702,0.09654586762189865,1.0,0.9595068693161011
YBR084C-A,YKL155C,0,-3.3739672,0.09653675556182861,1.0,0.9596071243286133
YBR069C,YLR435W,0,-3.37817,0.09652764350175858,1.0,0.9597073197364807
YDL181W,YLR178C,0,-3.379005,0.09651853889226913,1.0,0.9598075747489929
YMR217W,YBR142W,0,-3.3815637,0.0965094342827797,1.0,0.9599077701568604
YPR151C,YKL152C,0,-3.3850088,0.09650032967329025,1.0,0.9600080251693726
YOR354C,YHR052W,0,-3.3870363,0.09649122506380081,1.0,0.96010822057724
YDR317W,YJL063C,0,-3.4085255,0.09648212790489197,1.0,0.9602084755897522
YBR040W,YJR091C,0,-3.40986,0.09647303074598312,1.0,0.9603087306022644
YKR009C,YPL095C,0,-3.4106731,0.09646393358707428,1.0,0.9604089260101318
YBR181C,YLR340W,0,-3.4117754,0.09645483642816544,1.0,0.960509181022644
YDR317W,YKR089C,0,-3.411941,0.09644574671983719,1.0,0.9606093764305115
YCL038C,YJL138C,0,-3.4231365,0.09643664956092834,1.0,0.9607096314430237
YCL047C,YIL014W,0,-3.4265857,0.0964275598526001,1.0,0.9608098864555359
YBR126C,YDR483W,0,-3.4273736,0.09641847014427185,1.0,0.9609100818634033
YER015W,YBR008C,0,-3.428531,0.0964093878865242,1.0,0.9610103368759155
YGL251C,YKL035W,0,-3.4345236,0.09640029817819595,1.0,0.961110532283783
YLL015W,YGR108W,0,-3.4402685,0.0963912159204483,1.0,0.9612107872962952
YJR161C,YHL008C,0,-3.4428494,0.09638213366270065,1.0,0.9613110423088074
YPL168W,YOR255W,0,-3.4437153,0.0963730588555336,1.0,0.9614112377166748
YDL239C,YGR289C,0,-3.4457479,0.09636397659778595,1.0,0.961511492729187
YKL149C,YDR533C,0,-3.4465618,0.0963549017906189,1.0,0.9616116881370544
YNL115C,YCR069W,0,-3.4478464,0.09634582698345184,1.0,0.9617119431495667
YDR418W,YOR132W,0,-3.4488587,0.09633675217628479,1.0,0.9618121385574341
YMR275C,YOL076W,0,-3.4513128,0.09632768481969833,1.0,0.9619123935699463
YBL045C,YPL226W,0,-3.4550095,0.09631861746311188,1.0,0.9620126485824585
YOR356W,YHR112C,0,-3.4557624,0.09630954265594482,1.0,0.9621128439903259
YOR136W,YIL040W,0,-3.4560251,0.09630048274993896,1.0,0.9622130990028381
YER032W,YGR055W,0,-3.4574137,0.09629141539335251,1.0,0.9623132944107056
YMR275C,YGR080W,0,-3.4680665,0.09628235548734665,1.0,0.9624135494232178
YMR257C,YDR418W,0,-3.4681616,0.09627329558134079,1.0,0.96251380443573
YOR247W,YNL159C,0,-3.4713607,0.09626423567533493,1.0,0.9626139998435974
YLR393W,YCR005C,0,-3.475648,0.09625517576932907,1.0,0.9627142548561096
YLR142W,YCR028C,0,-3.481698,0.09624611586332321,1.0,0.962814450263977
YJL154C,YDL130W-A,0,-3.4852083,0.09623706340789795,1.0,0.9629147052764893
YMR170C,YPL017C,0,-3.4874659,0.09622801095247269,1.0,0.9630149602890015
YBR296C,YIL115C,0,-3.491909,0.09621895849704742,1.0,0.9631151556968689
YPL021W,YMR024W,0,-3.494893,0.09620991349220276,1.0,0.9632154107093811
YDL064W,YNL113W,0,-3.4955056,0.0962008684873581,1.0,0.9633156061172485
YJR110W,YDR479C,0,-3.497627,0.09619181603193283,1.0,0.9634158611297607
YIL018W,YMR290C,0,-3.4980316,0.09618277847766876,1.0,0.963516116142273
YBL101C,YER082C,0,-3.5079498,0.0961737334728241,1.0,0.9636163115501404
YBR200W,YMR029C,0,-3.5121298,0.09616469591856003,1.0,0.9637165665626526
YML130C,YCL051W,0,-3.5194445,0.09615565091371536,1.0,0.96381676197052
YOR063W,YJR131W,0,-3.5198154,0.0961466133594513,1.0,0.9639170169830322
YER073W,YKR065C,0,-3.5318933,0.09613758325576782,1.0,0.9640172123908997
YDR214W,YGR140W,0,-3.5386453,0.09612854570150375,1.0,0.9641174674034119
YKL143W,YNL321W,0,-3.5432267,0.09611951559782028,1.0,0.9642177224159241
YPL179W,YMR225C,0,-3.5461714,0.09611048549413681,1.0,0.9643179178237915
YER118C,YER025W,0,-3.5515413,0.09610145539045334,1.0,0.9644181728363037
YFR003C,YLR377C,0,-3.5554411,0.09609243273735046,1.0,0.9645183682441711
YNR043W,YPR145W,0,-3.5637827,0.09608340263366699,1.0,0.9646186232566833
YMR133W,YPR184W,0,-3.5639467,0.09607437998056412,1.0,0.9647188782691956
YJL096W,YPL235W,0,-3.5653195,0.09606535732746124,1.0,0.964819073677063
YNR043W,YOR044W,0,-3.5659943,0.09605633467435837,1.0,0.9649193286895752
YNL336W,YDL067C,0,-3.5677829,0.09604731947183609,1.0,0.9650195240974426
YML047C,YJL001W,0,-3.567886,0.09603830426931381,1.0,0.9651197791099548
YPL234C,YDR536W,0,-3.5701344,0.09602928906679153,1.0,0.965220034122467
YML042W,YBR056W,0,-3.5718071,0.09602027386426926,1.0,0.9653202295303345
YBL007C,YLR343W,0,-3.5762386,0.09601125866174698,1.0,0.9654204845428467
YDL025C,YDR077W,0,-3.5846324,0.0960022509098053,1.0,0.9655206799507141
YDR516C,YDR103W,0,-3.584651,0.09599324315786362,1.0,0.9656209349632263
YER106W,YMR257C,0,-3.5865278,0.09598423540592194,1.0,0.9657211303710938
YMR184W,YOR018W,0,-3.5907977,0.09597523510456085,1.0,0.965821385383606
YKL110C,YMR199W,0,-3.5921159,0.09596622735261917,1.0,0.9659216403961182
YPL160W,YNL115C,0,-3.5972972,0.09595722705125809,1.0,0.9660218358039856
YMR215W,YJR125C,0,-3.602929,0.095948226749897,1.0,0.9661220908164978
YLR242C,YDR020C,0,-3.604824,0.09593922644853592,1.0,0.9662222862243652
YDR452W,YMR053C,0,-3.6113634,0.09593023359775543,1.0,0.9663225412368774
YHL013C,YNL145W,0,-3.617445,0.09592124074697495,1.0,0.9664227962493896
YER032W,YOR011W,0,-3.6232705,0.09591224789619446,1.0,0.9665229916572571
YPR120C,YBR054W,0,-3.6274822,0.09590325504541397,1.0,0.9666232466697693
YLR313C,YBL064C,0,-3.6303923,0.09589426219463348,1.0,0.9667234420776367
YMR197C,YLL005C,0,-3.6339643,0.0958852767944336,1.0,0.9668236970901489
YMR040W,YCR035C,0,-3.6358066,0.0958762913942337,1.0,0.9669239521026611
YLR121C,YNR061C,0,-3.6430578,0.09586730599403381,1.0,0.9670241475105286
YOL113W,YBR180W,0,-3.6440465,0.09585832059383392,1.0,0.9671244025230408
YMR214W,YOR065W,0,-3.6450598,0.09584934264421463,1.0,0.9672245979309082
YML016C,YER078C,0,-3.6477985,0.09584035724401474,1.0,0.9673248529434204
YBR101C,YER045C,0,-3.6586041,0.09583137929439545,1.0,0.9674250483512878
YDL130W-A,YIL156W,0,-3.6671638,0.09582240879535675,1.0,0.9675253033638
YLR216C,YGL038C,0,-3.6688986,0.09581343084573746,1.0,0.9676255583763123
YMR175W,YER019W,0,-3.6726618,0.09580446034669876,1.0,0.9677257537841797
YDL146W,YNR069C,0,-3.6774793,0.09579548984766006,1.0,0.9678260087966919
YHR157W,YDR078C,0,-3.6781235,0.09578651934862137,1.0,0.9679262042045593
YHR039C,YML130C,0,-3.6787524,0.09577754884958267,1.0,0.9680264592170715
YOR035C,YIR036C,0,-3.6810896,0.09576858580112457,1.0,0.9681267142295837
YOR208W,YNL214W,0,-3.6815972,0.09575961530208588,1.0,0.9682269096374512
YPR081C,YIL091C,0,-3.6983554,0.09575065225362778,1.0,0.9683271646499634
YKL089W,YPL154C,0,-3.7166455,0.09574169665575027,1.0,0.9684273600578308
YIL105C,YNL075W,0,-3.716919,0.09573273360729218,1.0,0.968527615070343
YLR056W,YGL232W,0,-3.7197914,0.09572377800941467,1.0,0.9686278700828552
YOL084W,YGR091W,0,-3.7224393,0.09571482241153717,1.0,0.9687280654907227
YOR273C,YER004W,0,-3.7243795,0.09570586681365967,1.0,0.9688283205032349
YNR049C,YHL011C,0,-3.734234,0.09569691121578217,1.0,0.9689285159111023
YCL040W,YLR134W,0,-3.7497606,0.09568796306848526,1.0,0.9690287709236145
YHL019C,YPR047W,0,-3.7633615,0.09567901492118835,1.0,0.9691290259361267
YJL104W,YMR116C,0,-3.7635055,0.09567006677389145,1.0,0.9692292213439941
YHL021C,YFL018C,0,-3.778832,0.09566111862659454,1.0,0.9693294763565063
YFR024C-A,YDR126W,0,-3.778882,0.09565217047929764,1.0,0.9694296717643738
YNL166C,YLL014W,0,-3.7800293,0.09564322978258133,1.0,0.969529926776886
YHR161C,YAL007C,0,-3.7800307,0.09563428908586502,1.0,0.9696301221847534
YHR021C,YBR199W,0,-3.7836223,0.09562534838914871,1.0,0.9697303771972656
YHR216W,YDL188C,0,-3.7855265,0.095616415143013,1.0,0.9698306322097778
YDR398W,YDL115C,0,-3.787505,0.09560747444629669,1.0,0.9699308276176453
YPL072W,YKL154W,0,-3.800629,0.09559854120016098,1.0,0.9700310826301575
YJL219W,YBL072C,0,-3.804707,0.09558960795402527,1.0,0.9701312780380249
YNL177C,YIL091C,0,-3.808385,0.09558067470788956,1.0,0.9702315330505371
YJL108C,YMR316W,0,-3.8208332,0.09557174891233444,1.0,0.9703317880630493
YDR093W,YJL010C,0,-3.8389177,0.09556282311677933,1.0,0.9704319834709167
YDL175C,YPL212C,0,-3.8390331,0.09555389732122421,1.0,0.970532238483429
YNL055C,YOR100C,0,-3.8403535,0.0955449715256691,1.0,0.9706324338912964
YDR506C,YML004C,0,-3.8417852,0.09553604573011398,1.0,0.9707326889038086
YCR028C-A,YAL003W,0,-3.8428226,0.09552712738513947,1.0,0.9708329439163208
YDR182W,YLR178C,0,-3.8464193,0.09551820904016495,1.0,0.9709331393241882
YHR106W,YMR175W,0,-3.8481202,0.09550929069519043,1.0,0.9710333943367004
YJR153W,YIL036W,0,-3.8514924,0.09550037235021591,1.0,0.9711335897445679
YHR142W,YNL130C,0,-3.8519354,0.09549146145582199,1.0,0.9712338447570801
YDL240W,YJL106W,0,-3.8633575,0.09548254311084747,1.0,0.9713340401649475
YGR121C,YDL081C,0,-3.8648,0.09547363221645355,1.0,0.9714342951774597
YDR324C,YMR261C,0,-3.8653245,0.09546472877264023,1.0,0.9715345501899719
YDR534C,YDR122W,0,-3.869538,0.09545581787824631,1.0,0.9716347455978394
YDL146W,YOL130W,0,-3.8715267,0.09544691443443298,1.0,0.9717350006103516
YPL239W,YHR138C,0,-3.880224,0.09543801099061966,1.0,0.971835196018219
YNL087W,YOR065W,0,-3.8913677,0.09542910754680634,1.0,0.9719354510307312
YLR371W,YNL210W,0,-3.8916547,0.09542020410299301,1.0,0.9720357060432434
YCR058C,YGR128C,0,-3.8982935,0.09541130065917969,1.0,0.9721359014511108
YPL032C,YGL147C,0,-3.8991117,0.09540240466594696,1.0,0.972236156463623
YHR089C,YGR097W,0,-3.9008868,0.09539350867271423,1.0,0.9723363518714905
YFR040W,YOL154W,0,-3.9059703,0.0953846126794815,1.0,0.9724366068840027
YPL005W,YDL060W,0,-3.907668,0.09537572413682938,1.0,0.9725368618965149
YOR004W,YER026C,0,-3.9129019,0.09536682814359665,1.0,0.9726370573043823
YFR024C-A,YGR063C,0,-3.9141371,0.09535793960094452,1.0,0.9727373123168945
YLR001C,YLL023C,0,-3.9142532,0.09534905105829239,1.0,0.972837507724762
YGR101W,YKL150W,0,-3.9174373,0.09534016996622086,1.0,0.9729377627372742
YFL016C,YDL104C,0,-3.92141,0.09533128142356873,1.0,0.9730379581451416
YOR336W,YCL066W,0,-3.925977,0.09532240033149719,1.0,0.9731382131576538
YCR058C,YPR056W,0,-3.9268603,0.09531351923942566,1.0,0.973238468170166
YMR290C,YBR003W,0,-3.9269776,0.09530463814735413,1.0,0.9733386635780334
YBR214W,YDR074W,0,-3.9280715,0.09529576450586319,1.0,0.9734389185905457
YOR149C,YOR132W,0,-3.928907,0.09528688341379166,1.0,0.9735391139984131
YDR166C,YJL028W,0,-3.9298196,0.09527800977230072,1.0,0.9736393690109253
YPL174C,YDR384C,0,-3.9485037,0.09526913613080978,1.0,0.9737396240234375
YDR430C,YDL247W,0,-3.9516273,0.09526026993989944,1.0,0.9738398194313049
YBL045C,YOR336W,0,-3.9518776,0.09525139629840851,1.0,0.9739400744438171
YBR069C,YGL063W,0,-3.9660063,0.09524253010749817,1.0,0.9740402698516846
YEL060C,YHR202W,0,-3.9663658,0.09523366391658783,1.0,0.9741405248641968
YBR181C,YOR128C,0,-3.9738173,0.09522479772567749,1.0,0.974240779876709
YML026C,YDR347W,0,-3.9812076,0.09521593153476715,1.0,0.9743409752845764
YGL196W,YBL078C,0,-3.9819071,0.09520707279443741,1.0,0.9744412302970886
YOR201C,YMR100W,0,-3.9852405,0.09519821405410767,1.0,0.974541425704956
YKL129C,YIR014W,0,-3.985621,0.09518935531377792,1.0,0.9746416807174683
YLR406C,YOR252W,0,-3.9976335,0.09518049657344818,1.0,0.9747419357299805
YMR242C,YJR160C,0,-4.001273,0.09517164528369904,1.0,0.9748421311378479
YPR185W,YHL035C,0,-4.0035686,0.09516279399394989,1.0,0.9749423861503601
YMR139W,YJR109C,0,-4.007304,0.09515394270420074,1.0,0.9750425815582275
YHR089C,YDR316W,0,-4.0278654,0.0951450914144516,1.0,0.9751428365707397
YOR361C,YPL059W,0,-4.033328,0.09513624012470245,1.0,0.9752430319786072
YBR234C,YHR116W,0,-4.038003,0.0951273962855339,1.0,0.9753432869911194
YPR184W,YDR432W,0,-4.0529346,0.09511855244636536,1.0,0.9754435420036316
YHR150W,YLR174W,0,-4.062428,0.09510970860719681,1.0,0.975543737411499
YPL130W,YGL023C,0,-4.0807934,0.09510086476802826,1.0,0.9756439924240112
YDR481C,YBL075C,0,-4.086888,0.09509202092885971,1.0,0.9757441878318787
YNL256W,YIR013C,0,-4.0941954,0.09508318454027176,1.0,0.9758444428443909
YIL154C,YDR184C,0,-4.1074576,0.09507434815168381,1.0,0.9759446978569031
YIR007W,YOR272W,0,-4.1136622,0.09506551176309586,1.0,0.9760448932647705
YER073W,YKR088C,0,-4.114923,0.0950566828250885,1.0,0.9761451482772827
YKL029C,YLR336C,0,-4.1162224,0.09504784643650055,1.0,0.9762453436851501
YGL196W,YLR396C,0,-4.1171513,0.0950390174984932,1.0,0.9763455986976624
YOR247W,YMR274C,0,-4.1180935,0.09503018856048584,1.0,0.9764458537101746
YIL072W,YJL093C,0,-4.1258144,0.09502136707305908,1.0,0.976546049118042
YGR068C,YMR152W,0,-4.128407,0.09501253813505173,1.0,0.9766463041305542
YMR281W,YHR160C,0,-4.1327815,0.09500371664762497,1.0,0.9767464995384216
YEL060C,YIL051C,0,-4.13573,0.09499489516019821,1.0,0.9768467545509338
YOR254C,YJL045W,0,-4.137722,0.09498607367277145,1.0,0.9769469499588013
YBR166C,YML029W,0,-4.1422114,0.0949772521853447,1.0,0.9770472049713135
YKL157W,YML131W,0,-4.1428356,0.09496843814849854,1.0,0.9771474599838257
YDL212W,YLR174W,0,-4.1589813,0.09495962411165237,1.0,0.9772476553916931
YDR166C,YMR041C,0,-4.1668625,0.09495081007480621,1.0,0.9773479104042053
YLR060W,YNL194C,0,-4.1981697,0.09494199603796005,1.0,0.9774481058120728
YDR012W,YOR252W,0,-4.2119465,0.09493318200111389,1.0,0.977548360824585
YOR381W,YLR315W,0,-4.2336183,0.09492437541484833,1.0,0.9776486158370972
YGL028C,YML106W,0,-4.234945,0.09491556882858276,1.0,0.9777488112449646
YHR024C,YJL046W,0,-4.2351336,0.0949067622423172,1.0,0.9778490662574768
YJL059W,YMR040W,0,-4.2521725,0.09489795565605164,1.0,0.9779492616653442
YPR067W,YGR271C-A,0,-4.265492,0.09488915652036667,1.0,0.9780495166778564
YIL037C,YDL223C,0,-4.276362,0.0948803573846817,1.0,0.9781497716903687
YDR309C,YJR044C,0,-4.284281,0.09487155824899673,1.0,0.9782499670982361
YPL072W,YOR056C,0,-4.2870274,0.09486275911331177,1.0,0.9783502221107483
YHR172W,YMR230W,0,-4.3003874,0.0948539674282074,1.0,0.9784504175186157
YOL019W,YGL059W,0,-4.303133,0.09484516829252243,1.0,0.9785506725311279
YPL170W,YLR388W,0,-4.3240547,0.09483637660741806,1.0,0.9786508679389954
YPR037C,YGR211W,0,-4.3292627,0.09482758492231369,1.0,0.9787511229515076
YHR021C,YOL113W,0,-4.341633,0.09481879323720932,1.0,0.9788513779640198
YFL026W,YFR040W,0,-4.344358,0.09481000900268555,1.0,0.9789515733718872
YDR385W,YML116W,0,-4.3480825,0.09480122476816177,1.0,0.9790518283843994
YKR085C,YBR046C,0,-4.3599215,0.094792440533638,1.0,0.9791520237922668
YBL099W,YJR120W,0,-4.377597,0.09478365629911423,1.0,0.979252278804779
YLR371W,YER006W,0,-4.3807917,0.09477487206459045,1.0,0.9793525338172913
YDR178W,YDR023W,0,-4.3868337,0.09476609528064728,1.0,0.9794527292251587
YPR192W,YDR253C,0,-4.3923817,0.0947573184967041,1.0,0.9795529842376709
YDR022C,YPR134W,0,-4.3973107,0.09474854171276093,1.0,0.9796531796455383
YPL255W,YKL051W,0,-4.41046,0.09473976492881775,1.0,0.9797534346580505
YCR071C,YLR258W,0,-4.421478,0.09473099559545517,1.0,0.9798536896705627
YOR328W,YJR155W,0,-4.4350686,0.094722218811512,1.0,0.9799538850784302
YLR345W,YDR032C,0,-4.441121,0.09471344947814941,1.0,0.9800541400909424
YIR003W,YER033C,0,-4.4935613,0.09470468759536743,1.0,0.9801543354988098
YKR034W,YOL052C-A,0,-4.5307274,0.09469591826200485,1.0,0.980254590511322
YHL021C,YJL165C,0,-4.5374985,0.09468715637922287,1.0,0.9803548455238342
YNL336W,YAL053W,0,-4.5424657,0.09467838704586029,1.0,0.9804550409317017
YGR128C,YDL247W,0,-4.548195,0.09466962516307831,1.0,0.9805552959442139
YPL081W,YHR191C,0,-4.549761,0.09466087073087692,1.0,0.9806554913520813
YOR242C,YPR047W,0,-4.5572987,0.09465210884809494,1.0,0.9807557463645935
YNL128W,YOL058W,0,-4.563012,0.09464335441589355,1.0,0.9808559417724609
YOL039W,YHL004W,0,-4.566655,0.09463459998369217,1.0,0.9809561967849731
YLL006W,YOR272W,0,-4.5683846,0.09462584555149078,1.0,0.9810564517974854
YML016C,YHR124W,0,-4.568417,0.0946170911192894,1.0,0.9811566472053528
YJL180C,YBR085W,0,-4.5769796,0.09460834413766861,1.0,0.981256902217865
YPL015C,YCR018C,0,-4.5806518,0.09459958970546722,1.0,0.9813570976257324
YOR384W,YPL006W,0,-4.590406,0.09459084272384644,1.0,0.9814573526382446
YOL097C,YML124C,0,-4.6007314,0.09458210319280624,1.0,0.9815576076507568
YHL004W,YLR249W,0,-4.6048613,0.09457335621118546,1.0,0.9816578030586243
YER004W,YEL020W-A,0,-4.605306,0.09456461668014526,1.0,0.9817580580711365
YDR347W,YGR256W,0,-4.605777,0.09455587714910507,1.0,0.9818582534790039
YMR322C,YBR038W,0,-4.6155167,0.09454713761806488,1.0,0.9819585084915161
YPL241C,YOL023W,0,-4.632981,0.09453839808702469,1.0,0.9820587635040283
YOR303W,YHR203C,0,-4.6407123,0.0945296585559845,1.0,0.9821589589118958
YLR172C,YJR096W,0,-4.6435404,0.0945209264755249,1.0,0.982259213924408
YOR227W,YHR138C,0,-4.670757,0.09451219439506531,1.0,0.9823594093322754
YGL045W,YDR111C,0,-4.671694,0.09450346231460571,1.0,0.9824596643447876
YPR151C,YLR403W,0,-4.687186,0.09449473768472672,1.0,0.982559859752655
YJR066W,YPL061W,0,-4.700244,0.09448600560426712,1.0,0.9826601147651672
YKL026C,YOR228C,0,-4.7256465,0.09447728097438812,1.0,0.9827603697776794
YGR088W,YGL013C,0,-4.745332,0.09446855634450912,1.0,0.9828605651855469
YAL044C,YDR384C,0,-4.7465763,0.09445983171463013,1.0,0.9829608201980591
YKL163W,YDR318W,0,-4.7528787,0.09445111453533173,1.0,0.9830610156059265
YDR012W,YDR322W,0,-4.7540407,0.09444238990545273,1.0,0.9831612706184387
YLR337W,YML057W,0,-4.7639346,0.09443367272615433,1.0,0.9832615256309509
YDR380W,YIL093C,0,-4.7640924,0.09442495554685593,1.0,0.9833617210388184
YOR109W,YOR348C,0,-4.766077,0.09441624581813812,1.0,0.9834619760513306
YNR055C,YGR103W,0,-4.773698,0.09440752863883972,1.0,0.983562171459198
YOR271C,YLR435W,0,-4.780114,0.09439881891012192,1.0,0.9836624264717102
YBR240C,YGL099W,0,-4.788128,0.09439010918140411,1.0,0.9837626814842224
YIL155C,YLR102C,0,-4.7923155,0.09438139945268631,1.0,0.9838628768920898
YLR120C,YDR255C,0,-4.798459,0.0943726971745491,1.0,0.983963131904602
YIR037W,YOL119C,0,-4.8050694,0.0943639874458313,1.0,0.9840633273124695
YHR170W,YMR135C,0,-4.806833,0.09435528516769409,1.0,0.9841635823249817
YIL087C,YOR272W,0,-4.8091183,0.09434658288955688,1.0,0.9842637777328491
YLL026W,YGL063W,0,-4.837763,0.09433788061141968,1.0,0.9843640327453613
YNL151C,YDL247W,0,-4.84393,0.09432918578386307,1.0,0.9844642877578735
YHR183W,YBL064C,0,-4.8490314,0.09432048350572586,1.0,0.984564483165741
YDL052C,YPR184W,0,-4.868574,0.09431178867816925,1.0,0.9846647381782532
YHR186C,YBR105C,0,-4.8759527,0.09430309385061264,1.0,0.9847649335861206
YKL163W,YLR131C,0,-4.9031067,0.09429440647363663,1.0,0.9848651885986328
YDR256C,YBR291C,0,-4.904916,0.09428571164608002,1.0,0.984965443611145
YBL055C,YGR161C,0,-4.9084167,0.094277024269104,1.0,0.9850656390190125
YMR104C,YLR092W,0,-4.917817,0.09426833689212799,1.0,0.9851658940315247
YGR138C,YNR020C,0,-4.9229383,0.09425964951515198,1.0,0.9852660894393921
YDR178W,YCR023C,0,-4.9265103,0.09425096958875656,1.0,0.9853663444519043
YDR418W,YER091C,0,-4.9312267,0.09424228221178055,1.0,0.9854665994644165
YLR364W,YNL048W,0,-4.9487925,0.09423360228538513,1.0,0.9855667948722839
YBR200W,YGL084C,0,-4.9549723,0.09422492235898972,1.0,0.9856670498847961
YFR024C-A,YLR064W,0,-4.9600506,0.0942162424325943,1.0,0.9857672452926636
YDR116C,YMR175W,0,-4.979949,0.09420756995677948,1.0,0.9858675003051758
YBR200W,YNL134C,0,-4.9831333,0.09419889748096466,1.0,0.985967755317688
YMR214W,YMR189W,0,-4.9869184,0.09419022500514984,1.0,0.9860679507255554
YIL037C,YOR224C,0,-4.9956036,0.09418155252933502,1.0,0.9861682057380676
YML116W,YGR245C,0,-5.0024056,0.0941728800535202,1.0,0.9862684011459351
YPL123C,YGR257C,0,-5.0051227,0.09416421502828598,1.0,0.9863686561584473
YOL140W,YDL247W,0,-5.0212965,0.09415554255247116,1.0,0.9864688515663147
YML066C,YIL051C,0,-5.0285378,0.09414687752723694,1.0,0.9865691065788269
YKR081C,YOR348C,0,-5.0489073,0.09413821995258331,1.0,0.9866693615913391
YLL026W,YGR256W,0,-5.0885344,0.09412955492734909,1.0,0.9867695569992065
YGL031C,YJL069C,0,-5.0892916,0.09412089735269547,1.0,0.9868698120117188
YFR044C,YGR200C,0,-5.1110697,0.09411223232746124,1.0,0.9869700074195862
YGR200C,YDR347W,0,-5.121779,0.09410357475280762,1.0,0.9870702624320984
YBR169C,YGL168W,0,-5.1253357,0.09409492462873459,1.0,0.9871705174446106
YBR301W,YML054C,0,-5.1431475,0.09408626705408096,1.0,0.987270712852478
YKR058W,YKL060C,0,-5.1701074,0.09407761693000793,1.0,0.9873709678649902
YER144C,YDR238C,0,-5.1732626,0.0940689668059349,1.0,0.9874711632728577
YCR004C,YJR159W,0,-5.1735544,0.09406031668186188,1.0,0.9875714182853699
YPL230W,YDL103C,0,-5.1761675,0.09405166655778885,1.0,0.9876716732978821
YNL248C,YJR118C,0,-5.1804924,0.09404302388429642,1.0,0.9877718687057495
YOR136W,YDR253C,0,-5.181842,0.09403438121080399,1.0,0.9878721237182617
YHL035C,YPL159C,0,-5.1849284,0.09402573853731155,1.0,0.9879723191261292
YBR296C,YNL077W,0,-5.20404,0.09401709586381912,1.0,0.9880725741386414
YCL064C,YGR152C,0,-5.2432804,0.09400845319032669,1.0,0.9881727695465088
YNR049C,YGR271C-A,0,-5.2446055,0.09399981796741486,1.0,0.988273024559021
YKL163W,YLR102C,0,-5.2459188,0.09399118274450302,1.0,0.9883732795715332
YCR089W,YDL110C,0,-5.2490654,0.09398254752159119,1.0,0.9884734749794006
YPR041W,YOR227W,0,-5.251284,0.09397391229867935,1.0,0.9885737299919128
YEL060C,YMR316W,0,-5.252142,0.09396527707576752,1.0,0.9886739253997803
YDR119W,YLR174W,0,-5.281702,0.09395664930343628,1.0,0.9887741804122925
YER113C,YMR261C,0,-5.288912,0.09394802153110504,1.0,0.9888744354248047
YJL108C,YNL322C,0,-5.2895365,0.0939393937587738,1.0,0.9889746308326721
YML054C,YCL026C-A,0,-5.2938113,0.09393076598644257,1.0,0.9890748858451843
YDR380W,YLR083C,0,-5.3039484,0.09392214566469193,1.0,0.9891750812530518
YNR020C,YKR105C,0,-5.359099,0.09391352534294128,1.0,0.989275336265564
YIL117C,YML107C,0,-5.3729076,0.09390490502119064,1.0,0.9893755912780762
YPR020W,YKR081C,0,-5.385257,0.09389628469944,1.0,0.9894757866859436
YOL071W,YML100W,0,-5.397984,0.09388766437768936,1.0,0.9895760416984558
YMR175W,YNL056W,0,-5.430686,0.09387905150651932,1.0,0.9896762371063232
YGL053W,YOL060C,0,-5.4999905,0.09387043863534927,1.0,0.9897764921188354
YDL130W-A,YKR039W,0,-5.50333,0.09386182576417923,1.0,0.9898766875267029
YDR077W,YDL110C,0,-5.515522,0.09385321289300919,1.0,0.9899769425392151
YLR414C,YOR069W,0,-5.5566864,0.09384460002183914,1.0,0.9900771975517273
YFL011W,YLL026W,0,-5.55812,0.0938359946012497,1.0,0.9901773929595947
YIL087C,YGR087C,0,-5.577497,0.09382738918066025,1.0,0.9902776479721069
YOR273C,YDR432W,0,-5.589078,0.0938187837600708,1.0,0.9903778433799744
YIL031W,YGL184C,0,-5.6172667,0.09381017833948135,1.0,0.9904780983924866
YDL025C,YDR045C,0,-5.647317,0.0938015803694725,1.0,0.9905783534049988
YLR178C,YFL029C,0,-5.6700153,0.09379297494888306,1.0,0.9906785488128662
YER126C,YGL192W,0,-5.674781,0.0937843769788742,1.0,0.9907788038253784
YGR235C,YDR524C,0,-5.682377,0.09377577900886536,1.0,0.9908789992332458
YLR178C,YHL028W,0,-5.7004657,0.0937671884894371,1.0,0.9909792542457581
YHR136C,YGL059W,0,-5.707153,0.09375859051942825,1.0,0.9910795092582703
YIL051C,YDL122W,0,-5.7547584,0.09375,1.0,0.9911797046661377
YDR019C,YMR204C,0,-5.758313,0.09374140948057175,1.0,0.9912799596786499
YPL032C,YAL062W,0,-5.7594423,0.0937328189611435,1.0,0.9913801550865173
YMR011W,YBR131W,0,-5.7718554,0.09372423589229584,1.0,0.9914804100990295
YOR065W,YDR234W,0,-5.8256307,0.09371564537286758,1.0,0.9915806651115417
YLR242C,YPR184W,0,-5.8299875,0.09370706230401993,1.0,0.9916808605194092
YDR171W,YMR139W,0,-5.841344,0.09369847923517227,1.0,0.9917811155319214
YER039C,YOR018W,0,-5.855398,0.09368989616632462,1.0,0.9918813109397888
YGR178C,YJR007W,0,-5.8591166,0.09368132054805756,1.0,0.991981565952301
YBL039C,YDL143W,0,-5.9117174,0.0936727374792099,1.0,0.9920817613601685
YGL187C,YLR406C,0,-5.9167323,0.09366416186094284,1.0,0.9921820163726807
YER073W,YGR231C,0,-5.935402,0.09365558624267578,1.0,0.9922822713851929
YHL013C,YER091C,0,-5.9445295,0.09364701807498932,1.0,0.9923824667930603
YBR003W,YOL154W,0,-5.954352,0.09363844245672226,1.0,0.9924827218055725
YGR138C,YCR047C,0,-6.089069,0.0936298742890358,1.0,0.9925829172134399
YOL039W,YKL065C,0,-6.1092086,0.09362130612134933,1.0,0.9926831722259521
YKL089W,YJL116C,0,-6.1109295,0.09361273795366287,1.0,0.9927834272384644
YLR216C,YDR522C,0,-6.1114235,0.09360416978597641,1.0,0.9928836226463318
YGL234W,YJR121W,0,-6.115929,0.09359560906887054,1.0,0.992983877658844
YOR227W,YIL087C,0,-6.131916,0.09358704835176468,1.0,0.9930840730667114
YMR110C,YCR098C,0,-6.152197,0.09357848763465881,1.0,0.9931843280792236
YOR369C,YOR032C,0,-6.15945,0.09356992691755295,1.0,0.9932845830917358
YOR181W,YKL035W,0,-6.1836586,0.09356136620044708,1.0,0.9933847784996033
YBR056W,YPL266W,0,-6.2081623,0.09355281293392181,1.0,0.9934850335121155
YAR071W,YKL148C,0,-6.228672,0.09354425966739655,1.0,0.9935852289199829
YDR309C,YDL103C,0,-6.250723,0.09353570640087128,1.0,0.9936854839324951
YDL091C,YIL113W,0,-6.254483,0.09352715313434601,1.0,0.9937856793403625
YOR374W,YAR018C,0,-6.259844,0.09351859986782074,1.0,0.9938859343528748
YBR169C,YMR177W,0,-6.3223433,0.09351005405187607,1.0,0.993986189365387
YIL144W,YER053C,0,-6.364231,0.0935015082359314,1.0,0.9940863847732544
YDR479C,YMR177W,0,-6.404643,0.09349296241998672,1.0,0.9941866397857666
YLR120C,YDR171W,0,-6.427415,0.09348441660404205,1.0,0.994286835193634
YPR140W,YOR224C,0,-6.4364033,0.09347587823867798,1.0,0.9943870902061462
YLL026W,YDR267C,0,-6.4409766,0.0934673398733139,1.0,0.9944873452186584
YNL233W,YDL223C,0,-6.473139,0.09345879405736923,1.0,0.9945875406265259
YHR183W,YOR348C,0,-6.4919243,0.09345026314258575,1.0,0.9946877956390381
YKL081W,YML054C,0,-6.5019965,0.09344172477722168,1.0,0.9947879910469055
YJL104W,YJR145C,0,-6.511257,0.0934331938624382,1.0,0.9948882460594177
YBL064C,YDR113C,0,-6.5131187,0.09342465549707413,1.0,0.9949885010719299
YDL146W,YOR273C,0,-6.5777445,0.09341612458229065,1.0,0.9950886964797974
YCR028C,YCR021C,0,-6.66232,0.09340759366750717,1.0,0.9951889514923096
YNL065W,YOL001W,0,-6.665998,0.09339907020330429,1.0,0.995289146900177
YKL157W,YPR154W,0,-6.682543,0.09339053928852081,1.0,0.9953894019126892
YGR174C,YML018C,0,-6.72199,0.09338201582431793,1.0,0.9954895973205566
YDL229W,YNL036W,0,-6.742096,0.09337349236011505,1.0,0.9955898523330688
YBR293W,YDR001C,0,-6.758774,0.09336496889591217,1.0,0.995690107345581
YMR104C,YML106W,0,-6.806734,0.09335645288228989,1.0,0.9957903027534485
YDL204W,YMR001C,0,-6.9014378,0.0933479368686676,1.0,0.9958905577659607
YKL150W,YNL142W,0,-6.9262834,0.09333941340446472,1.0,0.9959907531738281
YPR175W,YDL222C,0,-6.9956427,0.09333089739084244,1.0,0.9960910081863403
YDL130W,YDR255C,0,-7.0518293,0.09332238882780075,1.0,0.9961912631988525
YHR001W-A,YGR204W,0,-7.0734186,0.09331387281417847,1.0,0.99629145860672
YPL123C,YBR290W,0,-7.1013923,0.09330536425113678,1.0,0.9963917136192322
YJR047C,YGL168W,0,-7.1370764,0.09329685568809509,1.0,0.9964919090270996
YGR088W,YPL189W,0,-7.1471167,0.0932883471250534,1.0,0.9965921640396118
YOR326W,YMR251W-A,0,-7.1732726,0.09327983856201172,1.0,0.996692419052124
YKL096W,YOR363C,0,-7.2059484,0.09327133744955063,1.0,0.9967926144599915
YML091C,YOL058W,0,-7.2233787,0.09326282888650894,1.0,0.9968928694725037
YLR356W,YLR413W,0,-7.2351255,0.09325432777404785,1.0,0.9969930648803711
YPL226W,YMR006C,0,-7.253027,0.09324582666158676,1.0,0.9970933198928833
YOR173W,YBR167C,0,-7.328497,0.09323733299970627,1.0,0.9971935749053955
YNL096C,YMR135C,0,-7.3334665,0.09322883188724518,1.0,0.9972937703132629
YGL119W,YLR327C,0,-7.377065,0.09322033822536469,1.0,0.9973940253257751
YML091C,YMR116C,0,-7.5243006,0.09321184456348419,1.0,0.9974942207336426
YOR003W,YOL052C-A,0,-7.5293174,0.0932033509016037,1.0,0.9975944757461548
YPR058W,YOL052C-A,0,-7.545486,0.0931948646903038,1.0,0.9976946711540222
YLR435W,YEL039C,0,-7.873602,0.09318637102842331,1.0,0.9977949261665344
YFR049W,YHR089C,0,-7.8752165,0.09317788481712341,1.0,0.9978951811790466
YGR088W,YEL071W,0,-7.962159,0.09316939860582352,1.0,0.9979953765869141
YDR178W,YIL155C,0,-7.977054,0.09316091239452362,1.0,0.9980956315994263
YDR479C,YHR052W,0,-8.034258,0.09315243363380432,1.0,0.9981958270072937
YDR074W,YKL178C,0,-8.18647,0.09314394742250443,1.0,0.9982960820198059
YGR121C,YBL075C,0,-8.316563,0.09313546866178513,1.0,0.9983963370323181
YIL074C,YOR374W,0,-8.521261,0.09312698990106583,1.0,0.9984965324401855
YMR133W,YGR124W,0,-8.818552,0.09311851114034653,1.0,0.9985967874526978
YMR175W,YNL292W,0,-8.995235,0.09311003983020782,1.0,0.9986969828605652
YCR083W,YBR085W,0,-9.014233,0.09310156852006912,1.0,0.9987972378730774
YOL052C-A,YDL209C,0,-9.109261,0.09309308975934982,1.0,0.9988974928855896
YCL040W,YPR145W,0,-9.164829,0.09308462589979172,1.0,0.998997688293457
YLL026W,YNL300W,0,-9.4274,0.09307615458965302,1.0,0.9990979433059692
YDR258C,YKR050W,0,-9.475044,0.09306768327951431,1.0,0.9991981387138367
YMR297W,YNL119W,0,-9.605795,0.09305921941995621,1.0,0.9992983937263489
YIR026C,YIL124W,0,-9.655812,0.0930507555603981,1.0,0.9993985891342163
YAR009C,YPL016W,0,-9.681902,0.09304229170084,1.0,0.9994988441467285
YIL136W,YKL220C,0,-9.744083,0.09303382784128189,1.0,0.9995990991592407
YKL163W,YGR158C,0,-10.26497,0.09302537143230438,1.0,0.9996992945671082
YLR327C,YNL142W,0,-10.586326,0.09301691502332687,1.0,0.9997995495796204
YOR356W,YML077W,0,-10.787264,0.09300845861434937,1.0,0.9998997449874878
YGR292W,YDR238C,0,-17.65744,0.09300000220537186,1.0,1.0
