Gene A,Gene B,Label,Score,Precision,Recall,False Positive Rate
YKR081C,YOR004W,1,9.254734,1.0,0.0010000000474974513,0.0
YOR310C,YPL043W,1,8.807073,1.0,0.0020000000949949026,0.0
YKL172W,YMR131C,1,8.742875,1.0,0.003000000026077032,0.0
YNL002C,YPL043W,1,8.693139,1.0,0.004000000189989805,0.0
YGR128C,YMR131C,1,8.647413,1.0,0.004999999888241291,0.0
YNL182C,YCR057C,1,8.563109,1.0,0.006000000052154064,0.0
YPR112C,YLR196W,1,8.550777,1.0,0.007000000216066837,0.0
YLL008W,YNL075W,1,8.386444,1.0,0.00800000037997961,0.0
YBR247C,YCR057C,1,8.301271,1.0,0.008999999612569809,0.0
YNL182C,YMR131C,1,8.274638,1.0,0.009999999776482582,0.0
YGR145W,YDR083W,1,8.2717905,1.0,0.010999999940395355,0.0
YLR197W,YMR131C,1,8.208096,1.0,0.012000000104308128,0.0
YNL182C,YDR083W,1,8.203677,1.0,0.013000000268220901,0.0
YBL072C,YER102W,1,8.187148,1.0,0.014000000432133675,0.0
YGL078C,YPL211W,1,8.163416,1.0,0.014999999664723873,0.0
YDR083W,YLR222C,1,8.14047,1.0,0.01600000075995922,0.0
YOR310C,YIL019W,1,8.130589,1.0,0.017000000923871994,0.0
YBR247C,YGL078C,1,8.119384,1.0,0.017999999225139618,0.0
YGR271C-A,YHR169W,1,7.9970403,1.0,0.01899999938905239,0.0
YBR247C,YMR131C,1,7.9961333,1.0,0.019999999552965164,0.0
YPL266W,YMR131C,1,7.954901,1.0,0.020999999716877937,0.0
YGR128C,YDR398W,1,7.952599,1.0,0.02199999988079071,0.0
YMR093W,YML093W,1,7.9464283,1.0,0.023000000044703484,0.0
YNL182C,YNL075W,1,7.9408016,1.0,0.024000000208616257,0.0
YDR449C,YDR398W,1,7.907265,1.0,0.02500000037252903,0.0
YPR144C,YER127W,1,7.902004,1.0,0.026000000536441803,0.0
YNL182C,YPR144C,1,7.8702817,1.0,0.027000000700354576,0.0
YBR247C,YNL075W,1,7.8111196,1.0,0.02800000086426735,0.0
YKR024C,YER127W,1,7.801975,1.0,0.028999999165534973,0.0
YGR280C,YDR083W,1,7.7796907,1.0,0.029999999329447746,0.0
YNL182C,YKL172W,1,7.728997,1.0,0.03099999949336052,0.0
YOR310C,YPR112C,1,7.7042446,1.0,0.03200000151991844,0.0
YMR093W,YPR112C,1,7.6803064,1.0,0.032999999821186066,0.0
YER127W,YNL002C,1,7.6509957,1.0,0.03400000184774399,0.0
YLR435W,YMR131C,1,7.639606,1.0,0.03500000014901161,0.0
YDL213C,YOR310C,1,7.620501,1.0,0.035999998450279236,0.0
YHR148W,YGL171W,1,7.5884576,1.0,0.03700000047683716,0.0
YOR004W,YLR222C,1,7.5768504,1.0,0.03799999877810478,0.0
YOR145C,YER127W,1,7.5752697,1.0,0.039000000804662704,0.0
YFL002C,YMR131C,1,7.566091,1.0,0.03999999910593033,0.0
YHR169W,YCR057C,1,7.542994,1.0,0.04100000113248825,0.0
YMR229C,YOR004W,1,7.541801,1.0,0.041999999433755875,0.0
YLR409C,YER006W,1,7.53142,1.0,0.0430000014603138,0.0
YNR054C,YKL172W,1,7.5207734,1.0,0.04399999976158142,0.0
YGR145W,YKL009W,1,7.515231,1.0,0.04500000178813934,0.0
YOR294W,YLR196W,1,7.513312,1.0,0.04600000008940697,0.0
YOR294W,YML093W,1,7.5110087,1.0,0.04699999839067459,0.0
YHR196W,YDR091C,1,7.5028653,1.0,0.04800000041723251,0.0
YOR145C,YKL009W,1,7.484718,1.0,0.04899999871850014,0.0
YHR065C,YLR175W,1,7.4127665,1.0,0.05000000074505806,0.0
YLR129W,YDR091C,1,7.380766,1.0,0.050999999046325684,0.0
YMR093W,YER006W,1,7.3713593,1.0,0.052000001072883606,0.0
YOR310C,YDR091C,1,7.33838,1.0,0.05299999937415123,0.0
YDR398W,YLR222C,1,7.3281546,1.0,0.05400000140070915,0.0
YHR196W,YOR004W,1,7.314847,1.0,0.054999999701976776,0.0
YKL099C,YMR239C,1,7.3101153,1.0,0.0560000017285347,0.0
YPR144C,YLR409C,1,7.3059764,1.0,0.05700000002980232,0.0
YCR057C,YPR137W,1,7.2989163,1.0,0.057999998331069946,0.0
YKL172W,YNL075W,1,7.284815,1.0,0.05900000035762787,0.0
YLR222C,YGL171W,1,7.265705,1.0,0.05999999865889549,0.0
YPL266W,YGR145W,1,7.265572,1.0,0.061000000685453415,0.0
YOR004W,YHR085W,1,7.25629,1.0,0.06199999898672104,0.0
YGL078C,YER006W,1,7.23408,1.0,0.06300000101327896,0.0
YKL009W,YPR137W,1,7.2327285,1.0,0.06400000303983688,0.0
YBR247C,YHR148W,1,7.224494,1.0,0.06499999761581421,0.0
YMR229C,YKR081C,1,7.2162776,1.0,0.06599999964237213,0.0
YDR083W,YDL014W,1,7.21437,1.0,0.06700000166893005,0.0
YPR144C,YLR222C,1,7.1787047,1.0,0.06800000369548798,0.0
YDR083W,YDL208W,1,7.1515584,1.0,0.0689999982714653,0.0
YMR239C,YMR131C,1,7.1317225,1.0,0.07000000029802322,0.0
YKR081C,YDR091C,1,7.1297345,1.0,0.07100000232458115,0.0
YGR128C,YDL148C,1,7.1006484,1.0,0.07199999690055847,0.0
YGR280C,YKL172W,1,7.0970397,1.0,0.0729999989271164,0.0
YLL008W,YER127W,1,7.058143,1.0,0.07400000095367432,0.0
YGL078C,YDR412W,1,7.0353327,1.0,0.07500000298023224,0.0
YOR294W,YDL148C,1,7.0350976,1.0,0.07599999755620956,0.0
YBR247C,YDR091C,1,7.031158,1.0,0.07699999958276749,0.0
YDR449C,YGL171W,1,7.0227513,1.0,0.07800000160932541,0.0
YOR294W,YHR085W,1,7.0163493,1.0,0.07900000363588333,0.0
YDR449C,YHR148W,1,6.999765,1.0,0.07999999821186066,0.0
YMR093W,YOL041C,1,6.995635,1.0,0.08100000023841858,0.0
YGR103W,YGR145W,1,6.9943223,1.0,0.0820000022649765,0.0
YOR294W,YGL171W,1,6.9927363,1.0,0.08299999684095383,0.0
YJL069C,YCR057C,1,6.9903407,1.0,0.08399999886751175,0.0
YGR103W,YDR087C,1,6.9901032,1.0,0.08500000089406967,0.0
YHR062C,YKR081C,1,6.9878774,1.0,0.0860000029206276,0.0
YMR229C,YKL172W,1,6.9757037,1.0,0.08699999749660492,0.0
YHR197W,YPL266W,1,6.9563427,1.0,0.08799999952316284,0.0
YPR144C,YNL075W,1,6.9515653,1.0,0.08900000154972076,0.0
YJR002W,YML093W,1,6.9261174,1.0,0.09000000357627869,0.0
YLR068W,YGR145W,1,6.9123588,1.0,0.09099999815225601,0.0
YKL014C,YMR049C,1,6.902834,1.0,0.09200000017881393,0.0
YPL211W,YGR214W,1,6.894539,1.0,0.09300000220537186,0.0
YDR449C,YDR091C,1,6.884891,1.0,0.09399999678134918,0.0
YLR196W,YNL002C,1,6.8784657,1.0,0.0949999988079071,0.0
YPL126W,YML093W,1,6.8768125,1.0,0.09600000083446503,0.0
YGR271C-A,YLR068W,1,6.868523,1.0,0.09700000286102295,0.0
YER006W,YOR243C,1,6.864782,1.0,0.09799999743700027,0.0
YDR398W,YLR197W,1,6.860067,1.0,0.0989999994635582,0.0
YCR057C,YLR222C,1,6.8468,1.0,0.10000000149011612,0.0
YNR054C,YOR004W,1,6.8375783,1.0,0.10100000351667404,0.0
YGR145W,YOR294W,1,6.810683,1.0,0.10199999809265137,0.0
YGR145W,YHR169W,1,6.803127,1.0,0.10300000011920929,0.0
YPL211W,YDL208W,1,6.7984586,1.0,0.10400000214576721,0.0
YDR339C,YOR294W,1,6.792125,1.0,0.10499999672174454,0.0
YPL266W,YOR243C,1,6.785172,1.0,0.10599999874830246,0.0
YHR197W,YOL041C,1,6.772585,1.0,0.10700000077486038,0.0
YPL093W,YPR112C,1,6.7719765,1.0,0.1080000028014183,0.0
YDR398W,YNL075W,1,6.7671947,1.0,0.10899999737739563,0.0
YPL012W,YKL172W,1,6.7562413,1.0,0.10999999940395355,0.0
YOR056C,YPR112C,1,6.7561727,1.0,0.11100000143051147,0.0
YLR017W,YIL103W,0,6.7549787,0.9910714030265808,0.11100000143051147,9.999999747378752e-05
YLR196W,YDL153C,1,6.749507,0.991150438785553,0.1120000034570694,9.999999747378752e-05
YDL208W,YNL002C,1,6.7445064,0.9912280440330505,0.11299999803304672,9.999999747378752e-05
YJR002W,YLR222C,1,6.7434564,0.991304337978363,0.11400000005960464,9.999999747378752e-05
YKL078W,YHR196W,1,6.732328,0.9913793206214905,0.11500000208616257,9.999999747378752e-05
YGR280C,YPL211W,1,6.7283587,0.9914529919624329,0.11599999666213989,9.999999747378752e-05
YJL050W,YLR222C,1,6.7283463,0.991525411605835,0.11699999868869781,9.999999747378752e-05
YHR169W,YGL111W,1,6.7279444,0.9915966391563416,0.11800000071525574,9.999999747378752e-05
YHR085W,YDR412W,1,6.7245946,0.9916666746139526,0.11900000274181366,9.999999747378752e-05
YHR169W,YHR088W,1,6.723993,0.9917355179786682,0.11999999731779099,9.999999747378752e-05
YGL078C,YCL054W,1,6.716293,0.9918032884597778,0.12099999934434891,9.999999747378752e-05
YDL208W,YPL146C,1,6.709332,0.9918699264526367,0.12200000137090683,9.999999747378752e-05
YNL182C,YHR088W,1,6.7082047,0.9919354915618896,0.12300000339746475,9.999999747378752e-05
YLL008W,YMR049C,1,6.6921544,0.9919999837875366,0.12399999797344208,9.999999747378752e-05
YJL069C,YPL012W,1,6.686641,0.9920634627342224,0.125,9.999999747378752e-05
YDR398W,YIL019W,1,6.6713915,0.9921259880065918,0.12600000202655792,9.999999747378752e-05
YDR449C,YLR051C,1,6.6710925,0.9921875,0.12700000405311584,9.999999747378752e-05
YLR051C,YHR085W,1,6.670036,0.9922480583190918,0.12800000607967377,9.999999747378752e-05
YGL111W,YMR131C,1,6.6620417,0.9923076629638672,0.1289999932050705,9.999999747378752e-05
YOR078W,YDR091C,1,6.660546,0.9923664331436157,0.12999999523162842,9.999999747378752e-05
YPR137W,YML093W,1,6.6594357,0.9924242496490479,0.13099999725818634,9.999999747378752e-05
YBR247C,YOR078W,1,6.6438427,0.9924812316894531,0.13199999928474426,9.999999747378752e-05
YDR087C,YCL054W,1,6.6391053,0.9925373196601868,0.13300000131130219,9.999999747378752e-05
YJR002W,YPL266W,1,6.6345367,0.9925925731658936,0.1340000033378601,9.999999747378752e-05
YPR144C,YCL054W,1,6.628776,0.9926470518112183,0.13500000536441803,9.999999747378752e-05
YNL182C,YHR069C,1,6.6230206,0.9927007555961609,0.13600000739097595,9.999999747378752e-05
YJR002W,YEL026W,1,6.6133657,0.9927536249160767,0.13699999451637268,9.999999747378752e-05
YLR409C,YHR088W,1,6.597429,0.9928057789802551,0.1379999965429306,9.999999747378752e-05
YOR294W,YDR398W,1,6.589501,0.9928571581840515,0.13899999856948853,9.999999747378752e-05
YPR144C,YHR062C,1,6.5883827,0.9929078221321106,0.14000000059604645,9.999999747378752e-05
YDL148C,YDR091C,1,6.587949,0.9929577708244324,0.14100000262260437,9.999999747378752e-05
YBR189W,YGL171W,1,6.5843697,0.9930070042610168,0.1420000046491623,9.999999747378752e-05
YHR062C,YPL043W,1,6.5829887,0.9930555820465088,0.14300000667572021,9.999999747378752e-05
YNR054C,YBR247C,1,6.564652,0.9931034445762634,0.14399999380111694,9.999999747378752e-05
YDL213C,YOR078W,1,6.5645804,0.9931507110595703,0.14499999582767487,9.999999747378752e-05
YIL019W,YDR021W,1,6.555286,0.9931972622871399,0.1459999978542328,9.999999747378752e-05
YGR280C,YDR398W,1,6.553927,0.9932432174682617,0.1469999998807907,9.999999747378752e-05
YOL010W,YMR239C,1,6.5481725,0.9932885766029358,0.14800000190734863,9.999999747378752e-05
YBR189W,YKL172W,1,6.540103,0.9933333396911621,0.14900000393390656,9.999999747378752e-05
YDR083W,YKR057W,1,6.5385513,0.9933775067329407,0.15000000596046448,9.999999747378752e-05
YDL083C,YMR131C,1,6.534105,0.9934210777282715,0.1509999930858612,9.999999747378752e-05
YMR093W,YPL211W,1,6.532371,0.9934640526771545,0.15199999511241913,9.999999747378752e-05
YHR065C,YDL208W,1,6.5285907,0.9935064911842346,0.15299999713897705,9.999999747378752e-05
YGR128C,YDL208W,1,6.5281544,0.9935483932495117,0.15399999916553497,9.999999747378752e-05
YMR229C,YLR197W,1,6.5191207,0.9935897588729858,0.1550000011920929,9.999999747378752e-05
YGR271C-A,YKR024C,1,6.5187755,0.993630588054657,0.15600000321865082,9.999999747378752e-05
YJR041C,YLR175W,1,6.5176406,0.9936708807945251,0.15700000524520874,9.999999747378752e-05
YHR169W,YDR021W,1,6.508768,0.9937106966972351,0.15800000727176666,9.999999747378752e-05
YGR271C-A,YDR087C,1,6.506328,0.9937499761581421,0.1589999943971634,9.999999747378752e-05
YOR145C,YNR054C,1,6.4920764,0.9937888383865356,0.1599999964237213,9.999999747378752e-05
YPR144C,YPL012W,1,6.491986,0.9938271641731262,0.16099999845027924,9.999999747378752e-05
YOR145C,YOR310C,1,6.485559,0.9938650131225586,0.16200000047683716,9.999999747378752e-05
YLR435W,YDR412W,1,6.482163,0.9939024448394775,0.16300000250339508,9.999999747378752e-05
YDR165W,YAL059W,0,6.4772916,0.9878787994384766,0.16300000250339508,0.00019999999494757503
YKR024C,YHR085W,1,6.4628863,0.9879518151283264,0.164000004529953,0.00019999999494757503
YDR365C,YNL002C,1,6.4623466,0.9880239367485046,0.16500000655651093,0.00019999999494757503
YHR062C,YGL171W,1,6.4580293,0.988095223903656,0.16599999368190765,0.00019999999494757503
YBR189W,YKR081C,1,6.449299,0.9881656765937805,0.16699999570846558,0.00019999999494757503
YKR024C,YKL009W,1,6.4442983,0.9882352948188782,0.1679999977350235,0.00019999999494757503
YGR103W,YJL050W,1,6.4436054,0.988304078578949,0.16899999976158142,0.00019999999494757503
YGR128C,YGR095C,1,6.4290605,0.9883720874786377,0.17000000178813934,0.00019999999494757503
YDR064W,YGR118W,1,6.4274325,0.9884393215179443,0.17100000381469727,0.00019999999494757503
YJR002W,YHR085W,1,6.427236,0.9885057210922241,0.1720000058412552,0.00019999999494757503
YPL217C,YLL008W,1,6.424091,0.9885714054107666,0.17299999296665192,0.00019999999494757503
YOR310C,YGR081C,1,6.4240184,0.9886363744735718,0.17399999499320984,0.00019999999494757503
YNL182C,YDL208W,1,6.4110312,0.9887005686759949,0.17499999701976776,0.00019999999494757503
YJR041C,YPR137W,1,6.4084396,0.9887640476226807,0.17599999904632568,0.00019999999494757503
YHR065C,YMR239C,1,6.40474,0.9888268113136292,0.1770000010728836,0.00019999999494757503
YJL050W,YDL208W,1,6.403361,0.9888888597488403,0.17800000309944153,0.00019999999494757503
YKL078W,YGL029W,1,6.4019656,0.988950252532959,0.17900000512599945,0.00019999999494757503
YGR280C,YLR435W,1,6.4009137,0.9890109896659851,0.18000000715255737,0.00019999999494757503
YLL008W,YFL002C,1,6.396311,0.9890710115432739,0.1809999942779541,0.00019999999494757503
YLR129W,YGR145W,1,6.392362,0.989130437374115,0.18199999630451202,0.00019999999494757503
YLR068W,YMR239C,1,6.3901777,0.9891892075538635,0.18299999833106995,0.00019999999494757503
YJR002W,YDL031W,1,6.3890452,0.9892473220825195,0.18400000035762787,0.00019999999494757503
YGR103W,YLR002C,1,6.3819237,0.9893048405647278,0.1850000023841858,0.00019999999494757503
YHR065C,YMR093W,1,6.3419824,0.9893617033958435,0.1860000044107437,0.00019999999494757503
YKR024C,YDR021W,1,6.3381124,0.9894179701805115,0.18700000643730164,0.00019999999494757503
YMR229C,YNL075W,1,6.330482,0.9894737005233765,0.18799999356269836,0.00019999999494757503
YNR012W,YKR056W,0,6.3298297,0.9842932224273682,0.18799999356269836,0.0003000000142492354
YOL041C,YPL146C,1,6.3258877,0.984375,0.1889999955892563,0.0003000000142492354
YPR143W,YDR412W,1,6.3219657,0.984455943107605,0.1899999976158142,0.0003000000142492354
YGL246C,YER127W,1,6.316829,0.9845361113548279,0.19099999964237213,0.0003000000142492354
YJR002W,YPL012W,1,6.31356,0.9846153855323792,0.19200000166893005,0.0003000000142492354
YPR144C,YDL014W,1,6.3098903,0.9846938848495483,0.19300000369548798,0.0003000000142492354
YGL111W,YDR412W,1,6.2972174,0.9847715497016907,0.1940000057220459,0.0003000000142492354
YKR024C,YLR197W,1,6.2929435,0.9848484992980957,0.19499999284744263,0.0003000000142492354
YDR365C,YJL050W,1,6.2788615,0.9849246144294739,0.19599999487400055,0.0003000000142492354
YDR449C,YGL246C,1,6.2768097,0.9850000143051147,0.19699999690055847,0.0003000000142492354
YBR189W,YNL002C,1,6.2508435,0.9850746393203735,0.1979999989271164,0.0003000000142492354
YPL093W,YLR068W,1,6.237377,0.9851484894752502,0.19900000095367432,0.0003000000142492354
YEL026W,YHR085W,1,6.231665,0.9852216839790344,0.20000000298023224,0.0003000000142492354
YPL126W,YIL019W,1,6.226199,0.9852941036224365,0.20100000500679016,0.0003000000142492354
YOR056C,YOR294W,1,6.225496,0.9853658676147461,0.20200000703334808,0.0003000000142492354
YPL126W,YOR078W,1,6.2252274,0.9854369163513184,0.2029999941587448,0.0003000000142492354
YKL009W,YMR049C,1,6.217182,0.9855072498321533,0.20399999618530273,0.0003000000142492354
YHR065C,YGL111W,1,6.211736,0.9855769276618958,0.20499999821186066,0.0003000000142492354
YER002W,YBR247C,1,6.20877,0.9856459498405457,0.20600000023841858,0.0003000000142492354
YLR129W,YER006W,1,6.206098,0.9857142567634583,0.2070000022649765,0.0003000000142492354
YPR144C,YEL026W,1,6.2044683,0.9857819676399231,0.20800000429153442,0.0003000000142492354
YIL019W,YGR118W,1,6.2017035,0.9858490824699402,0.20900000631809235,0.0003000000142492354
YMR239C,YNL124W,1,6.1978097,0.98591548204422,0.20999999344348907,0.0003000000142492354
YHR062C,YNR054C,1,6.1957855,0.985981285572052,0.210999995470047,0.0003000000142492354
YDL148C,YIL019W,1,6.1803193,0.9860464930534363,0.21199999749660492,0.0003000000142492354
YPL211W,YOL041C,1,6.1769743,0.9861111044883728,0.21299999952316284,0.0003000000142492354
YCR031C,YGR214W,1,6.172074,0.9861751198768616,0.21400000154972076,0.0003000000142492354
YNR054C,YJL050W,1,6.1697717,0.9862385392189026,0.2150000035762787,0.0003000000142492354
YKL172W,YER074W,1,6.1686215,0.9863013625144958,0.2160000056028366,0.0003000000142492354
YLR068W,YLR051C,1,6.1576734,0.9863636493682861,0.21699999272823334,0.0003000000142492354
YNR054C,YPL126W,1,6.1568656,0.9864253401756287,0.21799999475479126,0.0003000000142492354
YPR143W,YDL153C,1,6.148662,0.9864864945411682,0.21899999678134918,0.0003000000142492354
YNL113W,YMR309C,0,6.1394906,0.9820627570152283,0.21899999678134918,0.00039999998989515007
YPR143W,YNR038W,1,6.1366735,0.9821428656578064,0.2199999988079071,0.00039999998989515007
YHR197W,YDR339C,1,6.1363244,0.9822221994400024,0.22100000083446503,0.00039999998989515007
YGR128C,YNL124W,1,6.134447,0.982300877571106,0.22200000286102295,0.00039999998989515007
YNR054C,YDL083C,1,6.1247125,0.9823788404464722,0.22300000488758087,0.00039999998989515007
YHR065C,YDR398W,1,6.1243095,0.9824561476707458,0.2240000069141388,0.00039999998989515007
YDR365C,YDR398W,1,6.122621,0.9825327396392822,0.22499999403953552,0.00039999998989515007
YDL148C,YPR137W,1,6.110012,0.9826086759567261,0.22599999606609344,0.00039999998989515007
YOR294W,YPL146C,1,6.108175,0.9826839566230774,0.22699999809265137,0.00039999998989515007
YGR103W,YGR081C,1,6.087391,0.982758641242981,0.2280000001192093,0.00039999998989515007
YDR064W,YDL083C,1,6.0818706,0.9828326106071472,0.2290000021457672,0.00039999998989515007
YFL002C,YDR412W,1,6.0734234,0.9829059839248657,0.23000000417232513,0.00039999998989515007
YKR024C,YOR078W,1,6.068854,0.9829787015914917,0.23100000619888306,0.00039999998989515007
YFL002C,YDL153C,1,6.067249,0.9830508232116699,0.23199999332427979,0.00039999998989515007
YLR129W,YOL041C,1,6.0553527,0.9831223487854004,0.2329999953508377,0.00039999998989515007
YJL069C,YDL031W,1,6.0533013,0.9831932783126831,0.23399999737739563,0.00039999998989515007
YDR365C,YHR196W,1,6.0413413,0.9832636117935181,0.23499999940395355,0.00039999998989515007
YMR093W,YNL232W,1,6.0195127,0.9833333492279053,0.23600000143051147,0.00039999998989515007
YER002W,YLR409C,1,6.0169997,0.9834024906158447,0.2370000034570694,0.00039999998989515007
YOR004W,YNL232W,1,6.0169473,0.9834710955619812,0.23800000548362732,0.00039999998989515007
YGR090W,YML093W,1,6.0125256,0.9835391044616699,0.23899999260902405,0.00039999998989515007
YBR189W,YGR280C,1,6.01141,0.9836065769195557,0.23999999463558197,0.00039999998989515007
YPL043W,YNR024W,1,6.009695,0.9836734533309937,0.2409999966621399,0.00039999998989515007
YKR024C,YNL124W,1,6.0056963,0.9837398529052734,0.24199999868869781,0.00039999998989515007
YIL019W,YGR081C,1,6.000198,0.9838056564331055,0.24300000071525574,0.00039999998989515007
YHR065C,YLR222C,1,5.9953413,0.9838709831237793,0.24400000274181366,0.00039999998989515007
YKL078W,YKL172W,1,5.9876275,0.9839357137680054,0.24500000476837158,0.00039999998989515007
YER006W,YLR051C,1,5.9863443,0.984000027179718,0.2460000067949295,0.00039999998989515007
YKL099C,YNR038W,1,5.981994,0.9840637445449829,0.24699999392032623,0.00039999998989515007
YHR196W,YGL246C,1,5.9795074,0.9841269850730896,0.24799999594688416,0.00039999998989515007
YOR310C,YGR214W,1,5.9692063,0.9841897487640381,0.24899999797344208,0.00039999998989515007
YNR054C,YHR085W,1,5.96511,0.9842519760131836,0.25,0.00039999998989515007
YKL172W,YNR024W,1,5.9626036,0.9843137264251709,0.25099998712539673,0.00039999998989515007
YDL213C,YNL124W,1,5.952982,0.984375,0.25200000405311584,0.00039999998989515007
YDR339C,YHR196W,1,5.9481034,0.9844357967376709,0.2529999911785126,0.00039999998989515007
YOR001W,YNR038W,1,5.9380765,0.9844961166381836,0.2540000081062317,0.00039999998989515007
YOR078W,YFL002C,1,5.9281554,0.9845559597015381,0.2549999952316284,0.00039999998989515007
YDL148C,YDL014W,1,5.9231877,0.9846153855323792,0.25600001215934753,0.00039999998989515007
YPR137W,YLR197W,1,5.920063,0.984674334526062,0.25699999928474426,0.00039999998989515007
YER002W,YDL014W,1,5.9123783,0.9847328066825867,0.257999986410141,0.00039999998989515007
YJL010C,YDR083W,1,5.9094024,0.9847908616065979,0.2590000033378601,0.00039999998989515007
YDR324C,YLR175W,1,5.906343,0.9848484992980957,0.25999999046325684,0.00039999998989515007
YNL124W,YLR175W,1,5.885985,0.9849056601524353,0.26100000739097595,0.00039999998989515007
YCR035C,YMR131C,1,5.885655,0.9849624037742615,0.2619999945163727,0.00039999998989515007
YER006W,YPL081W,1,5.880505,0.9850187301635742,0.2630000114440918,0.00039999998989515007
YGR271C-A,YHR065C,1,5.876714,0.9850746393203735,0.2639999985694885,0.00039999998989515007
YLR196W,YDR324C,1,5.875736,0.9851301312446594,0.26499998569488525,0.00039999998989515007
YDL213C,YDL153C,1,5.8731265,0.9851852059364319,0.26600000262260437,0.00039999998989515007
YJL010C,YMR049C,1,5.87046,0.9852398633956909,0.2669999897480011,0.00039999998989515007
YKL099C,YGL171W,1,5.8642955,0.9852941036224365,0.2680000066757202,0.00039999998989515007
YLR068W,YOR243C,1,5.8621354,0.9853479862213135,0.26899999380111694,0.00039999998989515007
YDL031W,YGL111W,1,5.860022,0.985401451587677,0.27000001072883606,0.00039999998989515007
YJR041C,YDR412W,1,5.8539834,0.9854545593261719,0.2709999978542328,0.00039999998989515007
YHR170W,YNL256W,0,5.85056,0.9818840622901917,0.2709999978542328,0.0005000000237487257
YDR083W,YNL124W,1,5.8473554,0.9819494485855103,0.2720000147819519,0.0005000000237487257
YER006W,YGR081C,1,5.843817,0.9820144176483154,0.27300000190734863,0.0005000000237487257
YHR196W,YGR118W,1,5.8396516,0.9820788502693176,0.27399998903274536,0.0005000000237487257
YDR165W,YNL178W,0,5.8294725,0.9785714149475098,0.27399998903274536,0.0006000000284984708
YDR064W,YGL171W,1,5.8291707,0.9786477088928223,0.2750000059604645,0.0006000000284984708
YOL010W,YOL041C,1,5.817507,0.978723406791687,0.2759999930858612,0.0006000000284984708
YJL069C,YKR060W,1,5.816703,0.9787985682487488,0.2770000100135803,0.0006000000284984708
YJL069C,YOR243C,1,5.812333,0.9788732528686523,0.27799999713897705,0.0006000000284984708
YKR057W,YCR057C,1,5.8116975,0.9789473414421082,0.27900001406669617,0.0006000000284984708
YMR143W,YMR131C,1,5.802584,0.9790209531784058,0.2800000011920929,0.0006000000284984708
YGL030W,YER102W,1,5.794893,0.9790940880775452,0.2809999883174896,0.0006000000284984708
YDR339C,YGL029W,1,5.7927747,0.9791666865348816,0.28200000524520874,0.0006000000284984708
YDL148C,YKL014C,1,5.789614,0.979238748550415,0.28299999237060547,0.0006000000284984708
YHR062C,YDL031W,1,5.788578,0.9793103337287903,0.2840000092983246,0.0006000000284984708
YDR025W,YDR083W,1,5.788443,0.9793814420700073,0.2849999964237213,0.0006000000284984708
YEL026W,YKL014C,1,5.7884097,0.9794520735740662,0.28600001335144043,0.0006000000284984708
YGL030W,YKL172W,1,5.780853,0.979522168636322,0.28700000047683716,0.0006000000284984708
YOR056C,YNR024W,1,5.778806,0.9795918464660645,0.2879999876022339,0.0006000000284984708
YER002W,YPL146C,1,5.7752824,0.9796609878540039,0.289000004529953,0.0006000000284984708
YGR103W,YHR196W,1,5.7617154,0.9797297120094299,0.28999999165534973,0.0006000000284984708
YDR398W,YDL014W,1,5.760361,0.9797979593276978,0.29100000858306885,0.0006000000284984708
YGL078C,YNL163C,1,5.7517185,0.9798657894134521,0.2919999957084656,0.0006000000284984708
YJL191W,YCR057C,1,5.7458153,0.9799330830574036,0.2930000126361847,0.0006000000284984708
YKR081C,YDR324C,1,5.7457013,0.9800000190734863,0.2939999997615814,0.0006000000284984708
YNR046W,YLR061W,0,5.74268,0.9767441749572754,0.2939999997615814,0.000699999975040555
YOR145C,YGL246C,1,5.7408137,0.9768211841583252,0.29499998688697815,0.000699999975040555
YOL041C,YKR057W,1,5.729756,0.9768977165222168,0.29600000381469727,0.000699999975040555
YPR144C,YDL031W,1,5.7264347,0.9769737124443054,0.296999990940094,0.000699999975040555
YPL217C,YPL093W,1,5.714645,0.9770491719245911,0.2980000078678131,0.000699999975040555
YDR449C,YGR118W,1,5.707846,0.9771241545677185,0.29899999499320984,0.000699999975040555
YJL191W,YNL075W,1,5.698396,0.9771987199783325,0.30000001192092896,0.000699999975040555
YGR271C-A,YDR324C,1,5.695993,0.9772727489471436,0.3009999990463257,0.000699999975040555
YNL062C,YMR308C,0,5.6783347,0.9741100072860718,0.3009999990463257,0.0007999999797903001
YML026C,YGL111W,1,5.671582,0.9741935729980469,0.3019999861717224,0.0007999999797903001
YER074W,YGL171W,1,5.665311,0.9742765426635742,0.30300000309944153,0.0007999999797903001
YPL217C,YOR294W,1,5.6637793,0.9743589758872986,0.30399999022483826,0.0007999999797903001
YGR271C-A,YPL266W,1,5.661573,0.97444087266922,0.3050000071525574,0.0007999999797903001
YOR243C,YDL208W,1,5.6572022,0.9745222926139832,0.3059999942779541,0.0007999999797903001
YKL014C,YNL002C,1,5.651924,0.9746031761169434,0.3070000112056732,0.0007999999797903001
YPL217C,YLR068W,1,5.6510634,0.9746835231781006,0.30799999833106995,0.0007999999797903001
YJL191W,YGR095C,1,5.6464376,0.9747633934020996,0.3089999854564667,0.0007999999797903001
YJL191W,YML093W,1,5.6343207,0.9748427867889404,0.3100000023841858,0.0007999999797903001
YHR196W,YPL081W,1,5.624798,0.9749216437339783,0.3109999895095825,0.0007999999797903001
YLR129W,YHR062C,1,5.623964,0.9750000238418579,0.31200000643730164,0.0007999999797903001
YDL083C,YOR243C,1,5.6214166,0.9750778675079346,0.31299999356269836,0.0007999999797903001
YPL217C,YPL211W,1,5.6155963,0.9751552939414978,0.3140000104904175,0.0007999999797903001
YDR083W,YNL232W,1,5.6151357,0.9752321839332581,0.3149999976158142,0.0007999999797903001
YKL172W,YDR021W,1,5.6148796,0.9753086566925049,0.3160000145435333,0.0007999999797903001
YDL031W,YHR196W,1,5.606538,0.9753845930099487,0.31700000166893005,0.0007999999797903001
YDL111C,YDR087C,1,5.6051536,0.9754601120948792,0.3179999887943268,0.0007999999797903001
YJL010C,YGL171W,1,5.59839,0.9755351543426514,0.3190000057220459,0.0007999999797903001
YFL001W,YJR070C,0,5.5927186,0.9725610017776489,0.3190000057220459,0.0008999999845400453
YLR002C,YER127W,1,5.591062,0.9726443886756897,0.3199999928474426,0.0008999999845400453
YNR054C,YER074W,1,5.5889077,0.9727272987365723,0.32100000977516174,0.0008999999845400453
YER002W,YNL002C,1,5.582132,0.9728096723556519,0.32199999690055847,0.0008999999845400453
YCR057C,YPL146C,1,5.5814395,0.9728915691375732,0.3230000138282776,0.0008999999845400453
YNL075W,YCL054W,1,5.5802665,0.9729729890823364,0.3240000009536743,0.0008999999845400453
YOL010W,YDL153C,1,5.571895,0.9730538725852966,0.32499998807907104,0.0008999999845400453
YLR196W,YNL232W,1,5.569782,0.9731343388557434,0.32600000500679016,0.0008999999845400453
YOR001W,YDL148C,1,5.568641,0.9732142686843872,0.3269999921321869,0.0008999999845400453
YKL172W,YNL163C,1,5.561049,0.9732937812805176,0.328000009059906,0.0008999999845400453
YLR129W,YDL213C,1,5.5596867,0.973372757434845,0.32899999618530273,0.0008999999845400453
YLR196W,YPL081W,1,5.549785,0.9734513163566589,0.33000001311302185,0.0008999999845400453
YHR062C,YGR090W,1,5.5446506,0.9735293984413147,0.3310000002384186,0.0008999999845400453
YPR143W,YDL148C,1,5.539613,0.973607063293457,0.3319999873638153,0.0008999999845400453
YDR025W,YER006W,1,5.535012,0.9736841917037964,0.3330000042915344,0.0008999999845400453
YKL099C,YOL142W,1,5.5272727,0.9737609624862671,0.33399999141693115,0.0008999999845400453
YOL041C,YKL014C,1,5.5232325,0.9738371968269348,0.33500000834465027,0.0008999999845400453
YDR339C,YDR280W,1,5.521937,0.9739130139350891,0.335999995470047,0.0008999999845400453
YLR325C,YHL001W,0,5.51967,0.9710982441902161,0.335999995470047,0.0010000000474974513
YLR068W,YDR365C,1,5.5165753,0.9711815714836121,0.3370000123977661,0.0010000000474974513
YCR057C,YNR024W,1,5.5157743,0.9712643623352051,0.33799999952316284,0.0010000000474974513
YDR398W,YNL232W,1,5.512262,0.9713466763496399,0.33899998664855957,0.0010000000474974513
YBR247C,YNL282W,1,5.5119176,0.9714285731315613,0.3400000035762787,0.0010000000474974513
YBL072C,YGR081C,1,5.5100055,0.9715099930763245,0.3409999907016754,0.0010000000474974513
YNL282W,YER127W,1,5.5099444,0.9715909361839294,0.34200000762939453,0.0010000000474974513
YKR060W,YDL014W,1,5.4994464,0.9716714024543762,0.34299999475479126,0.0010000000474974513
YDR280W,YER127W,1,5.498432,0.9717513918876648,0.3440000116825104,0.0010000000474974513
YBL004W,YLR175W,1,5.497056,0.9718309640884399,0.3449999988079071,0.0010000000474974513
YGR095C,YLR051C,1,5.4936523,0.9719101190567017,0.34599998593330383,0.0010000000474974513
YOL010W,YDL014W,1,5.480865,0.9719887971878052,0.34700000286102295,0.0010000000474974513
YDL201W,YOR341W,0,5.478397,0.9692737460136414,0.34700000286102295,0.0010999999940395355
YHR197W,YDL111C,1,5.4655166,0.9693593382835388,0.3479999899864197,0.0010999999940395355
YER006W,YOR048C,1,5.4651933,0.9694444537162781,0.3490000069141388,0.0010999999940395355
YHR062C,YHR065C,1,5.4575763,0.9695290923118591,0.3499999940395355,0.0010999999940395355
YML026C,YGL078C,1,5.455898,0.969613254070282,0.35100001096725464,0.0010999999940395355
YLR435W,YGL246C,1,5.4417615,0.9696969985961914,0.35199999809265137,0.0010999999940395355
YCR057C,YDR280W,1,5.434954,0.9697802066802979,0.3529999852180481,0.0010999999940395355
YLR435W,YGR118W,1,5.4340606,0.9698629975318909,0.3540000021457672,0.0010999999940395355
YOR310C,YGL097W,1,5.433718,0.9699453711509705,0.35499998927116394,0.0010999999940395355
YOR001W,YNL075W,1,5.4270744,0.9700272679328918,0.35600000619888306,0.0010999999940395355
YDL031W,YHR069C,1,5.419106,0.970108687877655,0.3569999933242798,0.0010999999940395355
YER006W,YNL232W,1,5.412395,0.9701896905899048,0.3580000102519989,0.0010999999940395355
YGR128C,YOL142W,1,5.399497,0.9702702760696411,0.35899999737739563,0.0010999999940395355
YLR129W,YKL099C,1,5.3985643,0.9703503847122192,0.36000001430511475,0.0010999999940395355
YJL191W,YHR065C,1,5.397939,0.9704301357269287,0.3610000014305115,0.0010999999940395355
YHR065C,YOL041C,1,5.3962865,0.97050940990448,0.3619999885559082,0.0010999999940395355
YKR060W,YNL002C,1,5.3874784,0.970588207244873,0.3630000054836273,0.0010999999940395355
YKL014C,YDL153C,1,5.3870535,0.9706666469573975,0.36399999260902405,0.0010999999940395355
YDL213C,YJL010C,1,5.385715,0.9707446694374084,0.36500000953674316,0.0010999999940395355
YJR002W,YOL142W,1,5.385693,0.970822274684906,0.3659999966621399,0.0010999999940395355
YGR195W,YDL014W,1,5.3855786,0.9708994626998901,0.367000013589859,0.0010999999940395355
YGR095C,YMR229C,1,5.3823886,0.9709762334823608,0.36800000071525574,0.0010999999940395355
YKL014C,YDR091C,1,5.3814845,0.9710526466369629,0.36899998784065247,0.0010999999940395355
YMR143W,YOL041C,1,5.377055,0.9711285829544067,0.3700000047683716,0.0010999999940395355
YOL021C,YDR083W,1,5.375763,0.9712041616439819,0.3709999918937683,0.0010999999940395355
YJR002W,YOR001W,1,5.375367,0.9712793827056885,0.3720000088214874,0.0010999999940395355
YOL021C,YPL043W,1,5.3726606,0.9713541865348816,0.37299999594688416,0.0010999999940395355
YER002W,YDR449C,1,5.3704967,0.9714285731315613,0.37400001287460327,0.0010999999940395355
YKL078W,YHR088W,1,5.3688216,0.9715026021003723,0.375,0.0010999999940395355
YJL010C,YOR243C,1,5.3664174,0.9715762138366699,0.37599998712539673,0.0010999999940395355
YOL021C,YJL069C,1,5.363848,0.9716494679450989,0.37700000405311584,0.0010999999940395355
YJL191W,YJL050W,1,5.3572693,0.9717223644256592,0.3779999911785126,0.0010999999940395355
YDR449C,YDL111C,1,5.346506,0.971794843673706,0.3790000081062317,0.0010999999940395355
YMR143W,YLR175W,1,5.341927,0.971867024898529,0.3799999952316284,0.0010999999940395355
YML056C,YLR003C,0,5.3403997,0.9693877696990967,0.3799999952316284,0.0012000000569969416
YDL081C,YMR146C,0,5.339416,0.9669210910797119,0.3799999952316284,0.0013000000035390258
YOR243C,YMR049C,1,5.331058,0.9670050740242004,0.38100001215934753,0.0013000000035390258
YLR068W,YNL124W,1,5.327459,0.9670885801315308,0.38199999928474426,0.0013000000035390258
YJL069C,YHR065C,1,5.3244877,0.9671717286109924,0.382999986410141,0.0013000000035390258
YDR398W,YDL111C,1,5.3188233,0.9672544002532959,0.3840000033378601,0.0013000000035390258
YOR056C,YGR118W,1,5.3095183,0.9673366546630859,0.38499999046325684,0.0013000000035390258
YDL111C,YIL019W,1,5.3088307,0.9674185514450073,0.38600000739097595,0.0013000000035390258
YBR189W,YDR449C,1,5.304024,0.9674999713897705,0.3869999945163727,0.0013000000035390258
YBL072C,YGL171W,1,5.2950335,0.967581033706665,0.3880000114440918,0.0013000000035390258
YGL078C,YCR035C,1,5.294836,0.9676616787910461,0.3889999985694885,0.0013000000035390258
YHR148W,YDR280W,1,5.290458,0.9677419066429138,0.38999998569488525,0.0013000000035390258
YNR054C,YPR137W,1,5.287735,0.9678217768669128,0.39100000262260437,0.0013000000035390258
YPL012W,YKL099C,1,5.2846456,0.9679012298583984,0.3919999897480011,0.0013000000035390258
YPL217C,YDL014W,1,5.278859,0.9679803252220154,0.3930000066757202,0.0013000000035390258
YKR060W,YCR057C,1,5.2781754,0.9680589437484741,0.39399999380111694,0.0013000000035390258
YNL182C,YOL142W,1,5.2744765,0.968137264251709,0.39500001072883606,0.0013000000035390258
YJL050W,YNL163C,1,5.270906,0.9682151675224304,0.3959999978542328,0.0013000000035390258
YDR339C,YLR409C,1,5.266901,0.9682926535606384,0.3970000147819519,0.0013000000035390258
YPR137W,YPL081W,1,5.261497,0.9683698415756226,0.39800000190734863,0.0013000000035390258
YJL191W,YGL029W,1,5.2524753,0.9684466123580933,0.39899998903274536,0.0013000000035390258
YBR189W,YOR294W,1,5.2520185,0.9685230255126953,0.4000000059604645,0.0013000000035390258
YLR409C,YGL097W,1,5.241064,0.9685990214347839,0.4009999930858612,0.0013000000035390258
YDL148C,YOL142W,1,5.2400146,0.9686747193336487,0.4020000100135803,0.0013000000035390258
YJL010C,YJL050W,1,5.233252,0.96875,0.40299999713897705,0.0013000000035390258
YHR169W,YDR280W,1,5.232131,0.9688249230384827,0.40400001406669617,0.0013000000035390258
YER117W,YHR170W,0,5.224639,0.9665071964263916,0.40400001406669617,0.00139999995008111
YKL099C,YOR078W,1,5.2197433,0.9665871262550354,0.4050000011920929,0.00139999995008111
YOR310C,YDR064W,1,5.21643,0.9666666388511658,0.4059999883174896,0.00139999995008111
YJL010C,YPL211W,1,5.2111917,0.9667458534240723,0.40700000524520874,0.00139999995008111
YHR170W,YGR078C,0,5.2101355,0.9644549489021301,0.40700000524520874,0.001500000013038516
YOR310C,YDR280W,1,5.208717,0.9645389914512634,0.40799999237060547,0.001500000013038516
YPR144C,YDR280W,1,5.206083,0.9646226167678833,0.4090000092983246,0.001500000013038516
YEL026W,YOL010W,1,5.201176,0.9647058844566345,0.4099999964237213,0.001500000013038516
YPL093W,YMR049C,1,5.200454,0.9647887349128723,0.41100001335144043,0.001500000013038516
YAL033W,YGL029W,1,5.199486,0.9648711681365967,0.41200000047683716,0.001500000013038516
YBL004W,YNL182C,1,5.1948805,0.9649532437324524,0.4129999876022339,0.001500000013038516
YLR409C,YML026C,1,5.185724,0.9650349617004395,0.414000004529953,0.001500000013038516
YGL246C,YDR280W,1,5.184014,0.9651162624359131,0.41499999165534973,0.001500000013038516
YMR229C,YNL163C,1,5.1825385,0.9651972055435181,0.41600000858306885,0.001500000013038516
YKL006W,YOR293W,0,5.180786,0.9629629850387573,0.41600000858306885,0.0015999999595806003
YHR062C,YDR324C,1,5.1774592,0.96304851770401,0.4169999957084656,0.0015999999595806003
YDR339C,YDL148C,1,5.1772857,0.9631336331367493,0.4180000126361847,0.0015999999595806003
YGR103W,YNL163C,1,5.161547,0.9632183909416199,0.4189999997615814,0.0015999999595806003
YBR189W,YPR112C,1,5.16118,0.963302731513977,0.41999998688697815,0.0015999999595806003
YPL211W,YKL014C,1,5.159982,0.9633867144584656,0.42100000381469727,0.0015999999595806003
YLR068W,YKR057W,1,5.1589484,0.9634703397750854,0.421999990940094,0.0015999999595806003
YNL182C,YJL191W,1,5.1574454,0.9635535478591919,0.4230000078678131,0.0015999999595806003
YGR090W,YNL124W,1,5.1548047,0.9636363387107849,0.42399999499320984,0.0015999999595806003
YDR339C,YGR271C-A,1,5.1503224,0.963718831539154,0.42500001192092896,0.0015999999595806003
YDR165W,YPR187W,0,5.14358,0.9615384340286255,0.42500001192092896,0.0017000000225380063
YGL030W,YPL146C,1,5.141376,0.9616252779960632,0.4259999990463257,0.0017000000225380063
YOR294W,YGR118W,1,5.1301637,0.9617117047309875,0.4269999861717224,0.0017000000225380063
YHR197W,YGR090W,1,5.1282573,0.9617977738380432,0.42800000309944153,0.0017000000225380063
YBR181C,YLR197W,1,5.1234107,0.9618834257125854,0.42899999022483826,0.0017000000225380063
YJL010C,YOR056C,1,5.1128907,0.9619686603546143,0.4300000071525574,0.0017000000225380063
YLR002C,YDR412W,1,5.1071305,0.9620535969734192,0.4309999942779541,0.0017000000225380063
YPL266W,YBL072C,1,5.104693,0.9621380567550659,0.4320000112056732,0.0017000000225380063
YBL018C,YKL172W,1,5.097277,0.9622222185134888,0.43299999833106995,0.0017000000225380063
YOR119C,YER127W,1,5.0969048,0.9623059630393982,0.4339999854564667,0.0017000000225380063
YPL093W,YCR035C,1,5.095998,0.9623894095420837,0.4350000023841858,0.0017000000225380063
YOR056C,YGL097W,1,5.077024,0.9624723792076111,0.4359999895095825,0.0017000000225380063
YJL191W,YKL014C,1,5.0759664,0.9625550508499146,0.43700000643730164,0.0017000000225380063
YMR143W,YLR068W,1,5.0697117,0.9626373648643494,0.43799999356269836,0.0017000000225380063
YDL061C,YKL180W,0,5.064289,0.9605262875556946,0.43799999356269836,0.0017999999690800905
YNL282W,YLR175W,1,5.059797,0.9606127142906189,0.4390000104904175,0.0017999999690800905
YKL035W,YJL141C,0,5.0520415,0.9585152864456177,0.4390000104904175,0.0019000000320374966
YBL072C,YLR197W,1,5.0503564,0.9586056470870972,0.4399999976158142,0.0019000000320374966
YKL099C,YGR081C,1,5.0493712,0.958695650100708,0.4410000145435333,0.0019000000320374966
YER006W,YCR035C,1,5.0483127,0.9587852358818054,0.44200000166893005,0.0019000000320374966
YER002W,YDR339C,1,5.036192,0.9588744640350342,0.4429999887943268,0.0019000000320374966
YHL015W,YOL041C,1,5.017904,0.9589632749557495,0.4440000057220459,0.0019000000320374966
YBL072C,YOR243C,1,5.0175834,0.9590517282485962,0.4449999928474426,0.0019000000320374966
YGL246C,YDR021W,1,5.011045,0.9591397643089294,0.44600000977516174,0.0019000000320374966
YKR057W,YHR085W,1,5.0099664,0.959227442741394,0.44699999690055847,0.0019000000320374966
YDR324C,YDL153C,1,5.0056424,0.95931476354599,0.4480000138282776,0.0019000000320374966
YHR065C,YLR167W,1,5.0051956,0.9594017267227173,0.4490000009536743,0.0019000000320374966
YDR339C,YDR021W,1,5.0015864,0.9594882726669312,0.44999998807907104,0.0019000000320374966
YKL099C,YDR021W,1,4.993842,0.9595744609832764,0.45100000500679016,0.0019000000320374966
YJL069C,YKR057W,1,4.9928393,0.9596602916717529,0.4519999921321869,0.0019000000320374966
YOR310C,YGR195W,1,4.9915285,0.9597457647323608,0.453000009059906,0.0019000000320374966
YHR065C,YKR060W,1,4.9896693,0.9598308801651001,0.45399999618530273,0.0019000000320374966
YNL067W,YNR053C,0,4.988046,0.9578059315681458,0.45399999618530273,0.0020000000949949026
YPR143W,YLR022C,1,4.987005,0.9578947424888611,0.45500001311302185,0.0020000000949949026
YKL172W,YHL015W,1,4.9866385,0.9579831957817078,0.4560000002384186,0.0020000000949949026
YKL099C,YKR057W,1,4.9812255,0.9580712914466858,0.4569999873638153,0.0020000000949949026
YJL177W,YDR300C,0,4.97938,0.9560669660568237,0.4569999873638153,0.002099999925121665
YHR148W,YCR035C,1,4.9769645,0.9561586380004883,0.4580000042915344,0.002099999925121665
YGR128C,YDR064W,1,4.9729705,0.956250011920929,0.45899999141693115,0.002099999925121665
YOL021C,YHR062C,1,4.953084,0.9563409686088562,0.46000000834465027,0.002099999925121665
YMR143W,YLR435W,1,4.947208,0.95643150806427,0.460999995470047,0.002099999925121665
YOR243C,YGL097W,1,4.945552,0.95652174949646,0.4620000123977661,0.002099999925121665
YLR435W,YNL232W,1,4.9409156,0.9566115736961365,0.46299999952316284,0.002099999925121665
YJL010C,YHR065C,1,4.936701,0.9567010402679443,0.46399998664855957,0.002099999925121665
YLR150W,YBR187W,0,4.935986,0.9547325372695923,0.46399998664855957,0.002199999988079071
YBR069C,YJR063W,0,4.9359264,0.9527720808982849,0.46399998664855957,0.002300000051036477
YOR119C,YKL172W,1,4.9290276,0.9528688788414001,0.4650000035762787,0.002300000051036477
YOL010W,YDL111C,1,4.9251347,0.952965259552002,0.4659999907016754,0.002300000051036477
YNL163C,YDL014W,1,4.9222093,0.9530612230300903,0.46700000762939453,0.002300000051036477
YBR189W,YOL142W,1,4.9216166,0.9531568288803101,0.46799999475479126,0.002300000051036477
YNR054C,YGL246C,1,4.921103,0.9532520174980164,0.4690000116825104,0.002300000051036477
YML026C,YDR324C,1,4.917431,0.953346848487854,0.4699999988079071,0.002300000051036477
YCR031C,YNL002C,1,4.915774,0.953441321849823,0.47099998593330383,0.002300000051036477
YCR031C,YDR412W,1,4.9104023,0.9535353779792786,0.47200000286102295,0.002300000051036477
YDR025W,YNL075W,1,4.9074283,0.9536290168762207,0.4729999899864197,0.002300000051036477
YOL021C,YOR294W,1,4.9073234,0.953722357749939,0.4740000069141388,0.002300000051036477
YDR324C,YGR214W,1,4.9059377,0.9538152813911438,0.4749999940395355,0.002300000051036477
YDR025W,YKL009W,1,4.8986506,0.9539077877998352,0.47600001096725464,0.002300000051036477
YHR065C,YGR195W,1,4.894019,0.9539999961853027,0.47699999809265137,0.002300000051036477
YJR007W,YOR293W,0,4.892472,0.9520958065986633,0.47699999809265137,0.002400000113993883
YDR449C,YCR035C,1,4.8909206,0.9521912336349487,0.4779999852180481,0.002400000113993883
YPL093W,YDR365C,1,4.8852835,0.9522863030433655,0.4790000021457672,0.002400000113993883
YMR250W,YLL026W,0,4.8727846,0.9503968358039856,0.4790000021457672,0.0024999999441206455
YLR293C,YGR081C,1,4.870301,0.9504950642585754,0.47999998927116394,0.0024999999441206455
YKL099C,YLR022C,1,4.8677373,0.9505928754806519,0.48100000619888306,0.0024999999441206455
YBL004W,YPL093W,1,4.867131,0.9506903290748596,0.4819999933242798,0.0024999999441206455
YOL142W,YMR049C,1,4.866554,0.9507874250411987,0.4830000102519989,0.0024999999441206455
YOR098C,YIL110W,0,4.8659816,0.9489194750785828,0.4830000102519989,0.0026000000070780516
YLR409C,YNR024W,1,4.8639035,0.9490196108818054,0.48399999737739563,0.0026000000070780516
YNL163C,YLR222C,1,4.8602295,0.9491193890571594,0.48500001430511475,0.0026000000070780516
YGR145W,YNL282W,1,4.853462,0.94921875,0.4860000014305115,0.0026000000070780516
YML080W,YML073C,0,4.851454,0.9473684430122375,0.4860000014305115,0.0027000000700354576
YNL221C,YLR196W,1,4.8422565,0.9474708437919617,0.4869999885559082,0.0027000000700354576
YPL086C,YMR014W,0,4.836329,0.9456310868263245,0.4869999885559082,0.00279999990016222
YBR181C,YIL019W,1,4.832978,0.9457364082336426,0.4880000054836273,0.00279999990016222
YLR185W,YHR143W-A,0,4.828601,0.9439071416854858,0.4880000054836273,0.002899999963119626
YBR257W,YKL172W,1,4.8276863,0.9440154433250427,0.48899999260902405,0.002899999963119626
YHR062C,YKR057W,1,4.8263917,0.9441233277320862,0.49000000953674316,0.002899999963119626
YNL075W,YNL282W,1,4.8262696,0.9442307949066162,0.4909999966621399,0.002899999963119626
YOR004W,YCR031C,1,4.8228507,0.944337785243988,0.492000013589859,0.002899999963119626
YGR280C,YDR324C,1,4.8161526,0.9444444179534912,0.49300000071525574,0.002899999963119626
YOR310C,YER102W,1,4.806562,0.9445506930351257,0.49399998784065247,0.002899999963119626
YOR078W,YGR118W,1,4.8031,0.944656491279602,0.4950000047683716,0.002899999963119626
YCR057C,YBR181C,1,4.800897,0.9447619318962097,0.4959999918937683,0.002899999963119626
YPL211W,YBR181C,1,4.8004646,0.9448668956756592,0.4970000088214874,0.002899999963119626
YJL191W,YLR002C,1,4.7984796,0.9449715614318848,0.49799999594688416,0.002899999963119626
YCR057C,YCR035C,1,4.7894797,0.9450757503509521,0.49900001287460327,0.002899999963119626
YBL072C,YDR449C,1,4.7882066,0.9451795816421509,0.5,0.002899999963119626
YLR022C,YER074W,1,4.785941,0.9452829957008362,0.5009999871253967,0.002899999963119626
YBR189W,YHR169W,1,4.7715116,0.9453860521316528,0.5019999742507935,0.002899999963119626
YER002W,YBL026W,1,4.7661343,0.9454887509346008,0.503000020980835,0.002899999963119626
YOR341W,YHR143W-A,0,4.7619085,0.9437147974967957,0.503000020980835,0.003000000026077032
YBL018C,YGR081C,1,4.7513204,0.9438202381134033,0.5040000081062317,0.003000000026077032
YHR062C,YGL097W,1,4.7483563,0.9439252614974976,0.5049999952316284,0.003000000026077032
YOL021C,YGR128C,1,4.7429156,0.9440298676490784,0.5059999823570251,0.003000000026077032
YGR271C-A,YGR195W,1,4.7325673,0.9441340565681458,0.5070000290870667,0.003000000026077032
YBR189W,YLR293C,1,4.731114,0.9442379474639893,0.5080000162124634,0.003000000026077032
YBL072C,YML093W,1,4.7276406,0.9443413615226746,0.5090000033378601,0.003000000026077032
YBR247C,YDR280W,1,4.726719,0.9444444179534912,0.5099999904632568,0.003000000026077032
YKR057W,YKL014C,1,4.7258897,0.9445471167564392,0.5109999775886536,0.003000000026077032
YPR112C,YGR195W,1,4.721846,0.9446494579315186,0.5120000243186951,0.003000000026077032
YLR022C,YDL153C,1,4.7210026,0.9447513818740845,0.5130000114440918,0.003000000026077032
YKR024C,YLR022C,1,4.7172604,0.9448529481887817,0.5139999985694885,0.003000000026077032
YBR189W,YPR144C,1,4.711538,0.9449541568756104,0.5149999856948853,0.003000000026077032
YKL099C,YNL232W,1,4.7103844,0.9450549483299255,0.515999972820282,0.003000000026077032
YDR280W,YCL054W,1,4.7057824,0.9451553821563721,0.5170000195503235,0.003000000026077032
YKL120W,YGL099W,0,4.699373,0.9434306621551514,0.5170000195503235,0.003100000089034438
YJR041C,YDL083C,1,4.6981425,0.943533718585968,0.5180000066757202,0.003100000089034438
YPL217C,YLR022C,1,4.685639,0.9436363577842712,0.5189999938011169,0.003100000089034438
YOR119C,YKL009W,1,4.6794615,0.9437386393547058,0.5199999809265137,0.003100000089034438
YLR051C,YKL014C,1,4.67875,0.9438405632972717,0.5210000276565552,0.003100000089034438
YOL021C,YGL029W,1,4.674949,0.943942129611969,0.5220000147819519,0.003100000089034438
YOL021C,YDL208W,1,4.666394,0.9440433382987976,0.5230000019073486,0.003100000089034438
YPL266W,YGL097W,1,4.6634684,0.9441441297531128,0.5239999890327454,0.003100000089034438
YPL126W,YER074W,1,4.658358,0.9442446231842041,0.5249999761581421,0.003100000089034438
YGL111W,YCR035C,1,4.6529393,0.944344699382782,0.5260000228881836,0.003100000089034438
YGL030W,YHR196W,1,4.6487813,0.9444444179534912,0.5270000100135803,0.003100000089034438
YER002W,YDR450W,1,4.647524,0.9445438385009766,0.527999997138977,0.003100000089034438
YNL182C,YBL072C,1,4.6331577,0.9446428418159485,0.5289999842643738,0.003100000089034438
YGL030W,YHR148W,1,4.6274576,0.9447415471076965,0.5299999713897705,0.003100000089034438
YPL012W,YNR024W,1,4.6231823,0.9448398351669312,0.531000018119812,0.003100000089034438
YOL021C,YMR131C,1,4.616536,0.9449378252029419,0.5320000052452087,0.003100000089034438
YJR041C,YDL111C,1,4.616071,0.945035457611084,0.5329999923706055,0.003100000089034438
YJR002W,YNL232W,1,4.6147323,0.9451327323913574,0.5339999794960022,0.003100000089034438
YMR143W,YPL146C,1,4.6110544,0.945229709148407,0.5350000262260437,0.003100000089034438
YOL021C,YMR229C,1,4.5998206,0.9453262686729431,0.5360000133514404,0.003100000089034438
YBR155W,YLR384C,0,4.5845323,0.9436619877815247,0.5360000133514404,0.0031999999191612005
YML026C,YLR175W,1,4.576991,0.9437609910964966,0.5370000004768372,0.0031999999191612005
YIL069C,YMR131C,1,4.5722804,0.9438596367835999,0.5379999876022339,0.0031999999191612005
YJL069C,YCR035C,1,4.5680065,0.9439579844474792,0.5389999747276306,0.0031999999191612005
YGR128C,YDR450W,1,4.5664144,0.9440559148788452,0.5400000214576721,0.0031999999191612005
YLR068W,YNL232W,1,4.5618076,0.9441536068916321,0.5410000085830688,0.0031999999191612005
YER002W,YOL142W,1,4.559418,0.9442508816719055,0.5419999957084656,0.0031999999191612005
YDR064W,YBR181C,1,4.557613,0.9443477988243103,0.5429999828338623,0.0031999999191612005
YLR435W,YNL163C,1,4.5499344,0.9444444179534912,0.5440000295639038,0.0031999999191612005
YLR002C,YHR069C,1,4.54635,0.9445407390594482,0.5450000166893005,0.0031999999191612005
YOR004W,YLR167W,1,4.5428386,0.9446367025375366,0.5460000038146973,0.0031999999191612005
YJL191W,YNL232W,1,4.5358057,0.9447323083877563,0.546999990940094,0.0031999999191612005
YDR025W,YGL029W,1,4.5348544,0.9448275566101074,0.5479999780654907,0.0031999999191612005
YDR280W,YML093W,1,4.53318,0.9449225664138794,0.5490000247955322,0.0031999999191612005
YPL212C,YML014W,0,4.5228043,0.9432989954948425,0.5490000247955322,0.0032999999821186066
YMR239C,YGR195W,1,4.5090494,0.9433962106704712,0.550000011920929,0.0032999999821186066
YEL055C,YHR120W,0,4.49669,0.9417808055877686,0.550000011920929,0.0034000000450760126
YPL178W,YHR085W,1,4.4909377,0.9418803453445435,0.5509999990463257,0.0034000000450760126
YPR144C,YBR257W,1,4.490624,0.9419795274734497,0.5519999861717224,0.0034000000450760126
YBR257W,YPL043W,1,4.490415,0.9420783519744873,0.5529999732971191,0.0034000000450760126
YBL004W,YJR002W,1,4.488286,0.942176878452301,0.5540000200271606,0.0034000000450760126
YOR253W,YGL076C,0,4.481507,0.9405772686004639,0.5540000200271606,0.0035000001080334187
YBR181C,YLR222C,1,4.4806004,0.9406779408454895,0.5550000071525574,0.0035000001080334187
YOR252W,YOL039W,0,4.4785895,0.9390863180160522,0.5550000071525574,0.003599999938160181
YMR239C,YGL097W,1,4.4772186,0.9391891956329346,0.5559999942779541,0.003599999938160181
YPR144C,YGR030C,1,4.462753,0.9392917156219482,0.5569999814033508,0.003599999938160181
YDR280W,YGR081C,1,4.4500923,0.939393937587738,0.5580000281333923,0.003599999938160181
YOL041C,YDL111C,1,4.446985,0.9394958019256592,0.5590000152587891,0.003599999938160181
YLR435W,YBR181C,1,4.445226,0.9395973086357117,0.5600000023841858,0.003599999938160181
YHR062C,YLR167W,1,4.4435925,0.9396985173225403,0.5609999895095825,0.003599999938160181
YNR054C,YCR035C,1,4.4208617,0.9397993087768555,0.5619999766349792,0.003599999938160181
YGR090W,YPL081W,1,4.4112353,0.9398998618125916,0.5630000233650208,0.003599999938160181
YDR339C,YNR024W,1,4.4029355,0.9399999976158142,0.5640000104904175,0.003599999938160181
YGR128C,YNL221C,1,4.386577,0.940099835395813,0.5649999976158142,0.003599999938160181
YJL191W,YGL097W,1,4.386328,0.9401993155479431,0.5659999847412109,0.003599999938160181
YLR293C,YOR243C,1,4.3856716,0.9402984976768494,0.5669999718666077,0.003599999938160181
YLR196W,YGR030C,1,4.3816276,0.940397322177887,0.5680000185966492,0.003599999938160181
YOL021C,YMR239C,1,4.3789515,0.9404958486557007,0.5690000057220459,0.003599999938160181
YGR128C,YER102W,1,4.3785486,0.9405940771102905,0.5699999928474426,0.003599999938160181
YNL113W,YBR191W,0,4.374527,0.9390444755554199,0.5699999928474426,0.003700000001117587
YBL018C,YLR196W,1,4.3667197,0.9391447305679321,0.5709999799728394,0.003700000001117587
YDR339C,YDL111C,1,4.365411,0.9392446875572205,0.5720000267028809,0.003700000001117587
YKL172W,YOR048C,1,4.3589354,0.9393442869186401,0.5730000138282776,0.003700000001117587
YKR024C,YER074W,1,4.3554907,0.9394435286521912,0.5740000009536743,0.003700000001117587
YHR085W,YER102W,1,4.352983,0.9395424723625183,0.574999988079071,0.003700000001117587
YBL072C,YNR024W,1,4.348512,0.9396411180496216,0.5759999752044678,0.003700000001117587
YBL004W,YNL075W,1,4.347354,0.9397394061088562,0.5770000219345093,0.003700000001117587
YDR450W,YLR175W,1,4.346692,0.9398373961448669,0.578000009059906,0.003700000001117587
YLR002C,YPL081W,1,4.3432307,0.9399350881576538,0.5789999961853027,0.003700000001117587
YLR129W,YCR031C,1,4.3240085,0.940032422542572,0.5799999833106995,0.003700000001117587
YHL011C,YPL252C,0,4.314386,0.938511312007904,0.5799999833106995,0.003800000064074993
YOR312C,YLR372W,0,4.314009,0.9369951486587524,0.5799999833106995,0.0038999998942017555
YCR031C,YPL043W,1,4.310715,0.9370967745780945,0.5809999704360962,0.0038999998942017555
YPL012W,YGL030W,1,4.310141,0.9371980428695679,0.5820000171661377,0.0038999998942017555
YLR435W,YLR167W,1,4.309469,0.9372990131378174,0.5830000042915344,0.0038999998942017555
YHR062C,YLR022C,1,4.3077693,0.937399685382843,0.5839999914169312,0.0038999998942017555
YBL004W,YJL010C,1,4.304284,0.9375,0.5849999785423279,0.0038999998942017555
YDR280W,YNL124W,1,4.3028316,0.9376000165939331,0.5860000252723694,0.0038999998942017555
YDR361C,YDR045C,0,4.2890563,0.9361022114753723,0.5860000252723694,0.004000000189989805
YHR088W,YER074W,1,4.274257,0.9362041354179382,0.5870000123977661,0.004000000189989805
YJL010C,YCR035C,1,4.2735243,0.9363057613372803,0.5879999995231628,0.004000000189989805
YJL191W,YLR167W,1,4.270816,0.9364069700241089,0.5889999866485596,0.004000000189989805
YCR031C,YDL208W,1,4.2636733,0.9365079402923584,0.5899999737739563,0.004000000189989805
YDL148C,YDR450W,1,4.2633615,0.9366085529327393,0.5910000205039978,0.004000000189989805
YBR189W,YAL033W,1,4.260126,0.9367088675498962,0.5920000076293945,0.004000000189989805
YLR022C,YOR243C,1,4.258478,0.9368088245391846,0.5929999947547913,0.004000000189989805
YKL099C,YBR181C,1,4.255853,0.9369085431098938,0.593999981880188,0.004000000189989805
YFL023W,YOR254C,0,4.249742,0.9354330897331238,0.593999981880188,0.004100000020116568
YDR302W,YPL079W,0,4.243387,0.9339622855186462,0.593999981880188,0.00419999985024333
YBL004W,YHR148W,1,4.2431326,0.9340659379959106,0.5950000286102295,0.00419999985024333
YDR339C,YKR057W,1,4.2400007,0.9341692924499512,0.5960000157356262,0.00419999985024333
YMR301C,YOR271C,0,4.228077,0.9327073693275452,0.5960000157356262,0.00430000014603138
YBL004W,YCL054W,1,4.2253923,0.932812511920929,0.597000002861023,0.00430000014603138
YOL142W,YDR280W,1,4.2198215,0.9329172968864441,0.5979999899864197,0.00430000014603138
YDR025W,YMR049C,1,4.2062516,0.9330217838287354,0.5989999771118164,0.00430000014603138
YHR065C,YAL033W,1,4.1924057,0.9331259727478027,0.6000000238418579,0.00430000014603138
YMR093W,YLR167W,1,4.1910563,0.9332298040390015,0.6010000109672546,0.00430000014603138
YGR214W,YNL124W,1,4.188274,0.9333333373069763,0.6019999980926514,0.00430000014603138
YOR294W,YOR048C,1,4.183628,0.9334365129470825,0.6029999852180481,0.00430000014603138
YBR189W,YKR024C,1,4.174856,0.9335393905639648,0.6039999723434448,0.00430000014603138
YAL033W,YGR081C,1,4.155597,0.9336419701576233,0.6050000190734863,0.00430000014603138
YPL126W,YGR030C,1,4.152146,0.9337441921234131,0.6060000061988831,0.00430000014603138
YDR025W,YHL015W,1,4.1471925,0.9338461756706238,0.6069999933242798,0.00430000014603138
YCL036W,YKL082C,0,4.14567,0.9324116706848145,0.6069999933242798,0.004399999976158142
YBR121C,YOL144W,0,4.136429,0.9309815764427185,0.6069999933242798,0.0044999998062849045
YMR239C,YOR048C,1,4.12725,0.93108731508255,0.6079999804496765,0.0044999998062849045
YHL015W,YDL208W,1,4.115074,0.9311926364898682,0.609000027179718,0.0044999998062849045
YBR181C,YPL146C,1,4.1134715,0.9312977194786072,0.6100000143051147,0.0044999998062849045
YOR056C,YBR181C,1,4.113129,0.9314024448394775,0.6110000014305115,0.0044999998062849045
YKL014C,YER102W,1,4.1129026,0.931506872177124,0.6119999885559082,0.0044999998062849045
YIL069C,YNL075W,1,4.1076756,0.9316109418869019,0.6129999756813049,0.0044999998062849045
YIL016W,YFL022C,0,4.104446,0.9301972389221191,0.6129999756813049,0.004600000102072954
YKL099C,YDL111C,1,4.098301,0.9303030371665955,0.6140000224113464,0.004600000102072954
YHR204W,YPR010C,0,4.0955386,0.9288955926895142,0.6140000224113464,0.004699999932199717
YOR243C,YLR167W,1,4.094668,0.9290030002593994,0.6150000095367432,0.004699999932199717
YDR025W,YGR095C,1,4.090704,0.9291101098060608,0.6159999966621399,0.004699999932199717
YDL111C,YPL146C,1,4.088653,0.9292168617248535,0.6169999837875366,0.004699999932199717
YGR095C,YER102W,1,4.0880985,0.9293233156204224,0.6179999709129333,0.004699999932199717
YKL078W,YDR450W,1,4.082031,0.9294294118881226,0.6190000176429749,0.004699999932199717
YOR119C,YPR112C,1,4.077895,0.9295352101325989,0.6200000047683716,0.004699999932199717
YML022W,YDR211W,0,4.0730615,0.9281437397003174,0.6200000047683716,0.004800000227987766
YOR001W,YNR024W,1,4.068349,0.9282511472702026,0.6209999918937683,0.004800000227987766
YBR191W,YNR003C,0,4.0575585,0.9268656969070435,0.6209999918937683,0.004900000058114529
YPL235W,YIL019W,1,4.054341,0.9269746541976929,0.621999979019165,0.004900000058114529
YBR181C,YNL075W,1,4.0434318,0.9270833134651184,0.6230000257492065,0.004900000058114529
YML026C,YBL026W,1,4.0323906,0.9271916747093201,0.6240000128746033,0.004900000058114529
YOL142W,YGR118W,1,4.0290775,0.9272996783256531,0.625,0.004900000058114529
YLR002C,YLR051C,1,4.026707,0.9274073839187622,0.6259999871253967,0.004900000058114529
YOL032W,YER103W,0,4.0264797,0.9260355234146118,0.6259999871253967,0.004999999888241291
YDR449C,YPL178W,1,4.0262575,0.9261447787284851,0.6269999742507935,0.004999999888241291
YGL111W,YER102W,1,4.0126944,0.9262536764144897,0.628000020980835,0.004999999888241291
YDL150W,YGR264C,0,4.012639,0.9248895645141602,0.628000020980835,0.005100000184029341
YBR257W,YLR409C,1,4.0112047,0.925000011920929,0.6290000081062317,0.005100000184029341
YML057W,YLR178C,0,4.0086026,0.9236416816711426,0.6290000081062317,0.005200000014156103
YDR025W,YNL124W,1,4.000205,0.9237536787986755,0.6299999952316284,0.005200000014156103
YGR095C,YDR450W,1,3.9980063,0.9238653182983398,0.6309999823570251,0.005200000014156103
YBR181C,YDR412W,1,3.995663,0.9239766001701355,0.6320000290870667,0.005200000014156103
YBR034C,YHL007C,0,3.9905982,0.9226277470588684,0.6320000290870667,0.0052999998442828655
YER056C,YDR045C,0,3.9859347,0.9212828278541565,0.6320000290870667,0.005400000140070915
YAL033W,YMR239C,1,3.9697948,0.9213973879814148,0.6330000162124634,0.005400000140070915
YOR048C,YDR091C,1,3.9695244,0.9215116500854492,0.6340000033378601,0.005400000140070915
YGR285C,YIL103W,0,3.968963,0.9201741814613342,0.6340000033378601,0.005499999970197678
YBL018C,YER127W,1,3.9662633,0.9202898740768433,0.6349999904632568,0.005499999970197678
YHL033C,YDR075W,0,3.9614053,0.9189580082893372,0.6349999904632568,0.00559999980032444
YPR143W,YGR118W,1,3.9591112,0.9190751314163208,0.6359999775886536,0.00559999980032444
YBR275C,YOR272W,0,3.9404068,0.9177489280700684,0.6359999775886536,0.00570000009611249
YLR167W,YER102W,1,3.9246955,0.9178674221038818,0.6370000243186951,0.00570000009611249
YLR002C,YHL015W,1,3.9239635,0.9179856181144714,0.6380000114440918,0.00570000009611249
YNL221C,YOL010W,1,3.923892,0.9181034564971924,0.6389999985694885,0.00570000009611249
YDR365C,YOR119C,1,3.9237385,0.9182209372520447,0.6399999856948853,0.00570000009611249
YLR002C,YLR167W,1,3.9204059,0.9183381199836731,0.640999972820282,0.00570000009611249
YFL002C,YGR195W,1,3.9190083,0.9184549450874329,0.6420000195503235,0.00570000009611249
YNL221C,YGL246C,1,3.9172463,0.918571412563324,0.6430000066757202,0.00570000009611249
YHR062C,YBL026W,1,3.9170847,0.9186875820159912,0.6439999938011169,0.00570000009611249
YDL201W,YKL216W,0,3.9145684,0.9173789024353027,0.6439999938011169,0.005799999926239252
YJL069C,YDR450W,1,3.9048245,0.9174964427947998,0.6449999809265137,0.005799999926239252
YBL026W,YLR175W,1,3.9024026,0.9176136255264282,0.6460000276565552,0.005799999926239252
YHR120W,YIL142W,0,3.890359,0.916312038898468,0.6460000276565552,0.005900000222027302
YNL221C,YLR222C,1,3.8804216,0.9164305925369263,0.6470000147819519,0.005900000222027302
YGL030W,YDL111C,1,3.8787737,0.9165487885475159,0.6480000019073486,0.005900000222027302
YGL246C,YGR214W,1,3.874268,0.9166666865348816,0.6489999890327454,0.005900000222027302
YPR137W,YGL097W,1,3.8532648,0.9167842268943787,0.6499999761581421,0.005900000222027302
YAL033W,YDL153C,1,3.8387365,0.9169014096260071,0.6510000228881836,0.005900000222027302
YKR060W,YHL015W,1,3.8240712,0.9170182943344116,0.6520000100135803,0.005900000222027302
YBR257W,YDL153C,1,3.809466,0.9171348214149475,0.652999997138977,0.005900000222027302
YLR249W,YPR043W,0,3.794186,0.9158485531806946,0.652999997138977,0.006000000052154064
YGR195W,YGR081C,1,3.7767396,0.9159663915634155,0.6539999842643738,0.006000000052154064
YJL010C,YBR257W,1,3.7701411,0.9160839319229126,0.6549999713897705,0.006000000052154064
YKL082C,YGL070C,0,3.763929,0.9148044586181641,0.6549999713897705,0.006099999882280827
YBL072C,YCR035C,1,3.7589257,0.9149233102798462,0.656000018119812,0.006099999882280827
YDR064W,YNL282W,1,3.7552612,0.9150418043136597,0.6570000052452087,0.006099999882280827
YMR143W,YOR145C,1,3.7472422,0.9151599407196045,0.6579999923706055,0.006099999882280827
YBL018C,YKR081C,1,3.7426841,0.9152777791023254,0.6589999794960022,0.006099999882280827
YBL004W,YPL217C,1,3.7415757,0.9153952598571777,0.6600000262260437,0.006099999882280827
YPR144C,YBR181C,1,3.7395587,0.9155124425888062,0.6610000133514404,0.006099999882280827
YBR189W,YBR181C,1,3.731855,0.9156293272972107,0.6620000004768372,0.006099999882280827
YLR167W,YDR021W,1,3.7262988,0.9157458543777466,0.6629999876022339,0.006099999882280827
YJL010C,YDL111C,1,3.7194476,0.9158620834350586,0.6639999747276306,0.006099999882280827
YHR004C,YGR044C,0,3.717653,0.9146005511283875,0.6639999747276306,0.006200000178068876
YER146W,YMR131C,1,3.7119496,0.9147180318832397,0.6650000214576721,0.006200000178068876
YNL163C,YOL142W,1,3.7116716,0.9148351550102234,0.6660000085830688,0.006200000178068876
YIL079C,YPR033C,0,3.711494,0.9135802388191223,0.6660000085830688,0.006300000008195639
YBR189W,YDR280W,1,3.7088876,0.9136986136436462,0.6669999957084656,0.006300000008195639
YDR365C,YOR048C,1,3.7088,0.9138166904449463,0.6679999828338623,0.006300000008195639
YOR243C,YPL178W,1,3.698969,0.9139344096183777,0.6690000295639038,0.006300000008195639
YER146W,YPL081W,1,3.6964285,0.9140518307685852,0.6700000166893005,0.006300000008195639
YOL039W,YML080W,0,3.6952703,0.912806510925293,0.6700000166893005,0.006399999838322401
YOR145C,YDR064W,1,3.6889846,0.9129251837730408,0.6710000038146973,0.006399999838322401
YER002W,YDL111C,1,3.6870544,0.9130434989929199,0.671999990940094,0.006399999838322401
YBR280C,YGL053W,0,3.6842952,0.9118046164512634,0.671999990940094,0.006500000134110451
YKR060W,YBL026W,1,3.6841993,0.9119241237640381,0.6729999780654907,0.006500000134110451
YBL004W,YLR167W,1,3.6767797,0.9120432734489441,0.6740000247955322,0.006500000134110451
YLR068W,YPL235W,1,3.6749887,0.912162184715271,0.675000011920929,0.006500000134110451
YNL123W,YKR092C,0,3.6688328,0.9109311699867249,0.675000011920929,0.006599999964237213
YGL162W,YKL144C,0,3.6658895,0.9097034931182861,0.675000011920929,0.0066999997943639755
YDR339C,YNL282W,1,3.6657405,0.9098250269889832,0.6759999990463257,0.0066999997943639755
YGR074W,YER073W,0,3.6608717,0.9086021780967712,0.6759999990463257,0.006800000090152025
YKL110C,YEL042W,0,3.659865,0.9073825478553772,0.6759999990463257,0.006899999920278788
YMR301C,YBL027W,0,3.6352415,0.9061661958694458,0.6759999990463257,0.007000000216066837
YGR271C-A,YNL232W,1,3.6169329,0.9062918424606323,0.6769999861717224,0.007000000216066837
YDR414C,YNL110C,0,3.6026604,0.9050801992416382,0.6769999861717224,0.0071000000461936
YOR048C,YPL081W,1,3.601102,0.9052069187164307,0.6779999732971191,0.0071000000461936
YKL172W,YBL026W,1,3.599889,0.9053333401679993,0.6790000200271606,0.0071000000461936
YDR190C,YBR171W,0,3.5985806,0.904127836227417,0.6790000200271606,0.007199999876320362
YPR143W,YHL015W,1,3.5926242,0.9042553305625916,0.6800000071525574,0.007199999876320362
YPL093W,YER074W,1,3.5652556,0.9043824672698975,0.6809999942779541,0.007199999876320362
YHL015W,YNL232W,1,3.5561056,0.9045093059539795,0.6819999814033508,0.007199999876320362
YBR155W,YAR014C,0,3.5474958,0.9033112525939941,0.6819999814033508,0.007300000172108412
YJR123W,YIL085C,0,3.542193,0.9021164178848267,0.6819999814033508,0.007400000002235174
YGL236C,YNR053C,0,3.5381684,0.9009246826171875,0.6819999814033508,0.007499999832361937
YEL011W,YNL241C,0,3.5334,0.8997361660003662,0.6819999814033508,0.007600000128149986
YER115C,YKR025W,0,3.525494,0.8985507488250732,0.6819999814033508,0.007699999958276749
YGR028W,YCL040W,0,3.5221682,0.8973684310913086,0.6819999814033508,0.007799999788403511
YOR119C,YFL002C,1,3.5137596,0.8975032567977905,0.6830000281333923,0.007799999788403511
YER049W,YML022W,0,3.5114973,0.8963254690170288,0.6830000281333923,0.007899999618530273
YPL235W,YER127W,1,3.4924333,0.8964613080024719,0.6840000152587891,0.007899999618530273
YGL097W,YNL232W,1,3.4903612,0.8965968489646912,0.6850000023841858,0.007899999618530273
YGR208W,YNL209W,0,3.4866557,0.8954248428344727,0.6850000023841858,0.00800000037997961
YHR062C,YBR257W,1,3.482963,0.8955613374710083,0.6859999895095825,0.00800000037997961
YOR048C,YNL282W,1,3.4807563,0.8956975340843201,0.6869999766349792,0.00800000037997961
YOL094C,YNL178W,0,3.474094,0.89453125,0.6869999766349792,0.008100000210106373
YOR101W,YBR202W,0,3.465688,0.8933680057525635,0.6869999766349792,0.008200000040233135
YHR069C,YBR181C,1,3.464549,0.8935064673423767,0.6880000233650208,0.008200000040233135
YFL001W,YLR372W,0,3.4645414,0.8923475742340088,0.6880000233650208,0.008299999870359898
YLR022C,YGR195W,1,3.4616034,0.8924870491027832,0.6890000104904175,0.008299999870359898
YHR069C,YOR048C,1,3.4577842,0.8926261067390442,0.6899999976158142,0.008299999870359898
YFR001W,YDL235C,0,3.456198,0.8914728760719299,0.6899999976158142,0.00839999970048666
YIL020C,YJR064W,0,3.454414,0.8903225660324097,0.6899999976158142,0.008500000461935997
YHL015W,YPR137W,1,3.4540968,0.8904638886451721,0.6909999847412109,0.008500000461935997
YCR031C,YNL232W,1,3.450823,0.8906049132347107,0.6919999718666077,0.008500000461935997
YDR144C,YHL013C,0,3.444818,0.8894601464271545,0.6919999718666077,0.00860000029206276
YBL018C,YNR038W,1,3.4390368,0.8896020650863647,0.6930000185966492,0.00860000029206276
YIL094C,YHR019C,0,3.4354594,0.8884615302085876,0.6930000185966492,0.008700000122189522
YDR284C,YIR038C,0,3.432845,0.8873239159584045,0.6930000185966492,0.008799999952316284
YBL018C,YDR412W,1,3.432829,0.8874680399894714,0.6940000057220459,0.008799999952316284
YPL178W,YDR412W,1,3.427517,0.8876117467880249,0.6949999928474426,0.008799999952316284
YML065W,YOR091W,0,3.4248126,0.8864796161651611,0.6949999928474426,0.008899999782443047
YNR017W,YER056C,0,3.4224913,0.8853503465652466,0.6949999928474426,0.008999999612569809
YPL012W,YBL026W,1,3.4216998,0.885496199131012,0.6959999799728394,0.008999999612569809
YOR206W,YER115C,0,3.421091,0.8843710422515869,0.6959999799728394,0.009100000374019146
YIL130W,YML080W,0,3.4029028,0.8832487463951111,0.6959999799728394,0.009200000204145908
YKL216W,YNL164C,0,3.4007475,0.8821292519569397,0.6959999799728394,0.00930000003427267
YBR257W,YLR167W,1,3.394013,0.8822785019874573,0.6970000267028809,0.00930000003427267
YKL110C,YDR527W,0,3.3859432,0.8811630606651306,0.6970000267028809,0.009399999864399433
YGR078C,YEL003W,0,3.382539,0.8800504803657532,0.6970000267028809,0.009499999694526196
YOR361C,YPL244C,0,3.380925,0.878940761089325,0.6970000267028809,0.009600000455975533
YBR034C,YJL111W,0,3.372155,0.8778337240219116,0.6970000267028809,0.009700000286102295
YGL148W,YEL003W,0,3.3576784,0.8767295479774475,0.6970000267028809,0.009800000116229057
YGL162W,YBR154C,0,3.3541732,0.8756281137466431,0.6970000267028809,0.00989999994635582
YBL018C,YGL111W,1,3.3535252,0.8757842183113098,0.6980000138282776,0.00989999994635582
YGR034W,YHR216W,0,3.3428197,0.8746867179870605,0.6980000138282776,0.009999999776482582
YOR056C,YBR257W,1,3.334618,0.8748435378074646,0.6990000009536743,0.009999999776482582
YKL113C,YHL001W,0,3.3344178,0.8737499713897705,0.6990000009536743,0.010099999606609344
YBL004W,YAL033W,1,3.3303645,0.8739076256752014,0.699999988079071,0.010099999606609344
YNL075W,YPL178W,1,3.3176112,0.8740648627281189,0.7009999752044678,0.010099999606609344
YER168C,YOR271C,0,3.2851431,0.8729763627052307,0.7009999752044678,0.010200000368058681
YLR059C,YDL208W,1,3.2841425,0.8731343150138855,0.7020000219345093,0.010200000368058681
YPL266W,YMR125W,1,3.2831852,0.8732919096946716,0.703000009059906,0.010200000368058681
YGR195W,YNL124W,1,3.2816935,0.8734491467475891,0.7039999961853027,0.010200000368058681
YBL035C,YLR388W,0,3.2800884,0.8723667860031128,0.7039999961853027,0.010300000198185444
YCL036W,YLR249W,0,3.2630024,0.8712871074676514,0.7039999961853027,0.010400000028312206
YDR091C,YMR125W,1,3.2544951,0.8714462518692017,0.7049999833106995,0.010400000028312206
YPL050C,YLR029C,0,3.249897,0.8703703880310059,0.7049999833106995,0.010499999858438969
YMR239C,YOR287C,1,3.247252,0.8705301880836487,0.7059999704360962,0.010499999858438969
YER168C,YMR269W,0,3.2451699,0.8694581389427185,0.7059999704360962,0.010599999688565731
YOL142W,YDR450W,1,3.2377586,0.8696187138557434,0.7070000171661377,0.010599999688565731
YBR275C,YNR053C,0,3.2361588,0.8685503602027893,0.7070000171661377,0.010700000450015068
YHR216W,YHR128W,0,3.2338006,0.8674846887588501,0.7070000171661377,0.01080000028014183
YNR053C,YNL300W,0,3.22701,0.8664215803146362,0.7070000171661377,0.010900000110268593
YMR093W,YBL026W,1,3.2266197,0.8665850758552551,0.7080000042915344,0.010900000110268593
YOR048C,YNL232W,1,3.2253008,0.8667481541633606,0.7089999914169312,0.010900000110268593
YOR119C,YLR002C,1,3.2056513,0.8669108748435974,0.7099999785423279,0.010900000110268593
YPL129W,YPR060C,0,3.2015774,0.8658536672592163,0.7099999785423279,0.010999999940395355
YJR002W,YPL178W,1,3.1982057,0.8660170435905457,0.7110000252723694,0.010999999940395355
YLL034C,YKL006C-A,0,3.176683,0.8649635314941406,0.7110000252723694,0.011099999770522118
YOR048C,YGR195W,1,3.172329,0.8651275634765625,0.7120000123977661,0.011099999770522118
YNL239W,YMR173W,0,3.1426692,0.8640776872634888,0.7120000123977661,0.01119999960064888
YLR291C,YGR208W,0,3.136888,0.8630303144454956,0.7120000123977661,0.011300000362098217
YBR169C,YNL223W,0,3.1344051,0.861985445022583,0.7120000123977661,0.01140000019222498
YDR174W,YKR025W,0,3.1338816,0.8609431385993958,0.7120000123977661,0.011500000022351742
YHR069C,YNL147W,1,3.1316319,0.8611111044883728,0.7129999995231628,0.011500000022351742
YGR180C,YGR108W,0,3.1270447,0.8600723743438721,0.7129999995231628,0.011599999852478504
YLR223C,YGL043W,0,3.125102,0.8590361475944519,0.7129999995231628,0.011699999682605267
YLL012W,YPL183C,0,3.1206055,0.8580024242401123,0.7129999995231628,0.011800000444054604
YHR187W,YDR110W,0,3.1165376,0.8569711446762085,0.7129999995231628,0.011900000274181366
YGR020C,YBL027W,0,3.11602,0.8559423685073853,0.7129999995231628,0.012000000104308128
YEL037C,YDR156W,0,3.1156065,0.8549160957336426,0.7129999995231628,0.01209999993443489
YJR147W,YML022W,0,3.1139085,0.8538922071456909,0.7129999995231628,0.012199999764561653
YNR053C,YOR216C,0,3.1119585,0.8528708219528198,0.7129999995231628,0.012299999594688416
YBL018C,YGR095C,1,3.107401,0.8530465960502625,0.7139999866485596,0.012299999594688416
YOR119C,YPL235W,1,3.101235,0.8532219529151917,0.7149999737739563,0.012299999594688416
YLR409C,YOR287C,1,3.098643,0.8533968925476074,0.7160000205039978,0.012299999594688416
YBR257W,YDR021W,1,3.0890753,0.8535714149475098,0.7170000076293945,0.012299999594688416
YOR312C,YKR079C,0,3.0849314,0.8525564670562744,0.7170000076293945,0.012400000356137753
YFR001W,YOR153W,0,3.0567462,0.8515439629554749,0.7170000076293945,0.012500000186264515
YPL235W,YOR078W,1,3.0544975,0.8517200350761414,0.7179999947547913,0.012500000186264515
YGL030W,YNL147W,1,3.053,0.8518957495689392,0.718999981880188,0.012500000186264515
YHR169W,YMR125W,1,3.0511744,0.8520709872245789,0.7200000286102295,0.012500000186264515
YKL213C,YFR049W,0,3.0451665,0.8510638475418091,0.7200000286102295,0.012600000016391277
YBR181C,YDR280W,1,3.041358,0.8512396812438965,0.7210000157356262,0.012600000016391277
YOR241W,YNL113W,0,3.0359807,0.8502358198165894,0.7210000157356262,0.01269999984651804
YJL145W,YNL209W,0,3.032115,0.849234402179718,0.7210000157356262,0.012799999676644802
YHR072W-A,YDL208W,1,3.0242033,0.8494117856025696,0.722000002861023,0.012799999676644802
YNR038W,YBR181C,1,3.0177698,0.8495886921882629,0.7229999899864197,0.012799999676644802
YNL221C,YNR024W,1,3.011236,0.8497652411460876,0.7239999771118164,0.012799999676644802
YBR167C,YGR118W,1,3.0094056,0.8499413728713989,0.7250000238418579,0.012799999676644802
YNR054C,YER146W,1,3.005884,0.8501170873641968,0.7260000109672546,0.012799999676644802
YIL133C,YEL001C,0,3.001124,0.8491228222846985,0.7260000109672546,0.012900000438094139
YPR144C,YGR276C,1,2.993436,0.8492990732192993,0.7269999980926514,0.012900000438094139
YBL018C,YOL142W,1,2.9818368,0.8494749069213867,0.7279999852180481,0.012900000438094139
YIL053W,YNL132W,0,2.980692,0.8484848737716675,0.7279999852180481,0.013000000268220901
YDR165W,YDR017C,0,2.9770882,0.8474971055984497,0.7279999852180481,0.013100000098347664
YDL213C,YLR145W,1,2.9702733,0.8476744294166565,0.7289999723434448,0.013100000098347664
YIL069C,YLR167W,1,2.9691298,0.8478513360023499,0.7300000190734863,0.013100000098347664
YPL015C,YMR119W,0,2.9669528,0.8468677401542664,0.7300000190734863,0.013199999928474426
YGL148W,YDR119W,0,2.962004,0.8458864688873291,0.7300000190734863,0.013299999758601189
YOR359W,YOR271C,0,2.9616578,0.8449074029922485,0.7300000190734863,0.013399999588727951
YDR517W,YJL060W,0,2.9581578,0.8439306616783142,0.7300000190734863,0.013500000350177288
YMR112C,YNR003C,0,2.9556637,0.8429561257362366,0.7300000190734863,0.01360000018030405
YPL266W,YOR287C,1,2.95438,0.843137264251709,0.7310000061988831,0.01360000018030405
YOR252W,YNL099C,0,2.9531384,0.8421658873558044,0.7310000061988831,0.013700000010430813
YGR276C,YNR024W,1,2.9521365,0.8423475027084351,0.7319999933242798,0.013700000010430813
YPR133C,YIR026C,0,2.947981,0.8413792848587036,0.7319999933242798,0.013799999840557575
YPL235W,YER102W,1,2.9387221,0.8415614366531372,0.7329999804496765,0.013799999840557575
YDR129C,YPL203W,0,2.9376307,0.8405963182449341,0.7329999804496765,0.013899999670684338
YGR095C,YBR257W,1,2.9287727,0.8407789468765259,0.734000027179718,0.013899999670684338
YGL100W,YNL110C,0,2.925272,0.8398169279098511,0.734000027179718,0.014000000432133675
YOR207C,YDR153C,0,2.9164279,0.838857114315033,0.734000027179718,0.014100000262260437
YPR113W,YGL200C,0,2.9139726,0.8378995656967163,0.734000027179718,0.0142000000923872
YDR178W,YLR251W,0,2.9102306,0.8369441032409668,0.734000027179718,0.014299999922513962
YIL127C,YLR405W,0,2.9086168,0.8359909057617188,0.734000027179718,0.014399999752640724
YIL110W,YDR140W,0,2.9022534,0.8350397944450378,0.734000027179718,0.014499999582767487
YKR049C,YKL150W,0,2.8995306,0.8340908885002136,0.734000027179718,0.014600000344216824
YDL111C,YNR024W,1,2.897655,0.8342792391777039,0.7350000143051147,0.014600000344216824
YDR144C,YPL273W,0,2.8914921,0.8333333134651184,0.7350000143051147,0.014700000174343586
YGR090W,YER102W,1,2.8866076,0.8335220813751221,0.7360000014305115,0.014700000174343586
YDL055C,YMR079W,0,2.8820946,0.8325791954994202,0.7360000014305115,0.014800000004470348
YJR014W,YER172C,0,2.8817644,0.8316383957862854,0.7360000014305115,0.01489999983459711
YER002W,YER146W,1,2.8796709,0.8318284153938293,0.7369999885559082,0.01489999983459711
YNL147W,YDL014W,1,2.8709188,0.8320180177688599,0.7379999756813049,0.01489999983459711
YBR130C,YGL103W,0,2.87029,0.8310810923576355,0.7379999756813049,0.014999999664723873
YBR167C,YDL208W,1,2.8697412,0.8312711119651794,0.7390000224113464,0.014999999664723873
YGR276C,YLR222C,1,2.8691342,0.8314606547355652,0.7400000095367432,0.014999999664723873
YDL208W,YMR125W,1,2.866548,0.8316498398780823,0.7409999966621399,0.014999999664723873
YLR406C,YGL014W,0,2.8654826,0.8307175040245056,0.7409999966621399,0.01510000042617321
YGL078C,YMR125W,1,2.860168,0.8309070467948914,0.7419999837875366,0.01510000042617321
YGL099W,YOR320C,0,2.8580856,0.8299776315689087,0.7419999837875366,0.015200000256299973
YHR088W,YDR450W,1,2.8579793,0.8301675915718079,0.7429999709129333,0.015200000256299973
YGL050W,YKL081W,0,2.8556855,0.8292410969734192,0.7429999709129333,0.015300000086426735
YJR147W,YLR405W,0,2.853627,0.8283166289329529,0.7429999709129333,0.015399999916553497
YMR246W,YPL128C,0,2.8510323,0.8273941874504089,0.7429999709129333,0.01549999974668026
YOR210W,YJR032W,0,2.8510087,0.8264738321304321,0.7429999709129333,0.015599999576807022
YOR239W,YDL191W,0,2.8509831,0.8255555629730225,0.7429999709129333,0.015699999406933784
YIL118W,YPL193W,0,2.846131,0.8246392607688904,0.7429999709129333,0.015799999237060547
YKL099C,YMR125W,1,2.8426423,0.8248336911201477,0.7440000176429749,0.015799999237060547
YOR210W,YJL162C,0,2.8404999,0.8239202499389648,0.7440000176429749,0.01590000092983246
YLR406C,YLR103C,0,2.840314,0.8230088353157043,0.7440000176429749,0.01600000075995922
YNL153C,YER055C,0,2.8387256,0.8220994472503662,0.7440000176429749,0.016100000590085983
YDL212W,YDR429C,0,2.8320987,0.8211920261383057,0.7440000176429749,0.016200000420212746
YCR060W,YDR234W,0,2.8295445,0.8202866315841675,0.7440000176429749,0.016300000250339508
YKR060W,YNL163C,1,2.8140118,0.8204845786094666,0.7450000047683716,0.016300000250339508
YBL004W,YBL018C,1,2.8087368,0.8206820487976074,0.7459999918937683,0.016300000250339508
YJL098W,YNL068C,0,2.8068845,0.8197802305221558,0.7459999918937683,0.01640000008046627
YDL201W,YGL122C,0,2.786808,0.8188803791999817,0.7459999918937683,0.016499999910593033
YDR296W,YBL038W,0,2.786367,0.8179824352264404,0.7459999918937683,0.016599999740719795
YMR309C,YPL241C,0,2.7753034,0.8170865178108215,0.7459999918937683,0.016699999570846558
YJL098W,YOR153W,0,2.7695787,0.8161925673484802,0.7459999918937683,0.01679999940097332
YLR103C,YJR144W,0,2.764679,0.8153005242347717,0.7459999918937683,0.016899999231100082
YML128C,YOR142W,0,2.7638397,0.8144105076789856,0.7459999918937683,0.017000000923871994
YER056C,YOR295W,0,2.7635012,0.8135223388671875,0.7459999918937683,0.017100000753998756
YGL116W,YGL103W,0,2.7615428,0.812636137008667,0.7459999918937683,0.01720000058412552
YNL160W,YML013W,0,2.7578852,0.8117519021034241,0.7459999918937683,0.01730000041425228
YMR194W,YPL013C,0,2.7546198,0.810869574546814,0.7459999918937683,0.017400000244379044
YKL085W,YDL046W,0,2.7513576,0.8099891543388367,0.7459999918937683,0.017500000074505806
YJL050W,YPL178W,1,2.750989,0.8101952075958252,0.746999979019165,0.017500000074505806
YJL191W,YNL147W,1,2.7477195,0.8104008436203003,0.7480000257492065,0.017500000074505806
YML118W,YER062C,0,2.7462344,0.8095238208770752,0.7480000257492065,0.01759999990463257
YHR170W,YNL309W,0,2.7438848,0.8086486458778381,0.7480000257492065,0.01769999973475933
YBR167C,YPL081W,1,2.7380009,0.8088552951812744,0.7490000128746033,0.01769999973475933
YHR088W,YGR251W,1,2.7375312,0.8090614676475525,0.75,0.01769999973475933
YOL021C,YGR276C,1,2.7256753,0.8092672228813171,0.7509999871253967,0.01769999973475933
YKL103C,YKL062W,0,2.7254527,0.8083961009979248,0.7509999871253967,0.017799999564886093
YPL086C,YNL246W,0,2.7234728,0.8075268864631653,0.7509999871253967,0.017899999395012856
YER149C,YLR003C,0,2.7217493,0.8066595196723938,0.7509999871253967,0.017999999225139618
YLR178C,YPL084W,0,2.7071834,0.8057940006256104,0.7509999871253967,0.01810000091791153
YJR112W,YOR207C,0,2.6952622,0.8049303293228149,0.7509999871253967,0.018200000748038292
YMR246W,YNL065W,0,2.6923366,0.8040685057640076,0.7509999871253967,0.018300000578165054
YJR014W,YFL045C,0,2.691387,0.8032085299491882,0.7509999871253967,0.018400000408291817
YJL010C,YBR167C,1,2.6809087,0.8034188151359558,0.7519999742507935,0.018400000408291817
YOR294W,YLR059C,1,2.680784,0.8036286234855652,0.753000020980835,0.018400000408291817
YDR378C,YCR057C,1,2.6769218,0.8038379549980164,0.7540000081062317,0.018400000408291817
YDR378C,YPL211W,1,2.675222,0.8040468692779541,0.7549999952316284,0.018400000408291817
YDR147W,YOR206W,0,2.6714134,0.8031914830207825,0.7549999952316284,0.01850000023841858
YEL071W,YPR035W,0,2.662854,0.8023379445075989,0.7549999952316284,0.01860000006854534
YGR276C,YLR129W,1,2.6619942,0.8025477528572083,0.7559999823570251,0.01860000006854534
YKL110C,YPR009W,0,2.6603425,0.8016967177391052,0.7559999823570251,0.018699999898672104
YPL082C,YPL146C,1,2.653519,0.8019067645072937,0.7570000290870667,0.018699999898672104
YPR144C,YNL147W,1,2.6419635,0.8021163940429688,0.7580000162124634,0.018699999898672104
YOL142W,YGR030C,1,2.64131,0.8023256063461304,0.7590000033378601,0.018699999898672104
YBR034C,YBL079W,0,2.6366348,0.8014783263206482,0.7590000033378601,0.018799999728798866
YGL162W,YDR217C,0,2.6354933,0.800632894039154,0.7590000033378601,0.01889999955892563
YGR185C,YER176W,0,2.628915,0.7997892498970032,0.7590000033378601,0.01899999938905239
YGR033C,YKR079C,0,2.6238785,0.7989473938941956,0.7590000033378601,0.019099999219179153
YML010W,YKR044W,0,2.620168,0.7981072664260864,0.7590000033378601,0.019200000911951065
YPL128C,YOR320C,0,2.6177547,0.7972689270973206,0.7590000033378601,0.019300000742077827
YIL016W,YLR075W,0,2.6055863,0.7964323163032532,0.7590000033378601,0.01940000057220459
YKR081C,YPL082C,1,2.604247,0.7966457009315491,0.7599999904632568,0.01940000057220459
YLR316C,YKR099W,0,2.6009784,0.7958115339279175,0.7599999904632568,0.019500000402331352
YPL249C-A,YHR142W,0,2.597526,0.7949790954589844,0.7599999904632568,0.019600000232458115
YIL133C,YGL238W,0,2.597208,0.7941483855247498,0.7599999904632568,0.019700000062584877
YGR027C,YPR056W,0,2.595064,0.7933194041252136,0.7599999904632568,0.01979999989271164
YOR294W,YGR251W,1,2.5944676,0.7935349345207214,0.7609999775886536,0.01979999989271164
YLL008W,YBR167C,1,2.5916612,0.793749988079071,0.7620000243186951,0.01979999989271164
YGL122C,YLR003C,0,2.5893168,0.7929240465164185,0.7620000243186951,0.019899999722838402
YGR276C,YGR271C-A,1,2.5866113,0.7931392788887024,0.7630000114440918,0.019899999722838402
YGR276C,YCR057C,1,2.581979,0.7933540940284729,0.7639999985694885,0.019899999722838402
YDR416W,YDR361C,0,2.580423,0.7925311326980591,0.7639999985694885,0.019999999552965164
YGR211W,YOL097C,0,2.580205,0.791709840297699,0.7639999985694885,0.020099999383091927
YPL079W,YOL135C,0,2.579666,0.7908902764320374,0.7639999985694885,0.02019999921321869
YEL055C,YBR130C,0,2.5779328,0.7900723814964294,0.7639999985694885,0.0203000009059906
YKR057W,YNL222W,1,2.5721295,0.7902892827987671,0.7649999856948853,0.0203000009059906
YBR167C,YOR243C,1,2.5720224,0.7905056476593018,0.765999972820282,0.0203000009059906
YGR229C,YPR169W,0,2.5713353,0.7896907329559326,0.765999972820282,0.020400000736117363
YDR385W,YHR143W-A,0,2.5711782,0.7888774275779724,0.765999972820282,0.020500000566244125
YLL045C,YLR342W,0,2.5657735,0.7880658507347107,0.765999972820282,0.020600000396370888
YAL031C,YJR103W,0,2.564657,0.7872558832168579,0.765999972820282,0.02070000022649765
YFR001W,YML098W,0,2.5618496,0.7864476442337036,0.765999972820282,0.020800000056624413
YLR093C,YBR026C,0,2.5566797,0.7856410145759583,0.765999972820282,0.020899999886751175
YMR193W,YOL033W,0,2.5552754,0.7848360538482666,0.765999972820282,0.020999999716877937
YDR377W,YBL045C,0,2.5549588,0.7840327620506287,0.765999972820282,0.0210999995470047
YDR064W,YOR048C,1,2.5535266,0.7842535972595215,0.7670000195503235,0.0210999995470047
YOR208W,YDL215C,0,2.552756,0.7834525108337402,0.7670000195503235,0.021199999377131462
YER175C,YNL294C,0,2.5505047,0.7826530337333679,0.7670000195503235,0.021299999207258224
YEL001C,YIR026C,0,2.5499942,0.7818552255630493,0.7670000195503235,0.021400000900030136
YAL019W,YCL029C,0,2.5468724,0.7810590863227844,0.7670000195503235,0.0215000007301569
YER007C-A,YGR105W,0,2.5460894,0.7802644968032837,0.7670000195503235,0.02160000056028366
YDR165W,YDR416W,0,2.5453873,0.7794715166091919,0.7670000195503235,0.021700000390410423
YGR276C,YPL217C,1,2.5435314,0.779695451259613,0.7680000066757202,0.021700000390410423
YPR160W,YFL014W,0,2.5372643,0.7789046764373779,0.7680000066757202,0.021800000220537186
YLR336C,YDR472W,0,2.5356312,0.7781155109405518,0.7680000066757202,0.021900000050663948
YNL082W,YML022W,0,2.5347102,0.7773279547691345,0.7680000066757202,0.02199999988079071
YBR162W-A,YMR246W,0,2.5330784,0.7765419483184814,0.7680000066757202,0.022099999710917473
YJR041C,YLR059C,1,2.527844,0.7767676711082458,0.7689999938011169,0.022099999710917473
YBR155W,YNL145W,0,2.5254812,0.7759838700294495,0.7689999938011169,0.022199999541044235
YLL048C,YLR017W,0,2.519556,0.7752016186714172,0.7689999938011169,0.022299999371170998
YNL065W,YPL128C,0,2.5175931,0.7744209170341492,0.7689999938011169,0.02239999920129776
YGL097W,YNL147W,1,2.5106914,0.7746478915214539,0.7699999809265137,0.02239999920129776
YNR026C,YIR026C,0,2.5081544,0.7738693356513977,0.7699999809265137,0.02250000089406967
YOR004W,YGR251W,1,2.5066907,0.7740963697433472,0.7710000276565552,0.02250000089406967
YEL046C,YFR031C-A,0,2.5038047,0.7733199596405029,0.7710000276565552,0.022600000724196434
YDL191W,YGR275W,0,2.5030398,0.7725450992584229,0.7710000276565552,0.022700000554323196
YKL163W,YDL239C,0,2.5027688,0.7717717885971069,0.7710000276565552,0.02280000038444996
YDL208W,YLR145W,1,2.5024478,0.7720000147819519,0.7720000147819519,0.02280000038444996
YPR104C,YER127W,1,2.4975777,0.7722277641296387,0.7730000019073486,0.02280000038444996
YLR215C,YNL216W,0,2.4881613,0.7714570760726929,0.7730000019073486,0.02290000021457672
YOR079C,YIL134W,0,2.4861815,0.7706879377365112,0.7730000019073486,0.023000000044703484
YPL087W,YGR044C,0,2.4856834,0.769920289516449,0.7730000019073486,0.023099999874830246
YDR378C,YDL014W,1,2.483468,0.7701492309570312,0.7739999890327454,0.023099999874830246
YBR167C,YNR038W,1,2.4810824,0.7703777551651001,0.7749999761581421,0.023099999874830246
YJL191W,YLR059C,1,2.480619,0.770605742931366,0.7760000228881836,0.023099999874830246
YNL298W,YDR408C,0,2.4720204,0.7698412537574768,0.7760000228881836,0.02319999970495701
YBL004W,YBL026W,1,2.465972,0.7700693607330322,0.7770000100135803,0.02319999970495701
YDR091C,YLR059C,1,2.4626598,0.7702970504760742,0.777999997138977,0.02319999970495701
YNL221C,YGL097W,1,2.4626443,0.7705242037773132,0.7789999842643738,0.02319999970495701
YNR028W,YDL081C,0,2.4609935,0.7697628736495972,0.7789999842643738,0.02329999953508377
YLR016C,YJR063W,0,2.457254,0.7690029740333557,0.7789999842643738,0.023399999365210533
YPL235W,YLR051C,1,2.454051,0.7692307829856873,0.7799999713897705,0.023399999365210533
YDR226W,YDR211W,0,2.4450128,0.7684729099273682,0.7799999713897705,0.023499999195337296
YBL079W,YFR028C,0,2.438634,0.7677165269851685,0.7799999713897705,0.023600000888109207
YHR060W,YHR128W,0,2.4374568,0.7669616341590881,0.7799999713897705,0.02370000071823597
YHR123W,YPL145C,0,2.4333045,0.7662082314491272,0.7799999713897705,0.023800000548362732
YBR188C,YGR245C,0,2.4329772,0.7654563188552856,0.7799999713897705,0.023900000378489494
YOR262W,YER056C,0,2.4308848,0.7647058963775635,0.7799999713897705,0.024000000208616257
YKL009W,YNL222W,1,2.4299405,0.7649363279342651,0.781000018119812,0.024000000208616257
YBR130C,YIL018W,0,2.4231038,0.7641878724098206,0.781000018119812,0.02410000003874302
YNL221C,YDR280W,1,2.4227438,0.764418363571167,0.7820000052452087,0.02410000003874302
YMR241W,YIL142W,0,2.4219046,0.763671875,0.7820000052452087,0.02419999986886978
YKL103C,YMR262W,0,2.418833,0.7629268169403076,0.7820000052452087,0.024299999698996544
YOR230W,YNL093W,0,2.41775,0.7621832489967346,0.7820000052452087,0.024399999529123306
YHR197W,YGR251W,1,2.416524,0.762414813041687,0.7829999923706055,0.024399999529123306
YPL037C,YNL038W,0,2.411992,0.7616731524467468,0.7829999923706055,0.02449999935925007
YHR148W,YCR018C,1,2.4095545,0.761904776096344,0.7839999794960022,0.02449999935925007
YGR276C,YLR068W,1,2.4067028,0.762135922908783,0.7850000262260437,0.02449999935925007
YBL042C,YHR201C,0,2.4053843,0.7613967061042786,0.7850000262260437,0.02459999918937683
YNL147W,YLR197W,1,2.4037037,0.7616279125213623,0.7860000133514404,0.02459999918937683
YDL207W,YOR091W,0,2.4023993,0.7608906030654907,0.7860000133514404,0.024700000882148743
YIL127C,YBL087C,0,2.4015057,0.7601547241210938,0.7860000133514404,0.024800000712275505
YLR435W,YLR059C,1,2.4005766,0.7603864669799805,0.7870000004768372,0.024800000712275505
YPL005W,YLL055W,0,2.3984785,0.7596524953842163,0.7870000004768372,0.024900000542402267
YDR267C,YNL209W,0,2.3979948,0.7589199542999268,0.7870000004768372,0.02500000037252903
YMR195W,YNL055C,0,2.3964489,0.7581888437271118,0.7870000004768372,0.025100000202655792
YKR095W,YFR031C-A,0,2.3947065,0.7574591040611267,0.7870000004768372,0.025200000032782555
YOR273C,YOR173W,0,2.3931031,0.7567307949066162,0.7870000004768372,0.025299999862909317
YLR129W,YLR059C,1,2.3906455,0.7569644451141357,0.7879999876022339,0.025299999862909317
YGL032C,YHR018C,0,2.3897097,0.7562379837036133,0.7879999876022339,0.02539999969303608
YMR143W,YPL178W,1,2.384298,0.7564716935157776,0.7889999747276306,0.02539999969303608
YFL034C-A,YPL112C,0,2.3828628,0.7557471394538879,0.7889999747276306,0.025499999523162842
YGL064C,YMR309C,0,2.3783474,0.7550238966941833,0.7889999747276306,0.025599999353289604
YOL016C,YMR040W,0,2.377652,0.7543020844459534,0.7889999747276306,0.025699999183416367
YOR210W,YPL112C,0,2.3741293,0.7535816431045532,0.7889999747276306,0.025800000876188278
YNL220W,YKL205W,0,2.3738375,0.7528625726699829,0.7889999747276306,0.02590000070631504
YCR028C-A,YHR128W,0,2.370881,0.7521448731422424,0.7889999747276306,0.026000000536441803
YFR038W,YIL018W,0,2.3648648,0.7514285445213318,0.7889999747276306,0.026100000366568565
YMR143W,YNL222W,1,2.3634758,0.7516650557518005,0.7900000214576721,0.026100000366568565
YDR302W,YDR395W,0,2.357451,0.7509505748748779,0.7900000214576721,0.026200000196695328
YDL207W,YBR154C,0,2.3574278,0.7502374053001404,0.7900000214576721,0.02630000002682209
YPR163C,YPR046W,0,2.3553078,0.7495256066322327,0.7900000214576721,0.026399999856948853
YOR273C,YIR039C,0,2.354487,0.7488151788711548,0.7900000214576721,0.026499999687075615
YLL034C,YLR182W,0,2.3528755,0.748106062412262,0.7900000214576721,0.026599999517202377
YJL011C,YHR205W,0,2.3502796,0.747398316860199,0.7900000214576721,0.02669999934732914
YKL193C,YKL093W,0,2.3472493,0.746691882610321,0.7900000214576721,0.026799999177455902
YLR129W,YOR287C,1,2.3451242,0.7469310760498047,0.7910000085830688,0.026799999177455902
YMR250W,YMR262W,0,2.342405,0.74622642993927,0.7910000085830688,0.026900000870227814
YHR197W,YPR104C,1,2.3415082,0.7464656233787537,0.7919999957084656,0.026900000870227814
YCR060W,YDR167W,0,2.3412855,0.7457627058029175,0.7919999957084656,0.027000000700354576
YHR072W-A,YLL008W,1,2.3400373,0.7460018992424011,0.7929999828338623,0.027000000700354576
YER021W,YBR170C,0,2.3345923,0.7453007698059082,0.7929999828338623,0.02710000053048134
YDR167W,YGL255W,0,2.3315616,0.7446009516716003,0.7929999828338623,0.0272000003606081
YIL047C,YNL256W,0,2.3287003,0.7439024448394775,0.7929999828338623,0.027300000190734863
YBL068W,YDR260C,0,2.3281884,0.7432052493095398,0.7929999828338623,0.027400000020861626
YPL050C,YMR234W,0,2.327119,0.7425093650817871,0.7929999828338623,0.027499999850988388
YNL153C,YDR212W,0,2.3263688,0.7418147921562195,0.7929999828338623,0.02759999968111515
YMR236W,YOL097C,0,2.3187876,0.7411214709281921,0.7929999828338623,0.027699999511241913
YJR125C,YMR110C,0,2.3167865,0.7404295206069946,0.7929999828338623,0.027799999341368675
YIL053W,YGR192C,0,2.314935,0.7397388219833374,0.7929999828338623,0.027899999171495438
YFR055W,YDR140W,0,2.3148484,0.7390493750572205,0.7929999828338623,0.02800000086426735
YPL094C,YLR075W,0,2.3129482,0.7383612394332886,0.7929999828338623,0.02810000069439411
YDR378C,YGL246C,1,2.3103,0.7386046648025513,0.7940000295639038,0.02810000069439411
YBR061C,YLR138W,0,2.3085933,0.7379181981086731,0.7940000295639038,0.028200000524520874
YGR092W,YNR067C,0,2.307188,0.73723304271698,0.7940000295639038,0.028300000354647636
YPL008W,YDR190C,0,2.304555,0.7365491390228271,0.7940000295639038,0.0284000001847744
YGL125W,YOR245C,0,2.3014083,0.7358665466308594,0.7940000295639038,0.02850000001490116
YGL006W,YMR251W-A,0,2.2971487,0.7351852059364319,0.7940000295639038,0.028599999845027924
YOR071C,YOR054C,0,2.293498,0.7345051169395447,0.7940000295639038,0.028699999675154686
YAR002C-A,YNL164C,0,2.292166,0.733826220035553,0.7940000295639038,0.02879999950528145
YDL226C,YPR187W,0,2.2916777,0.7331486344337463,0.7940000295639038,0.02889999933540821
YKR025W,YER031C,0,2.2892845,0.73247230052948,0.7940000295639038,0.028999999165534973
YPL094C,YHL003C,0,2.28795,0.7317972183227539,0.7940000295639038,0.029100000858306885
YOR241W,YGR083C,0,2.2844987,0.7311233878135681,0.7940000295639038,0.029200000688433647
YBL076C,YER019C-A,0,2.2844353,0.7304508090019226,0.7940000295639038,0.02930000051856041
YMR321C,YLR007W,0,2.2820463,0.7297794222831726,0.7940000295639038,0.029400000348687172
YDR378C,YDR021W,1,2.2805448,0.7300275564193726,0.7950000166893005,0.029400000348687172
YML024W,YMR268C,0,2.2802875,0.7293577790260315,0.7950000166893005,0.029500000178813934
YMR019W,YPL058C,0,2.2776272,0.7286892533302307,0.7950000166893005,0.029600000008940697
YBR018C,YKR067W,0,2.2767348,0.7280219793319702,0.7950000166893005,0.02969999983906746
YKR066C,YDL239C,0,2.276463,0.7273558974266052,0.7950000166893005,0.02979999966919422
YPR104C,YOR056C,1,2.2761588,0.7276051044464111,0.7960000038146973,0.02979999966919422
YNL182C,YLR059C,1,2.274645,0.7278538942337036,0.796999990940094,0.02979999966919422
YNL030W,YPR119W,0,2.2700853,0.7271897792816162,0.796999990940094,0.029899999499320984
YHR041C,YPL079W,0,2.269941,0.7265269160270691,0.796999990940094,0.029999999329447746
YLR208W,YDL055C,0,2.2697425,0.7258651852607727,0.796999990940094,0.03009999915957451
YHR134W,YDR184C,0,2.265621,0.7252047061920166,0.796999990940094,0.03020000085234642
YPR058W,YHR072W,0,2.2652416,0.7245454788208008,0.796999990940094,0.030300000682473183
YHR062C,YNL147W,1,2.2648978,0.7247956395149231,0.7979999780654907,0.030300000682473183
YMR229C,YER146W,1,2.2598026,0.725045382976532,0.7990000247955322,0.030300000682473183
YMR105C,YGR268C,0,2.2588093,0.7243880033493042,0.7990000247955322,0.030400000512599945
YPL171C,YPL097W,0,2.258386,0.7237318754196167,0.7990000247955322,0.030500000342726707
YNL221C,YDR021W,1,2.2552202,0.7239819169044495,0.800000011920929,0.030500000342726707
YBR060C,YFL045C,0,2.2524471,0.7233272790908813,0.800000011920929,0.03060000017285347
YNR054C,YDR378C,1,2.2505307,0.7235772609710693,0.8009999990463257,0.03060000017285347
YKL035W,YOR329C,0,2.249354,0.7229241728782654,0.8009999990463257,0.030700000002980232
YMR202W,YPL122C,0,2.245506,0.7222723364830017,0.8009999990463257,0.030799999833106995
YPR144C,YNL222W,1,2.239013,0.722522497177124,0.8019999861717224,0.030799999833106995
YGR276C,YPL266W,1,2.238264,0.7227723002433777,0.8029999732971191,0.030799999833106995
YAL017W,YPR160W,0,2.231861,0.722122311592102,0.8029999732971191,0.030899999663233757
YAL029C,YNL209W,0,2.230953,0.7214735150337219,0.8029999732971191,0.03099999949336052
YKL049C,YMR241W,0,2.2282016,0.7208258509635925,0.8029999732971191,0.031099999323487282
YKL018W,YOR355W,0,2.2277427,0.7201793789863586,0.8029999732971191,0.031199999153614044
YBR155W,YJR101W,0,2.2269032,0.7195340394973755,0.8029999732971191,0.031300000846385956
YNL133C,YOR207C,0,2.2183235,0.7188898921012878,0.8029999732971191,0.03139999881386757
YMR195W,YKR066C,0,2.2104406,0.7182468771934509,0.8029999732971191,0.03150000050663948
YBL051C,YEL034W,0,2.208623,0.7176049947738647,0.8029999732971191,0.031599998474121094
YLR059C,YML093W,1,2.2070055,0.7178571224212646,0.8040000200271606,0.031599998474121094
YDR411C,YML126C,0,2.206671,0.7172167897224426,0.8040000200271606,0.031700000166893005
YGL014W,YNL048W,0,2.2065487,0.7165775299072266,0.8040000200271606,0.03180000185966492
YMR170C,YCR068W,0,2.206451,0.715939462184906,0.8040000200271606,0.03189999982714653
YPR104C,YNR038W,1,2.2054617,0.7161921858787537,0.8050000071525574,0.03189999982714653
YDR378C,YOR294W,1,2.1980934,0.7164444327354431,0.8059999942779541,0.03189999982714653
YNL023C,YML022W,0,2.1980703,0.7158081531524658,0.8059999942779541,0.03200000151991844
YML041C,YOR298W,0,2.1926584,0.7151730060577393,0.8059999942779541,0.032099999487400055
YOR341W,YDL102W,0,2.1920686,0.7145389914512634,0.8059999942779541,0.03220000118017197
YLR449W,YKL054C,0,2.1849546,0.7139061093330383,0.8059999942779541,0.03229999914765358
YOR095C,YDR153C,0,2.1849318,0.713274359703064,0.8059999942779541,0.03240000084042549
YNL023C,YIL052C,0,2.1814866,0.7126436829566956,0.8059999942779541,0.032499998807907104
YPR001W,YPR154W,0,2.176463,0.7120141386985779,0.8059999942779541,0.032600000500679016
YPL178W,YNL147W,1,2.174868,0.7122682929039001,0.8069999814033508,0.032600000500679016
YPR160W,YLR345W,0,2.1731675,0.7116402387619019,0.8069999814033508,0.03269999846816063
YLL026W,YKL093W,0,2.169288,0.7110131978988647,0.8069999814033508,0.03280000016093254
YOR079C,YER171W,0,2.1675727,0.7103873491287231,0.8069999814033508,0.03290000185370445
YHR205W,YNL123W,0,2.164778,0.7097625136375427,0.8069999814033508,0.032999999821186066
YOR056C,YGR251W,1,2.1620798,0.7100175619125366,0.8080000281333923,0.032999999821186066
YKR024C,YNL222W,1,2.162032,0.7102721929550171,0.8090000152587891,0.032999999821186066
YJL191W,YMR228W,1,2.1593077,0.7105262875556946,0.8100000023841858,0.032999999821186066
YML014W,YOR320C,0,2.1575742,0.7099035978317261,0.8100000023841858,0.03310000151395798
YGL105W,YNL154C,0,2.157411,0.7092819809913635,0.8100000023841858,0.03319999948143959
YBR044C,YHR024C,0,2.1566272,0.7086614370346069,0.8100000023841858,0.0333000011742115
YLR022C,YNL147W,1,2.1557012,0.7089160680770874,0.8109999895095825,0.0333000011742115
YBR287W,YDR085C,0,2.15425,0.7082969546318054,0.8109999895095825,0.033399999141693115
YPR058W,YPL079W,0,2.140996,0.7076788544654846,0.8109999895095825,0.03350000083446503
YGL111W,YMR228W,1,2.1394303,0.7079337239265442,0.8119999766349792,0.03350000083446503
YGR174C,YDL021W,0,2.1388435,0.707317054271698,0.8119999766349792,0.03359999880194664
YOR229W,YLR336C,0,2.1321416,0.7067014575004578,0.8119999766349792,0.03370000049471855
YLR059C,YDR280W,1,2.1319258,0.7069565057754517,0.8130000233650208,0.03370000049471855
YBR074W,YOR236W,0,2.1315958,0.706342339515686,0.8130000233650208,0.033799998462200165
YBL091C,YDR454C,0,2.1294549,0.7057291865348816,0.8130000233650208,0.033900000154972076
YER056C,YPL112C,0,2.1276622,0.7051171064376831,0.8130000233650208,0.03400000184774399
YGR257C,YMR193W,0,2.12266,0.7045060396194458,0.8130000233650208,0.0340999998152256
YER026C,YDL181W,0,2.1222572,0.7038961052894592,0.8130000233650208,0.03420000150799751
YKR024C,YHR034C,1,2.1193745,0.7041522264480591,0.8140000104904175,0.03420000150799751
YJR047C,YJL192C,0,2.1184006,0.7035436630249023,0.8140000104904175,0.034299999475479126
YOR361C,YCL010C,0,2.1156306,0.7029361128807068,0.8140000104904175,0.03440000116825104
YHR029C,YFR050C,0,2.1147892,0.7023295760154724,0.8140000104904175,0.03449999913573265
YLR431C,YJL159W,0,2.1129277,0.701724112033844,0.8140000104904175,0.03460000082850456
YDR512C,YBR149W,0,2.1083472,0.7011197209358215,0.8140000104904175,0.034699998795986176
YCR046C,YLR203C,0,2.1073003,0.7005163431167603,0.8140000104904175,0.03480000048875809
YLR022C,YNL163C,1,2.1019247,0.7007738351821899,0.8149999976158142,0.03480000048875809
YOR122C,YFL026W,0,2.0997438,0.7001718282699585,0.8149999976158142,0.0348999984562397
YGL246C,YMR125W,1,2.0968883,0.7004292011260986,0.8159999847412109,0.0348999984562397
YKL148C,YOL052C-A,0,2.0952265,0.6998284459114075,0.8159999847412109,0.03500000014901161
YIL094C,YLL024C,0,2.0917356,0.6992287635803223,0.8159999847412109,0.035100001841783524
YGR289C,YIL097W,0,2.0903137,0.698630154132843,0.8159999847412109,0.03519999980926514
YIL140W,YHL001W,0,2.0901902,0.6980324983596802,0.8159999847412109,0.03530000150203705
YNL102W,YAL029C,0,2.0882795,0.6974359154701233,0.8159999847412109,0.03539999946951866
YNL222W,YHR148W,1,2.0882716,0.6976943016052246,0.8169999718666077,0.03539999946951866
YDR365C,YGR251W,1,2.0839992,0.6979522109031677,0.8180000185966492,0.03539999946951866
YBL018C,YOR119C,1,2.0826914,0.6982097029685974,0.8190000057220459,0.03539999946951866
YML131W,YMR173W,0,2.081209,0.6976149678230286,0.8190000057220459,0.03550000116229057
YHR034C,YHR148W,1,2.079586,0.6978723406791687,0.8199999928474426,0.03550000116229057
YHR072W-A,YIL019W,1,2.0768409,0.6981292366981506,0.8209999799728394,0.03550000116229057
YHR094C,YLR272C,0,2.076471,0.6975361108779907,0.8209999799728394,0.035599999129772186
YDR194C,YEL003W,0,2.0748792,0.696943998336792,0.8209999799728394,0.0357000008225441
YML046W,YDR081C,0,2.074336,0.6963528394699097,0.8209999799728394,0.03579999879002571
YBL006C,YHR201C,0,2.0721219,0.6957626938819885,0.8209999799728394,0.03590000048279762
YHR034C,YER127W,1,2.0688076,0.6960203051567078,0.8220000267028809,0.03590000048279762
YHR072W-A,YDR339C,1,2.0641387,0.6962774991989136,0.8230000138282776,0.03590000048279762
YPL086C,YPL145C,0,2.058406,0.6956889033317566,0.8230000138282776,0.035999998450279236
YOL010W,YHR034C,1,2.056923,0.6959459185600281,0.8240000009536743,0.035999998450279236
YKL008C,YAL007C,0,2.0544264,0.6953586339950562,0.8240000009536743,0.03610000014305115
YJL172W,YEL071W,0,2.0534272,0.6947723627090454,0.8240000009536743,0.03620000183582306
YPR113W,YOR095C,0,2.0534148,0.6941870450973511,0.8240000009536743,0.03629999980330467
YGR055W,YLR056W,0,2.0484352,0.6936026811599731,0.8240000009536743,0.036400001496076584
YLR059C,YER146W,1,2.0483453,0.6938604116439819,0.824999988079071,0.036400001496076584
YML110C,YLR044C,0,2.046004,0.6932772994041443,0.824999988079071,0.0364999994635582
YPL131W,YJL168C,0,2.0456445,0.6926952004432678,0.824999988079071,0.03660000115633011
YOR065W,YDR343C,0,2.0448403,0.6921141147613525,0.824999988079071,0.03669999912381172
YBL076C,YIL040W,0,2.0411444,0.6915339231491089,0.824999988079071,0.03680000081658363
YJL063C,YDL103C,0,2.040476,0.6909547448158264,0.824999988079071,0.03689999878406525
YOR129C,YKR079C,0,2.03637,0.6903765797615051,0.824999988079071,0.03700000047683716
YOR287C,YGR081C,1,2.0363169,0.6906354427337646,0.8259999752044678,0.03700000047683716
YLR133W,YFL014W,0,2.0329137,0.6900584697723389,0.8259999752044678,0.03709999844431877
YKL110C,YGR152C,0,2.031488,0.6894824504852295,0.8259999752044678,0.03720000013709068
YOR359W,YHR141C,0,2.0294738,0.6889074444770813,0.8259999752044678,0.037300001829862595
YGL189C,YGR177C,0,2.0281398,0.6883333325386047,0.8259999752044678,0.03739999979734421
YMR202W,YGR085C,0,2.026261,0.6877601742744446,0.8259999752044678,0.03750000149011612
YDR435C,YDR516C,0,2.024443,0.6871880292892456,0.8259999752044678,0.03759999945759773
YKL166C,YMR246W,0,2.0243683,0.6866167783737183,0.8259999752044678,0.037700001150369644
YFL017W-A,YKR092C,0,2.0237827,0.6860465407371521,0.8259999752044678,0.03779999911785126
YGL076C,YGR198W,0,2.023661,0.6854771971702576,0.8259999752044678,0.03790000081062317
YNL246W,YGL256W,0,2.0214343,0.6849088072776794,0.8259999752044678,0.03799999877810478
YGL100W,YDR075W,0,2.0156975,0.6843413710594177,0.8259999752044678,0.038100000470876694
YFL001W,YGR275W,0,2.0121918,0.6837748289108276,0.8259999752044678,0.03819999843835831
YDR492W,YNR013C,0,2.0087554,0.683209240436554,0.8259999752044678,0.03830000013113022
YBR302C,YKR088C,0,2.0087383,0.6826446056365967,0.8259999752044678,0.03840000182390213
YPR171W,YDL122W,0,2.0079045,0.6820809245109558,0.8259999752044678,0.03849999979138374
YDR188W,YLL036C,0,2.0034492,0.6815181374549866,0.8259999752044678,0.038600001484155655
YLR133W,YPL215W,0,1.9981004,0.6809563040733337,0.8259999752044678,0.03869999945163727
YLR196W,YCR018C,1,1.996693,0.6812191009521484,0.8270000219345093,0.03869999945163727
YNL223W,YIL033C,0,1.9947611,0.6806584596633911,0.8270000219345093,0.03880000114440918
YMR008C,YDR508C,0,1.9947493,0.6800987124443054,0.8270000219345093,0.03889999911189079
YJL069C,YLR059C,1,1.9927164,0.6803615689277649,0.828000009059906,0.03889999911189079
YGR276C,YGR030C,1,1.9925101,0.6806239485740662,0.8289999961853027,0.03889999911189079
YOL042W,YFL026W,0,1.9913273,0.6800656318664551,0.8289999961853027,0.039000000804662704
YBL068W,YGR091W,0,1.9907196,0.6795082092285156,0.8289999961853027,0.03909999877214432
YOL021C,YDR450W,1,1.9898164,0.6797707080841064,0.8299999833106995,0.03909999877214432
YML022W,YNL080C,0,1.989196,0.6792144179344177,0.8299999833106995,0.03920000046491623
YBR204C,YLR258W,0,1.9865521,0.6786590218544006,0.8299999833106995,0.03929999843239784
YIL016W,YHR121W,0,1.9857819,0.6781045794487,0.8299999833106995,0.039400000125169754
YDR496C,YPL083C,0,1.9836494,0.6775510311126709,0.8299999833106995,0.039500001817941666
YHR134W,YOR239W,0,1.980628,0.6769983768463135,0.8299999833106995,0.03959999978542328
YGR082W,YDL179W,0,1.9792137,0.6764466166496277,0.8299999833106995,0.03970000147819519
YKR049C,YER142C,0,1.9783142,0.6758957505226135,0.8299999833106995,0.039799999445676804
YHR034C,YNL124W,1,1.9767468,0.6761595010757446,0.8309999704360962,0.039799999445676804
YDR378C,YLR051C,1,1.976635,0.6764227747917175,0.8320000171661377,0.039799999445676804
YJL166W,YMR136W,0,1.976534,0.6758732795715332,0.8320000171661377,0.039900001138448715
YDR490C,YKR067W,0,1.9754653,0.6753246784210205,0.8320000171661377,0.03999999910593033
YGR172C,YER073W,0,1.9720387,0.6747769713401794,0.8320000171661377,0.04010000079870224
YIL091C,YNL132W,0,1.9718575,0.67423015832901,0.8320000171661377,0.04019999876618385
YMR215W,YLR342W,0,1.9700906,0.6736842393875122,0.8320000171661377,0.040300000458955765
YKL191W,YML081W,0,1.964427,0.6731391549110413,0.8320000171661377,0.04039999842643738
YDR308C,YDR198C,0,1.9639256,0.6725949645042419,0.8320000171661377,0.04050000011920929
YER165W,YKR071C,0,1.960975,0.6720516681671143,0.8320000171661377,0.0406000018119812
YPR167C,YOR208W,0,1.9607748,0.6715092658996582,0.8320000171661377,0.040699999779462814
YNL110C,YBR279W,0,1.9574263,0.6709677577018738,0.8320000171661377,0.040800001472234726
YIL088C,YPL223C,0,1.9571786,0.6704270839691162,0.8320000171661377,0.04089999943971634
YHR120W,YBR074W,0,1.9553919,0.6698873043060303,0.8320000171661377,0.04100000113248825
YOR222W,YOR293W,0,1.9549785,0.6693483591079712,0.8320000171661377,0.041099999099969864
YFL017W-A,YGL058W,0,1.9508399,0.6688103079795837,0.8320000171661377,0.041200000792741776
YDR255C,YMR175W,0,1.9475973,0.6682730913162231,0.8320000171661377,0.04129999876022339
YJL183W,YKL196C,0,1.9451566,0.6677367687225342,0.8320000171661377,0.0414000004529953
YLR305C,YDR075W,0,1.9375556,0.6672012805938721,0.8320000171661377,0.04149999842047691
YOR339C,YJR014W,0,1.9368043,0.6666666865348816,0.8320000171661377,0.041600000113248825
YHR143W-A,YML098W,0,1.9362547,0.666132926940918,0.8320000171661377,0.04170000180602074
YDL052C,YDR399W,0,1.9335101,0.6656000018119812,0.8320000171661377,0.04179999977350235
YLL041C,YHR138C,0,1.9327664,0.6650679707527161,0.8320000171661377,0.04190000146627426
YGR271C-A,YHR034C,1,1.9314933,0.665335476398468,0.8330000042915344,0.04190000146627426
YPL203W,YEL071W,0,1.9301764,0.6648044586181641,0.8330000042915344,0.041999999433755875
YDR002W,YDR414C,0,1.9298042,0.6642743349075317,0.8330000042915344,0.042100001126527786
YLL048C,YDR384C,0,1.9279438,0.6637450456619263,0.8330000042915344,0.0421999990940094
YLR061W,YLR153C,0,1.9240414,0.6632165312767029,0.8330000042915344,0.04230000078678131
YGL162W,YPL244C,0,1.9228684,0.6626889705657959,0.8330000042915344,0.042399998754262924
YJR070C,YLR383W,0,1.9212533,0.662162184715271,0.8330000042915344,0.042500000447034836
YOR008C,YOR071C,0,1.9209075,0.661636233329773,0.8330000042915344,0.04259999841451645
YDR104C,YKL082C,0,1.9186647,0.6611111164093018,0.8330000042915344,0.04270000010728836
YLR208W,YDR300C,0,1.9163895,0.6605868339538574,0.8330000042915344,0.04280000180006027
YNL067W,YKL027W,0,1.9140431,0.6600633859634399,0.8330000042915344,0.042899999767541885
YNL124W,YMR125W,1,1.9127394,0.6603325605392456,0.8339999914169312,0.042899999767541885
YIL040W,YPL249C-A,0,1.9123545,0.6598101258277893,0.8339999914169312,0.0430000014603138
YOR295W,YGR074W,0,1.9103369,0.6592885255813599,0.8339999914169312,0.04309999942779541
YPL223C,YML132W,0,1.9061929,0.6587677597999573,0.8339999914169312,0.04320000112056732
YPL237W,YNL082W,0,1.9029742,0.6582478284835815,0.8339999914169312,0.043299999088048935
YBL097W,YIL035C,0,1.9015226,0.6577287316322327,0.8339999914169312,0.04340000078082085
YDL124W,YGR249W,0,1.9008164,0.6572104096412659,0.8339999914169312,0.04349999874830246
YHR209W,YBR222C,0,1.8996737,0.6566929221153259,0.8339999914169312,0.04360000044107437
YFR009W,YLR340W,0,1.89632,0.6561762094497681,0.8339999914169312,0.043699998408555984
YOR209C,YDR174W,0,1.89519,0.6556603908538818,0.8339999914169312,0.043800000101327896
YLR367W,YGR108W,0,1.8865681,0.6551453471183777,0.8339999914169312,0.04390000179409981
YER118C,YFL034C-B,0,1.8847911,0.6546310782432556,0.8339999914169312,0.04399999976158142
YLR435W,YCR018C,1,1.8845392,0.6549019813537598,0.8349999785423279,0.04399999976158142
YLR380W,YNL087W,0,1.8833473,0.6543887257575989,0.8349999785423279,0.04410000145435333
YOR133W,YGL083W,0,1.8829294,0.6538762450218201,0.8349999785423279,0.044199999421834946
YLR145W,YDR450W,1,1.8756855,0.6541470885276794,0.8360000252723694,0.044199999421834946
YOL040C,YMR076C,0,1.8754687,0.6536356806755066,0.8360000252723694,0.04430000111460686
YBR167C,YGR030C,1,1.8742745,0.6539062261581421,0.8370000123977661,0.04430000111460686
YNL023C,YJL178C,0,1.8708706,0.6533957719802856,0.8370000123977661,0.04439999908208847
YJR073C,YMR090W,0,1.8650701,0.6528860926628113,0.8370000123977661,0.04450000077486038
YIL094C,YPL122C,0,1.8644767,0.6523772478103638,0.8370000123977661,0.044599998742341995
YHR143W-A,YDL047W,0,1.8637044,0.6518691778182983,0.8370000123977661,0.04470000043511391
YDL198C,YPL207W,0,1.8620828,0.651361882686615,0.8370000123977661,0.04479999840259552
YJR123W,YNL238W,0,1.8612815,0.6508553624153137,0.8370000123977661,0.04490000009536743
YGR112W,YBR212W,0,1.8588743,0.6503496766090393,0.8370000123977661,0.04500000178813934
YGL100W,YBL009W,0,1.8566914,0.6498447060585022,0.8370000123977661,0.045099999755620956
YLR425W,YOR267C,0,1.8525658,0.6493405699729919,0.8370000123977661,0.04520000144839287
YBL003C,YKL185W,0,1.8518661,0.6488372087478638,0.8370000123977661,0.04529999941587448
YGL224C,YIL121W,0,1.8518013,0.6483346223831177,0.8370000123977661,0.04540000110864639
YDR110W,YLR359W,0,1.84912,0.6478328108787537,0.8370000123977661,0.045499999076128006
YGL050W,YJL192C,0,1.8471866,0.6473317742347717,0.8370000123977661,0.04560000076889992
YKR099W,YNL246W,0,1.845238,0.6468315124511719,0.8370000123977661,0.04569999873638153
YML028W,YBR089C-A,0,1.8407722,0.6463320255279541,0.8370000123977661,0.04580000042915344
YDR207C,YNL132W,0,1.838672,0.6458333134651184,0.8370000123977661,0.045899998396635056
YLR406C,YDR227W,0,1.8314977,0.6453353762626648,0.8370000123977661,0.04600000008940697
YJL058C,YKR092C,0,1.8311465,0.6448382139205933,0.8370000123977661,0.04610000178217888
YOL039W,YIR010W,0,1.8302869,0.6443418264389038,0.8370000123977661,0.04619999974966049
YMR081C,YPL015C,0,1.8266509,0.6438461542129517,0.8370000123977661,0.046300001442432404
YOR357C,YMR193W,0,1.8255877,0.6433512568473816,0.8370000123977661,0.04639999940991402
YBL014C,YDR023W,0,1.824286,0.6428571343421936,0.8370000123977661,0.04650000110268593
YDR148C,YPR194C,0,1.8240446,0.6423637866973877,0.8370000123977661,0.04659999907016754
YOR101W,YML099C,0,1.8192096,0.6418711543083191,0.8370000123977661,0.04670000076293945
YMR229C,YMR228W,1,1.8190215,0.642145574092865,0.8379999995231628,0.04670000076293945
YHR094C,YLR026C,0,1.8188018,0.6416538953781128,0.8379999995231628,0.046799998730421066
YJR127C,YAL030W,0,1.8174816,0.6411629915237427,0.8379999995231628,0.04690000042319298
YJR032W,YGL020C,0,1.8172033,0.6406728029251099,0.8379999995231628,0.04699999839067459
YOL061W,YCL010C,0,1.8115358,0.6401833295822144,0.8379999995231628,0.0471000000834465
YPR043W,YER145C,0,1.810767,0.6396946310997009,0.8379999995231628,0.047200001776218414
YIL105C,YDR085C,0,1.808091,0.6392067074775696,0.8379999995231628,0.04729999974370003
YBR083W,YMR014W,0,1.8076384,0.6387194991111755,0.8379999995231628,0.04740000143647194
YJR091C,YDR204W,0,1.8060769,0.6382330656051636,0.8379999995231628,0.04749999940395355
YMR195W,YIL042C,0,1.8046046,0.6377473473548889,0.8379999995231628,0.047600001096725464
YKL191W,YPL105C,0,1.8029261,0.6372623443603516,0.8379999995231628,0.04769999906420708
YBL004W,YDR378C,1,1.8007331,0.6375380158424377,0.8389999866485596,0.04769999906420708
YPL265W,YPR159W,0,1.800712,0.637053906917572,0.8389999866485596,0.04780000075697899
YPL122C,YEL003W,0,1.798795,0.6365705728530884,0.8389999866485596,0.0478999987244606
YOR272W,YNL047C,0,1.79742,0.636087954044342,0.8389999866485596,0.04800000041723251
YBR052C,YPL223C,0,1.7959129,0.635606050491333,0.8389999866485596,0.04809999838471413
YDR411C,YML052W,0,1.795568,0.635124921798706,0.8389999866485596,0.04820000007748604
YDR261C,YKR044W,0,1.7941164,0.6346444487571716,0.8389999866485596,0.04830000177025795
YGL107C,YDL122W,0,1.7923387,0.6341647505760193,0.8389999866485596,0.04839999973773956
YHR084W,YLR060W,0,1.791949,0.633685827255249,0.8389999866485596,0.048500001430511475
YCL044C,YLR216C,0,1.7896014,0.6332075595855713,0.8389999866485596,0.04859999939799309
YBR167C,YER146W,1,1.7889793,0.6334841847419739,0.8399999737739563,0.04859999939799309
YPR104C,YDR091C,1,1.7885294,0.6337603330612183,0.8410000205039978,0.04859999939799309
YDL227C,YDR496C,0,1.7837703,0.6332831382751465,0.8410000205039978,0.048700001090765
YPL266W,YMR228W,1,1.7822511,0.6335590481758118,0.8420000076293945,0.048700001090765
YNL309W,YLR264W,0,1.7818882,0.6330826878547668,0.8420000076293945,0.04879999905824661
YMR269W,YBR202W,0,1.7805834,0.6326070427894592,0.8420000076293945,0.048900000751018524
YLR442C,YIL020C,0,1.7768035,0.6321321129798889,0.8420000076293945,0.04899999871850014
YHL015W,YOR287C,1,1.7765363,0.632408082485199,0.8429999947547913,0.04899999871850014
YML030W,YIL033C,0,1.7751153,0.6319340467453003,0.8429999947547913,0.04910000041127205
YOR307C,YAL022C,0,1.7721572,0.6314606666564941,0.8429999947547913,0.04919999837875366
YPR145W,YHR201C,0,1.7711006,0.6309880018234253,0.8429999947547913,0.049300000071525574
YLR291C,YPL069C,0,1.7705923,0.6305160522460938,0.8429999947547913,0.049400001764297485
YDR260C,YBR154C,0,1.7705498,0.6300448179244995,0.8429999947547913,0.0494999997317791
YMR241W,YHR026W,0,1.7698327,0.6295742988586426,0.8429999947547913,0.04960000142455101
YLR293C,YLR059C,1,1.7634484,0.6298507452011108,0.843999981880188,0.04960000142455101
YLR332W,YLR009W,0,1.7632514,0.6293810606002808,0.843999981880188,0.04969999939203262
YER165W,YOR094W,0,1.7625202,0.628912091255188,0.843999981880188,0.049800001084804535
YOR361C,YOR283W,0,1.7607138,0.6284437775611877,0.843999981880188,0.04989999905228615
YER150W,YPL224C,0,1.7591896,0.6279761791229248,0.843999981880188,0.05000000074505806
YKL074C,YLR017W,0,1.758483,0.6275092959403992,0.843999981880188,0.05009999871253967
YLR284C,YOR317W,0,1.7574742,0.6270430684089661,0.843999981880188,0.050200000405311584
YBR167C,YLR145W,1,1.757458,0.6273199915885925,0.8450000286102295,0.050200000405311584
YDR416W,YGL103W,0,1.757317,0.6268545985221863,0.8450000286102295,0.0502999983727932
YDR432W,YOL142W,1,1.7531266,0.6271312236785889,0.8460000157356262,0.0502999983727932
YJL183W,YGL100W,0,1.750645,0.6266666650772095,0.8460000157356262,0.05040000006556511
YPR191W,YDL029W,0,1.7480645,0.6262028217315674,0.8460000157356262,0.05050000175833702
YLR189C,YKL062W,0,1.7447386,0.6257396340370178,0.8460000157356262,0.050599999725818634
YJR034W,YHL035C,0,1.7436243,0.6252771615982056,0.8460000157356262,0.050700001418590546
YGR027C,YOR073W,0,1.7415395,0.6248153448104858,0.8460000157356262,0.05079999938607216
YMR216C,YDR119W,0,1.7400454,0.6243542432785034,0.8460000157356262,0.05090000107884407
YJL012C,YJL012C-A,0,1.7383027,0.6238937973976135,0.8460000157356262,0.050999999046325684
YLR144C,YOL004W,0,1.737554,0.6234340667724609,0.8460000157356262,0.051100000739097595
YOR375C,YLR333C,0,1.7365385,0.6229749917984009,0.8460000157356262,0.05119999870657921
YJR096W,YAL028W,0,1.7355084,0.6225165724754333,0.8460000157356262,0.05130000039935112
YOR327C,YJR132W,0,1.7312902,0.6220588088035583,0.8460000157356262,0.05139999836683273
YKL029C,YOR307C,0,1.7301966,0.6216017603874207,0.8460000157356262,0.051500000059604645
YHR072W-A,YKR060W,1,1.7301743,0.6218795776367188,0.847000002861023,0.051500000059604645
YDR167W,YOR375C,0,1.7298522,0.6214233040809631,0.847000002861023,0.051600001752376556
YKR028W,YIL079C,0,1.7289461,0.6209677457809448,0.847000002861023,0.05169999971985817
YGR145W,YNL222W,1,1.7258837,0.6212454438209534,0.8479999899864197,0.05169999971985817
YLR299W,YCR088W,0,1.7254422,0.6207906007766724,0.8479999899864197,0.05180000141263008
YDR037W,YJL162C,0,1.7250757,0.6203365325927734,0.8479999899864197,0.051899999380111694
YER019C-A,YGL076C,0,1.7249365,0.6198830604553223,0.8479999899864197,0.052000001072883606
YMR167W,YFL026W,0,1.7247477,0.6194302439689636,0.8479999899864197,0.05209999904036522
YGL250W,YHR008C,0,1.7243724,0.6189780831336975,0.8479999899864197,0.05220000073313713
YDL064W,YLL014W,0,1.7241746,0.6185266375541687,0.8479999899864197,0.052299998700618744
YPL253C,YOR320C,0,1.7235132,0.6180757880210876,0.8479999899864197,0.052400000393390656
YJR070C,YML055W,0,1.7232585,0.6176256537437439,0.8479999899864197,0.05249999836087227
YKL049C,YJL167W,0,1.7223392,0.6171761155128479,0.8479999899864197,0.05260000005364418
YOL054W,YDR461W,0,1.7221575,0.6167272925376892,0.8479999899864197,0.05270000174641609
YCL029C,YPL175W,0,1.7213748,0.6162790656089783,0.8479999899864197,0.052799999713897705
YBL018C,YNL232W,1,1.7203615,0.6165577173233032,0.8489999771118164,0.052799999713897705
YJR137C,YMR002W,0,1.7194967,0.6161103248596191,0.8489999771118164,0.05290000140666962
YIL132C,YGR083C,0,1.7159122,0.6156635284423828,0.8489999771118164,0.05299999937415123
YJL178C,YDR441C,0,1.7140741,0.615217387676239,0.8489999771118164,0.05310000106692314
YER117W,YPL193W,0,1.7124708,0.6147719025611877,0.8489999771118164,0.053199999034404755
YDR496C,YPR086W,0,1.7116572,0.614327073097229,0.8489999771118164,0.053300000727176666
YBR079C,YHR165C,0,1.7114958,0.613882839679718,0.8489999771118164,0.05339999869465828
YKL006W,YOR149C,0,1.7075769,0.6134393215179443,0.8489999771118164,0.05350000038743019
YNL233W,YMR014W,0,1.7064991,0.6129963994026184,0.8489999771118164,0.053599998354911804
YNL111C,YGR024C,0,1.7055779,0.612554132938385,0.8489999771118164,0.053700000047683716
YPL239W,YBL006C,0,1.6995808,0.6121124625205994,0.8489999771118164,0.05380000174045563
YOR297C,YLR272C,0,1.6993124,0.6116714477539062,0.8489999771118164,0.05389999970793724
YHR107C,YER063W,0,1.6976328,0.6112310886383057,0.8489999771118164,0.05400000140070915
YLL034C,YJL058C,0,1.6969107,0.6107913851737976,0.8489999771118164,0.054099999368190765
YDR343C,YHL034C,0,1.6952899,0.6103522777557373,0.8489999771118164,0.05420000106096268
YDR172W,YLR020C,0,1.6944242,0.6099137663841248,0.8489999771118164,0.05429999902844429
YPR133C,YFR031C-A,0,1.6902066,0.6094759702682495,0.8489999771118164,0.0544000007212162
YBR079C,YLR187W,0,1.690093,0.6090387105941772,0.8489999771118164,0.054499998688697815
YMR241W,YBR084C-A,0,1.6893295,0.6086021661758423,0.8489999771118164,0.05460000038146973
YOR001W,YHR034C,1,1.688216,0.6088825464248657,0.8500000238418579,0.05460000038146973
YPL119C,YIL121W,0,1.6868682,0.6084466576576233,0.8500000238418579,0.05469999834895134
YNL222W,YMR125W,1,1.6863132,0.6087267398834229,0.8510000109672546,0.05469999834895134
YCL036W,YOR204W,0,1.6845404,0.6082916259765625,0.8510000109672546,0.05480000004172325
YCR018C,YMR131C,1,1.6843905,0.6085714101791382,0.8519999980926514,0.05480000004172325
YLR242C,YJL014W,0,1.6842138,0.6081370711326599,0.8519999980926514,0.05490000173449516
YIR013C,YNR012W,0,1.6829073,0.6077032685279846,0.8519999980926514,0.054999999701976776
YDR382W,YMR005W,0,1.6783985,0.6072701215744019,0.8519999980926514,0.05510000139474869
YCL038C,YJR019C,0,1.6782534,0.6068376302719116,0.8519999980926514,0.0551999993622303
YKL216W,YCR014C,0,1.676595,0.6064056754112244,0.8519999980926514,0.05530000105500221
YMR239C,YCR055C,1,1.6763868,0.6066856384277344,0.8529999852180481,0.05530000105500221
YDR165W,YPR188C,0,1.6723256,0.6062544584274292,0.8529999852180481,0.055399999022483826
YAL042W,YGR074W,0,1.672207,0.6058238744735718,0.8529999852180481,0.05550000071525574
YJR096W,YOL013C,0,1.6711972,0.6053938865661621,0.8529999852180481,0.05559999868273735
YHR094C,YAR008W,0,1.670593,0.604964554309845,0.8529999852180481,0.05570000037550926
YNL186W,YLR056W,0,1.6676968,0.6045358180999756,0.8529999852180481,0.055799998342990875
YBL087C,YPL105C,0,1.6667382,0.604107677936554,0.8529999852180481,0.05590000003576279
YPL117C,YJR147W,0,1.6641947,0.6036801338195801,0.8529999852180481,0.0560000017285347
YNL130C,YMR149W,0,1.6622245,0.603253185749054,0.8529999852180481,0.05609999969601631
YHR060W,YLR432W,0,1.6612384,0.6028268337249756,0.8529999852180481,0.05620000138878822
YIL158W,YDR172W,0,1.6593325,0.6024011373519897,0.8529999852180481,0.056299999356269836
YLR275W,YHR216W,0,1.6585734,0.6019759774208069,0.8529999852180481,0.05640000104904175
YOL124C,YKL006C-A,0,1.656065,0.6015514731407166,0.8529999852180481,0.05649999901652336
YNL024C,YNL256W,0,1.6513516,0.601127564907074,0.8529999852180481,0.05660000070929527
YDR349C,YER151C,0,1.6491103,0.6007042527198792,0.8529999852180481,0.056699998676776886
YDL132W,YML128C,0,1.6465917,0.6002814769744873,0.8529999852180481,0.0568000003695488
YFL001W,YKR085C,0,1.6464207,0.599859356880188,0.8529999852180481,0.05689999833703041
YNL102W,YHR042W,0,1.6451435,0.5994378328323364,0.8529999852180481,0.05700000002980232
YNL118C,YJR112W,0,1.6446342,0.5990168452262878,0.8529999852180481,0.057100001722574234
YNL305C,YDL181W,0,1.644632,0.5985965132713318,0.8529999852180481,0.05719999969005585
YJL058C,YNL062C,0,1.6416926,0.5981767177581787,0.8529999852180481,0.05730000138282776
YDR397C,YPL094C,0,1.6406515,0.5977575182914734,0.8529999852180481,0.05739999935030937
YPR167C,YBR125C,0,1.6394252,0.5973389148712158,0.8529999852180481,0.057500001043081284
YDL003W,YBR202W,0,1.6339475,0.596920907497406,0.8529999852180481,0.0575999990105629
YOR234C,YDL093W,0,1.633651,0.596503496170044,0.8529999852180481,0.05770000070333481
YDL165W,YMR065W,0,1.6328704,0.5960866808891296,0.8529999852180481,0.05779999867081642
YLR223C,YLR020C,0,1.6310983,0.5956704020500183,0.8529999852180481,0.05790000036358833
YBR115C,YGR211W,0,1.627583,0.5952547192573547,0.8529999852180481,0.057999998331069946
YKL201C,YLR251W,0,1.6252785,0.5948396325111389,0.8529999852180481,0.05810000002384186
YNL099C,YIR021W,0,1.6239569,0.5944250822067261,0.8529999852180481,0.05820000171661377
YNL070W,YEL020W-A,0,1.6228216,0.594011127948761,0.8529999852180481,0.05829999968409538
YCR020W-B,YMR059W,0,1.6226573,0.5935977697372437,0.8529999852180481,0.058400001376867294
YGL172W,YGR185C,0,1.6225363,0.5931850075721741,0.8529999852180481,0.05849999934434891
YML123C,YAR042W,0,1.6175451,0.5927727818489075,0.8529999852180481,0.05860000103712082
YMR001C,YMR305C,0,1.6172012,0.5923610925674438,0.8529999852180481,0.05869999900460243
YMR228W,YNL002C,1,1.6165887,0.5926439762115479,0.8539999723434448,0.05869999900460243
YGR169C,YOR074C,0,1.6165534,0.5922330021858215,0.8539999723434448,0.058800000697374344
YML109W,YOR207C,0,1.6153816,0.5918225646018982,0.8539999723434448,0.05889999866485596
YNL173C,YOR267C,0,1.6149385,0.5914127230644226,0.8539999723434448,0.05900000035762787
YPR034W,YLR264W,0,1.61457,0.5910034775733948,0.8539999723434448,0.05909999832510948
YKL060C,YBL091C-A,0,1.6130486,0.5905947685241699,0.8539999723434448,0.05920000001788139
YIL130W,YLR200W,0,1.6129844,0.590186595916748,0.8539999723434448,0.059300001710653305
YOR226C,YER145C,0,1.612643,0.5897790193557739,0.8539999723434448,0.05939999967813492
YGR145W,YCR018C,1,1.6118301,0.590062141418457,0.8550000190734863,0.05939999967813492
YEL032W,YLR029C,0,1.6112316,0.5896551609039307,0.8550000190734863,0.05950000137090683
YGR166W,YML007W,0,1.6110353,0.589248776435852,0.8550000190734863,0.05959999933838844
YKR099W,YCL030C,0,1.6102979,0.5888429880142212,0.8550000190734863,0.059700001031160355
YKL029C,YDR422C,0,1.6100664,0.5884377360343933,0.8550000190734863,0.05979999899864197
YKL160W,YJL110C,0,1.6091896,0.5880330204963684,0.8550000190734863,0.05990000069141388
YIL127C,YDR180W,0,1.6073029,0.5876288414001465,0.8550000190734863,0.05999999865889549
YDR257C,YMR246W,0,1.6058153,0.5872252583503723,0.8550000190734863,0.060100000351667404
YPR034W,YLR316C,0,1.6015098,0.5868222117424011,0.8550000190734863,0.06019999831914902
YHR032W,YOL052C,0,1.6013553,0.5864197611808777,0.8550000190734863,0.06030000001192093
YGR180C,YKL127W,0,1.6012834,0.5860178470611572,0.8550000190734863,0.06040000170469284
YER165W,YBR118W,0,1.6011535,0.585616409778595,0.8550000190734863,0.060499999672174454
YJL177W,YOR017W,0,1.5987022,0.5852156281471252,0.8550000190734863,0.060600001364946365
YCR035C,YNL147W,1,1.5975422,0.5854992866516113,0.8560000061988831,0.060600001364946365
YNL164C,YML081W,0,1.5972612,0.5850991010665894,0.8560000061988831,0.06069999933242798
YHR094C,YDR260C,0,1.5965089,0.5846994519233704,0.8560000061988831,0.06080000102519989
YIR021W,YGR083C,0,1.5964451,0.5843003392219543,0.8560000061988831,0.0608999989926815
YLR355C,YGR134W,0,1.5915792,0.5839017629623413,0.8560000061988831,0.061000000685453415
YLR367W,YBR243C,0,1.5911521,0.5835037231445312,0.8560000061988831,0.06109999865293503
YDR384C,YLR044C,0,1.5872043,0.583106279373169,0.8560000061988831,0.06120000034570694
YPL008W,YOR091W,0,1.5836852,0.5827093124389648,0.8560000061988831,0.06129999831318855
YBR172C,YPL209C,0,1.5827312,0.5823129415512085,0.8560000061988831,0.061400000005960464
YLR089C,YLR363C,0,1.5815731,0.5819170475006104,0.8560000061988831,0.061500001698732376
YLR138W,YLL012W,0,1.5790251,0.58152174949646,0.8560000061988831,0.06159999966621399
YBR183W,YDR304C,0,1.5765567,0.5811269283294678,0.8560000061988831,0.0617000013589859
YBR162C,YHR090C,0,1.5765399,0.5807327032089233,0.8560000061988831,0.061799999326467514
YNL190W,YMR034C,0,1.5764431,0.5803389549255371,0.8560000061988831,0.061900001019239426
YOR253W,YNL154C,0,1.5742344,0.5799458026885986,0.8560000061988831,0.06199999898672104
YAL017W,YJL053W,0,1.5738082,0.5795531272888184,0.8560000061988831,0.06210000067949295
YKL112W,YLR071C,0,1.5715294,0.5791610479354858,0.8560000061988831,0.062199998646974564
YJL176C,YKL008C,0,1.5691162,0.5787694454193115,0.8560000061988831,0.062300000339746475
YNL142W,YOR303W,0,1.5681442,0.5783783793449402,0.8560000061988831,0.06239999830722809
YDR316W,YDL174C,0,1.5634167,0.5779878497123718,0.8560000061988831,0.0625
YOR212W,YDL039C,0,1.5629301,0.5775978565216064,0.8560000061988831,0.06260000169277191
YDR361C,YIL134W,0,1.5624243,0.5772083401679993,0.8560000061988831,0.06270000338554382
YBR287W,YDR435C,0,1.5622162,0.5768194198608398,0.8560000061988831,0.06279999762773514
YBR072W,YMR101C,0,1.5597173,0.5764309763908386,0.8560000061988831,0.06289999932050705
YNL286W,YDR439W,0,1.5595971,0.5760430693626404,0.8560000061988831,0.06300000101327896
YNR033W,YER062C,0,1.5592772,0.5756556987762451,0.8560000061988831,0.06310000270605087
YLR333C,YGR252W,0,1.5576694,0.5752688050270081,0.8560000061988831,0.06319999694824219
YNL233W,YLR383W,0,1.5566397,0.574882447719574,0.8560000061988831,0.0632999986410141
YGL112C,YDR508C,0,1.5564353,0.5744966268539429,0.8560000061988831,0.06340000033378601
YHR041C,YGL148W,0,1.5550759,0.5741113424301147,0.8560000061988831,0.06350000202655792
YDR469W,YLR105C,0,1.5518719,0.5737265348434448,0.8560000061988831,0.06360000371932983
YMR301C,YFL026W,0,1.5480747,0.5733422636985779,0.8560000061988831,0.06369999796152115
YFR001W,YEL034W,0,1.5477743,0.5729585289955139,0.8560000061988831,0.06379999965429306
YAL059W,YLR187W,0,1.5460219,0.5725752711296082,0.8560000061988831,0.06390000134706497
YMR081C,YHL034C,0,1.5456742,0.5721924901008606,0.8560000061988831,0.06400000303983688
YMR301C,YAR014C,0,1.5451871,0.5718103051185608,0.8560000061988831,0.0640999972820282
YBR079C,YGL018C,0,1.5447905,0.5714285969734192,0.8560000061988831,0.06419999897480011
YMR136W,YBR089C-A,0,1.5407565,0.5710473656654358,0.8560000061988831,0.06430000066757202
YGL226C-A,YHR203C,0,1.5404252,0.5706666707992554,0.8560000061988831,0.06440000236034393
YPR167C,YCR036W,0,1.5396905,0.5702864527702332,0.8560000061988831,0.06449999660253525
YBR189W,YMR228W,1,1.5389937,0.570572555065155,0.8569999933242798,0.06449999660253525
YGR097W,YIL128W,0,1.5387336,0.5701929330825806,0.8569999933242798,0.06459999829530716
YKL101W,YNL065W,0,1.5366365,0.5698138475418091,0.8569999933242798,0.06469999998807907
YER052C,YDL061C,0,1.5347636,0.5694352388381958,0.8569999933242798,0.06480000168085098
YNR048W,YIL021W,0,1.5345342,0.5690571069717407,0.8569999933242798,0.0649000033736229
YGL196W,YHR004C,0,1.5334967,0.5686795115470886,0.8569999933242798,0.06499999761581421
YLR401C,YOR007C,0,1.5334272,0.5683023929595947,0.8569999933242798,0.06509999930858612
YMR011W,YDL178W,0,1.5316126,0.567925751209259,0.8569999933242798,0.06520000100135803
YLR084C,YBL079W,0,1.5312229,0.5675496459007263,0.8569999933242798,0.06530000269412994
YKR069W,YNL294C,0,1.5299319,0.5671740770339966,0.8569999933242798,0.06539999693632126
YDR471W,YOL128C,0,1.5282631,0.5667989253997803,0.8569999933242798,0.06549999862909317
YIL038C,YKR056W,0,1.5227816,0.5664243102073669,0.8569999933242798,0.06560000032186508
YIL062C,YLL041C,0,1.5221804,0.5660501718521118,0.8569999933242798,0.065700002014637
YNL130C,YGL234W,0,1.5180207,0.5656765699386597,0.8569999933242798,0.0658000037074089
YKL069W,YPR017C,0,1.5174928,0.5653034448623657,0.8569999933242798,0.06589999794960022
YJL204C,YER056C,0,1.516362,0.56493079662323,0.8569999933242798,0.06599999964237213
YLR291C,YBL097W,0,1.5122008,0.5645586252212524,0.8569999933242798,0.06610000133514404
YOL093W,YGR166W,0,1.5106128,0.5641869902610779,0.8569999933242798,0.06620000302791595
YDR457W,YMR049C,1,1.509687,0.5644736886024475,0.8579999804496765,0.06620000302791595
YJR070C,YBR073W,0,1.5095308,0.5641025900840759,0.8579999804496765,0.06629999727010727
YLR051C,YNL222W,1,1.5092639,0.5643889904022217,0.859000027179718,0.06629999727010727
YPL192C,YCL064C,0,1.5090656,0.5640183687210083,0.859000027179718,0.06639999896287918
YML075C,YBL067C,0,1.50809,0.5636482834815979,0.859000027179718,0.06650000065565109
YGL180W,YCL033C,0,1.5069852,0.5632786750793457,0.859000027179718,0.066600002348423
YDL083C,YPL082C,1,1.5060945,0.5635648965835571,0.8600000143051147,0.066600002348423
YOR212W,YEL034W,0,1.5060441,0.5631958246231079,0.8600000143051147,0.06669999659061432
YLR061W,YMR061W,0,1.5051953,0.5628272294998169,0.8600000143051147,0.06679999828338623
YKL216W,YCL014W,0,1.5046928,0.5624591112136841,0.8600000143051147,0.06689999997615814
YBL018C,YPL082C,1,1.5037212,0.5627450942993164,0.8610000014305115,0.06689999997615814
YEL022W,YJL204C,0,1.5016018,0.5623775124549866,0.8610000014305115,0.06700000166893005
YLL045C,YNL181W,0,1.5007108,0.5620104670524597,0.8610000014305115,0.06710000336170197
YAL033W,YNL222W,1,1.4998664,0.5622961521148682,0.8619999885559082,0.06710000336170197
YLR413W,YLR027C,0,1.4991876,0.5619295835494995,0.8619999885559082,0.06719999760389328
YJR118C,YHR110W,0,1.4968407,0.5615634918212891,0.8619999885559082,0.06729999929666519
YHR205W,YBL027W,0,1.4950314,0.5611979365348816,0.8619999885559082,0.0674000009894371
YMR228W,YLR222C,1,1.4927233,0.5614833831787109,0.8629999756813049,0.0674000009894371
YOL093W,YOL088C,0,1.4921163,0.5611183643341064,0.8629999756813049,0.06750000268220901
YBR152W,YLL018C-A,0,1.48959,0.5607537627220154,0.8629999756813049,0.06759999692440033
YGL126W,YEL031W,0,1.4892256,0.5603896379470825,0.8629999756813049,0.06769999861717224
YKL020C,YMR118C,0,1.4880216,0.5600259304046631,0.8629999756813049,0.06780000030994415
YHR149C,YNL050C,0,1.4879822,0.5596627593040466,0.8629999756813049,0.06790000200271606
YBL038W,YHL034C,0,1.4871172,0.5593000650405884,0.8629999756813049,0.06800000369548798
YJL082W,YFR053C,0,1.4860626,0.5589378476142883,0.8629999756813049,0.06809999793767929
YHR032W,YFR051C,0,1.486021,0.5585760474205017,0.8629999756813049,0.0681999996304512
YIL049W,YGL001C,0,1.4850729,0.5582147240638733,0.8629999756813049,0.06830000132322311
YBR052C,YMR030W,0,1.4850545,0.5578539371490479,0.8629999756813049,0.06840000301599503
YBL099W,YJL103C,0,1.4839478,0.5574935674667358,0.8629999756813049,0.06849999725818634
YCR018C,YDR087C,1,1.4833397,0.5577791929244995,0.8640000224113464,0.06849999725818634
YBR238C,YMR243C,0,1.4828223,0.5574193596839905,0.8640000224113464,0.06859999895095825
YIL131C,YOL145C,0,1.4825525,0.5570599436759949,0.8640000224113464,0.06870000064373016
YNL121C,YGL086W,0,1.4800782,0.5567010045051575,0.8640000224113464,0.06880000233650208
YMR230W,YBR115C,0,1.4799265,0.5563425421714783,0.8640000224113464,0.06889999657869339
YPL211W,YCR018C,1,1.4791688,0.5566280484199524,0.8650000095367432,0.06889999657869339
YNL038W,YMR146C,0,1.4787387,0.5562701225280762,0.8650000095367432,0.0689999982714653
YKL184W,YGL022W,0,1.4770566,0.5559126138687134,0.8650000095367432,0.06909999996423721
YBR121C,YJL173C,0,1.4764733,0.5555555820465088,0.8650000095367432,0.06920000165700912
YFR051C,YGR083C,0,1.4756241,0.5551989674568176,0.8650000095367432,0.06930000334978104
YNL221C,YOR287C,1,1.4752135,0.5554842948913574,0.8659999966621399,0.06930000334978104
YIR008C,YDL061C,0,1.4745786,0.5551282167434692,0.8659999966621399,0.06939999759197235
YCR021C,YOR049C,0,1.474058,0.5547725558280945,0.8659999966621399,0.06949999928474426
YOL020W,YML075C,0,1.4734817,0.5544174313545227,0.8659999966621399,0.06960000097751617
YBR247C,YCR055C,1,1.4714365,0.5547025203704834,0.8669999837875366,0.06960000097751617
YGR003W,YOL102C,0,1.4713321,0.554347813129425,0.8669999837875366,0.06970000267028809
YOR048C,YCR018C,1,1.4706175,0.5546326041221619,0.8679999709129333,0.06970000267028809
YDR292C,YGL243W,0,1.4706007,0.5542784333229065,0.8679999709129333,0.0697999969124794
YGR003W,YIL121W,0,1.4696643,0.5539246797561646,0.8679999709129333,0.06989999860525131
YJR031C,YPL145C,0,1.4682897,0.5535714030265808,0.8679999709129333,0.07000000029802322
YJR109C,YLL015W,0,1.4681963,0.5532186031341553,0.8679999709129333,0.07010000199079514
YLR059C,YMR049C,1,1.4678495,0.553503155708313,0.8690000176429749,0.07010000199079514
YPL237W,YKR007W,0,1.4677413,0.5531508326530457,0.8690000176429749,0.07020000368356705
YDL236W,YGR216C,0,1.4671884,0.5527989864349365,0.8690000176429749,0.07029999792575836
YMR190C,YKL054C,0,1.4656003,0.5524475574493408,0.8690000176429749,0.07039999961853027
YKL103C,YHR080C,0,1.4651954,0.5520965456962585,0.8690000176429749,0.07050000131130219
YJL162C,YBR118W,0,1.4643677,0.5517460107803345,0.8690000176429749,0.0706000030040741
YGR087C,YPR001W,0,1.4637675,0.5513959527015686,0.8690000176429749,0.07069999724626541
YBR056W,YHR139C,0,1.4624836,0.5510463118553162,0.8690000176429749,0.07079999893903732
YNL221C,YMR125W,1,1.4611334,0.5513308048248291,0.8700000047683716,0.07079999893903732
YPL084W,YBR183W,0,1.4602754,0.5509816408157349,0.8700000047683716,0.07090000063180923
YOR128C,YOR262W,0,1.4599266,0.550632894039154,0.8700000047683716,0.07100000232458115
YBR034C,YGL226C-A,0,1.4582047,0.5502846240997314,0.8700000047683716,0.07109999656677246
YPR104C,YKL014C,1,1.4576539,0.5505688786506653,0.8709999918937683,0.07109999656677246
YPL273W,YAL032C,0,1.4571546,0.5502210855484009,0.8709999918937683,0.07119999825954437
YLR323C,YPL138C,0,1.4553206,0.5498737096786499,0.8709999918937683,0.07129999995231628
YLL052C,YLR340W,0,1.4534523,0.5495268106460571,0.8709999918937683,0.0714000016450882
YDL036C,YBL006C,0,1.4513891,0.5491803288459778,0.8709999918937683,0.07150000333786011
YMR202W,YKL096W-A,0,1.4512862,0.5488342642784119,0.8709999918937683,0.07159999758005142
YGR255C,YJL144W,0,1.4511254,0.5484886765480042,0.8709999918937683,0.07169999927282333
YAL015C,YHR104W,0,1.4507375,0.5481435060501099,0.8709999918937683,0.07180000096559525
YHR143W-A,YML109W,0,1.4506959,0.547798752784729,0.8709999918937683,0.07190000265836716
YOR101W,YKR027W,0,1.4503495,0.5474544167518616,0.8709999918937683,0.07199999690055847
YLR042C,YMR019W,0,1.4494553,0.5471105575561523,0.8709999918937683,0.07209999859333038
YER178W,YHR216W,0,1.4492337,0.5467671155929565,0.8709999918937683,0.0722000002861023
YPR145W,YNL240C,0,1.4489546,0.5464240908622742,0.8709999918937683,0.0723000019788742
YNL300W,YEL034W,0,1.4465128,0.5460814833641052,0.8709999918937683,0.07240000367164612
YOR262W,YER073W,0,1.446234,0.5457393527030945,0.8709999918937683,0.07249999791383743
YKL175W,YPL179W,0,1.4461898,0.5453976392745972,0.8709999918937683,0.07259999960660934
YDR147W,YDR211W,0,1.4461393,0.5450563430786133,0.8709999918937683,0.07270000129938126
YGR276C,YDR432W,1,1.4460168,0.5453408360481262,0.871999979019165,0.07270000129938126
YDR398W,YMR228W,1,1.4458581,0.5456249713897705,0.8730000257492065,0.07270000129938126
YGR128C,YCR018C,1,1.4455302,0.5459088087081909,0.8740000128746033,0.07270000129938126
YNL281W,YPL208W,0,1.4435898,0.54556804895401,0.8740000128746033,0.07280000299215317
YKL027W,YPL252C,0,1.4432675,0.5452277064323425,0.8740000128746033,0.07289999723434448
YMR246W,YJL168C,0,1.4422334,0.5448877811431885,0.8740000128746033,0.0729999989271164
YKL144C,YDR127W,0,1.4419283,0.5445482730865479,0.8740000128746033,0.0731000006198883
YML056C,YNL180C,0,1.4415631,0.5442092418670654,0.8740000128746033,0.07320000231266022
YOL060C,YIR007W,0,1.4406025,0.5438705682754517,0.8740000128746033,0.07329999655485153
YMR143W,YMR228W,1,1.4391906,0.5441542267799377,0.875,0.07329999655485153
YDR469W,YGL245W,0,1.4370787,0.5438160300254822,0.875,0.07339999824762344
YCR048W,YDR406W,0,1.4369993,0.54347825050354,0.875,0.07349999994039536
YPL005W,YGR171C,0,1.4358392,0.5431408882141113,0.875,0.07360000163316727
YOR312C,YMR202W,0,1.4333179,0.542803943157196,0.875,0.07370000332593918
YBR192W,YLL021W,0,1.433289,0.542467474937439,0.875,0.0737999975681305
YMR309C,YJR144W,0,1.4315333,0.5421313643455505,0.875,0.0738999992609024
YDR346C,YNL148C,0,1.4294066,0.5417956709861755,0.875,0.07400000095367432
YNL131W,YOL137W,0,1.4256907,0.541460394859314,0.875,0.07410000264644623
YKL052C,YGL256W,0,1.4256411,0.5411255359649658,0.875,0.07419999688863754
YKR064W,YDR019C,0,1.4252968,0.5407910943031311,0.875,0.07429999858140945
YMR319C,YNL078W,0,1.4234065,0.5404570698738098,0.875,0.07440000027418137
YHR061C,YDR023W,0,1.4210323,0.540123462677002,0.875,0.07450000196695328
YGR148C,YCR016W,0,1.4199353,0.5397902727127075,0.875,0.07460000365972519
YDL092W,YPL254W,0,1.4188833,0.5394574403762817,0.875,0.0746999979019165
YPL217C,YNL222W,1,1.4169185,0.5397412180900574,0.8759999871253967,0.0746999979019165
YNL194C,YDR516C,0,1.4164895,0.5394088625907898,0.8759999871253967,0.07479999959468842
YJL087C,YHR072W,0,1.4160262,0.5390769243240356,0.8759999871253967,0.07490000128746033
YDR294C,YOL016C,0,1.4159503,0.5387454032897949,0.8759999871253967,0.07500000298023224
YGL096W,YLL041C,0,1.4156237,0.5384142398834229,0.8759999871253967,0.07509999722242355
YOL006C,YMR260C,0,1.4141881,0.538083553314209,0.8759999871253967,0.07519999891519547
YKR039W,YGR268C,0,1.4123073,0.5377532243728638,0.8759999871253967,0.07530000060796738
YJL010C,YCR018C,1,1.4113908,0.5380368232727051,0.8769999742507935,0.07530000060796738
YLR066W,YMR116C,0,1.4111269,0.5377069115638733,0.8769999742507935,0.07540000230073929
YPR145W,YDR464W,0,1.4107571,0.5373774766921997,0.8769999742507935,0.0754999965429306
YAL031C,YKL168C,0,1.4097694,0.5370483994483948,0.8769999742507935,0.07559999823570251
YBR218C,YKL211C,0,1.4092815,0.5367196798324585,0.8769999742507935,0.07569999992847443
YML052W,YDL239C,0,1.4091686,0.5363914370536804,0.8769999742507935,0.07580000162124634
YLR044C,YKR053C,0,1.4084493,0.536063551902771,0.8769999742507935,0.07590000331401825
YBL026W,YOR287C,1,1.407685,0.536346971988678,0.878000020980835,0.07590000331401825
YER149C,YKL125W,0,1.4055041,0.5360195636749268,0.878000020980835,0.07599999755620956
YKL060C,YDR182W,0,1.4051297,0.5356925129890442,0.878000020980835,0.07609999924898148
YFL045C,YML011C,0,1.4034646,0.535365879535675,0.878000020980835,0.07620000094175339
YDR349C,YPL193W,0,1.4026096,0.5350396037101746,0.878000020980835,0.0763000026345253
YDR432W,YGR195W,1,1.401726,0.5353227853775024,0.8790000081062317,0.0763000026345253
YCL014W,YER032W,0,1.4003204,0.5349969863891602,0.8790000081062317,0.07639999687671661
YOR252W,YJR144W,0,1.3982619,0.5346715450286865,0.8790000081062317,0.07649999856948853
YNL262W,YDR234W,0,1.3973933,0.5343465209007263,0.8790000081062317,0.07660000026226044
YJL001W,YPR194C,0,1.3972104,0.5340218544006348,0.8790000081062317,0.07670000195503235
YBL098W,YOL122C,0,1.396767,0.5336976051330566,0.8790000081062317,0.07680000364780426
YGR142W,YNL160W,0,1.3967063,0.5333737730979919,0.8790000081062317,0.07689999788999557
YBR161W,YHR103W,0,1.396688,0.5330503582954407,0.8790000081062317,0.07699999958276749
YOR327C,YDR198C,0,1.3956696,0.5327273011207581,0.8790000081062317,0.0771000012755394
YGL122C,YDR508C,0,1.3945832,0.5324046015739441,0.8790000081062317,0.07720000296831131
YFR038W,YDR444W,0,1.3931669,0.5320823192596436,0.8790000081062317,0.07729999721050262
YKL113C,YOR115C,0,1.391524,0.5317604541778564,0.8790000081062317,0.07739999890327454
YPL063W,YDR206W,0,1.3912143,0.531438946723938,0.8790000081062317,0.07750000059604645
YLR054C,YIL075C,0,1.3895967,0.5311177968978882,0.8790000081062317,0.07760000228881836
YGR208W,YHR121W,0,1.3882321,0.5307971239089966,0.8790000081062317,0.07769999653100967
YBL097W,YGR074W,0,1.3878863,0.5304767489433289,0.8790000081062317,0.07779999822378159
YNL137C,YOL033W,0,1.3872678,0.5301567912101746,0.8790000081062317,0.0778999999165535
YER168C,YMR123W,0,1.3863478,0.5298372507095337,0.8790000081062317,0.07800000160932541
YHR118C,YKL008C,0,1.3862826,0.5295180678367615,0.8790000081062317,0.07810000330209732
YBR189W,YGR251W,1,1.3861119,0.5298013091087341,0.8799999952316284,0.07810000330209732
YJR032W,YNL256W,0,1.3860072,0.5294825434684753,0.8799999952316284,0.07819999754428864
YBR282W,YDL005C,0,1.3848772,0.5291641354560852,0.8799999952316284,0.07829999923706055
YAL039C,YDR405W,0,1.3843293,0.5288461446762085,0.8799999952316284,0.07840000092983246
YNL153C,YKR020W,0,1.3836457,0.5285285115242004,0.8799999952316284,0.07850000262260437
YNL044W,YLR185W,0,1.3814386,0.5282112956047058,0.8799999952316284,0.07859999686479568
YER016W,YPL252C,0,1.3807153,0.5278944373130798,0.8799999952316284,0.0786999985575676
YHR112C,YLR037C,0,1.3801842,0.5275779366493225,0.8799999952316284,0.07880000025033951
YMR021C,YPR198W,0,1.3797779,0.5272618532180786,0.8799999952316284,0.07890000194311142
YLR148W,YDR257C,0,1.372019,0.5269461274147034,0.8799999952316284,0.07900000363588333
YNR051C,YGR198W,0,1.3715206,0.5266307592391968,0.8799999952316284,0.07909999787807465
YAL030W,YMR175W,0,1.3715155,0.5263158082962036,0.8799999952316284,0.07919999957084656
YBR079C,YOR038C,0,1.3713994,0.5260012149810791,0.8799999952316284,0.07930000126361847
YPL115C,YIL103W,0,1.3713602,0.5256869792938232,0.8799999952316284,0.07940000295639038
YIL127C,YPL274W,0,1.3708731,0.5253731608390808,0.8799999952316284,0.0794999971985817
YEL055C,YMR179W,0,1.3674353,0.5250596404075623,0.8799999952316284,0.07959999889135361
YBR139W,YJR159W,0,1.3658097,0.5247465968132019,0.8799999952316284,0.07970000058412552
YJR063W,YBR131W,0,1.3653421,0.5244338512420654,0.8799999952316284,0.07980000227689743
YJR150C,YPL213W,0,1.3649681,0.5241215229034424,0.8799999952316284,0.07989999651908875
YML023C,YDL039C,0,1.3635837,0.523809552192688,0.8799999952316284,0.07999999821186066
YLR244C,YML006C,0,1.3618941,0.5234979391098022,0.8799999952316284,0.08009999990463257
YLR055C,YBR235W,0,1.3606927,0.5231866836547852,0.8799999952316284,0.08020000159740448
YCR036W,YOR054C,0,1.3599298,0.5228758454322815,0.8799999952316284,0.08030000329017639
YCR057C,YCR018C,1,1.3583695,0.5231591463088989,0.8809999823570251,0.08030000329017639
YHR039C-A,YFR028C,0,1.3574215,0.5228486657142639,0.8809999823570251,0.0803999975323677
YPR163C,YLR341W,0,1.3572491,0.5225385427474976,0.8809999823570251,0.08049999922513962
YGL250W,YFL031W,0,1.356544,0.5222288370132446,0.8809999823570251,0.08060000091791153
YLL031C,YLR372W,0,1.3530713,0.5219194293022156,0.8809999823570251,0.08070000261068344
YOR125C,YAL001C,0,1.3523929,0.5216104388237,0.8809999823570251,0.08079999685287476
YGL237C,YGR260W,0,1.3503108,0.5213017463684082,0.8809999823570251,0.08089999854564667
YDR007W,YHR201C,0,1.3496276,0.5209934711456299,0.8809999823570251,0.08100000023841858
YBR172C,YHR216W,0,1.3492665,0.5206855535507202,0.8809999823570251,0.08110000193119049
YCR068W,YOR219C,0,1.3491017,0.520378053188324,0.8809999823570251,0.0812000036239624
YMR250W,YKR034W,0,1.3485359,0.5200708508491516,0.8809999823570251,0.08129999786615372
YJR042W,YGL195W,0,1.3478415,0.5197640061378479,0.8809999823570251,0.08139999955892563
YJL057C,YNL223W,0,1.3474317,0.5194575190544128,0.8809999823570251,0.08150000125169754
YGR105W,YOL121C,0,1.3470331,0.5191514492034912,0.8809999823570251,0.08160000294446945
YPR010C,YGL028C,0,1.3469174,0.5188456773757935,0.8809999823570251,0.08169999718666077
YGL016W,YIL076W,0,1.3455737,0.5185403227806091,0.8809999823570251,0.08179999887943268
YKL018W,YGR004W,0,1.3452708,0.5182352662086487,0.8809999823570251,0.08190000057220459
YGR251W,YER074W,1,1.3423885,0.5185185074806213,0.8820000290870667,0.08190000057220459
YLR244C,YOL045W,0,1.3407112,0.5182138681411743,0.8820000290870667,0.0820000022649765
YPR083W,YDR040C,0,1.3405869,0.517909586429596,0.8820000290870667,0.08209999650716782
YGR004W,YGR049W,0,1.3405818,0.5176056623458862,0.8820000290870667,0.08219999819993973
YHR084W,YNL133C,0,1.3374923,0.5173020362854004,0.8820000290870667,0.08229999989271164
YGL238W,YNL080C,0,1.3370329,0.516998827457428,0.8820000290870667,0.08240000158548355
YCL025C,YPL023C,0,1.3368344,0.5166959762573242,0.8820000290870667,0.08250000327825546
YLR248W,YHR176W,0,1.3364748,0.5163934230804443,0.8820000290870667,0.08259999752044678
YCR065W,YNL290W,0,1.3350209,0.5160912871360779,0.8820000290870667,0.08269999921321869
YBR060C,YDR310C,0,1.3330047,0.5157894492149353,0.8820000290870667,0.0828000009059906
YJL203W,YJR050W,0,1.3328147,0.5154880285263062,0.8820000290870667,0.08290000259876251
YKL084W,YMR283C,0,1.3327178,0.5151869058609009,0.8820000290870667,0.08299999684095383
YOR298C-A,YPR101W,0,1.331874,0.5148861408233643,0.8820000290870667,0.08309999853372574
YKL119C,YMR116C,0,1.3307457,0.5145857930183411,0.8820000290870667,0.08320000022649765
YGR211W,YML107C,0,1.3271928,0.5142857432365417,0.8820000290870667,0.08330000191926956
YHR134W,YDR110W,0,1.3270576,0.5139859914779663,0.8820000290870667,0.08340000361204147
YML123C,YDL191W,0,1.3261099,0.5136866569519043,0.8820000290870667,0.08349999785423279
YLR367W,YML067C,0,1.3245811,0.5133876800537109,0.8820000290870667,0.0835999995470047
YHR134W,YGL234W,0,1.3222233,0.5130890011787415,0.8820000290870667,0.08370000123977661
YMR001C,YKR079C,0,1.3213851,0.5127906799316406,0.8820000290870667,0.08380000293254852
YJL177W,YOL026C,0,1.3192195,0.5124927163124084,0.8820000290870667,0.08389999717473984
YOL090W,YJR010W,0,1.3180219,0.5121951103210449,0.8820000290870667,0.08399999886751175
YNR036C,YGR254W,0,1.3178432,0.51189786195755,0.8820000290870667,0.08410000056028366
YMR032W,YLR056W,0,1.3166021,0.511600911617279,0.8820000290870667,0.08420000225305557
YMR182C,YGR229C,0,1.3163139,0.5113043189048767,0.8820000290870667,0.08429999649524689
YKL096W,YNL160W,0,1.3162684,0.511008083820343,0.8820000290870667,0.0843999981880188
YBR079C,YKR022C,0,1.3150028,0.510712206363678,0.8820000290870667,0.08449999988079071
YMR035W,YBR104W,0,1.3148769,0.5104166865348816,0.8820000290870667,0.08460000157356262
YGL250W,YPR127W,0,1.3148135,0.5101214647293091,0.8820000290870667,0.08470000326633453
YNL084C,YOR215C,0,1.3134155,0.5098266005516052,0.8820000290870667,0.08479999750852585
YHR060W,YDR499W,0,1.3132365,0.5095320343971252,0.8820000290870667,0.08489999920129776
YHR082C,YPL188W,0,1.3107734,0.5092378854751587,0.8820000290870667,0.08500000089406967
YKL018W,YNL240C,0,1.3099248,0.508944034576416,0.8820000290870667,0.08510000258684158
YHR061C,YGR208W,0,1.309902,0.508650541305542,0.8820000290870667,0.0851999968290329
YGR199W,YPR033C,0,1.3097466,0.5083573460578918,0.8820000290870667,0.08529999852180481
YGL190C,YML030W,0,1.3086239,0.5080645084381104,0.8820000290870667,0.08540000021457672
YNL137C,YNL238W,0,1.3070182,0.5077720284461975,0.8820000290870667,0.08550000190734863
YDR395W,YBR131W,0,1.3067055,0.5074798464775085,0.8820000290870667,0.08560000360012054
YDR111C,YML046W,0,1.3041095,0.5071880221366882,0.8820000290870667,0.08569999784231186
YBL091C-A,YAL028W,0,1.3003154,0.5068965554237366,0.8820000290870667,0.08579999953508377
YPL140C,YJR147W,0,1.2992352,0.5066053867340088,0.8820000290870667,0.08590000122785568
YEL005C,YDL193W,0,1.2979221,0.5063145756721497,0.8820000290870667,0.0860000029206276
YLR165C,YGR081C,1,1.2962568,0.5065978169441223,0.8830000162124634,0.0860000029206276
YER055C,YFL053W,0,1.2959425,0.5063073635101318,0.8830000162124634,0.08609999716281891
YCR071C,YKL192C,0,1.2957717,0.5060172080993652,0.8830000162124634,0.08619999885559082
YOR206W,YDR482C,0,1.2951508,0.5057273507118225,0.8830000162124634,0.08630000054836273
YDL040C,YHL001W,0,1.2921643,0.5054379105567932,0.8830000162124634,0.08640000224113464
YIL139C,YKL149C,0,1.2918676,0.5051487684249878,0.8830000162124634,0.08649999648332596
YDR174W,YNL154C,0,1.2915488,0.5048599243164062,0.8830000162124634,0.08659999817609787
YER052C,YLR003C,0,1.2913728,0.5045714378356934,0.8830000162124634,0.08669999986886978
YDR097C,YDR180W,0,1.2905589,0.5042832493782043,0.8830000162124634,0.0868000015616417
YJL204C,YGR215W,0,1.2900487,0.503995418548584,0.8830000162124634,0.0869000032544136
YDR316W,YNL048W,0,1.2894124,0.5037079453468323,0.8830000162124634,0.08699999749660492
YKL144C,YAL063C,0,1.2890779,0.5034207701683044,0.8830000162124634,0.08709999918937683
YML041C,YPR046W,0,1.2880822,0.5031338930130005,0.8830000162124634,0.08720000088214874
YGR209C,YJL003W,0,1.2880136,0.5028473734855652,0.8830000162124634,0.08730000257492065
YJL042W,YDR155C,0,1.2854099,0.5025612115859985,0.8830000162124634,0.08739999681711197
YDR432W,YMR049C,1,1.2851214,0.5028441548347473,0.8840000033378601,0.08739999681711197
YGL237C,YMR262W,0,1.28354,0.5025582909584045,0.8840000033378601,0.08749999850988388
YHR029C,YPR151C,0,1.2820073,0.5022727251052856,0.8840000033378601,0.08760000020265579
YOR212W,YBR130C,0,1.2810806,0.5019875168800354,0.8840000033378601,0.0877000018954277
YGR195W,YLR145W,1,1.2801375,0.5022701621055603,0.8849999904632568,0.0877000018954277
YKR080W,YOR033C,0,1.2792552,0.5019852519035339,0.8849999904632568,0.08780000358819962
YEL060C,YDR155C,0,1.278913,0.5017006993293762,0.8849999904632568,0.08789999783039093
YHR110W,YDR155C,0,1.277537,0.5014164447784424,0.8849999904632568,0.08799999952316284
YGL096W,YMR262W,0,1.276382,0.5011324882507324,0.8849999904632568,0.08810000121593475
YIL128W,YPR094W,0,1.2758247,0.5008488893508911,0.8849999904632568,0.08820000290870667
YKL171W,YOR065W,0,1.2739985,0.5005655884742737,0.8849999904632568,0.08829999715089798
YER028C,YJL208C,0,1.2735753,0.5002826452255249,0.8849999904632568,0.08839999884366989
YNR028W,YNL298W,0,1.2722983,0.5,0.8849999904632568,0.0885000005364418
YDL181W,YOR358W,0,1.2721922,0.49971768260002136,0.8849999904632568,0.08860000222921371
YMR030W,YOR285W,0,1.2694035,0.4994356632232666,0.8849999904632568,0.08869999647140503
YFR051C,YIL021W,0,1.2689791,0.4991539716720581,0.8849999904632568,0.08879999816417694
YCR089W,YKL081W,0,1.2681922,0.4988726079463959,0.8849999904632568,0.08889999985694885
YFL062W,YGR256W,0,1.2666106,0.4985915422439575,0.8849999904632568,0.08900000154972076
YCR055C,YPL043W,1,1.2652426,0.49887385964393616,0.8859999775886536,0.08900000154972076
YBR061C,YIL134W,0,1.2642404,0.49859312176704407,0.8859999775886536,0.08910000324249268
YDR165W,YDR266C,0,1.2635806,0.49831271171569824,0.8859999775886536,0.08919999748468399
YHR124W,YJR078W,0,1.2610373,0.4980325996875763,0.8859999775886536,0.0892999991774559
YGR032W,YIR038C,0,1.260744,0.4977528154850006,0.8859999775886536,0.08940000087022781
YKL216W,YOR307C,0,1.2602901,0.4974733293056488,0.8859999775886536,0.08950000256299973
YIL031W,YDL240W,0,1.2600645,0.49719417095184326,0.8859999775886536,0.08959999680519104
YNL299W,YDL003W,0,1.2596312,0.4969153106212616,0.8859999775886536,0.08969999849796295
YOL097C,YIR031C,0,1.2584847,0.4966367781162262,0.8859999775886536,0.08980000019073486
YMR227C,YCL030C,0,1.2581475,0.4963585436344147,0.8859999775886536,0.08990000188350677
YCR058C,YOR056C,1,1.2578864,0.49664053320884705,0.8870000243186951,0.08990000188350677
YPL042C,YKL082C,0,1.257794,0.4963626265525818,0.8870000243186951,0.09000000357627869
YOR313C,YOR335C,0,1.2577901,0.4960850179195404,0.8870000243186951,0.09009999781847
YDL150W,YDL047W,0,1.2570757,0.4958077073097229,0.8870000243186951,0.09019999951124191
YHR165C,YJL173C,0,1.2556001,0.49553072452545166,0.8870000243186951,0.09030000120401382
YBL035C,YLR066W,0,1.2549292,0.4952540397644043,0.8870000243186951,0.09040000289678574
YPR086W,YHR122W,0,1.2545396,0.4949776828289032,0.8870000243186951,0.09049999713897705
YPR120C,YIL128W,0,1.2544993,0.494701623916626,0.8870000243186951,0.09059999883174896
YNR021W,YBR135W,0,1.2543621,0.49442586302757263,0.8870000243186951,0.09070000052452087
YLL040C,YGL037C,0,1.2527136,0.49415042996406555,0.8870000243186951,0.09080000221729279
YGR097W,YDR469W,0,1.2525598,0.49387526512145996,0.8870000243186951,0.0908999964594841
YKL078W,YCR058C,1,1.2521275,0.49415692687034607,0.8880000114440918,0.0908999964594841
YKL174C,YJR123W,0,1.2487353,0.49388208985328674,0.8880000114440918,0.09099999815225601
YGR070W,YDL194W,0,1.2485358,0.4936075508594513,0.8880000114440918,0.09109999984502792
YLR059C,YPL082C,1,1.2480204,0.49388888478279114,0.8889999985694885,0.09109999984502792
YAL059W,YPL246C,0,1.2475874,0.49361464381217957,0.8889999985694885,0.09120000153779984
YCR011C,YDL107W,0,1.2462176,0.49334073066711426,0.8889999985694885,0.09130000323057175
YMR083W,YNL030W,0,1.2461821,0.4930671155452728,0.8889999985694885,0.09139999747276306
YHR134W,YFR025C,0,1.2461684,0.4927937984466553,0.8889999985694885,0.09149999916553497
YLR160C,YBR201W,0,1.2457244,0.4925207793712616,0.8889999985694885,0.09160000085830688
YNL197C,YDL189W,0,1.24555,0.4922480583190918,0.8889999985694885,0.0917000025510788
YMR179W,YNL178W,0,1.2453855,0.49197566509246826,0.8889999985694885,0.09179999679327011
YJR042W,YAL032C,0,1.2451794,0.4917035400867462,0.8889999985694885,0.09189999848604202
YOR033C,YGL255W,0,1.2443001,0.49143174290657043,0.8889999985694885,0.09200000017881393
YBR074W,YGL145W,0,1.2442251,0.49116021394729614,0.8889999985694885,0.09210000187158585
YLR185W,YOR189W,0,1.2413691,0.4908890128135681,0.8889999985694885,0.09220000356435776
YGR276C,YOL142W,1,1.2388312,0.4911699891090393,0.8899999856948853,0.09220000356435776
YPL211W,YCR055C,1,1.237798,0.49145063757896423,0.890999972820282,0.09220000356435776
YNL220W,YGR138C,0,1.2332447,0.4911797046661377,0.890999972820282,0.09229999780654907
YKL080W,YBR154C,0,1.2276086,0.4909090995788574,0.890999972820282,0.09239999949932098
YPL130W,YKL125W,0,1.2266766,0.49063876271247864,0.890999972820282,0.0925000011920929
YBL035C,YGL086W,0,1.2247685,0.4903687536716461,0.890999972820282,0.09260000288486481
YPR187W,YIL076W,0,1.2239792,0.4900990128517151,0.890999972820282,0.09269999712705612
YGR027C,YML011C,0,1.2227231,0.48982957005500793,0.890999972820282,0.09279999881982803
YEL001C,YPL122C,0,1.2216378,0.48956042528152466,0.890999972820282,0.09290000051259995
YCR058C,YDL111C,1,1.2208139,0.4898407459259033,0.8920000195503235,0.09290000051259995
YBR155W,YLR005W,0,1.2193208,0.4895718991756439,0.8920000195503235,0.09300000220537186
YER170W,YJL180C,0,1.2128545,0.4893033504486084,0.8920000195503235,0.09309999644756317
YKR024C,YCR055C,1,1.2126244,0.4895833432674408,0.8930000066757202,0.09309999644756317
YGR103W,YCR055C,1,1.2123048,0.48986300826072693,0.8939999938011169,0.09309999644756317
YJL204C,YKL130C,0,1.2120703,0.4895947277545929,0.8939999938011169,0.09319999814033508
YOL093W,YPL108W,0,1.2118855,0.4893267750740051,0.8939999938011169,0.093299999833107
YJR031C,YGR074W,0,1.2105932,0.48905909061431885,0.8939999938011169,0.0934000015258789
YLR316C,YJL118W,0,1.2100266,0.48879170417785645,0.8939999938011169,0.09350000321865082
YLR442C,YOL115W,0,1.2089351,0.48852458596229553,0.8939999938011169,0.09359999746084213
YBL089W,YGL055W,0,1.2082012,0.4882577955722809,0.8939999938011169,0.09369999915361404
YNL161W,YDL122W,0,1.2067628,0.4879912734031677,0.8939999938011169,0.09380000084638596
YBR248C,YFR028C,0,1.2046409,0.48772504925727844,0.8939999938011169,0.09390000253915787
YOR344C,YBR131W,0,1.2044257,0.48745909333229065,0.8939999938011169,0.09399999678134918
YMR032W,YOL070C,0,1.2041241,0.4871934652328491,0.8939999938011169,0.0940999984741211
YIL030C,YJR040W,0,1.2039216,0.4869281053543091,0.8939999938011169,0.094200000166893
YDL121C,YER185W,0,1.2030557,0.4866630434989929,0.8939999938011169,0.09430000185966492
YNL328C,YBR132C,0,1.2006375,0.48639824986457825,0.8939999938011169,0.09440000355243683
YHR174W,YNL038W,0,1.1994114,0.48613375425338745,0.8939999938011169,0.09449999779462814
YHR091C,YGR171C,0,1.199065,0.48586955666542053,0.8939999938011169,0.09459999948740005
YAL032C,YJR112W,0,1.1986946,0.4856056571006775,0.8939999938011169,0.09470000118017197
YKL018W,YGR192C,0,1.1983482,0.48534202575683594,0.8939999938011169,0.09480000287294388
YLR367W,YFR046C,0,1.1978099,0.4850786626338959,0.8939999938011169,0.09489999711513519
YNL082W,YOR222W,0,1.1971327,0.4848156273365021,0.8939999938011169,0.0949999988079071
YPL133C,YLR009W,0,1.195924,0.48455286026000977,0.8939999938011169,0.09510000050067902
YOL101C,YLR398C,0,1.1954485,0.48429036140441895,0.8939999938011169,0.09520000219345093
YOR158W,YOL049W,0,1.1953269,0.484028160572052,0.8939999938011169,0.09529999643564224
YDL092W,YMR263W,0,1.1951725,0.48376622796058655,0.8939999938011169,0.09539999812841415
YDL113C,YBR290W,0,1.1950474,0.48350459337234497,0.8939999938011169,0.09549999982118607
YHL035C,YMR169C,0,1.1946752,0.48324325680732727,0.8939999938011169,0.09560000151395798
YMR123W,YBR067C,0,1.1936713,0.48298215866088867,0.8939999938011169,0.09570000320672989
YHR072W-A,YLR022C,1,1.1929787,0.4832613468170166,0.8949999809265137,0.09570000320672989
YMR079W,YHR059W,0,1.192669,0.4830005466938019,0.8949999809265137,0.0957999974489212
YKL112W,YGR178C,0,1.1922023,0.48274001479148865,0.8949999809265137,0.09589999914169312
YDL104C,YGL027C,0,1.1911782,0.4824797809123993,0.8949999809265137,0.09600000083446503
YPR189W,YDR075W,0,1.1911145,0.4822198152542114,0.8949999809265137,0.09610000252723694
YCL033C,YNL055C,0,1.1902413,0.48196014761924744,0.8949999809265137,0.09619999676942825
YHR009C,YOR292C,0,1.1901516,0.48170074820518494,0.8949999809265137,0.09629999846220016
YDL240W,YDR527W,0,1.1895735,0.4814416468143463,0.8949999809265137,0.09640000015497208
YIR003W,YGR249W,0,1.1879517,0.4811827838420868,0.8949999809265137,0.09650000184774399
YEL027W,YOR122C,0,1.1867956,0.48092424869537354,0.8949999809265137,0.0966000035405159
YPR009W,YGL148W,0,1.1858058,0.4806659519672394,0.8949999809265137,0.09669999778270721
YLR432W,YGR252W,0,1.1843204,0.4804079532623291,0.8949999809265137,0.09679999947547913
YDR345C,YGL068W,0,1.1837198,0.4801502227783203,0.8949999809265137,0.09690000116825104
YLR160C,YKL174C,0,1.1825491,0.479892760515213,0.8949999809265137,0.09700000286102295
YHR050W,YKL006W,0,1.1822659,0.4796355962753296,0.8949999809265137,0.09709999710321426
YNL241C,YOR219C,0,1.1817695,0.47937867045402527,0.8949999809265137,0.09719999879598618
YDR189W,YFL026W,0,1.1781337,0.4791220426559448,0.8949999809265137,0.09730000048875809
YBR078W,YGR227W,0,1.1779215,0.47886571288108826,0.8949999809265137,0.09740000218153
YBR208C,YDL093W,0,1.1772898,0.4786096215248108,0.8949999809265137,0.09749999642372131
YKL103C,YLR133W,0,1.1770494,0.4783538281917572,0.8949999809265137,0.09759999811649323
YGL050W,YOL137W,0,1.1769732,0.4780983030796051,0.8949999809265137,0.09769999980926514
YGL019W,YNL246W,0,1.1766535,0.4778430461883545,0.8949999809265137,0.09780000150203705
YPR154W,YDL119C,0,1.1759955,0.47758805751800537,0.8949999809265137,0.09790000319480896
YBR094W,YMR032W,0,1.1749754,0.47733333706855774,0.8949999809265137,0.09799999743700027
YNL097C,YHR121W,0,1.1749388,0.4770788848400116,0.8949999809265137,0.09809999912977219
YDR043C,YMR291W,0,1.1731154,0.47682473063468933,0.8949999809265137,0.0982000008225441
YDL084W,YHR152W,0,1.1727701,0.47657081484794617,0.8949999809265137,0.09830000251531601
YGL162W,YHR005C-A,0,1.1719072,0.4763171970844269,0.8949999809265137,0.09839999675750732
YPL242C,YJL071W,0,1.171424,0.4760638177394867,0.8949999809265137,0.09849999845027924
YGR257C,YBR254C,0,1.1710328,0.4758107364177704,0.8949999809265137,0.09860000014305115
YKL107W,YJR107W,0,1.1703019,0.47555792331695557,0.8949999809265137,0.09870000183582306
YJR073C,YKR003W,0,1.1692132,0.47530537843704224,0.8949999809265137,0.09880000352859497
YOL076W,YIL147C,0,1.1688988,0.475053071975708,0.8949999809265137,0.09889999777078629
YMR296C,YHR072W,0,1.1684095,0.47480106353759766,0.8949999809265137,0.0989999994635582
YGR065C,YFL045C,0,1.1683565,0.4745493233203888,0.8949999809265137,0.09910000115633011
YLR070C,YOL130W,0,1.1670017,0.47429782152175903,0.8949999809265137,0.09920000284910202
YLR228C,YMR038C,0,1.166876,0.47404661774635315,0.8949999809265137,0.09929999709129333
YOR016C,YLR378C,0,1.1666352,0.47379565238952637,0.8949999809265137,0.09939999878406525
YJL144W,YMR136W,0,1.1660749,0.47354498505592346,0.8949999809265137,0.09950000047683716
YAL016W,YGR249W,0,1.1652983,0.47329455614089966,0.8949999809265137,0.09960000216960907
YLR009W,YLR312W-A,0,1.1644747,0.47304439544677734,0.8949999809265137,0.09969999641180038
YER013W,YDR214W,0,1.1642861,0.4727945029735565,0.8949999809265137,0.0997999981045723
YOL052C,YNR052C,0,1.1642663,0.4725448787212372,0.8949999809265137,0.09989999979734421
YFL016C,YPL173W,0,1.163685,0.47229552268981934,0.8949999809265137,0.10000000149011612
YJL089W,YKR034W,0,1.1635793,0.4720464050769806,0.8949999809265137,0.10010000318288803
YOL010W,YCR055C,1,1.1635576,0.4723247289657593,0.8960000276565552,0.10010000318288803
YLR413W,YNR013C,0,1.163374,0.472075879573822,0.8960000276565552,0.10019999742507935
YNL314W,YNL239W,0,1.163173,0.47182726860046387,0.8960000276565552,0.10029999911785126
YLR312W-A,YLR432W,0,1.1624218,0.4715789556503296,0.8960000276565552,0.10040000081062317
YDR221W,YDR127W,0,1.160288,0.4713308811187744,0.8960000276565552,0.10050000250339508
YKR027W,YBR135W,0,1.1592422,0.4710830748081207,0.8960000276565552,0.1005999967455864
YJL173C,YPR035W,0,1.1588043,0.47083553671836853,0.8960000276565552,0.1006999984383583
YBR152W,YDR310C,0,1.1587462,0.47058823704719543,0.8960000276565552,0.10080000013113022
YOR003W,YHL034C,0,1.1585749,0.47034120559692383,0.8960000276565552,0.10090000182390213
YNL297C,YER062C,0,1.1579359,0.4700944423675537,0.8960000276565552,0.10100000351667404
YPL273W,YAR042W,0,1.1561174,0.4698479175567627,0.8960000276565552,0.10109999775886536
YBR074W,YMR059W,0,1.1554707,0.46960169076919556,0.8960000276565552,0.10119999945163727
YNR026C,YDR245W,0,1.1537241,0.46935567259788513,0.8960000276565552,0.10130000114440918
YJL181W,YLR183C,0,1.15322,0.4691099524497986,0.8960000276565552,0.10140000283718109
YGL139W,YGR239C,0,1.1524403,0.46886447072029114,0.8960000276565552,0.1014999970793724
YHR179W,YLR060W,0,1.150356,0.4686192572116852,0.8960000276565552,0.10159999877214432
YLR425W,YLR289W,0,1.1484954,0.4683742821216583,0.8960000276565552,0.10170000046491623
YJR077C,YBR235W,0,1.1481,0.46812957525253296,0.8960000276565552,0.10180000215768814
YHR122W,YLR056W,0,1.1478496,0.4678851068019867,0.8960000276565552,0.10189999639987946
YOR236W,YPL011C,0,1.1473407,0.4676409065723419,0.8960000276565552,0.10199999809265137
YLR466W,YIL009W,0,1.146885,0.46739697456359863,0.8960000276565552,0.10209999978542328
YJL203W,YKL081W,0,1.1466669,0.46715328097343445,0.8960000276565552,0.10220000147819519
YBR227C,YJL058C,0,1.1457205,0.46690985560417175,0.8960000276565552,0.1023000031709671
YPL027W,YLR259C,0,1.1436183,0.46666666865348816,0.8960000276565552,0.10239999741315842
YGL085W,YFR046C,0,1.1421187,0.46642374992370605,0.8960000276565552,0.10249999910593033
YDR051C,YLR401C,0,1.1415887,0.46618106961250305,0.8960000276565552,0.10260000079870224
YAL011W,YMR011W,0,1.1414798,0.46593862771987915,0.8960000276565552,0.10270000249147415
YLR144C,YGL006W,0,1.14136,0.46569645404815674,0.8960000276565552,0.10279999673366547
YOR255W,YMR220W,0,1.1411134,0.4654545485973358,0.8960000276565552,0.10289999842643738
YGR229C,YHR098C,0,1.1402729,0.465212881565094,0.8960000276565552,0.10300000011920929
YLR389C,YNL178W,0,1.1382583,0.4649714529514313,0.8960000276565552,0.1031000018119812
YPL163C,YGR202C,0,1.1374582,0.46473029255867004,0.8960000276565552,0.10320000350475311
YDR174W,YLR344W,0,1.1364846,0.4644893705844879,0.8960000276565552,0.10329999774694443
YGL049C,YBR154C,0,1.1361521,0.4642487168312073,0.8960000276565552,0.10339999943971634
YBR177C,YDL025C,0,1.1354916,0.46400827169418335,0.8960000276565552,0.10350000113248825
YGR283C,YEL053C,0,1.1352452,0.4637681245803833,0.8960000276565552,0.10360000282526016
YOR317W,YBR045C,0,1.1341234,0.46352818608283997,0.8960000276565552,0.10369999706745148
YDL084W,YKL120W,0,1.1330615,0.4632885158061981,0.8960000276565552,0.10379999876022339
YPL075W,YCL036W,0,1.132897,0.4630490839481354,0.8960000276565552,0.1039000004529953
YLR064W,YBR149W,0,1.1326524,0.4628099203109741,0.8960000276565552,0.10400000214576721
YGL019W,YER062C,0,1.1314144,0.46257099509239197,0.8960000276565552,0.10409999638795853
YMR277W,YGL112C,0,1.1301672,0.4623323082923889,0.8960000276565552,0.10419999808073044
YML097C,YHR165C,0,1.1290867,0.46209385991096497,0.8960000276565552,0.10429999977350235
YLR019W,YOL001W,0,1.1284835,0.4618556797504425,0.8960000276565552,0.10440000146627426
YHR104W,YJL078C,0,1.1265302,0.46161770820617676,0.8960000276565552,0.10450000315904617
YDR363W,YDR499W,0,1.1241102,0.4613800346851349,0.8960000276565552,0.10459999740123749
YDL170W,YML081W,0,1.1230102,0.46114256978034973,0.8960000276565552,0.1046999990940094
YDR079W,YDR430C,0,1.1224059,0.4609053432941437,0.8960000276565552,0.10480000078678131
YIL110W,YGL008C,0,1.1223792,0.4606683850288391,0.8960000276565552,0.10490000247955322
YCR083W,YCR079W,0,1.1222957,0.46043166518211365,0.8960000276565552,0.10499999672174454
YHR072W-A,YGL097W,1,1.1220468,0.4607087969779968,0.8970000147819519,0.10499999672174454
YGL201C,YML025C,0,1.1217526,0.4604722857475281,0.8970000147819519,0.10509999841451645
YLR220W,YGL238W,0,1.1215495,0.4602360129356384,0.8970000147819519,0.10520000010728836
YHR091C,YGR138C,0,1.1214496,0.46000000834465027,0.8970000147819519,0.10530000180006027
YBR261C,YHR179W,0,1.1213255,0.4597642123699188,0.8970000147819519,0.10540000349283218
YBL098W,YDR375C,0,1.120142,0.45952868461608887,0.8970000147819519,0.1054999977350235
YBR281C,YKL033W,0,1.1195743,0.459293395280838,0.8970000147819519,0.10559999942779541
YDR257C,YGR120C,0,1.1195138,0.45905834436416626,0.8970000147819519,0.10570000112056732
YDR348C,YGR134W,0,1.1191204,0.4588235318660736,0.8970000147819519,0.10580000281333923
YPL078C,YOR011W,0,1.118418,0.45858895778656006,0.8970000147819519,0.10589999705553055
YIR018W,YGL053W,0,1.114639,0.4583546221256256,0.8970000147819519,0.10599999874830246
YGR004W,YOR328W,0,1.1134834,0.45812052488327026,0.8970000147819519,0.10610000044107437
YDR385W,YML051W,0,1.1134475,0.457886666059494,0.8970000147819519,0.10620000213384628
YCR058C,YHR088W,1,1.1132233,0.4581632614135742,0.8980000019073486,0.10620000213384628
YFR013W,YOR344C,0,1.1108558,0.4579296410083771,0.8980000019073486,0.1062999963760376
YCR044C,YKL170W,0,1.1092062,0.45769622921943665,0.8980000019073486,0.10639999806880951
YDR359C,YLR061W,0,1.1076962,0.4574630558490753,0.8980000019073486,0.10649999976158142
YNL230C,YDL122W,0,1.1061488,0.4572301506996155,0.8980000019073486,0.10660000145435333
YKL148C,YIL006W,0,1.1047542,0.45699745416641235,0.8980000019073486,0.10670000314712524
YER001W,YER109C,0,1.1023575,0.45676499605178833,0.8980000019073486,0.10679999738931656
YJR150C,YHR165C,0,1.1013622,0.4565327763557434,0.8980000019073486,0.10689999908208847
YGR166W,YMR246W,0,1.1001993,0.4563008248806,0.8980000019073486,0.10700000077486038
YMR195W,YHR109W,0,1.1001596,0.45606908202171326,0.8980000019073486,0.1071000024676323
YKR022C,YLR333C,0,1.0997558,0.45583757758140564,0.8980000019073486,0.10719999670982361
YBR004C,YOR234C,0,1.0988019,0.45560628175735474,0.8980000019073486,0.10729999840259552
YDR163W,YDR172W,0,1.097808,0.4553752541542053,0.8980000019073486,0.10740000009536743
YBR243C,YPR033C,0,1.0948377,0.455144464969635,0.8980000019073486,0.10750000178813934
YNR028W,YJR105W,0,1.0944933,0.4549138844013214,0.8980000019073486,0.10760000348091125
YGL125W,YCL039W,0,1.0937257,0.4546835422515869,0.8980000019073486,0.10769999772310257
YHR082C,YOR059C,0,1.0929173,0.4544534385204315,0.8980000019073486,0.10779999941587448
YNL294C,YNL056W,0,1.0925449,0.4542235732078552,0.8980000019073486,0.10790000110864639
YJL145W,YMR283C,0,1.0914474,0.45399394631385803,0.8980000019073486,0.1080000028014183
YNL122C,YGR215W,0,1.0909506,0.45376452803611755,0.8980000019073486,0.10809999704360962
YIL128W,YOR007C,0,1.0900041,0.4535353481769562,0.8980000019073486,0.10819999873638153
YIR004W,YOL029C,0,1.0892777,0.4533064067363739,0.8980000019073486,0.10830000042915344
YCR005C,YCR014C,0,1.0888075,0.4530777037143707,0.8980000019073486,0.10840000212192535
YGR276C,YPL178W,1,1.0881032,0.45335349440574646,0.8989999890327454,0.10840000212192535
YJR041C,YDR432W,1,1.0876615,0.4536290466785431,0.8999999761581421,0.10840000212192535
YIR031C,YDR508C,0,1.0859318,0.45340049266815186,0.8999999761581421,0.10849999636411667
YGR096W,YGR181W,0,1.085657,0.4531722068786621,0.8999999761581421,0.10859999805688858
YPL058C,YOL033W,0,1.084492,0.4529441297054291,0.8999999761581421,0.10869999974966049
YPL009C,YOL144W,0,1.0830575,0.45271629095077515,0.8999999761581421,0.1088000014424324
YKL186C,YGR020C,0,1.0826379,0.4524886906147003,0.8999999761581421,0.10890000313520432
YFR010W,YJL082W,0,1.082572,0.4522612988948822,0.8999999761581421,0.10899999737739563
YDR463W,YOL045W,0,1.0824007,0.4520341455936432,0.8999999761581421,0.10909999907016754
YIL118W,YJR055W,0,1.0816963,0.4518072307109833,0.8999999761581421,0.10920000076293945
YDL240W,YPL227C,0,1.079363,0.4515805244445801,0.8999999761581421,0.10930000245571136
YBL036C,YBR239C,0,1.0793388,0.451354056596756,0.8999999761581421,0.10939999669790268
YPL018W,YOR034C,0,1.0783975,0.451127827167511,0.8999999761581421,0.10949999839067459
YDR432W,YIL019W,1,1.0783005,0.45140281319618225,0.9010000228881836,0.10949999839067459
YNR018W,YIL011W,0,1.0782158,0.4511767625808716,0.9010000228881836,0.1096000000834465
YDR198C,YOR372C,0,1.0781846,0.45095095038414,0.9010000228881836,0.10970000177621841
YGR003W,YLR007W,0,1.077086,0.45072537660598755,0.9010000228881836,0.10980000346899033
YLL015W,YHR080C,0,1.0761646,0.4505000114440918,0.9010000228881836,0.10989999771118164
YML006C,YNL024C,0,1.0761384,0.45027485489845276,0.9010000228881836,0.10999999940395355
YJR105W,YPL032C,0,1.0749044,0.4500499367713928,0.9010000228881836,0.11010000109672546
YJL151C,YLR251W,0,1.0729095,0.449825257062912,0.9010000228881836,0.11020000278949738
YLR185W,YOR372C,0,1.0719483,0.44960078597068787,0.9010000228881836,0.11029999703168869
YDR349C,YBR221C,0,1.0716646,0.44937655329704285,0.9010000228881836,0.1103999987244606
YLR210W,YJL115W,0,1.0711132,0.44915252923965454,0.9010000228881836,0.11050000041723251
YML097C,YBR085W,0,1.0705895,0.44892874360084534,0.9010000228881836,0.11060000211000443
YHR047C,YDR075W,0,1.0705528,0.44870516657829285,0.9010000228881836,0.11069999635219574
YJR161C,YCL034W,0,1.0700428,0.44848182797431946,0.9010000228881836,0.11079999804496765
YJR047C,YLR413W,0,1.0691999,0.4482586979866028,0.9010000228881836,0.11089999973773956
YNL081C,YGR249W,0,1.0689691,0.4480358064174652,0.9010000228881836,0.11100000143051147
YJL171C,YPR148C,0,1.068302,0.44781312346458435,0.9010000228881836,0.11110000312328339
YGR091W,YDR519W,0,1.0676516,0.4475906491279602,0.9010000228881836,0.1111999973654747
YJR073C,YJL192C,0,1.0675563,0.44736841320991516,0.9010000228881836,0.11129999905824661
YCR060W,YBR133C,0,1.0673151,0.4471464157104492,0.9010000228881836,0.11140000075101852
YGR129W,YKR083C,0,1.067177,0.4469245970249176,0.9010000228881836,0.11150000244379044
YKL090W,YDR184C,0,1.0660725,0.4467030167579651,0.9010000228881836,0.11159999668598175
YBR069C,YGR055W,0,1.0659382,0.4464816749095917,0.9010000228881836,0.11169999837875366
YDR028C,YKL189W,0,1.0655276,0.4462605118751526,0.9010000228881836,0.11180000007152557
YDR296W,YKL180W,0,1.0650234,0.446039617061615,0.9010000228881836,0.11190000176429749
YJL177W,YER166W,0,1.0640852,0.4458189010620117,0.9010000228881836,0.1120000034570694
YBL076C,YCL064C,0,1.0639739,0.44559842348098755,0.9010000228881836,0.11209999769926071
YGR084C,YOR226C,0,1.0639706,0.4453781545162201,0.9010000228881836,0.11219999939203262
YPR066W,YGR161C,0,1.0636995,0.44515809416770935,0.9010000228881836,0.11230000108480453
YKL127W,YLR264W,0,1.0623435,0.4449382722377777,0.9010000228881836,0.11240000277757645
YPL013C,YDR461W,0,1.0619838,0.4447186589241028,0.9010000228881836,0.11249999701976776
YGL200C,YDL217C,0,1.0604411,0.44449925422668457,0.9010000228881836,0.11259999871253967
YDR301W,YOR098C,0,1.0597937,0.44428008794784546,0.9010000228881836,0.11270000040531158
YGL079W,YIL096C,0,1.0592886,0.4440611004829407,0.9010000228881836,0.1128000020980835
YFL062W,YDR284C,0,1.0589559,0.443842351436615,0.9010000228881836,0.11289999634027481
YML031W,YBR171W,0,1.05845,0.4436238408088684,0.9010000228881836,0.11299999803304672
YOR126C,YJL171C,0,1.0582592,0.44340550899505615,0.9010000228881836,0.11309999972581863
YML010W,YJL130C,0,1.0575818,0.443187415599823,0.9010000228881836,0.11320000141859055
YNL003C,YBL047C,0,1.0565506,0.44296953082084656,0.9010000228881836,0.11330000311136246
YIL061C,YLR262C,0,1.0562265,0.44275185465812683,0.9010000228881836,0.11339999735355377
YPR086W,YOR340C,0,1.0560269,0.4425343871116638,0.9010000228881836,0.11349999904632568
YER104W,YCL035C,0,1.054416,0.4423171281814575,0.9010000228881836,0.1136000007390976
YMR176W,YOR206W,0,1.0529805,0.4421001076698303,0.9010000228881836,0.1137000024318695
YMR048W,YPL058C,0,1.0518609,0.44188326597213745,0.9010000228881836,0.11379999667406082
YFL062W,YDL107W,0,1.0509019,0.4416666626930237,0.9010000228881836,0.11389999836683273
YLR205C,YDL126C,0,1.0506544,0.4414502680301666,0.9010000228881836,0.11400000005960464
YBL079W,YER157W,0,1.0500576,0.4412340819835663,0.9010000228881836,0.11410000175237656
YNL262W,YJL076W,0,1.0473702,0.44101810455322266,0.9010000228881836,0.11420000344514847
YML075C,YPR043W,0,1.0472729,0.44080233573913574,0.9010000228881836,0.11429999768733978
YBL011W,YPL094C,0,1.0460109,0.44058680534362793,0.9010000228881836,0.1143999993801117
YPR138C,YOR330C,0,1.0457462,0.44037145376205444,0.9010000228881836,0.1145000010728836
YEL020C,YJR107W,0,1.0451365,0.44015634059906006,0.9010000228881836,0.11460000276565552
YPL212C,YPL029W,0,1.0450689,0.43994140625,0.9010000228881836,0.11469999700784683
YJR152W,YMR019W,0,1.0446893,0.43972671031951904,0.9010000228881836,0.11479999870061874
YHR032W,YNL283C,0,1.0443064,0.4395121932029724,0.9010000228881836,0.11490000039339066
YER063W,YPL158C,0,1.0442283,0.4392979145050049,0.9010000228881836,0.11500000208616257
YDR165W,YDR076W,0,1.0428648,0.4390838146209717,0.9010000228881836,0.11509999632835388
YKL082C,YML025C,0,1.0426191,0.4388699531555176,0.9010000228881836,0.1151999980211258
YDL160C,YOR206W,0,1.0421288,0.4386562705039978,0.9010000228881836,0.1152999997138977
YDR432W,YDR398W,1,1.0418111,0.4389294385910034,0.9020000100135803,0.1152999997138977
YIL131C,YPL145C,0,1.0413113,0.43871596455574036,0.9020000100135803,0.11540000140666962
YPL069C,YGR252W,0,1.0411853,0.4385026693344116,0.9020000100135803,0.11550000309944153
YKL096W,YNL267W,0,1.0402192,0.438289612531662,0.9020000100135803,0.11559999734163284
YPR020W,YOR187W,0,1.0394013,0.4380767345428467,0.9020000100135803,0.11569999903440475
YAL039C,YJL091C,0,1.0388098,0.4378640651702881,0.9020000100135803,0.11580000072717667
YGR077C,YBR104W,0,1.0379686,0.4376516342163086,0.9020000100135803,0.11590000241994858
YER018C,YJR014W,0,1.0378029,0.4374393820762634,0.9020000100135803,0.11599999666213989
YOR176W,YDL126C,0,1.037716,0.437227338552475,0.9020000100135803,0.1160999983549118
YPR164W,YOL006C,0,1.0370151,0.43701550364494324,0.9020000100135803,0.11620000004768372
YJL076W,YNL254C,0,1.0368494,0.4368038773536682,0.9020000100135803,0.11630000174045563
YJL076W,YER137C,0,1.0364612,0.4365924596786499,0.9020000100135803,0.11640000343322754
YNL125C,YJL200C,0,1.0362116,0.4363812208175659,0.9020000100135803,0.11649999767541885
YOR243C,YMR228W,1,1.0343156,0.4366537630558014,0.902999997138977,0.11649999767541885
YHR032W,YBR228W,0,1.0339546,0.4364427328109741,0.902999997138977,0.11659999936819077
YLL024C,YGR256W,0,1.0336883,0.4362318813800812,0.902999997138977,0.11670000106096268
YPL254W,YDL117W,0,1.0334066,0.43602123856544495,0.902999997138977,0.11680000275373459
YHR168W,YMR116C,0,1.0326525,0.43581080436706543,0.902999997138977,0.1168999969959259
YGL103W,YML081W,0,1.0302811,0.4356005787849426,0.902999997138977,0.11699999868869781
YNL113W,YGL068W,0,1.0295498,0.43539056181907654,0.902999997138977,0.11710000038146973
YIL007C,YBR169C,0,1.0294567,0.4351807236671448,0.902999997138977,0.11720000207424164
YDL247W,YDL214C,0,1.0286859,0.4349710941314697,0.902999997138977,0.11729999631643295
YPR011C,YCR046C,0,1.0282971,0.4347616732120514,0.902999997138977,0.11739999800920486
YCL001W,YOL144W,0,1.0282718,0.43455246090888977,0.902999997138977,0.11749999970197678
YHR032W,YFR050C,0,1.0270036,0.4343434274196625,0.902999997138977,0.11760000139474869
YMR170C,YKL221W,0,1.0258658,0.4341346025466919,0.902999997138977,0.1177000030875206
YHR063C,YLL018C-A,0,1.0253303,0.433925986289978,0.902999997138977,0.11779999732971191
YDR499W,YNL238W,0,1.0241606,0.4337175786495209,0.902999997138977,0.11789999902248383
YEL060C,YEL071W,0,1.0232154,0.43350934982299805,0.902999997138977,0.11800000071525574
YJL167W,YKR087C,0,1.0229269,0.43330132961273193,0.902999997138977,0.11810000240802765
YHR183W,YML055W,0,1.0222847,0.43309351801872253,0.902999997138977,0.11819999665021896
YDR497C,YML036W,0,1.0222543,0.43288591504096985,0.902999997138977,0.11829999834299088
YDR004W,YDR317W,0,1.0215609,0.4326784908771515,0.902999997138977,0.11840000003576279
YGL129C,YLR348C,0,1.0202322,0.43247127532958984,0.902999997138977,0.1185000017285347
YPL021W,YBL002W,0,1.0199646,0.4322642385959625,0.902999997138977,0.11860000342130661
YOR249C,YDR427W,0,1.0181878,0.4320574104785919,0.902999997138977,0.11869999766349792
YDR309C,YOL076W,0,1.0179123,0.431850790977478,0.902999997138977,0.11879999935626984
YPL179W,YPR200C,0,1.0176975,0.43164435029029846,0.902999997138977,0.11890000104904175
YBR173C,YBR101C,0,1.0173361,0.4314381182193756,0.902999997138977,0.11900000274181366
YOL090W,YNR055C,0,1.016973,0.4312320947647095,0.902999997138977,0.11909999698400497
YKL130C,YGR072W,0,1.0168587,0.43102625012397766,0.902999997138977,0.11919999867677689
YCR030C,YHR138C,0,1.0165532,0.43082061409950256,0.902999997138977,0.1193000003695488
YNL175C,YER063W,0,1.0162317,0.4306151568889618,0.902999997138977,0.11940000206232071
YEL006W,YCL026C-A,0,1.0159354,0.43040990829467773,0.902999997138977,0.11949999630451202
YDR261C,YKL197C,0,1.0132866,0.4302048683166504,0.902999997138977,0.11959999799728394
YEL029C,YNR044W,0,1.0130491,0.4300000071525574,0.902999997138977,0.11969999969005585
YJR047C,YNL302C,0,1.0120544,0.4297953248023987,0.902999997138977,0.11980000138282776
YKL067W,YLL055W,0,1.0116172,0.4295908510684967,0.902999997138977,0.11990000307559967
YLR059C,YNL163C,1,1.0101026,0.4298621118068695,0.9039999842643738,0.11990000307559967
YPR133C,YOR262W,0,1.0092945,0.42965778708457947,0.9039999842643738,0.11999999731779099
YLR288C,YJL177W,0,1.0083408,0.42945367097854614,0.9039999842643738,0.1200999990105629
YKL211C,YLR363C,0,1.0071249,0.42924976348876953,0.9039999842643738,0.12020000070333481
YOR058C,YDL039C,0,1.0046788,0.42904603481292725,0.9039999842643738,0.12030000239610672
YGR052W,YDL079C,0,1.0035213,0.4288425147533417,0.9039999842643738,0.12039999663829803
YJR109C,YJL130C,0,1.0034623,0.42863917350769043,0.9039999842643738,0.12049999833106995
YOR100C,YNL327W,0,1.0032256,0.4284360110759735,0.9039999842643738,0.12060000002384186
YKL110C,YPR022C,0,1.0027169,0.4282330572605133,0.9039999842643738,0.12070000171661377
YBR029C,YOR304W,0,1.002337,0.4280303120613098,0.9039999842643738,0.12080000340938568
YIL041W,YDL021W,0,1.0022402,0.42782774567604065,0.9039999842643738,0.120899997651577
YGL238W,YOR086C,0,1.0017282,0.4276253581047058,0.9039999842643738,0.12099999934434891
YDR171W,YNL336W,0,1.0015913,0.4274231791496277,0.9039999842643738,0.12110000103712082
YPL208W,YNR013C,0,1.0002941,0.4272211790084839,0.9039999842643738,0.12120000272989273
YKL033W,YJR053W,0,0.9983398,0.4270193576812744,0.9039999842643738,0.12129999697208405
YBL097W,YGL055W,0,0.99802244,0.42681774497032166,0.9039999842643738,0.12139999866485596
YHR203C,YJL096W,0,0.99737656,0.4266163408756256,0.9039999842643738,0.12150000035762787
YBR192W,YOL137W,0,0.9972086,0.4264150857925415,0.9039999842643738,0.12160000205039978
YOL121C,YMR032W,0,0.99701166,0.4262140393257141,0.9039999842643738,0.1216999962925911
YEL029C,YPL045W,0,0.9968225,0.42601320147514343,0.9039999842643738,0.121799997985363
YGR033C,YDR469W,0,0.9967779,0.4258125424385071,0.9039999842643738,0.12189999967813492
YKL055C,YCR024C-A,0,0.99659705,0.42561206221580505,0.9039999842643738,0.12200000137090683
YOL045W,YIR005W,0,0.9954473,0.42541176080703735,0.9039999842643738,0.12210000306367874
YIL020C,YBR102C,0,0.994364,0.42521166801452637,0.9039999842643738,0.12219999730587006
YPL050C,YJL184W,0,0.99433243,0.4250117540359497,0.9039999842643738,0.12229999899864197
YGR028W,YFL031W,0,0.9926971,0.4248120188713074,0.9039999842643738,0.12240000069141388
YJL083W,YLR178C,0,0.99203277,0.42461249232292175,0.9039999842643738,0.12250000238418579
YOR307C,YNL069C,0,0.99201477,0.42441314458847046,0.9039999842643738,0.1225999966263771
YOR255W,YLR193C,0,0.99190676,0.4242139756679535,0.9039999842643738,0.12269999831914902
YJR034W,YPL015C,0,0.9918947,0.42401501536369324,0.9039999842643738,0.12280000001192093
YJR109C,YER003C,0,0.99033916,0.4238162338733673,0.9039999842643738,0.12290000170469284
YBR294W,YHR104W,0,0.99009836,0.4236176311969757,0.9039999842643738,0.12300000339746475
YER150W,YBR196C,0,0.9886793,0.42341920733451843,0.9039999842643738,0.12309999763965607
YDL189W,YML021C,0,0.9880564,0.4232209622859955,0.9039999842643738,0.12319999933242798
YBR155W,YDR080W,0,0.9877008,0.42302292585372925,0.9039999842643738,0.12330000102519989
YAL029C,YIL139C,0,0.98748946,0.42282506823539734,0.9039999842643738,0.1234000027179718
YGR285C,YNL252C,0,0.9866922,0.42262738943099976,0.9039999842643738,0.12349999696016312
YPL110C,YHR216W,0,0.9859284,0.4224299192428589,0.9039999842643738,0.12359999865293503
YGL156W,YAL016W,0,0.98548543,0.42223259806632996,0.9039999842643738,0.12370000034570694
YNL202W,YBR223C,0,0.98526657,0.42203548550605774,0.9039999842643738,0.12380000203847885
YPR030W,YML016C,0,0.9852408,0.42183855175971985,0.9039999842643738,0.12389999628067017
YKL170W,YGL255W,0,0.9849453,0.4216417968273163,0.9039999842643738,0.12399999797344208
YDL134C,YBR145W,0,0.9843842,0.42144522070884705,0.9039999842643738,0.12409999966621399
YNL183C,YIL087C,0,0.98402345,0.42124882340431213,0.9039999842643738,0.1242000013589859
YDR262W,YPL176C,0,0.98379135,0.42105263471603394,0.9039999842643738,0.12430000305175781
YHR080C,YOR142W,0,0.982919,0.42085662484169006,0.9039999842643738,0.12439999729394913
YJL149W,YKL157W,0,0.98282313,0.42066076397895813,0.9039999842643738,0.12449999898672104
YHR122W,YIL064W,0,0.9820447,0.4204651117324829,0.9039999842643738,0.12460000067949295
YOR081C,YMR199W,0,0.9810151,0.420269638299942,0.9039999842643738,0.12470000237226486
YKL040C,YDL002C,0,0.9798739,0.42007434368133545,0.9039999842643738,0.12479999661445618
YDR429C,YKL005C,0,0.97924626,0.4198792278766632,0.9039999842643738,0.12489999830722809
YJR129C,YGR012W,0,0.9787365,0.4196843206882477,0.9039999842643738,0.125
YHR149C,YDL133C-A,0,0.97763014,0.4194895625114441,0.9039999842643738,0.1251000016927719
YDL213C,YCR055C,1,0.9775189,0.4197588264942169,0.9049999713897705,0.1251000016927719
YLR395C,YOR010C,0,0.97743094,0.41956421732902527,0.9049999713897705,0.12520000338554382
YDL147W,YJL099W,0,0.9766762,0.41936978697776794,0.9049999713897705,0.12530000507831573
YJL139C,YNL194C,0,0.97643316,0.41917553544044495,0.9049999713897705,0.12540000677108765
YOR098C,YGR252W,0,0.9753578,0.41898149251937866,0.9049999713897705,0.12549999356269836
YER145C,YNL246W,0,0.97531426,0.4187875986099243,0.9049999713897705,0.12559999525547028
YNL065W,YMR047C,0,0.97439957,0.4185938835144043,0.9049999713897705,0.1256999969482422
YJR161C,YOR255W,0,0.97430134,0.418400377035141,0.9049999713897705,0.1257999986410141
YMR202W,YHR157W,0,0.97399104,0.4182070195674896,0.9049999713897705,0.125900000333786
YKL188C,YPR001W,0,0.9734659,0.41801387071609497,0.9049999713897705,0.12600000202655792
YDR090C,YJL122W,0,0.9717181,0.41782087087631226,0.9049999713897705,0.12610000371932983
YBR066C,YER060W-A,0,0.97171247,0.41762804985046387,0.9049999713897705,0.12620000541210175
YOR363C,YPL110C,0,0.9714072,0.4174354374408722,0.9049999713897705,0.12630000710487366
YKL096W,YAL016W,0,0.9713119,0.41724297404289246,0.9049999713897705,0.12639999389648438
YBL098W,YHR202W,0,0.9711051,0.41705068945884705,0.9049999713897705,0.1264999955892563
YOR335C,YER167W,0,0.9710525,0.41685858368873596,0.9049999713897705,0.1265999972820282
YDR259C,YFL031W,0,0.9708599,0.4166666567325592,0.9049999713897705,0.1266999989748001
YPL119C,YNL055C,0,0.97021484,0.4164749085903168,0.9049999713897705,0.12680000066757202
YGR257C,YDR164C,0,0.9695641,0.41628333926200867,0.9049999713897705,0.12690000236034393
YDR175C,YDR304C,0,0.9693775,0.4160919487476349,0.9049999713897705,0.12700000405311584
YDR457W,YKL172W,1,0.9688928,0.4163602888584137,0.906000018119812,0.12700000405311584
YGL231C,YML069W,0,0.96830857,0.41616904735565186,0.906000018119812,0.12710000574588776
YGR296W,YFR051C,0,0.96830213,0.41597795486450195,0.906000018119812,0.12720000743865967
YKL099C,YCR055C,1,0.96778524,0.4162459969520569,0.9070000052452087,0.12720000743865967
YLR431C,YER103W,0,0.9674605,0.4160550534725189,0.9070000052452087,0.12729999423027039
YNL240C,YHR058C,0,0.96704614,0.4158642888069153,0.9070000052452087,0.1273999959230423
YCR060W,YIL063C,0,0.96553373,0.41567370295524597,0.9070000052452087,0.1274999976158142
YIL154C,YIL010W,0,0.9654311,0.4154832661151886,0.9070000052452087,0.12759999930858612
YHR080C,YER058W,0,0.96516573,0.41529303789138794,0.9070000052452087,0.12770000100135803
YJL123C,YPL076W,0,0.964844,0.4151029884815216,0.9070000052452087,0.12780000269412994
YPR024W,YLR060W,0,0.96335137,0.4149130880832672,0.9070000052452087,0.12790000438690186
YMR160W,YOR291W,0,0.9627774,0.41472336649894714,0.9070000052452087,0.12800000607967377
YIL031W,YDR186C,0,0.9620502,0.4145338237285614,0.9070000052452087,0.12809999287128448
YDL175C,YEL043W,0,0.96109295,0.41434445977211,0.9070000052452087,0.1281999945640564
YPL030W,YLR312W-A,0,0.9603963,0.4141552448272705,0.9070000052452087,0.1282999962568283
YMR319C,YBR067C,0,0.96004105,0.41396623849868774,0.9070000052452087,0.12839999794960022
YER141W,YHL017W,0,0.9599432,0.4137773811817169,0.9070000052452087,0.12849999964237213
YGR036C,YMR227C,0,0.9587666,0.4135887026786804,0.9070000052452087,0.12860000133514404
YDR221W,YNL192W,0,0.9582864,0.41340017318725586,0.9070000052452087,0.12870000302791595
YNL050C,YER151C,0,0.958192,0.413211852312088,0.9070000052452087,0.12880000472068787
YJL137C,YFR049W,0,0.9580071,0.4130236804485321,0.9070000052452087,0.12890000641345978
YAL007C,YIL021W,0,0.9561472,0.4128356873989105,0.9070000052452087,0.1289999932050705
YLR336C,YBL005W-A,0,0.95580316,0.41264787316322327,0.9070000052452087,0.1290999948978424
YBL036C,YFL005W,0,0.95569336,0.41246020793914795,0.9070000052452087,0.12919999659061432
YJL207C,YBR084C-A,0,0.95507705,0.41227272152900696,0.9070000052452087,0.12929999828338623
YJL004C,YBR182C,0,0.954442,0.4120854139328003,0.9070000052452087,0.12939999997615814
YLR291C,YMR189W,0,0.9536344,0.41189828515052795,0.9070000052452087,0.12950000166893005
YLL024C,YOR382W,0,0.95359945,0.41171130537986755,0.9070000052452087,0.12960000336170197
YDR375C,YKR093W,0,0.952394,0.4115245044231415,0.9070000052452087,0.12970000505447388
YDR072C,YHR193C,0,0.9520463,0.41133788228034973,0.9070000052452087,0.1298000067472458
YER171W,YNL054W,0,0.9514214,0.4111514091491699,0.9070000052452087,0.1298999935388565
YGR084C,YJR144W,0,0.95109236,0.41096511483192444,0.9070000052452087,0.12999999523162842
YJL183W,YOR045W,0,0.9506706,0.4107789993286133,0.9070000052452087,0.13009999692440033
YLR359W,YGL153W,0,0.9505459,0.41059303283691406,0.9070000052452087,0.13019999861717224
YMR117C,YBR031W,0,0.9504993,0.41040724515914917,0.9070000052452087,0.13030000030994415
YJL063C,YLR378C,0,0.9489938,0.4102216064929962,0.9070000052452087,0.13040000200271606
YIR021W,YNL087W,0,0.94813657,0.4100361764431,0.9070000052452087,0.13050000369548798
YGR092W,YNL056W,0,0.94738543,0.4098508954048157,0.9070000052452087,0.1306000053882599
YLR174W,YER081W,0,0.94735885,0.4096657633781433,0.9070000052452087,0.1307000070810318
YOR192C,YNL006W,0,0.94734895,0.4094808101654053,0.9070000052452087,0.13079999387264252
YIR034C,YML075C,0,0.94686663,0.40929603576660156,0.9070000052452087,0.13089999556541443
YOR192C,YML132W,0,0.9452616,0.4091114103794098,0.9070000052452087,0.13099999725818634
YOR239W,YGL055W,0,0.9440788,0.40892696380615234,0.9070000052452087,0.13109999895095825
YEL055C,YGR257C,0,0.9433416,0.40874266624450684,0.9070000052452087,0.13120000064373016
YJR137C,YPL167C,0,0.9432322,0.40855854749679565,0.9070000052452087,0.13130000233650208
YPL189W,YOR375C,0,0.9429351,0.4083746075630188,0.9070000052452087,0.131400004029274
YJL159W,YJR019C,0,0.94283164,0.4081908166408539,0.9070000052452087,0.1315000057220459
YCR058C,YOR119C,1,0.94184184,0.40845704078674316,0.9079999923706055,0.1315000057220459
YDR346C,YKL184W,0,0.9415026,0.4082733690738678,0.9079999923706055,0.1316000074148178
YER168C,YBL005W-B,0,0.94130695,0.40808987617492676,0.9079999923706055,0.13169999420642853
YBR204C,YJR108W,0,0.9407587,0.40790656208992004,0.9079999923706055,0.13179999589920044
YGL220W,YIL121W,0,0.9407244,0.40772339701652527,0.9079999923706055,0.13189999759197235
YCR068W,YLL024C,0,0.93959475,0.40754038095474243,0.9079999923706055,0.13199999928474426
YLR263W,YMR158W,0,0.9395107,0.4073575735092163,0.9079999923706055,0.13210000097751617
YGL190C,YKR093W,0,0.93721366,0.40717488527297974,0.9079999923706055,0.13220000267028809
YDL150W,YNL118C,0,0.93684447,0.4069923758506775,0.9079999923706055,0.13230000436306
YGR060W,YAL028W,0,0.93600893,0.40681004524230957,0.9079999923706055,0.1324000060558319
YDR085C,YDL197C,0,0.9356328,0.4066278636455536,0.9079999923706055,0.13249999284744263
YNL132W,YMR240C,0,0.93516636,0.40644583106040955,0.9079999923706055,0.13259999454021454
YOR176W,YFR024C-A,0,0.9346709,0.40626397728919983,0.9079999923706055,0.13269999623298645
YJL171C,YIL017C,0,0.9344746,0.40608230233192444,0.9079999923706055,0.13279999792575836
YPR018W,YNL216W,0,0.9336597,0.4059007465839386,0.9079999923706055,0.13289999961853027
YPL013C,YOR009W,0,0.93226206,0.4057193994522095,0.9079999923706055,0.13300000131130219
YCL008C,YCR011C,0,0.932057,0.4055382013320923,0.9079999923706055,0.1331000030040741
YPR151C,YMR205C,0,0.93165135,0.40535715222358704,0.9079999923706055,0.133200004696846
YJL177W,YML069W,0,0.93136215,0.4051762521266937,0.9079999923706055,0.13330000638961792
YER040W,YIL014W,0,0.93114734,0.40499553084373474,0.9079999923706055,0.13339999318122864
YGL127C,YML030W,0,0.93081546,0.4048149883747101,0.9079999923706055,0.13349999487400055
YOL121C,YLR182W,0,0.9307027,0.40463459491729736,0.9079999923706055,0.13359999656677246
YBL007C,YDL174C,0,0.9298092,0.4044543504714966,0.9079999923706055,0.13369999825954437
YNL197C,YDL064W,0,0.92976904,0.40427425503730774,0.9079999923706055,0.13379999995231628
YDR099W,YLR284C,0,0.9294487,0.4040943384170532,0.9079999923706055,0.1339000016450882
YPR113W,YDR045C,0,0.9294013,0.40391460061073303,0.9079999923706055,0.1340000033378601
YPL256C,YOL154W,0,0.9289646,0.4037349820137024,0.9079999923706055,0.13410000503063202
YPL262W,YDR119W,0,0.9282688,0.4035555422306061,0.9079999923706055,0.13420000672340393
YOR202W,YPR194C,0,0.9270339,0.4033762812614441,0.9079999923706055,0.13429999351501465
YGL076C,YER144C,0,0.9260894,0.40319716930389404,0.9079999923706055,0.13439999520778656
YMR202W,YPL145C,0,0.9256984,0.40301820635795593,0.9079999923706055,0.13449999690055847
YJR047C,YNR018W,0,0.9253521,0.40283939242362976,0.9079999923706055,0.13459999859333038
YPL096W,YGL156W,0,0.92484236,0.4026607573032379,0.9079999923706055,0.1347000002861023
YNL081C,YNR067C,0,0.924826,0.402482271194458,0.9079999923706055,0.1348000019788742
YHR096C,YPR075C,0,0.9246714,0.40230393409729004,0.9079999923706055,0.13490000367164612
YML052W,YOL082W,0,0.9240297,0.4021257758140564,0.9079999923706055,0.13500000536441803
YEL020C,YGL133W,0,0.9237305,0.4019477665424347,0.9079999923706055,0.13510000705718994
YHR174W,YIL052C,0,0.9235718,0.4017699062824249,0.9079999923706055,0.13519999384880066
YOR187W,YPR124W,0,0.923465,0.4015922248363495,0.9079999923706055,0.13529999554157257
YDL189W,YOR320C,0,0.92291546,0.4014146625995636,0.9079999923706055,0.13539999723434448
YBR135W,YPR033C,0,0.92288315,0.4012373089790344,0.9079999923706055,0.1354999989271164
YLR359W,YPL189W,0,0.922842,0.4010600745677948,0.9079999923706055,0.1356000006198883
YOR304C-A,YOR017W,0,0.92223144,0.4008829891681671,0.9079999923706055,0.13570000231266022
YCL025C,YPR140W,0,0.9213114,0.40070608258247375,0.9079999923706055,0.13580000400543213
YJL001W,YDL215C,0,0.9183742,0.40052932500839233,0.9079999923706055,0.13590000569820404
YGR032W,YBR016W,0,0.9181527,0.40035274624824524,0.9079999923706055,0.13600000739097595
YER072W,YBL087C,0,0.9176128,0.4001762866973877,0.9079999923706055,0.13609999418258667
YIL044C,YGL105W,0,0.9174496,0.4000000059604645,0.9079999923706055,0.13619999587535858
YPL058C,YPR182W,0,0.9173037,0.3998238742351532,0.9079999923706055,0.1362999975681305
YHR061C,YJL186W,0,0.9165764,0.39964789152145386,0.9079999923706055,0.1363999992609024
YBR295W,YNL190W,0,0.91527736,0.39947205781936646,0.9079999923706055,0.13650000095367432
YGL163C,YMR024W,0,0.91510165,0.3992964029312134,0.9079999923706055,0.13660000264644623
YBR295W,YLR307W,0,0.91494465,0.39912086725234985,0.9079999923706055,0.13670000433921814
YPL254W,YPR152C,0,0.91490674,0.39894551038742065,0.9079999923706055,0.13680000603199005
YPR133W-A,YLR388W,0,0.9145812,0.3987703025341034,0.9079999923706055,0.13689999282360077
YJL128C,YFL053W,0,0.9143543,0.39859527349472046,0.9079999923706055,0.13699999451637268
YIL127C,YJL192C,0,0.9130521,0.3984203636646271,0.9079999923706055,0.1370999962091446
YML123C,YDL240W,0,0.9124862,0.39824560284614563,0.9079999923706055,0.1371999979019165
YBR065C,YFL026W,0,0.91118205,0.3980710208415985,0.9079999923706055,0.13729999959468842
YER046W,YNL008C,0,0.9099227,0.39789658784866333,0.9079999923706055,0.13740000128746033
YOR078W,YCR055C,1,0.90914834,0.39816030859947205,0.9089999794960022,0.13740000128746033
YDL191W,YLR027C,0,0.90847623,0.3979859948158264,0.9089999794960022,0.13750000298023224
YDL132W,YGR044C,0,0.90749323,0.3978118300437927,0.9089999794960022,0.13760000467300415
YBR294W,YML056C,0,0.9061872,0.3976377844810486,0.9089999794960022,0.13770000636577606
YBR091C,YCR048W,0,0.90460944,0.39746391773223877,0.9089999794960022,0.13779999315738678
YHR191C,YER056C,0,0.90407217,0.3972901999950409,0.9089999794960022,0.1378999948501587
YJL174W,YGL043W,0,0.9039787,0.39711663126945496,0.9089999794960022,0.1379999965429306
YIL014W,YDR351W,0,0.9038694,0.39694324135780334,0.9089999794960022,0.13809999823570251
YGR142W,YIL080W,0,0.90322435,0.3967699706554413,0.9089999794960022,0.13819999992847443
YIL017C,YER190W,0,0.9031992,0.39659684896469116,0.9089999794960022,0.13830000162124634
YPR112C,YLR165C,1,0.9029846,0.3968600034713745,0.9100000262260437,0.13830000162124634
YCL018W,YHL003C,0,0.9027661,0.39668700098991394,0.9100000262260437,0.13840000331401825
YLL028W,YGR249W,0,0.901631,0.3965141475200653,0.9100000262260437,0.13850000500679016
YBR132C,YHR157W,0,0.90142405,0.396341472864151,0.9100000262260437,0.13860000669956207
YCR093W,YMR244C-A,0,0.90133655,0.39616891741752625,0.9100000262260437,0.1386999934911728
YIL142W,YDL102W,0,0.900805,0.3959965109825134,0.9100000262260437,0.1387999951839447
YLR166C,YDL222C,0,0.9006747,0.39582428336143494,0.9100000262260437,0.1388999968767166
YER125W,YLR435W,1,0.8994211,0.3960869610309601,0.9110000133514404,0.1388999968767166
YPR113W,YLR070C,0,0.89909184,0.39591482281684875,0.9110000133514404,0.13899999856948853
YFR019W,YBR132C,0,0.89900947,0.39574283361434937,0.9110000133514404,0.13910000026226044
YFL017W-A,YOR204W,0,0.89824593,0.3955709934234619,0.9110000133514404,0.13920000195503235
YPL175W,YCR087C-A,0,0.89752614,0.3953993022441864,0.9110000133514404,0.13930000364780426
YDL029W,YHR002W,0,0.8973509,0.3952277600765228,0.9110000133514404,0.13940000534057617
YOL049W,YGR108W,0,0.8970107,0.3950563669204712,0.9110000133514404,0.13950000703334808
YGR282C,YHR080C,0,0.8965064,0.3948851227760315,0.9110000133514404,0.1395999938249588
YPR120C,YMR207C,0,0.8954798,0.39471402764320374,0.9110000133514404,0.1396999955177307
YNR015W,YMR021C,0,0.8946403,0.3945430815219879,0.9110000133514404,0.13979999721050262
YML055W,YOL075C,0,0.8944131,0.39437228441238403,0.9110000133514404,0.13989999890327454
YIL119C,YNL052W,0,0.8939867,0.3942016363143921,0.9110000133514404,0.14000000059604645
YIL133C,YLR190W,0,0.8936312,0.3940311372280121,0.9110000133514404,0.14010000228881836
YLR320W,YDL040C,0,0.8933047,0.393860787153244,0.9110000133514404,0.14020000398159027
YDR485C,YGR204W,0,0.8929106,0.3936905860900879,0.9110000133514404,0.14030000567436218
YJL186W,YGR277C,0,0.8922827,0.3935205042362213,0.9110000133514404,0.1404000073671341
YJR159W,YGL010W,0,0.8918952,0.39335060119628906,0.9110000133514404,0.1404999941587448
YBR021W,YPR169W,0,0.8918667,0.39318084716796875,0.9110000133514404,0.14059999585151672
YCR058C,YLR068W,1,0.8917626,0.39344263076782227,0.9120000004768372,0.14059999585151672
YPL175W,YIL063C,0,0.8915703,0.3932729661464691,0.9120000004768372,0.14069999754428864
YBR080C,YDL230W,0,0.89140403,0.3931034505367279,0.9120000004768372,0.14079999923706055
YLR247C,YLR092W,0,0.88874185,0.39293408393859863,0.9120000004768372,0.14090000092983246
YPR133W-A,YGL012W,0,0.88761234,0.3927648663520813,0.9120000004768372,0.14100000262260437
YNR036C,YKL163W,0,0.8866595,0.3925957679748535,0.9120000004768372,0.14110000431537628
YPL115C,YIL053W,0,0.88615274,0.39242684841156006,0.9120000004768372,0.1412000060081482
YLR398C,YGR027C,0,0.88443065,0.39225807785987854,0.9120000004768372,0.1412999927997589
YLR319C,YGR155W,0,0.88438284,0.3920894265174866,0.9120000004768372,0.14139999449253082
YDR064W,YCR018C,1,0.8830755,0.3923506736755371,0.9129999876022339,0.14139999449253082
YLL057C,YNL065W,0,0.8828572,0.3921821415424347,0.9129999876022339,0.14149999618530273
YGL023C,YGR239C,0,0.8816391,0.3920137286186218,0.9129999876022339,0.14159999787807465
YOR176W,YCL033C,0,0.8812275,0.3918454945087433,0.9129999876022339,0.14169999957084656
YOR198C,YLR341W,0,0.8807838,0.3916773796081543,0.9129999876022339,0.14180000126361847
YEL055C,YJL181W,0,0.88069165,0.39150944352149963,0.9129999876022339,0.14190000295639038
YIR026C,YBL102W,0,0.8792951,0.3913416266441345,0.9129999876022339,0.1420000046491623
YHR108W,YJL167W,0,0.87901783,0.39117395877838135,0.9129999876022339,0.1421000063419342
YBL011W,YPR022C,0,0.8786638,0.3910064101219177,0.9129999876022339,0.14219999313354492
YDL010W,YBR196C,0,0.8785025,0.3908390402793884,0.9129999876022339,0.14229999482631683
YHL033C,YJL167W,0,0.87844,0.3906717896461487,0.9129999876022339,0.14239999651908875
YGR296W,YHR216W,0,0.87717307,0.39050471782684326,0.9129999876022339,0.14249999821186066
YHR123W,YGL055W,0,0.87658167,0.3903377652168274,0.9129999876022339,0.14259999990463257
YDL081C,YKL192C,0,0.8765645,0.3901709318161011,0.9129999876022339,0.14270000159740448
YAR031W,YOL126C,0,0.8765137,0.3900042772293091,0.9129999876022339,0.1428000032901764
YLR223C,YCR024C-A,0,0.8764111,0.38983774185180664,0.9129999876022339,0.1429000049829483
YGR178C,YJL051W,0,0.87582815,0.38967135548591614,0.9129999876022339,0.14300000667572021
YEL047C,YJR073C,0,0.87537,0.3895051181316376,0.9129999876022339,0.14309999346733093
YGR211W,YDR498C,0,0.8752308,0.38933902978897095,0.9129999876022339,0.14319999516010284
YHR041C,YLR056W,0,0.874871,0.38917306065559387,0.9129999876022339,0.14329999685287476
YGR082W,YJR108W,0,0.8746518,0.38900724053382874,0.9129999876022339,0.14339999854564667
YLR367W,YHR037W,0,0.8743242,0.38884156942367554,0.9129999876022339,0.14350000023841858
YGL085W,YDR419W,0,0.87412596,0.3886760175228119,0.9129999876022339,0.1436000019311905
YLL028W,YML072C,0,0.8732388,0.38851064443588257,0.9129999876022339,0.1437000036239624
YPL140C,YNL245C,0,0.8724575,0.3883453905582428,0.9129999876022339,0.14380000531673431
YBR172C,YCR014C,0,0.871549,0.38818028569221497,0.9129999876022339,0.14390000700950623
YPR151C,YHR079C,0,0.87141013,0.3880153000354767,0.9129999876022339,0.14399999380111694
YOR247W,YOR252W,0,0.87092316,0.38785046339035034,0.9129999876022339,0.14409999549388885
YGR203W,YOL033W,0,0.87057114,0.38768577575683594,0.9129999876022339,0.14419999718666077
YMR039C,YBR154C,0,0.8703519,0.38752123713493347,0.9129999876022339,0.14429999887943268
YPL110C,YJL200C,0,0.86950636,0.38735681772232056,0.9129999876022339,0.1444000005722046
YGL099W,YJR049C,0,0.8693044,0.3871925473213196,0.9129999876022339,0.1445000022649765
YGR027C,YPL233W,0,0.86826813,0.38702839612960815,0.9129999876022339,0.1446000039577484
YLR013W,YNR053C,0,0.8672153,0.38686439394950867,0.9129999876022339,0.14470000565052032
YNL076W,YFR034C,0,0.8670223,0.3867005407810211,0.9129999876022339,0.14480000734329224
YLR075W,YNR013C,0,0.8670095,0.3865368366241455,0.9129999876022339,0.14489999413490295
YPR104C,YNR024W,1,0.86693156,0.3867964446544647,0.9139999747276306,0.14489999413490295
YHR170W,YKL185W,0,0.8664683,0.3866328299045563,0.9139999747276306,0.14499999582767487
YIL095W,YPL248C,0,0.86618125,0.3864693343639374,0.9139999747276306,0.14509999752044678
YEL060C,YJR035W,0,0.8654357,0.3863059878349304,0.9139999747276306,0.1451999992132187
YHL033C,YAL014C,0,0.8648646,0.3861427903175354,0.9139999747276306,0.1453000009059906
YIL158W,YGR271W,0,0.8645761,0.3859797418117523,0.9139999747276306,0.1454000025987625
YKL074C,YDR289C,0,0.86399543,0.3858168125152588,0.9139999747276306,0.14550000429153442
YCR055C,YGR030C,1,0.86330235,0.3860759437084198,0.9150000214576721,0.14550000429153442
YLR115W,YDR184C,0,0.86251986,0.38591310381889343,0.9150000214576721,0.14560000598430634
YHR056C,YOL158C,0,0.8624244,0.385750412940979,0.9150000214576721,0.14569999277591705
YPR125W,YNL088W,0,0.8604953,0.3855878710746765,0.9150000214576721,0.14579999446868896
YKL067W,YKR093W,0,0.8602815,0.3854254484176636,0.9150000214576721,0.14589999616146088
YLR275W,YPR061C,0,0.86000586,0.3852631449699402,0.9150000214576721,0.1459999978542328
YPR106W,YHL027W,0,0.8595183,0.3851010203361511,0.9150000214576721,0.1460999995470047
YKL139W,YLR058C,0,0.85856855,0.3849389851093292,0.9150000214576721,0.1462000012397766
YDR382W,YPL215W,0,0.85834074,0.38477712869644165,0.9150000214576721,0.14630000293254852
YIL049W,YBL028C,0,0.85824263,0.38461539149284363,0.9150000214576721,0.14640000462532043
YBR065C,YDR020C,0,0.8579292,0.38445377349853516,0.9150000214576721,0.14650000631809235
YER052C,YHR122W,0,0.8567338,0.3842923045158386,0.9150000214576721,0.14659999310970306
YGR283C,YKL196C,0,0.8567041,0.38413098454475403,0.9150000214576721,0.14669999480247498
YLR095C,YKR092C,0,0.8566363,0.383969783782959,0.9150000214576721,0.1467999964952469
YPR175W,YHR077C,0,0.85630083,0.3838087320327759,0.9150000214576721,0.1468999981880188
YER177W,YIL106W,0,0.85598505,0.3836477994918823,0.9150000214576721,0.1469999998807907
YGL097W,YLR145W,1,0.85587573,0.38390612602233887,0.9160000085830688,0.1469999998807907
YKL189W,YML110C,0,0.8555026,0.3837452828884125,0.9160000085830688,0.14710000157356262
YLR165C,YHR196W,1,0.85459197,0.38400334119796753,0.9169999957084656,0.14710000157356262
YJL110C,YMR305C,0,0.8541472,0.3838426172733307,0.9169999957084656,0.14720000326633453
YIL014W,YFL050C,0,0.8540905,0.3836820125579834,0.9169999957084656,0.14730000495910645
YKL085W,YJL003W,0,0.8535398,0.38352152705192566,0.9169999957084656,0.14740000665187836
YER150W,YNL006W,0,0.85313857,0.38336119055747986,0.9169999957084656,0.14749999344348907
YDR020C,YOR303W,0,0.85221386,0.383201003074646,0.9169999957084656,0.147599995136261
YHR066W,YNL118C,0,0.85200167,0.3830409348011017,0.9169999957084656,0.1476999968290329
YDL078C,YOR307C,0,0.8517462,0.3828810155391693,0.9169999957084656,0.1477999985218048
YKL175W,YDR364C,0,0.8516214,0.3827212154865265,0.9169999957084656,0.14790000021457672
YCR020W-B,YJR031C,0,0.85156715,0.3825615346431732,0.9169999957084656,0.14800000190734863
YNL236W,YIL133C,0,0.85132384,0.3824020028114319,0.9169999957084656,0.14810000360012054
YGL122C,YOR283W,0,0.8504783,0.3822425901889801,0.9169999957084656,0.14820000529289246
YLR138W,YIL023C,0,0.84941447,0.38208332657814026,0.9169999957084656,0.14830000698566437
YOL090W,YGL238W,0,0.8492964,0.38192421197891235,0.9169999957084656,0.14839999377727509
YLL053C,YPL190C,0,0.84863865,0.3817651867866516,0.9169999957084656,0.148499995470047
YGR161C,YJR096W,0,0.8485466,0.3816063106060028,0.9169999957084656,0.1485999971628189
YIL158W,YLR057W,0,0.84844005,0.38144758343696594,0.9169999957084656,0.14869999885559082
YPL058C,YGR108W,0,0.8483414,0.38128897547721863,0.9169999957084656,0.14880000054836273
YPL087W,YJL042W,0,0.84777296,0.38113051652908325,0.9169999957084656,0.14890000224113464
YML100W,YMR087W,0,0.8470515,0.3809721767902374,0.9169999957084656,0.14900000393390656
YNL087W,YGR170W,0,0.8469273,0.38081395626068115,0.9169999957084656,0.14910000562667847
YHR203C,YMR220W,0,0.84682006,0.3806558847427368,0.9169999957084656,0.14920000731945038
YEL020C,YJR036C,0,0.84648585,0.38049793243408203,0.9169999957084656,0.1492999941110611
YKL166C,YHR156C,0,0.846263,0.3803400993347168,0.9169999957084656,0.149399995803833
YLR275W,YLR083C,0,0.84503686,0.3801824152469635,0.9169999957084656,0.14949999749660492
YKL220C,YGR178C,0,0.8449328,0.38002488017082214,0.9169999957084656,0.14959999918937683
YLR325C,YGL008C,0,0.8447759,0.37986743450164795,0.9169999957084656,0.14970000088214874
YNL208W,YOR292C,0,0.84457314,0.3797101378440857,0.9169999957084656,0.14980000257492065
YMR228W,YPL146C,1,0.84456277,0.3799668848514557,0.9179999828338623,0.14980000257492065
YCL036W,YDR257C,0,0.8444783,0.3798096776008606,0.9179999828338623,0.14990000426769257
YGL085W,YOL090W,0,0.8440194,0.37965261936187744,0.9179999828338623,0.15000000596046448
YLR367W,YDR515W,0,0.8433465,0.37949565052986145,0.9179999828338623,0.1500999927520752
YGL112C,YJL145W,0,0.8430536,0.3793388307094574,0.9179999828338623,0.1501999944448471
YLR116W,YBR118W,0,0.8416197,0.3791821599006653,0.9179999828338623,0.15029999613761902
YJR109C,YPR097W,0,0.84143984,0.3790256083011627,0.9179999828338623,0.15039999783039093
YDL175C,YGR020C,0,0.8413332,0.3788691759109497,0.9179999828338623,0.15049999952316284
YGL071W,YBL014C,0,0.8413031,0.37871286273002625,0.9179999828338623,0.15060000121593475
YNL072W,YNL281W,0,0.8412756,0.3785566985607147,0.9179999828338623,0.15070000290870667
YPL083C,YDR439W,0,0.8408345,0.37840065360069275,0.9179999828338623,0.15080000460147858
YJR101W,YKR099W,0,0.8399967,0.3782447576522827,0.9179999828338623,0.1509000062942505
YER125W,YLL008W,1,0.83926916,0.3785008192062378,0.9190000295639038,0.1509000062942505
YPL152W,YMR261C,0,0.83916855,0.3783450126647949,0.9190000295639038,0.1509999930858612
YMR015C,YNL267W,0,0.8387001,0.3781892955303192,0.9190000295639038,0.15109999477863312
YHL038C,YLR272C,0,0.8381105,0.37803372740745544,0.9190000295639038,0.15119999647140503
YKL018W,YER155C,0,0.8370254,0.3778782784938812,0.9190000295639038,0.15129999816417694
YOL032W,YCL068C,0,0.83679825,0.37772297859191895,0.9190000295639038,0.15139999985694885
YOR197W,YER038C,0,0.83615327,0.3775677978992462,0.9190000295639038,0.15150000154972076
YKL027W,YIR022W,0,0.8358451,0.37741273641586304,0.9190000295639038,0.15160000324249268
YMR309C,YJL140W,0,0.83555925,0.3772577941417694,0.9190000295639038,0.1517000049352646
YOR255W,YFR044C,0,0.8350075,0.3771030008792877,0.9190000295639038,0.1518000066280365
YAR031W,YNL145W,0,0.83483195,0.3769483268260956,0.9190000295639038,0.15189999341964722
YER018C,YGR055W,0,0.8340698,0.376793771982193,0.9190000295639038,0.15199999511241913
YOR249C,YER176W,0,0.83320343,0.37663933634757996,0.9190000295639038,0.15209999680519104
YDR377W,YDL103C,0,0.832635,0.37648504972457886,0.9190000295639038,0.15219999849796295
YER026C,YOR032C,0,0.83230966,0.3763308823108673,0.9190000295639038,0.15230000019073486
YNL023C,YNL314W,0,0.83187354,0.3761768341064453,0.9190000295639038,0.15240000188350677
YML080W,YLR389C,0,0.83186096,0.37602290511131287,0.9190000295639038,0.1525000035762787
YBR295W,YMR189W,0,0.83181024,0.37586912512779236,0.9190000295639038,0.1526000052690506
YER003C,YHR047C,0,0.83160746,0.3757154643535614,0.9190000295639038,0.1527000069618225
YMR216C,YIL147C,0,0.8312558,0.37556192278862,0.9190000295639038,0.15279999375343323
YOL010W,YLR145W,1,0.83108723,0.3758170008659363,0.9200000166893005,0.15279999375343323
YIL132C,YDR195W,0,0.8304589,0.37566354870796204,0.9200000166893005,0.15289999544620514
YOR208W,YPL099C,0,0.83039176,0.37551021575927734,0.9200000166893005,0.15299999713897705
YPL018W,YKL067W,0,0.8303156,0.3753570020198822,0.9200000166893005,0.15309999883174896
YJL180C,YHR098C,0,0.830222,0.3752039074897766,0.9200000166893005,0.15320000052452087
YLR328W,YKR072C,0,0.8296635,0.37505096197128296,0.9200000166893005,0.15330000221729279
YJR070C,YDR213W,0,0.8296454,0.37489813566207886,0.9200000166893005,0.1534000039100647
YML010W,YCR086W,0,0.82822025,0.3747454285621643,0.9200000166893005,0.1535000056028366
YKR010C,YDR489W,0,0.82782733,0.3745928406715393,0.9200000166893005,0.15360000729560852
YML118W,YNL243W,0,0.82751477,0.37444037199020386,0.9200000166893005,0.15369999408721924
YDR410C,YOR091W,0,0.82682884,0.37428805232048035,0.9200000166893005,0.15379999577999115
YIL120W,YCR023C,0,0.8267573,0.374135822057724,0.9200000166893005,0.15389999747276306
YPR106W,YER001W,0,0.8263713,0.3739837408065796,0.9200000166893005,0.15399999916553497
YLR386W,YGR240C,0,0.82514226,0.37383177876472473,0.9200000166893005,0.15410000085830688
YMR074C,YCL011C,0,0.8241073,0.3736799359321594,0.9200000166893005,0.1542000025510788
YMR115W,YGR203W,0,0.8240855,0.37352821230888367,0.9200000166893005,0.1543000042438507
YBR272C,YNR071C,0,0.8238777,0.37337663769721985,0.9200000166893005,0.15440000593662262
YDR196C,YCR079W,0,0.8215219,0.3732251524925232,0.9200000166893005,0.15449999272823334
YGR129W,YPR101W,0,0.8213664,0.3730738162994385,0.9200000166893005,0.15459999442100525
YGR287C,YOR180C,0,0.82133484,0.3729225695133209,0.9200000166893005,0.15469999611377716
YCL039W,YNL239W,0,0.82101214,0.3727714717388153,0.9200000166893005,0.15479999780654907
YNL021W,YHR193C,0,0.8176459,0.37262049317359924,0.9200000166893005,0.15489999949932098
YGL025C,YDL226C,0,0.81659627,0.37246963381767273,0.9200000166893005,0.1550000011920929
YPL069C,YDR006C,0,0.81655,0.37231889367103577,0.9200000166893005,0.1551000028848648
YGL148W,YMR193W,0,0.8155648,0.37216827273368835,0.9200000166893005,0.15520000457763672
YJR112W,YGL011C,0,0.8155383,0.3720178008079529,0.9200000166893005,0.15530000627040863
YPR080W,YOR349W,0,0.8151382,0.37186741828918457,0.9200000166893005,0.15539999306201935
YDR150W,YGR178C,0,0.81511617,0.3717171847820282,0.9200000166893005,0.15549999475479126
YNL304W,YLR029C,0,0.81510365,0.371567040681839,0.9200000166893005,0.15559999644756317
YLR348C,YPR046W,0,0.81453824,0.3714170455932617,0.9200000166893005,0.15569999814033508
YOR208W,YDL168W,0,0.81416523,0.3712671399116516,0.9200000166893005,0.155799999833107
YDR076W,YBR218C,0,0.8131829,0.37111738324165344,0.9200000166893005,0.1559000015258789
YKL114C,YMR231W,0,0.8130389,0.3709677457809448,0.9200000166893005,0.15600000321865082
YKL119C,YML047C,0,0.8128828,0.37081822752952576,0.9200000166893005,0.15610000491142273
YJL104W,YLR181C,0,0.81267744,0.37066882848739624,0.9200000166893005,0.15620000660419464
YDR147W,YNL053W,0,0.8123287,0.3705195188522339,0.9200000166893005,0.15629999339580536
YLR057W,YML010W,0,0.8122543,0.37037035822868347,0.9200000166893005,0.15639999508857727
YPL030W,YLR193C,0,0.8119906,0.3702213168144226,0.9200000166893005,0.15649999678134918
YCL064C,YDR451C,0,0.8116563,0.3700723946094513,0.9200000166893005,0.1565999984741211
YPL013C,YJL225C,0,0.81164,0.36992359161376953,0.9200000166893005,0.156700000166893
YML123C,YKL192C,0,0.8107283,0.3697749078273773,0.9200000166893005,0.15680000185966492
YLR348C,YOR231W,0,0.8103092,0.36962634325027466,0.9200000166893005,0.15690000355243683
YIL083C,YDR416W,0,0.8098475,0.36947789788246155,0.9200000166893005,0.15700000524520874
YNL029C,YOR216C,0,0.80976236,0.369329571723938,0.9200000166893005,0.15710000693798065
YNL023C,YHL003C,0,0.80908585,0.36918139457702637,0.9200000166893005,0.15719999372959137
YLR395C,YGR204W,0,0.8089067,0.3690333068370819,0.9200000166893005,0.15729999542236328
YER125W,YMR049C,1,0.80884385,0.36928629875183105,0.9210000038146973,0.15729999542236328
YKR020W,YDR184C,0,0.808669,0.36913827061653137,0.9210000038146973,0.1573999971151352
YNL014W,YOL055C,0,0.8085371,0.36899039149284363,0.9210000038146973,0.1574999988079071
YLR466W,YER119C,0,0.80772436,0.36884260177612305,0.9210000038146973,0.15760000050067902
YNL029C,YGR289C,0,0.8073056,0.3686949610710144,0.9210000038146973,0.15770000219345093
YDR517W,YER150W,0,0.80629593,0.3685474097728729,0.9210000038146973,0.15780000388622284
YFL062W,YJL171C,0,0.8056363,0.3684000074863434,0.9210000038146973,0.15790000557899475
YDL064W,YDR303C,0,0.80554235,0.368252694606781,0.9210000038146973,0.15800000727176666
YBL036C,YDR415C,0,0.80509794,0.3681055009365082,0.9210000038146973,0.15809999406337738
YDR030C,YDL223C,0,0.8047374,0.3679584562778473,0.9210000038146973,0.1581999957561493
YDR206W,YBL003C,0,0.804644,0.36781150102615356,0.9210000038146973,0.1582999974489212
YIR033W,YDR488C,0,0.8043726,0.3676646649837494,0.9210000038146973,0.15839999914169312
YCR058C,YGR118W,1,0.80433565,0.367917001247406,0.921999990940094,0.15839999914169312
YNL134C,YOL059W,0,0.8042491,0.367770254611969,0.921999990940094,0.15850000083446503
YOR358W,YKL081W,0,0.8040689,0.36762359738349915,0.921999990940094,0.15860000252723694
YGL194C,YPL032C,0,0.803517,0.36747708916664124,0.921999990940094,0.15870000422000885
YER104W,YDR310C,0,0.8025857,0.3673306703567505,0.921999990940094,0.15880000591278076
YPR083W,YDR195W,0,0.80250716,0.3671844005584717,0.921999990940094,0.15889999270439148
YGR257C,YDR371W,0,0.80249226,0.36703822016716003,0.921999990940094,0.1589999943971634
YKL220C,YJR129C,0,0.8022541,0.36689215898513794,0.921999990940094,0.1590999960899353
YLR051C,YMR228W,1,0.801659,0.36714398860931396,0.9229999780654907,0.1590999960899353
YJL005W,YGL008C,0,0.80113566,0.36699801683425903,0.9229999780654907,0.15919999778270721
YLR023C,YIL015W,0,0.8007065,0.36685213446617126,0.9229999780654907,0.15929999947547913
YJL013C,YLR300W,0,0.80058616,0.36670640110969543,0.9229999780654907,0.15940000116825104
YGL032C,YJL002C,0,0.800568,0.36656075716018677,0.9229999780654907,0.15950000286102295
YDR167W,YIL085C,0,0.79999363,0.36641523241996765,0.9229999780654907,0.15960000455379486
YOL044W,YCR012W,0,0.79986554,0.3662698268890381,0.9229999780654907,0.15970000624656677
YPR152C,YOR272W,0,0.7988039,0.36612454056739807,0.9229999780654907,0.1597999930381775
YDL145C,YJR077C,0,0.79859114,0.3659793734550476,0.9229999780654907,0.1598999947309494
YPR181C,YPL032C,0,0.7981271,0.3658343255519867,0.9229999780654907,0.1599999964237213
YGL049C,YDR023W,0,0.79794514,0.36568936705589294,0.9229999780654907,0.16009999811649323
YKL096W,YIL052C,0,0.7977011,0.36554455757141113,0.9229999780654907,0.16019999980926514
YPL235W,YOR287C,1,0.79687285,0.36579573154449463,0.9240000247955322,0.16019999980926514
YAR008W,YHR026W,0,0.7951381,0.3656509816646576,0.9240000247955322,0.16030000150203705
YDR167W,YMR074C,0,0.7951164,0.3655063211917877,0.9240000247955322,0.16040000319480896
YLR216C,YDR262W,0,0.7947782,0.3653618097305298,0.9240000247955322,0.16050000488758087
YBR002C,YMR276W,0,0.7926306,0.365217387676239,0.9240000247955322,0.16060000658035278
YNL335W,YOL038W,0,0.79219913,0.3650730848312378,0.9240000247955322,0.1606999933719635
YGL032C,YKR087C,0,0.792019,0.3649289011955261,0.9240000247955322,0.1607999950647354
YGL162W,YPL248C,0,0.7919599,0.364784836769104,0.9240000247955322,0.16089999675750732
YDL179W,YDR184C,0,0.7912988,0.36464089155197144,0.9240000247955322,0.16099999845027924
YBL005W-A,YML062C,0,0.7912766,0.36449703574180603,0.9240000247955322,0.16110000014305115
YHR133C,YAR003W,0,0.79111755,0.3643532991409302,0.9240000247955322,0.16120000183582306
YOR122C,YGL231C,0,0.79048014,0.36420968174934387,0.9240000247955322,0.16130000352859497
YML111W,YML058W,0,0.7899201,0.3640661835670471,0.9240000247955322,0.16140000522136688
YPL096W,YAL028W,0,0.7895988,0.3639228045940399,0.9240000247955322,0.1615000069141388
YLR435W,YLR107W,1,0.78918505,0.3641732335090637,0.925000011920929,0.1615000069141388
YKL026C,YCL039W,0,0.7887744,0.3640299141407013,0.925000011920929,0.1615999937057495
YKL163W,YDL147W,0,0.7882663,0.3638867139816284,0.925000011920929,0.16169999539852142
YPR134W,YDR262W,0,0.78674555,0.3637436032295227,0.925000011920929,0.16179999709129333
YPL158C,YIL177C,0,0.78568053,0.36360064148902893,0.925000011920929,0.16189999878406525
YMR176W,YNR003C,0,0.78528386,0.3634577691555023,0.925000011920929,0.16200000047683716
YDR243C,YML023C,0,0.7851325,0.36331501603126526,0.925000011920929,0.16210000216960907
YJL118W,YCL064C,0,0.7848247,0.36317235231399536,0.925000011920929,0.16220000386238098
YLR406C,YLR341W,0,0.7846601,0.3630298376083374,0.925000011920929,0.1623000055551529
YMR145C,YML075C,0,0.78406316,0.3628874123096466,0.925000011920929,0.1624000072479248
YBR083W,YGL107C,0,0.7832768,0.36274510622024536,0.925000011920929,0.16249999403953552
YIL159W,YKL006C-A,0,0.78319263,0.3626028895378113,0.925000011920929,0.16259999573230743
YLR205C,YDL206W,0,0.7824562,0.36246082186698914,0.925000011920929,0.16269999742507935
YGL209W,YJL112W,0,0.7824367,0.36231884360313416,0.925000011920929,0.16279999911785126
YER178W,YPR011C,0,0.7809996,0.3621769845485687,0.925000011920929,0.16290000081062317
YCL026C-B,YGR080W,0,0.78073955,0.36203521490097046,0.925000011920929,0.16300000250339508
YJL063C,YPR004C,0,0.7806857,0.36189359426498413,0.925000011920929,0.163100004196167
YDR415C,YOR142W,0,0.7806721,0.36175206303596497,0.925000011920929,0.1632000058889389
YNL118C,YCR097W,0,0.7806599,0.36161062121391296,0.925000011920929,0.16329999268054962
YER171W,YGR215W,0,0.7805572,0.3614693284034729,0.925000011920929,0.16339999437332153
YEL037C,YHR090C,0,0.77878594,0.361328125,0.925000011920929,0.16349999606609344
YKL001C,YPL207W,0,0.7783098,0.36118704080581665,0.925000011920929,0.16359999775886536
YMR104C,YLR220W,0,0.7780807,0.36104604601860046,0.925000011920929,0.16369999945163727
YHR118C,YLR130C,0,0.77769583,0.3609052002429962,0.925000011920929,0.16380000114440918
YML100W,YDR451C,0,0.77760434,0.36076444387435913,0.925000011920929,0.1639000028371811
YDR167W,YNL246W,0,0.7768917,0.3606237769126892,0.925000011920929,0.164000004529953
YPR182W,YNL176C,0,0.776237,0.36048322916030884,0.925000011920929,0.16410000622272491
YGL076C,YLR460C,0,0.77608395,0.360342800617218,0.925000011920929,0.16419999301433563
YKL220C,YDR225W,0,0.77595145,0.36020249128341675,0.925000011920929,0.16429999470710754
YKR008W,YKL192C,0,0.7752029,0.36006227135658264,0.925000011920929,0.16439999639987946
YGR275W,YER073W,0,0.77502525,0.3599221706390381,0.925000011920929,0.16449999809265137
YOR252W,YOL049W,0,0.77495444,0.3597821891307831,0.925000011920929,0.16459999978542328
YIL159W,YMR177W,0,0.7747897,0.35964229702949524,0.925000011920929,0.1647000014781952
YDL111C,YLR059C,1,0.7739078,0.3598911762237549,0.9259999990463257,0.1647000014781952
YCL036W,YBR038W,0,0.7738049,0.3597513735294342,0.9259999990463257,0.1648000031709671
YDR463W,YML071C,0,0.7736945,0.3596116602420807,0.9259999990463257,0.164900004863739
YHR168W,YLR077W,0,0.7731677,0.35947203636169434,0.9259999990463257,0.16500000655651093
YNL314W,YCR016W,0,0.7727723,0.3593325614929199,0.9259999990463257,0.16509999334812164
YLL004W,YLR378C,0,0.7719983,0.35919317603111267,0.9259999990463257,0.16519999504089355
YBR130C,YKL005C,0,0.77104485,0.35905390977859497,0.9259999990463257,0.16529999673366547
YJR130C,YDR222W,0,0.7707561,0.35891473293304443,0.9259999990463257,0.16539999842643738
YHR118C,YCR002C,0,0.7706965,0.35877567529678345,0.9259999990463257,0.1655000001192093
YKL087C,YPR140W,0,0.7701757,0.3586367070674896,0.9259999990463257,0.1656000018119812
YIL018W,YML016C,0,0.7700684,0.35849785804748535,0.9259999990463257,0.1657000035047531
YDR019C,YGL063W,0,0.7685622,0.35835912823677063,0.9259999990463257,0.16580000519752502
YIL069C,YDR432W,1,0.76847893,0.35860735177993774,0.9269999861717224,0.16580000519752502
YNL279W,YPL023C,0,0.767988,0.3584686815738678,0.9269999861717224,0.16590000689029694
YJL214W,YFL031W,0,0.767565,0.358330100774765,0.9269999861717224,0.16599999368190765
YKL027W,YMR238W,0,0.7672955,0.3581916391849518,0.9269999861717224,0.16609999537467957
YIR004W,YOL057W,0,0.76660275,0.3580532968044281,0.9269999861717224,0.16619999706745148
YIR010W,YEL037C,0,0.7664179,0.3579150438308716,0.9269999861717224,0.1662999987602234
YIL117C,YEL005C,0,0.76567215,0.3577769100666046,0.9269999861717224,0.1664000004529953
YBR212W,YBR083W,0,0.7646699,0.3576388955116272,0.9269999861717224,0.1665000021457672
YLR247C,YDL126C,0,0.7644645,0.35750097036361694,0.9269999861717224,0.16660000383853912
YLR452C,YDL054C,0,0.76397824,0.35736313462257385,0.9269999861717224,0.16670000553131104
YJL020C,YPL223C,0,0.7638184,0.3572254478931427,0.9269999861717224,0.16680000722408295
YGL058W,YPL011C,0,0.76380277,0.3570878207683563,0.9269999861717224,0.16689999401569366
YGL151W,YOL058W,0,0.76376784,0.3569503128528595,0.9269999861717224,0.16699999570846558
YPL255W,YDR488C,0,0.76315767,0.3568129241466522,0.9269999861717224,0.1670999974012375
YEL020C,YCR068W,0,0.7629703,0.3566756546497345,0.9269999861717224,0.1671999990940094
YKR008W,YML047C,0,0.7625871,0.35653847455978394,0.9269999861717224,0.1673000007867813
YNL071W,YML014W,0,0.76187974,0.35640138387680054,0.9269999861717224,0.16740000247955322
YER150W,YPL213W,0,0.7616462,0.3562644124031067,0.9269999861717224,0.16750000417232513
YHR018C,YOR299W,0,0.761384,0.35612753033638,0.9269999861717224,0.16760000586509705
YFR024C-A,YEL060C,0,0.76117325,0.35599079728126526,0.9269999861717224,0.16769999265670776
YEL056W,YLR363C,0,0.7606967,0.3558541238307953,0.9269999861717224,0.16779999434947968
YOR133W,YHR079C,0,0.7606667,0.35571756958961487,0.9269999861717224,0.1678999960422516
YDR506C,YAL054C,0,0.76058346,0.355581134557724,0.9269999861717224,0.1679999977350235
YKR093W,YML086C,0,0.75997025,0.3554447889328003,0.9269999861717224,0.1680999994277954
YDR245W,YGL008C,0,0.75996935,0.35530853271484375,0.9269999861717224,0.16820000112056732
YLR153C,YAL040C,0,0.75974584,0.35517242550849915,0.9269999861717224,0.16830000281333923
YPL096W,YNR055C,0,0.7585716,0.3550363779067993,0.9269999861717224,0.16840000450611115
YNL045W,YMR029C,0,0.75813156,0.35490044951438904,0.9269999861717224,0.16850000619888306
YDR165W,YNL288W,0,0.75796413,0.3547646403312683,0.9269999861717224,0.16859999299049377
YDR385W,YPR017C,0,0.75763786,0.35462892055511475,0.9269999861717224,0.16869999468326569
YBR014C,YNL132W,0,0.7576131,0.35449331998825073,0.9269999861717224,0.1687999963760376
YOL145C,YNL176C,0,0.7575475,0.3543578088283539,0.9269999861717224,0.1688999980688095
YJL091C,YGL225W,0,0.7566057,0.3542223870754242,0.9269999861717224,0.16899999976158142
YKL174C,YNL220W,0,0.75659347,0.35408708453178406,0.9269999861717224,0.16910000145435333
YFL033C,YJL093C,0,0.7564719,0.35395190119743347,0.9269999861717224,0.16920000314712524
YKR099W,YLR116W,0,0.75487775,0.35381680727005005,0.9269999861717224,0.16930000483989716
YCR020W-B,YGL077C,0,0.754427,0.3536818027496338,0.9269999861717224,0.16940000653266907
YLR151C,YER021W,0,0.75423205,0.3535469174385071,0.9269999861717224,0.16949999332427979
YOR157C,YAL028W,0,0.75394917,0.35341212153434753,0.9269999861717224,0.1695999950170517
YAL019W,YLR069C,0,0.75381845,0.35327744483947754,0.9269999861717224,0.1696999967098236
YGL162W,YDL128W,0,0.75381124,0.3531428575515747,0.9269999861717224,0.16979999840259552
YMR113W,YOR125C,0,0.75341624,0.3530083894729614,0.9269999861717224,0.16990000009536743
YJL021C,YHR209W,0,0.7532691,0.3528740108013153,0.9269999861717224,0.17000000178813934
YMR019W,YIL067C,0,0.75313365,0.35273972153663635,0.9269999861717224,0.17010000348091125
YJR123W,YOR328W,0,0.7524184,0.35260555148124695,0.9269999861717224,0.17020000517368317
YOR119C,YML127W,1,0.7524135,0.3528517186641693,0.9279999732971191,0.17020000517368317
YGR281W,YGL256W,0,0.75229335,0.3527176082134247,0.9279999732971191,0.17030000686645508
YOR198C,YFR046C,0,0.75203943,0.3525835871696472,0.9279999732971191,0.1703999936580658
YML071C,YIL018W,0,0.7519605,0.3524496853351593,0.9279999732971191,0.1704999953508377
YOL154W,YKR089C,0,0.75184387,0.35231587290763855,0.9279999732971191,0.17059999704360962
YHR204W,YKL006C-A,0,0.75117636,0.35218214988708496,0.9279999732971191,0.17069999873638153
YGL250W,YOL107W,0,0.75040305,0.3520485460758209,0.9279999732971191,0.17080000042915344
YNL126W,YMR014W,0,0.750387,0.35191506147384644,0.9279999732971191,0.17090000212192535
YJL181W,YGR183C,0,0.75007546,0.3517816662788391,0.9279999732971191,0.17100000381469727
YHR204W,YDR438W,0,0.7500361,0.35164836049079895,0.9279999732971191,0.17110000550746918
YDL015C,YDR364C,0,0.74940383,0.35151514410972595,0.9279999732971191,0.1712000072002411
YNL021W,YNL164C,0,0.74859643,0.3513820469379425,0.9279999732971191,0.1712999939918518
YCR020W-B,YOL145C,0,0.748109,0.3512490391731262,0.9279999732971191,0.17139999568462372
YOL089C,YDR059C,0,0.7479239,0.3511161506175995,0.9279999732971191,0.17149999737739563
YMR013C,YMR305C,0,0.7477826,0.3509833514690399,0.9279999732971191,0.17159999907016754
YDL004W,YDR345C,0,0.74716854,0.3508506715297699,0.9279999732971191,0.17170000076293945
YOR159C,YDR515W,0,0.7469748,0.35071805119514465,0.9279999732971191,0.17180000245571136
YDR345C,YNL256W,0,0.7459723,0.35058557987213135,0.9279999732971191,0.17190000414848328
YFR045W,YGR287C,0,0.745699,0.3504531681537628,0.9279999732971191,0.1720000058412552
YFL010W-A,YIL148W,0,0.7454108,0.35032087564468384,0.9279999732971191,0.1720999926328659
YOR197W,YGR040W,0,0.7454042,0.350188672542572,0.9279999732971191,0.17219999432563782
YJL181W,YJL078C,0,0.74480855,0.35005658864974976,0.9279999732971191,0.17229999601840973
YMR301C,YHR060W,0,0.7447938,0.34992459416389465,0.9279999732971191,0.17239999771118164
YPL010W,YLR321C,0,0.7445154,0.3497926890850067,0.9279999732971191,0.17249999940395355
YDL202W,YHR037W,0,0.7439252,0.3496609032154083,0.9279999732971191,0.17260000109672546
YNL026W,YLR307W,0,0.74308807,0.3495291769504547,0.9279999732971191,0.17270000278949738
YJR042W,YKR103W,0,0.74258757,0.34939759969711304,0.9279999732971191,0.1728000044822693
YJR127C,YGL019W,0,0.74245703,0.34926608204841614,0.9279999732971191,0.1729000061750412
YMR145C,YLR325C,0,0.7413496,0.3491346836090088,0.9279999732971191,0.17299999296665192
YLR258W,YCL067C,0,0.7401781,0.3490033745765686,0.9279999732971191,0.17309999465942383
YJL144W,YHR016C,0,0.739591,0.34887218475341797,0.9279999732971191,0.17319999635219574
YGL113W,YML058W,0,0.7389902,0.3487410843372345,0.9279999732971191,0.17329999804496765
YKL107W,YBR043C,0,0.7386737,0.3486100733280182,0.9279999732971191,0.17339999973773956
YHL026C,YJR053W,0,0.7384764,0.34847915172576904,0.9279999732971191,0.17350000143051147
YER109C,YFL034C-B,0,0.73839664,0.34834834933280945,0.9279999732971191,0.1736000031232834
YPL075W,YIL096C,0,0.73766136,0.348217636346817,0.9279999732971191,0.1737000048160553
YDR518W,YOR232W,0,0.73718464,0.34808701276779175,0.9279999732971191,0.1738000065088272
YFR031C,YKL081W,0,0.7370459,0.34795650839805603,0.9279999732971191,0.17389999330043793
YDR446W,YLR359W,0,0.7369462,0.3478260934352875,0.9279999732971191,0.17399999499320984
YGL179C,YKL149C,0,0.73627627,0.3476957678794861,0.9279999732971191,0.17409999668598175
YML045W,YOL044W,0,0.73599505,0.34756553173065186,0.9279999732971191,0.17419999837875366
YEL018W,YGL054C,0,0.73550886,0.3474354147911072,0.9279999732971191,0.17430000007152557
YNR046W,YIR025W,0,0.7353836,0.34730538725852966,0.9279999732971191,0.17440000176429749
YLR368W,YMR112C,0,0.7343539,0.3471754491329193,0.9279999732971191,0.1745000034570694
YOL045W,YJL162C,0,0.7340273,0.3470456302165985,0.9279999732971191,0.1746000051498413
YMR241W,YNR023W,0,0.73395634,0.3469159007072449,0.9279999732971191,0.17470000684261322
YFL034C-B,YOR010C,0,0.73287165,0.3467862606048584,0.9279999732971191,0.17479999363422394
YMR220W,YGR152C,0,0.7320833,0.3466567099094391,0.9279999732971191,0.17489999532699585
YML051W,YGL012W,0,0.7315465,0.34652724862098694,0.9279999732971191,0.17499999701976776
YER122C,YDR207C,0,0.73059857,0.34639790654182434,0.9279999732971191,0.17509999871253967
YNL156C,YBR016W,0,0.7299652,0.3462686538696289,0.9279999732971191,0.17520000040531158
YBL042C,YDR135C,0,0.72922456,0.34613949060440063,0.9279999732971191,0.1753000020980835
YER100W,YHR103W,0,0.7283753,0.3460104465484619,0.9279999732971191,0.1754000037908554
YML046W,YJL216C,0,0.72765803,0.34588146209716797,0.9279999732971191,0.17550000548362732
YNL287W,YHL001W,0,0.7276243,0.3457525968551636,0.9279999732971191,0.17560000717639923
YHR174W,YEL032W,0,0.7275045,0.34562385082244873,0.9279999732971191,0.17569999396800995
YOR313C,YDR201W,0,0.7268034,0.34549516439437866,0.9279999732971191,0.17579999566078186
YJL066C,YFL054C,0,0.7266834,0.34536656737327576,0.9279999732971191,0.17589999735355377
YBL036C,YOL058W,0,0.7265507,0.3452380895614624,0.9279999732971191,0.17599999904632568
YBR211C,YHR007C,0,0.72634673,0.3451097011566162,0.9279999732971191,0.1761000007390976
YKR099W,YKL134C,0,0.72620475,0.3449814021587372,0.9279999732971191,0.1762000024318695
YGL085W,YPL221W,0,0.72579086,0.3448532223701477,0.9279999732971191,0.17630000412464142
YDR225W,YGR225W,0,0.7254696,0.344725102186203,0.9279999732971191,0.17640000581741333
YDR541C,YBL019W,0,0.7252518,0.34459710121154785,0.9279999732971191,0.17649999260902405
YBR162W-A,YOR375C,0,0.7247011,0.34446918964385986,0.9279999732971191,0.17659999430179596
YER060W,YKL096W-A,0,0.72437775,0.34434136748313904,0.9279999732971191,0.17669999599456787
YMR284W,YGL125W,0,0.7236966,0.34421366453170776,0.9279999732971191,0.17679999768733978
YNL309W,YER172C,0,0.7230884,0.34408602118492126,0.9279999732971191,0.1768999993801117
YLR023C,YDR092W,0,0.7228606,0.3439584970474243,0.9279999732971191,0.1770000010728836
YML056C,YEL071W,0,0.7228092,0.34383106231689453,0.9279999732971191,0.17710000276565552
YGR113W,YDL104C,0,0.7224529,0.3437037169933319,0.9279999732971191,0.17720000445842743
YAL048C,YNL139C,0,0.7216734,0.34357646107673645,0.9279999732971191,0.17730000615119934
YPR061C,YFR052W,0,0.7216187,0.34344929456710815,0.9279999732971191,0.17739999294281006
YGL124C,YMR295C,0,0.7215461,0.3433222472667694,0.9279999732971191,0.17749999463558197
YEL043W,YLR025W,0,0.72145706,0.34319525957107544,0.9279999732971191,0.17759999632835388
YOL052C,YPL056C,0,0.7213415,0.343068391084671,0.9279999732971191,0.1776999980211258
YHR168W,YER160C,0,0.7212937,0.34294161200523376,0.9279999732971191,0.1777999997138977
YAL011W,YDR545W,0,0.7209121,0.34281492233276367,0.9279999732971191,0.17790000140666962
YPR200C,YGL033W,0,0.7207651,0.34268832206726074,0.9279999732971191,0.17800000309944153
YIR021W,YNL029C,0,0.72071254,0.34256184101104736,0.9279999732971191,0.17810000479221344
YOR303W,YPR033C,0,0.72014713,0.34243541955947876,0.9279999732971191,0.17820000648498535
YKR056W,YGR203W,0,0.72011966,0.3423091173171997,0.9279999732971191,0.17829999327659607
YNL134C,YJL128C,0,0.7199156,0.3421829044818878,0.9279999732971191,0.17839999496936798
YFR044C,YNL092W,0,0.7190008,0.3420567512512207,0.9279999732971191,0.1784999966621399
YDR234W,YCR067C,0,0.7188113,0.34193071722984314,0.9279999732971191,0.1785999983549118
YFR036W,YLR340W,0,0.7188041,0.3418048024177551,0.9279999732971191,0.17870000004768372
YOR378W,YFL061W,0,0.71858823,0.3416789472103119,0.9279999732971191,0.17880000174045563
YPR128C,YMR154C,0,0.71846306,0.3415531814098358,0.9279999732971191,0.17890000343322754
YML029W,YDR085C,0,0.7183241,0.3414275348186493,0.9279999732971191,0.17900000512599945
YGR084C,YDL015C,0,0.7179748,0.34130194783210754,0.9279999732971191,0.17910000681877136
YIR033W,YMR260C,0,0.7174877,0.34117648005485535,0.9279999732971191,0.17919999361038208
YAL011W,YGR252W,0,0.71723187,0.3410510718822479,0.9279999732971191,0.179299995303154
YDR307W,YKL150W,0,0.7170751,0.34092578291893005,0.9279999732971191,0.1793999969959259
YML127W,YER127W,1,0.7170571,0.3411678373813629,0.9290000200271606,0.1793999969959259
YNL298W,YPL187W,0,0.7166669,0.34104257822036743,0.9290000200271606,0.17949999868869781
YPL056C,YGL017W,0,0.7165928,0.3409174382686615,0.9290000200271606,0.17960000038146973
YPR025C,YMR011W,0,0.7156488,0.34079235792160034,0.9290000200271606,0.17970000207424164
YNL247W,YFR018C,0,0.715544,0.34066739678382874,0.9290000200271606,0.17980000376701355
YPR006C,YML016C,0,0.7155187,0.3405425250530243,0.9290000200271606,0.17990000545978546
YLL033W,YGR049W,0,0.71499705,0.340417742729187,0.9290000200271606,0.18000000715255737
YML133C,YHR124W,0,0.71397126,0.3402930498123169,0.9290000200271606,0.1800999939441681
YPL108W,YOR222W,0,0.7135189,0.34016844630241394,0.9290000200271606,0.18019999563694
YML109W,YJL051W,0,0.7129297,0.34004393219947815,0.9290000200271606,0.18029999732971191
YNL247W,YDR444W,0,0.7127527,0.3399195075035095,0.9290000200271606,0.18039999902248383
YOR341W,YML038C,0,0.7122793,0.33979517221450806,0.9290000200271606,0.18050000071525574
YIL080W,YKL149C,0,0.71183527,0.33967092633247375,0.9290000200271606,0.18060000240802765
YOL039W,YPL053C,0,0.71134245,0.3395467698574066,0.9290000200271606,0.18070000410079956
YHR032W,YDR444W,0,0.7109951,0.33942273259162903,0.9290000200271606,0.18080000579357147
YGL018C,YNR003C,0,0.71066236,0.3392987549304962,0.9290000200271606,0.1808999925851822
YKL040C,YOR081C,0,0.71048594,0.33917486667633057,0.9290000200271606,0.1809999942779541
YDR123C,YOL058W,0,0.70987916,0.33905109763145447,0.9290000200271606,0.181099995970726
YPL239W,YFR018C,0,0.7098634,0.33892738819122314,0.9290000200271606,0.18119999766349792
YCR046C,YDR399W,0,0.70927763,0.33880379796028137,0.9290000200271606,0.18129999935626984
YIL105C,YOL052C,0,0.7092402,0.3386802673339844,0.9290000200271606,0.18140000104904175
YML030W,YKL025C,0,0.7092265,0.33855685591697693,0.9290000200271606,0.18150000274181366
YFR019W,YER014C-A,0,0.70694464,0.33843350410461426,0.9290000200271606,0.18160000443458557
YMR001C,YBR118W,0,0.70645297,0.33831027150154114,0.9290000200271606,0.18170000612735748
YOR222W,YJR130C,0,0.70643055,0.3381870985031128,0.9290000200271606,0.1817999929189682
YCR069W,YPL088W,0,0.70615685,0.338064044713974,0.9290000200271606,0.1818999946117401
YPL162C,YJL149W,0,0.7056652,0.33794108033180237,0.9290000200271606,0.18199999630451202
YPR035W,YLR360W,0,0.7054851,0.3378181755542755,0.9290000200271606,0.18209999799728394
YGR180C,YGR252W,0,0.7054771,0.3376953899860382,0.9290000200271606,0.18219999969005585
YHR176W,YPR103W,0,0.7054388,0.3375726640224457,0.9290000200271606,0.18230000138282776
YBR078W,YBL084C,0,0.7052912,0.3374500572681427,0.9290000200271606,0.18240000307559967
YAL059W,YOL057W,0,0.7046552,0.3373275101184845,0.9290000200271606,0.18250000476837158
YOR094W,YHR014W,0,0.7039684,0.33720508217811584,0.9290000200271606,0.1826000064611435
YMR135C,YJL160C,0,0.70346475,0.33708271384239197,0.9290000200271606,0.1826999932527542
YGR055W,YGL127C,0,0.70288885,0.33696046471595764,0.9290000200271606,0.18279999494552612
YOL075C,YGR216C,0,0.70265985,0.3368382751941681,0.9290000200271606,0.18289999663829803
YNL035C,YDL236W,0,0.7026388,0.3367162048816681,0.9290000200271606,0.18299999833106995
YDR518W,YPR148C,0,0.702502,0.33659419417381287,0.9290000200271606,0.18310000002384186
YNL297C,YMR011W,0,0.7020399,0.3364723026752472,0.9290000200271606,0.18320000171661377
YGL172W,YLL024C,0,0.7018765,0.3363504707813263,0.9290000200271606,0.18330000340938568
YNL026W,YNL070W,0,0.70183325,0.33622872829437256,0.9290000200271606,0.1834000051021576
YLR052W,YDR260C,0,0.70141566,0.3361071050167084,0.9290000200271606,0.1835000067949295
YDR141C,YOR071C,0,0.70130527,0.33598554134368896,0.9290000200271606,0.18359999358654022
YLR083C,YHR157W,0,0.7012367,0.3358640670776367,0.9290000200271606,0.18369999527931213
YLR029C,YFL055W,0,0.70121074,0.33574268221855164,0.9290000200271606,0.18379999697208405
YKR042W,YER109C,0,0.7006993,0.3356213867664337,0.9290000200271606,0.18389999866485596
YBR295W,YHR216W,0,0.70002,0.33550018072128296,0.9290000200271606,0.18400000035762787
YDR261C,YPR124W,0,0.6996841,0.33537906408309937,0.9290000200271606,0.18410000205039978
YML065W,YIL123W,0,0.69956565,0.33525803685188293,0.9290000200271606,0.1842000037431717
YJL174W,YOR271C,0,0.6995014,0.33513709902763367,0.9290000200271606,0.1843000054359436
YML127W,YDL153C,1,0.6993806,0.3353768587112427,0.9300000071525574,0.1843000054359436
YNL197C,YJR152W,0,0.6986243,0.3352559506893158,0.9300000071525574,0.18440000712871552
YMR021C,YNL092W,0,0.6983537,0.3351351320743561,0.9300000071525574,0.18449999392032623
YKR054C,YPR151C,0,0.6972032,0.3350144028663635,0.9300000071525574,0.18459999561309814
YLR205C,YHL038C,0,0.6971456,0.33489376306533813,0.9300000071525574,0.18469999730587006
YDR517W,YLR164W,0,0.6967598,0.3347732126712799,0.9300000071525574,0.18479999899864197
YBR056W,YDL020C,0,0.69419146,0.33465275168418884,0.9300000071525574,0.18490000069141388
YNL250W,YMR274C,0,0.6939826,0.33453238010406494,0.9300000071525574,0.1850000023841858
YAR002C-A,YDR205W,0,0.6939018,0.3344120681285858,0.9300000071525574,0.1851000040769577
YOR363C,YLR270W,0,0.69320524,0.33429187536239624,0.9300000071525574,0.18520000576972961
YPR125W,YOR159C,0,0.6929753,0.33417174220085144,0.9300000071525574,0.18529999256134033
YPL283C,YMR295C,0,0.69289434,0.3340517282485962,0.9300000071525574,0.18539999425411224
YML127W,YPL146C,1,0.6925093,0.33429083228111267,0.9309999942779541,0.18539999425411224
YMR260C,YOL128C,0,0.69210577,0.3341708481311798,0.9309999942779541,0.18549999594688416
YLR408C,YJL036W,0,0.69202155,0.3340509533882141,0.9309999942779541,0.18559999763965607
YFL054C,YHR047C,0,0.6912198,0.3339311480522156,0.9309999942779541,0.18569999933242798
YJR004C,YMR101C,0,0.6903064,0.3338114023208618,0.9309999942779541,0.1858000010251999
YOR255W,YDL072C,0,0.6898181,0.3336917459964752,0.9309999942779541,0.1859000027179718
YNL073W,YCL025C,0,0.6891788,0.3335722088813782,0.9309999942779541,0.1860000044107437
YBR179C,YOR027W,0,0.6890782,0.3334527313709259,0.9309999942779541,0.18610000610351562
YGR055W,YMR052W,0,0.6879126,0.3333333432674408,0.9309999942779541,0.18619999289512634
YLR034C,YLR411W,0,0.68759453,0.33321404457092285,0.9309999942779541,0.18629999458789825
YDR254W,YCL064C,0,0.6873746,0.3330948054790497,0.9309999942779541,0.18639999628067017
YMR226C,YKL107W,0,0.6871979,0.33297568559646606,0.9309999942779541,0.18649999797344208
YDL076C,YLR355C,0,0.68695533,0.3328566253185272,0.9309999942779541,0.186599999666214
YOL052C,YLR013W,0,0.68664885,0.33273768424987793,0.9309999942779541,0.1867000013589859
YKL049C,YER137C,0,0.6864649,0.3326188027858734,0.9309999942779541,0.1868000030517578
YLR292C,YPL094C,0,0.68612367,0.33250001072883606,0.9309999942779541,0.18690000474452972
YKR095W-A,YLR060W,0,0.6860757,0.3323812782764435,0.9309999942779541,0.18700000643730164
YOL110W,YML030W,0,0.6857909,0.33226266503334045,0.9309999942779541,0.18709999322891235
YJL079C,YBR276C,0,0.68470037,0.3321441411972046,0.9309999942779541,0.18719999492168427
YJR140C,YEL027W,0,0.6838578,0.3320256769657135,0.9309999942779541,0.18729999661445618
YBL098W,YDR325W,0,0.6828855,0.3319073021411896,0.9309999942779541,0.1873999983072281
YLR042C,YLR055C,0,0.6824163,0.3317890167236328,0.9309999942779541,0.1875
YLR425W,YKR093W,0,0.6821822,0.3316708207130432,0.9309999942779541,0.1876000016927719
YPL169C,YNL272C,0,0.6820879,0.3315527141094208,0.9309999942779541,0.18770000338554382
YGR282C,YML111W,0,0.6817801,0.3314346671104431,0.9309999942779541,0.18780000507831573
YDR255C,YLR297W,0,0.6813211,0.331316739320755,0.9309999942779541,0.18790000677108765
YKL060C,YJR044C,0,0.6809416,0.33119887113571167,0.9309999942779541,0.18799999356269836
YEL011W,YMR087W,0,0.680225,0.3310810923576355,0.9309999942779541,0.18809999525547028
YDR287W,YDR067C,0,0.6778928,0.3309633731842041,0.9309999942779541,0.1881999969482422
YOR202W,YML096W,0,0.6778314,0.33084577322006226,0.9309999942779541,0.1882999986410141
YER011W,YEL046C,0,0.6771438,0.3307282328605652,0.9309999942779541,0.188400000333786
YKR075C,YLR213C,0,0.6761561,0.3306107819080353,0.9309999942779541,0.18850000202655792
YMR050C,YNR073C,0,0.67575353,0.33049342036247253,0.9309999942779541,0.18860000371932983
YDR145W,YLR325C,0,0.67575204,0.33037614822387695,0.9309999942779541,0.18870000541210175
YCR034W,YML001W,0,0.67559123,0.33025896549224854,0.9309999942779541,0.18880000710487366
YNL327W,YBL051C,0,0.6753373,0.3301418423652649,0.9309999942779541,0.18889999389648438
YHR058C,YOL148C,0,0.67460996,0.3300248086452484,0.9309999942779541,0.1889999955892563
YJL098W,YIL046W,0,0.6736471,0.3299078643321991,0.9309999942779541,0.1890999972820282
YML066C,YMR189W,0,0.67323095,0.32979100942611694,0.9309999942779541,0.1891999989748001
YDR469W,YNL180C,0,0.6724039,0.32967421412467957,0.9309999942779541,0.18930000066757202
YNL062C,YOR371C,0,0.6723707,0.32955750823020935,0.9309999942779541,0.18940000236034393
YBR183W,YPR154W,0,0.67225623,0.3294408917427063,0.9309999942779541,0.18950000405311584
YPR104C,YDL111C,1,0.6716552,0.32967811822891235,0.9319999814033508,0.18950000405311584
YGL126W,YJL116C,0,0.67159754,0.3295615315437317,0.9319999814033508,0.18960000574588776
YOR081C,YDL122W,0,0.6709597,0.3294450342655182,0.9319999814033508,0.18970000743865967
YMR291W,YOR138C,0,0.6707666,0.32932862639427185,0.9319999814033508,0.18979999423027039
YGR067C,YJR077C,0,0.67037535,0.3292122781276703,0.9319999814033508,0.1898999959230423
YDR190C,YPR029C,0,0.66836137,0.3290960490703583,0.9319999814033508,0.1899999976158142
YIL080W,YOL119C,0,0.66809034,0.32897987961769104,0.9319999814033508,0.19009999930858612
YAL038W,YLL016W,0,0.6676471,0.32886379957199097,0.9319999814033508,0.19020000100135803
YJL003W,YBR110W,0,0.6671296,0.32874780893325806,0.9319999814033508,0.19030000269412994
YDR214W,YBR272C,0,0.6669222,0.3286318778991699,0.9319999814033508,0.19040000438690186
YKR044W,YJL012C,0,0.6665143,0.32851603627204895,0.9319999814033508,0.19050000607967377
YLR417W,YGL045W,0,0.6664867,0.32840028405189514,0.9319999814033508,0.19059999287128448
YOR210W,YBL046W,0,0.66623175,0.3282846212387085,0.9319999814033508,0.1906999945640564
YNL035C,YIL091C,0,0.665916,0.3281690180301666,0.9319999814033508,0.1907999962568283
YIL157C,YKL054C,0,0.6657583,0.3280535042285919,0.9319999814033508,0.19089999794960022
YPL088W,YMR110C,0,0.66537714,0.3279380798339844,0.9319999814033508,0.19099999964237213
YHL050C,YIL135C,0,0.664389,0.3278227150440216,0.9319999814033508,0.19110000133514404
YPR082C,YPL255W,0,0.6643344,0.327707439661026,0.9319999814033508,0.19120000302791595
YDR009W,YIR007W,0,0.66414034,0.32759225368499756,0.9319999814033508,0.19130000472068787
YDR041W,YDR371W,0,0.66410077,0.3274771571159363,0.9319999814033508,0.19140000641345978
YLL028W,YAL048C,0,0.6632287,0.32736214995384216,0.9319999814033508,0.1914999932050705
YER115C,YLR319C,0,0.6632252,0.3272472023963928,0.9319999814033508,0.1915999948978424
YHR045W,YJL071W,0,0.6631845,0.32713231444358826,0.9319999814033508,0.19169999659061432
YDR222W,YNL064C,0,0.6630534,0.32701754570007324,0.9319999814033508,0.19179999828338623
YIL140W,YNL065W,0,0.66289216,0.326902836561203,0.9319999814033508,0.19189999997615814
YLR164W,YDR427W,0,0.6628492,0.3267882168292999,0.9319999814033508,0.19200000166893005
YJL087C,YGR060W,0,0.6620734,0.326673686504364,0.9319999814033508,0.19210000336170197
YGR192C,YML036W,0,0.66176105,0.3265592157840729,0.9319999814033508,0.19220000505447388
YBR208C,YGR217W,0,0.66132474,0.3264448344707489,0.9319999814033508,0.1923000067472458
YNL318C,YFL014W,0,0.6611502,0.3263305425643921,0.9319999814033508,0.1923999935388565
YNL044W,YGR134W,0,0.66108215,0.32621631026268005,0.9319999814033508,0.19249999523162842
YJR007W,YIL010W,0,0.66069347,0.3261021673679352,0.9319999814033508,0.19259999692440033
YJR108W,YLL041C,0,0.6606185,0.32598811388015747,0.9319999814033508,0.19269999861717224
YNL075W,YCR055C,1,0.66061723,0.32622379064559937,0.9330000281333923,0.19269999861717224
YAL063C,YGL131C,0,0.66051114,0.32610973715782166,0.9330000281333923,0.19280000030994415
YPR037C,YOL154W,0,0.66024137,0.3259958028793335,0.9330000281333923,0.19290000200271606
YLR233C,YDR303C,0,0.65921354,0.3258819282054901,0.9330000281333923,0.19300000369548798
YGR020C,YDR363W,0,0.65851855,0.3257681429386139,0.9330000281333923,0.1931000053882599
YNR033W,YML030W,0,0.6581036,0.32565444707870483,0.9330000281333923,0.1932000070810318
YCL026C-B,YGR174C,0,0.657748,0.32554081082344055,0.9330000281333923,0.19329999387264252
YML097C,YBL005W-A,0,0.6574632,0.32542726397514343,0.9330000281333923,0.19339999556541443
YDL081C,YPR198W,0,0.65605855,0.3253138065338135,0.9330000281333923,0.19349999725818634
YEL047C,YJL144W,0,0.6559219,0.3252004086971283,0.9330000281333923,0.19359999895095825
YKL001C,YOR262W,0,0.65539956,0.3250871002674103,0.9330000281333923,0.19370000064373016
YLR185W,YBL025W,0,0.654961,0.3249738812446594,0.9330000281333923,0.19380000233650208
YIL013C,YMR173W,0,0.65467775,0.32486072182655334,0.9330000281333923,0.193900004029274
YIL142W,YLR313C,0,0.6534258,0.32474765181541443,0.9330000281333923,0.1940000057220459
YML133C,YJR129C,0,0.6523495,0.3246346414089203,0.9330000281333923,0.1941000074148178
YPL207W,YNL133C,0,0.65176666,0.3245217502117157,0.9330000281333923,0.19419999420642853
YLR310C,YJR117W,0,0.6512146,0.3244088888168335,0.9330000281333923,0.19429999589920044
YCR058C,YPL235W,1,0.6511985,0.32464373111724854,0.9340000152587891,0.19429999589920044
YIL159W,YPR183W,0,0.651126,0.3245309293270111,0.9340000152587891,0.19439999759197235
YOR323C,YHR156C,0,0.65082705,0.32441818714141846,0.9340000152587891,0.19449999928474426
YKR087C,YNL209W,0,0.6507743,0.32430556416511536,0.9340000152587891,0.19460000097751617
YOR360C,YLR348C,0,0.64926994,0.32419300079345703,0.9340000152587891,0.19470000267028809
YNR026C,YBR162C,0,0.64808935,0.3240804970264435,0.9340000152587891,0.19480000436306
YDR108W,YOR353C,0,0.64783347,0.3239680826663971,0.9340000152587891,0.1949000060558319
YDL160C,YDR041W,0,0.647717,0.32385575771331787,0.9340000152587891,0.19499999284744263
YGL189C,YLR233C,0,0.64757216,0.3237434923648834,0.9340000152587891,0.19509999454021454
YJR159W,YGL055W,0,0.6471277,0.32363131642341614,0.9340000152587891,0.19519999623298645
YNR060W,YOR149C,0,0.6469387,0.323519229888916,0.9340000152587891,0.19529999792575836
YHL027W,YMR173W,0,0.646474,0.32340720295906067,0.9340000152587891,0.19539999961853027
YOR100C,YER139C,0,0.6463361,0.3232952654361725,0.9340000152587891,0.19550000131130219
YER069W,YNL085W,0,0.64492416,0.3231833875179291,0.9340000152587891,0.1956000030040741
YGL077C,YBR188C,0,0.6448574,0.32307159900665283,0.9340000152587891,0.195700004696846
YCL064C,YGL038C,0,0.6442826,0.32295989990234375,0.9340000152587891,0.19580000638961792
YGR285C,YBR153W,0,0.6441759,0.32284826040267944,0.9340000152587891,0.19589999318122864
YKR064W,YJR149W,0,0.64375365,0.3227367103099823,0.9340000152587891,0.19599999487400055
YBR112C,YOL075C,0,0.6435493,0.32262521982192993,0.9340000152587891,0.19609999656677246
YHR165C,YER124C,0,0.6434132,0.3225138187408447,0.9340000152587891,0.19619999825954437
YAL042W,YDR434W,0,0.642822,0.3224024772644043,0.9340000152587891,0.19629999995231628
YNL214W,YGL151W,0,0.64218855,0.32229122519493103,0.9340000152587891,0.1964000016450882
YIL044C,YLR225C,0,0.6413665,0.3221800625324249,0.9340000152587891,0.1965000033378601
YKL221W,YDR377W,0,0.6408483,0.3220689594745636,0.9340000152587891,0.19660000503063202
YDR040C,YMR322C,0,0.640755,0.32195794582366943,0.9340000152587891,0.19670000672340393
YAL054C,YLR157C,0,0.64027226,0.32184699177742004,0.9340000152587891,0.19679999351501465
YGR169C,YGR244C,0,0.63990116,0.3217361271381378,0.9340000152587891,0.19689999520778656
YHR096C,YIL033C,0,0.63986826,0.32162535190582275,0.9340000152587891,0.19699999690055847
YGR099W,YDR210W,0,0.6393857,0.32151463627815247,0.9340000152587891,0.19709999859333038
YHL012W,YKL048C,0,0.63938427,0.32140398025512695,0.9340000152587891,0.1972000002861023
YER019C-A,YGL023C,0,0.639294,0.321293443441391,0.9340000152587891,0.1973000019788742
YER018C,YOR007C,0,0.6391375,0.3211829364299774,0.9340000152587891,0.19740000367164612
YPL196W,YKL093W,0,0.6384966,0.321072518825531,0.9340000152587891,0.19750000536441803
YML008C,YPL209C,0,0.63806,0.32096219062805176,0.9340000152587891,0.19760000705718994
YCR048W,YJL134W,0,0.63793683,0.3208519518375397,0.9340000152587891,0.19769999384880066
YAL061W,YOR132W,0,0.63776135,0.32074177265167236,0.9340000152587891,0.19779999554157257
YBR080C,YDL128W,0,0.637738,0.32063165307044983,0.9340000152587891,0.19789999723434448
YLR165C,YER006W,1,0.637238,0.32086479663848877,0.9350000023841858,0.19789999723434448
YNR072W,YKR085C,0,0.6369952,0.3207547068595886,0.9350000023841858,0.1979999989271164
YGR202C,YFR053C,0,0.6368364,0.32064470648765564,0.9350000023841858,0.1981000006198883
YDL134C,YGR067C,0,0.63667667,0.3205347955226898,0.9350000023841858,0.19820000231266022
YIL167W,YIL108W,0,0.6364479,0.3204249441623688,0.9350000023841858,0.19830000400543213
YPR003C,YKR039W,0,0.6363361,0.3203151822090149,0.9350000023841858,0.19840000569820404
YPR163C,YJR117W,0,0.63632804,0.3202054798603058,0.9350000023841858,0.19850000739097595
YNR026C,YDR489W,0,0.63595104,0.32009586691856384,0.9350000023841858,0.19859999418258667
YBR189W,YCR058C,1,0.63569486,0.3203285336494446,0.9359999895095825,0.19859999418258667
YKL064W,YFL026W,0,0.63438904,0.320218950510025,0.9359999895095825,0.19869999587535858
YDR028C,YIR019C,0,0.6340012,0.32010942697525024,0.9359999895095825,0.1987999975681305
YNL230C,YML006C,0,0.63330567,0.3199999928474426,0.9359999895095825,0.1988999992609024
YOL095C,YML082W,0,0.63322055,0.3198906481266022,0.9359999895095825,0.19900000095367432
YLL018C-A,YGR094W,0,0.633191,0.3197813332080841,0.9359999895095825,0.19910000264644623
YLR270W,YOR005C,0,0.63315266,0.3196721374988556,0.9359999895095825,0.19920000433921814
YPL249C,YGL053W,0,0.6322,0.31956300139427185,0.9359999895095825,0.19930000603199005
YGR282C,YEL053C,0,0.63205564,0.3194539248943329,0.9359999895095825,0.19939999282360077
YOR064C,YGL008C,0,0.6319156,0.3193449378013611,0.9359999895095825,0.19949999451637268
YOR065W,YPR183W,0,0.63101184,0.31923601031303406,0.9359999895095825,0.1995999962091446
YLR263W,YPL116W,0,0.63100386,0.3191271722316742,0.9359999895095825,0.1996999979019165
YDL121C,YBR210W,0,0.63061976,0.3190183937549591,0.9359999895095825,0.19979999959468842
YNL051W,YPR119W,0,0.6301025,0.3189097046852112,0.9359999895095825,0.19990000128746033
YBR155W,YHR014W,0,0.6294718,0.31880107522010803,0.9359999895095825,0.20000000298023224
YLR165C,YNL282W,1,0.6289358,0.31903302669525146,0.9369999766349792,0.20000000298023224
YCR055C,YDL208W,1,0.6288334,0.31926479935646057,0.9380000233650208,0.20000000298023224
YPL040C,YPL283C,0,0.62877035,0.3191561698913574,0.9380000233650208,0.20010000467300415
YLR185W,YKL138C,0,0.62869704,0.31904762983322144,0.9380000233650208,0.20020000636577606
YER046W,YLR095C,0,0.62869656,0.3189391493797302,0.9380000233650208,0.20029999315738678
YLR295C,YBR173C,0,0.6285064,0.3188307285308838,0.9380000233650208,0.2003999948501587
YGL085W,YJL184W,0,0.6281562,0.3187223970890045,0.9380000233650208,0.2004999965429306
YNR053C,YOR303W,0,0.6281036,0.31861412525177,0.9380000233650208,0.20059999823570251
YOR295W,YIL011W,0,0.62783813,0.3185059428215027,0.9380000233650208,0.20069999992847443
YHR007C,YPR198W,0,0.62656736,0.3183978199958801,0.9380000233650208,0.20080000162124634
YGR169C,YAL040C,0,0.6263162,0.31828978657722473,0.9380000233650208,0.20090000331401825
YLR413W,YIR035C,0,0.6253872,0.3181818127632141,0.9380000233650208,0.20100000500679016
YKL090W,YNL305C,0,0.62509537,0.31807392835617065,0.9380000233650208,0.20110000669956207
YCR058C,YGR195W,1,0.6248263,0.3183050751686096,0.9390000104904175,0.20110000669956207
YLR288C,YBL068W,0,0.62456256,0.31819722056388855,0.9390000104904175,0.2011999934911728
YJR113C,YEL034W,0,0.62333953,0.31808942556381226,0.9390000104904175,0.2012999951839447
YMR271C,YDL128W,0,0.62309945,0.3179817199707031,0.9390000104904175,0.2013999968767166
YGL113W,YMR061W,0,0.6222026,0.31787407398223877,0.9390000104904175,0.20149999856948853
YJL028W,YPL097W,0,0.62180936,0.3177664875984192,0.9390000104904175,0.20160000026226044
YER169W,YFR018C,0,0.62109077,0.3176589906215668,0.9390000104904175,0.20170000195503235
YER014W,YHR016C,0,0.61991596,0.3175515830516815,0.9390000104904175,0.20180000364780426
YFL048C,YIL147C,0,0.6197918,0.31744420528411865,0.9390000104904175,0.20190000534057617
YDR210W,YBL009W,0,0.6196413,0.31733694672584534,0.9390000104904175,0.20200000703334808
YGR144W,YDR191W,0,0.61943585,0.3172297179698944,0.9390000104904175,0.2020999938249588
YJR152W,YJR144W,0,0.6189313,0.31712260842323303,0.9390000104904175,0.2021999955177307
YHR112C,YPL140C,0,0.61864793,0.31701552867889404,0.9390000104904175,0.20229999721050262
YHR214C-B,YDR156W,0,0.6185063,0.3169085383415222,0.9390000104904175,0.20239999890327454
YPL169C,YPR072W,0,0.6179259,0.31680160760879517,0.9390000104904175,0.20250000059604645
YHR112C,YBL091C-A,0,0.6178539,0.3166947662830353,0.9390000104904175,0.20260000228881836
YDR349C,YDR191W,0,0.61674976,0.31658798456192017,0.9390000104904175,0.20270000398159027
YPL208W,YGR012W,0,0.6161921,0.3164812922477722,0.9390000104904175,0.20280000567436218
YNL030W,YAR014C,0,0.6158892,0.31637465953826904,0.9390000104904175,0.2029000073671341
YFL022C,YMR240C,0,0.6154468,0.31626811623573303,0.9390000104904175,0.2029999941587448
YML078W,YNL336W,0,0.61504054,0.3161616027355194,0.9390000104904175,0.20309999585151672
YDR178W,YBR168W,0,0.6149577,0.31605520844459534,0.9390000104904175,0.20319999754428864
YLL012W,YCL005W-A,0,0.61495423,0.31594884395599365,0.9390000104904175,0.20329999923706055
YNL194C,YOR125C,0,0.6149031,0.31584256887435913,0.9390000104904175,0.20340000092983246
YPR125W,YHR005C-A,0,0.6143768,0.3157363831996918,0.9390000104904175,0.20350000262260437
YNL251C,YOL154W,0,0.6143538,0.3156302571296692,0.9390000104904175,0.20360000431537628
YJL187C,YNR003C,0,0.61378217,0.3155241906642914,0.9390000104904175,0.2037000060081482
YLR088W,YNL283C,0,0.613081,0.31541821360588074,0.9390000104904175,0.2037999927997589
YMR021C,YNL178W,0,0.61182666,0.31531229615211487,0.9390000104904175,0.20389999449253082
YDL232W,YBR293W,0,0.6116609,0.3152064383029938,0.9390000104904175,0.20399999618530273
YGL175C,YMR232W,0,0.61107844,0.31510066986083984,0.9390000104904175,0.20409999787807465
YHR176W,YNL111C,0,0.6101355,0.3149949610233307,0.9390000104904175,0.20419999957084656
YOL104C,YOR357C,0,0.6096816,0.3148893415927887,0.9390000104904175,0.20430000126361847
YKL208W,YMR049C,1,0.6089162,0.3151189982891083,0.9399999976158142,0.20430000126361847
YGL160W,YDL223C,0,0.60880053,0.31501340866088867,0.9399999976158142,0.20440000295639038
YJR123W,YGL055W,0,0.6082828,0.31490787863731384,0.9399999976158142,0.2045000046491623
YCR052W,YPL009C,0,0.60807234,0.3148024082183838,0.9399999976158142,0.2046000063419342
YPR133W-A,YGL103W,0,0.60784304,0.3146970272064209,0.9399999976158142,0.20469999313354492
YLR293C,YCR055C,1,0.60751456,0.3149263858795166,0.9409999847412109,0.20469999313354492
YDR176W,YDR075W,0,0.60727406,0.3148210048675537,0.9409999847412109,0.20479999482631683
YNL321W,YIR026C,0,0.60716486,0.314715713262558,0.9409999847412109,0.20489999651908875
YGR144W,YGL099W,0,0.6069637,0.3146105110645294,0.9409999847412109,0.20499999821186066
YGR028W,YDR306C,0,0.6069408,0.31450533866882324,0.9409999847412109,0.20509999990463257
YML022W,YLR153C,0,0.60688806,0.31440025568008423,0.9409999847412109,0.20520000159740448
YBR222C,YLL024C,0,0.6066979,0.3142952620983124,0.9409999847412109,0.2053000032901764
YLR183C,YER014C-A,0,0.60652727,0.3141903281211853,0.9409999847412109,0.2054000049829483
YFL018C,YMR050C,0,0.6063802,0.314085453748703,0.9409999847412109,0.20550000667572021
YGL002W,YGL012W,0,0.6063696,0.3139806389808655,0.9409999847412109,0.20559999346733093
YPL021W,YDR350C,0,0.60611176,0.3138759136199951,0.9409999847412109,0.20569999516010284
YIL106W,YPR101W,0,0.6060858,0.31377124786376953,0.9409999847412109,0.20579999685287476
YMR319C,YJR049C,0,0.60450363,0.3136666715145111,0.9409999847412109,0.20589999854564667
YML096W,YOL070C,0,0.60428274,0.31356215476989746,0.9409999847412109,0.20600000023841858
YGL065C,YGR157W,0,0.6036267,0.3134576976299286,0.9409999847412109,0.2061000019311905
YER178W,YJR159W,0,0.6032762,0.3133533000946045,0.9409999847412109,0.2062000036239624
YCR005C,YBR162W-A,0,0.6028167,0.31324899196624756,0.9409999847412109,0.20630000531673431
YGL139W,YLR300W,0,0.6026134,0.3131447732448578,0.9409999847412109,0.20640000700950623
YJL082W,YJL036W,0,0.602439,0.3130405843257904,0.9409999847412109,0.20649999380111694
YGR260W,YDR173C,0,0.60239553,0.3129364848136902,0.9409999847412109,0.20659999549388885
YOL097C,YPL181W,0,0.60169184,0.31283244490623474,0.9409999847412109,0.20669999718666077
YJL174W,YIL066C,0,0.6009506,0.31272849440574646,0.9409999847412109,0.20679999887943268
YKR069W,YML132W,0,0.600715,0.31262457370758057,0.9409999847412109,0.2069000005722046
YER026C,YHR042W,0,0.60071486,0.31252074241638184,0.9409999847412109,0.2070000022649765
YOR016C,YBR171W,0,0.6005502,0.31241700053215027,0.9409999847412109,0.2071000039577484
YAL026C,YLR194C,0,0.60032964,0.3123133182525635,0.9409999847412109,0.20720000565052032
YIL049W,YKL138C-A,0,0.600055,0.31220969557762146,0.9409999847412109,0.20730000734329224
YNR018W,YER005W,0,0.59987795,0.3121061325073242,0.9409999847412109,0.20739999413490295
YPL027W,YLR117C,0,0.59951365,0.31200265884399414,0.9409999847412109,0.20749999582767487
YCR020W-B,YPR033C,0,0.59883845,0.31189924478530884,0.9409999847412109,0.20759999752044678
YOR266W,YPL134C,0,0.5984745,0.3117958903312683,0.9409999847412109,0.2076999992132187
YNL304W,YDR268W,0,0.5981894,0.31169262528419495,0.9409999847412109,0.2078000009059906
YBR088C,YBR235W,0,0.59811664,0.31158939003944397,0.9409999847412109,0.2079000025987625
YJL160C,YGL104C,0,0.5975624,0.31148627400398254,0.9409999847412109,0.20800000429153442
YMR228W,YOL142W,1,0.5972515,0.3117140829563141,0.9419999718666077,0.20800000429153442
YOR123C,YIL162W,0,0.597093,0.31161099672317505,0.9419999718666077,0.20810000598430634
YKL174C,YOR085W,0,0.5964474,0.3115079402923584,0.9419999718666077,0.20819999277591705
YGR028W,YMR284W,0,0.5949014,0.3114049732685089,0.9419999718666077,0.20829999446868896
YLR136C,YIL013C,0,0.5948397,0.3113020360469818,0.9419999718666077,0.20839999616146088
YHR178W,YBR202W,0,0.5947043,0.31119921803474426,0.9419999718666077,0.2084999978542328
YIL037C,YDL035C,0,0.5940919,0.3110964298248291,0.9419999718666077,0.2085999995470047
YJL171C,YKR088C,0,0.5934833,0.3109937310218811,0.9419999718666077,0.2087000012397766
YHL021C,YMR186W,0,0.5934386,0.3108910918235779,0.9419999718666077,0.20880000293254852
YNL138W-A,YAL030W,0,0.5928151,0.31078851222991943,0.9419999718666077,0.20890000462532043
YDR131C,YKL189W,0,0.5927899,0.31068602204322815,0.9419999718666077,0.20900000631809235
YCR021C,YDL035C,0,0.59224606,0.31058359146118164,0.9419999718666077,0.20909999310970306
YKL093W,YBR016W,0,0.5918863,0.3104812204837799,0.9419999718666077,0.20919999480247498
YBL113C,YOR353C,0,0.5911867,0.31037890911102295,0.9419999718666077,0.2092999964952469
YDL198C,YGR003W,0,0.5911057,0.31027668714523315,0.9419999718666077,0.2093999981880188
YNL090W,YPR101W,0,0.59109014,0.31017452478408813,0.9419999718666077,0.2094999998807907
YLL045C,YGR060W,0,0.59103763,0.3100724220275879,0.9419999718666077,0.20960000157356262
YLL053C,YDL059C,0,0.59053886,0.3099703788757324,0.9419999718666077,0.20970000326633453
YIR003W,YOR109W,0,0.59024525,0.3098684251308441,0.9419999718666077,0.20980000495910645
YGL051W,YJR119C,0,0.59013355,0.3097665309906006,0.9419999718666077,0.20990000665187836
YJL144W,YDR067C,0,0.58981854,0.30966469645500183,0.9419999718666077,0.20999999344348907
YOR388C,YGL216W,0,0.58981085,0.30956292152404785,0.9419999718666077,0.210099995136261
YCL025C,YDL212W,0,0.58968914,0.30946123600006104,0.9419999718666077,0.2101999968290329
YPL131W,YBL005W-A,0,0.58968574,0.309359610080719,0.9419999718666077,0.2102999985218048
YCR086W,YGR192C,0,0.5896128,0.30925804376602173,0.9419999718666077,0.21040000021457672
YGL220W,YDR119W,0,0.58949393,0.30915653705596924,0.9419999718666077,0.21050000190734863
YJR153W,YLL024C,0,0.5889759,0.3090551197528839,0.9419999718666077,0.21060000360012054
YGL181W,YOR250C,0,0.5883058,0.30895376205444336,0.9419999718666077,0.21070000529289246
YCL048W,YJR036C,0,0.58710206,0.3088524639606476,0.9419999718666077,0.21080000698566437
YMR159C,YJL042W,0,0.5870548,0.3087512254714966,0.9419999718666077,0.21089999377727509
YMR169C,YJL071W,0,0.5867845,0.30865007638931274,0.9419999718666077,0.210999995470047
YML101C,YOL040C,0,0.5862142,0.3085489571094513,0.9419999718666077,0.2110999971628189
YPR066W,YMR262W,0,0.58608836,0.308447927236557,0.9419999718666077,0.21119999885559082
YCR091W,YHR188C,0,0.5858498,0.3083469867706299,0.9419999718666077,0.21130000054836273
YKL132C,YHR216W,0,0.58535874,0.30824607610702515,0.9419999718666077,0.21140000224113464
YNR028W,YDL240W,0,0.584638,0.3081452548503876,0.9419999718666077,0.21150000393390656
YMR319C,YPR181C,0,0.5843862,0.3080444633960724,0.9419999718666077,0.21160000562667847
YFL009W,YNR051C,0,0.58356977,0.30794376134872437,0.9419999718666077,0.21170000731945038
YDR296W,YBL027W,0,0.58339435,0.3078431487083435,0.9419999718666077,0.2117999941110611
YJL124C,YDR415C,0,0.58319485,0.30774256587028503,0.9419999718666077,0.211899995803833
YOR190W,YNL164C,0,0.58215886,0.3076420724391937,0.9419999718666077,0.21199999749660492
YPR003C,YOR073W,0,0.5815807,0.3075416386127472,0.9419999718666077,0.21209999918937683
YGR148C,YDR179C,0,0.5800191,0.30744126439094543,0.9419999718666077,0.21220000088214874
YCL048W,YJL141C,0,0.57989764,0.30734094977378845,0.9419999718666077,0.21230000257492065
YHR108W,YCR043C,0,0.5798247,0.30724069476127625,0.9419999718666077,0.21240000426769257
YDL212W,YBR278W,0,0.57931614,0.3071405291557312,0.9419999718666077,0.21250000596046448
YNL134C,YBR279W,0,0.5788538,0.30704042315483093,0.9419999718666077,0.2125999927520752
YGL134W,YLR128W,0,0.5785245,0.30694037675857544,0.9419999718666077,0.2126999944448471
YOR292C,YGL133W,0,0.5784434,0.3068403899669647,0.9419999718666077,0.21279999613761902
YBR052C,YLR360W,0,0.5783657,0.3067404627799988,0.9419999718666077,0.21289999783039093
YKL020C,YGL008C,0,0.5778911,0.306640625,0.9419999718666077,0.21299999952316284
YDR002W,YGL243W,0,0.5777669,0.306540846824646,0.9419999718666077,0.21310000121593475
YBL018C,YBR167C,1,0.57720673,0.30676642060279846,0.9430000185966492,0.21310000121593475
YOL112W,YHR051W,0,0.5759616,0.30666667222976685,0.9430000185966492,0.21320000290870667
YER065C,YDR211W,0,0.5759197,0.30656698346138,0.9430000185966492,0.21330000460147858
YBR115C,YCR087C-A,0,0.5758041,0.30646732449531555,0.9430000185966492,0.2134000062942505
YLL051C,YDR476C,0,0.575358,0.30636778473854065,0.9430000185966492,0.2134999930858612
YER018C,YNL118C,0,0.5752238,0.30626827478408813,0.9430000185966492,0.21359999477863312
YKL144C,YGR277C,0,0.5751082,0.3061688244342804,0.9430000185966492,0.21369999647140503
YPR148C,YHR154W,0,0.57498336,0.3060694634914398,0.9430000185966492,0.21379999816417694
YLR291C,YPL187W,0,0.5747522,0.305970162153244,0.9430000185966492,0.21389999985694885
YEL006W,YGR254W,0,0.57434684,0.3058708906173706,0.9430000185966492,0.21400000154972076
YMR232W,YLR052W,0,0.5741374,0.30577173829078674,0.9430000185966492,0.21410000324249268
YOL051W,YDR186C,0,0.57349044,0.30567261576652527,0.9430000185966492,0.2142000049352646
YDR190C,YDL232W,0,0.57244325,0.30557355284690857,0.9430000185966492,0.2143000066280365
YGL226C-A,YMR246W,0,0.57226104,0.30547457933425903,0.9430000185966492,0.21439999341964722
YGR209C,YDR345C,0,0.572153,0.3053756356239319,0.9430000185966492,0.21449999511241913
YPL078C,YOR358W,0,0.5719999,0.3052767813205719,0.9430000185966492,0.21459999680519104
YBR170C,YIR035C,0,0.5716289,0.3051779866218567,0.9430000185966492,0.21469999849796295
YIR034C,YBR090C-A,0,0.5710236,0.30507925152778625,0.9430000185966492,0.21480000019073486
YBR177C,YBR080C,0,0.5708952,0.304980605840683,0.9430000185966492,0.21490000188350677
YPL188W,YNL154C,0,0.5706425,0.3048819899559021,0.9430000185966492,0.2150000035762787
YGR174C,YPR119W,0,0.57001287,0.3047834634780884,0.9430000185966492,0.2151000052690506
YOL124C,YER100W,0,0.56998944,0.30468496680259705,0.9430000185966492,0.2152000069618225
YFR049W,YIL005W,0,0.5698409,0.3045865595340729,0.9430000185966492,0.21529999375343323
YPR011C,YER031C,0,0.56980103,0.3044882118701935,0.9430000185966492,0.21539999544620514
YPL055C,YJR028W,0,0.5689833,0.30438992381095886,0.9430000185966492,0.21549999713897705
YOR254C,YOR264W,0,0.56889045,0.304291695356369,0.9430000185966492,0.21559999883174896
YNL066W,YCR087C-A,0,0.56880873,0.30419355630874634,0.9430000185966492,0.21570000052452087
YFL005W,YKR056W,0,0.56753963,0.30409544706344604,0.9430000185966492,0.21580000221729279
YKL038W,YBR187W,0,0.56720394,0.3039974272251129,0.9430000185966492,0.2159000039100647
YJL096W,YGL231C,0,0.5667911,0.30389946699142456,0.9430000185966492,0.2160000056028366
YMR137C,YER176W,0,0.5667818,0.3038015365600586,0.9430000185966492,0.21610000729560852
YBR200W,YCR089W,0,0.566618,0.3037036955356598,0.9430000185966492,0.21619999408721924
YJL174W,YLR329W,0,0.56643635,0.30360591411590576,0.9430000185966492,0.21629999577999115
YMR008C,YBR054W,0,0.56628805,0.3035082221031189,0.9430000185966492,0.21639999747276306
YAL030W,YBR201W,0,0.5661618,0.3034105598926544,0.9430000185966492,0.21649999916553497
YOR360C,YOR128C,0,0.56612754,0.3033129572868347,0.9430000185966492,0.21660000085830688
YPL115C,YMR194W,0,0.56590277,0.3032154440879822,0.9430000185966492,0.2167000025510788
YPL036W,YIL087C,0,0.5657314,0.303117960691452,0.9430000185966492,0.2168000042438507
YNR026C,YLR383W,0,0.5656599,0.30302056670188904,0.9430000185966492,0.21690000593662262
YPL134C,YMR087W,0,0.5655105,0.3029232323169708,0.9430000185966492,0.21699999272823334
YBR192W,YIL119C,0,0.5653187,0.3028259575366974,0.9430000185966492,0.21709999442100525
YLR440C,YPR113W,0,0.5651374,0.3027287423610687,0.9430000185966492,0.21719999611377716
YKL208W,YKR081C,1,0.56510836,0.30295249819755554,0.9440000057220459,0.21719999611377716
YCR063W,YKL163W,0,0.5648574,0.30285531282424927,0.9440000057220459,0.21729999780654907
YNL138W-A,YJR090C,0,0.5646558,0.30275818705558777,0.9440000057220459,0.21739999949932098
YOL039W,YNL219C,0,0.564121,0.30266112089157104,0.9440000057220459,0.2175000011920929
YHR111W,YLR060W,0,0.5636521,0.3025641143321991,0.9440000057220459,0.2176000028848648
YLR163C,YIL067C,0,0.56223845,0.3024671673774719,0.9440000057220459,0.21770000457763672
YGR161C,YCR079W,0,0.5618535,0.3023702800273895,0.9440000057220459,0.21780000627040863
YGL189C,YLR105C,0,0.5612455,0.3022734522819519,0.9440000057220459,0.21789999306201935
YMR046C,YER052C,0,0.5608591,0.30217668414115906,0.9440000057220459,0.21799999475479126
YOR304C-A,YLL057C,0,0.5601122,0.3020800054073334,0.9440000057220459,0.21809999644756317
YAR066W,YDR310C,0,0.5599599,0.3019833564758301,0.9440000057220459,0.21819999814033508
YIL041W,YIL107C,0,0.5596914,0.30188679695129395,0.9440000057220459,0.218299999833107
YER125W,YNR054C,1,0.5595746,0.3021099865436554,0.9449999928474426,0.218299999833107
YHL007C,YPR135W,0,0.55948687,0.30201342701911926,0.9449999928474426,0.2184000015258789
YPL230W,YGL001C,0,0.5594689,0.3019169270992279,0.9449999928474426,0.21850000321865082
YHR109W,YNL194C,0,0.55921215,0.3018205165863037,0.9449999928474426,0.21860000491142273
YFR050C,YEL005C,0,0.5591997,0.3017241358757019,0.9449999928474426,0.21870000660419464
YPL161C,YOL068C,0,0.5591025,0.30162784457206726,0.9449999928474426,0.21879999339580536
YPR026W,YAL038W,0,0.5589785,0.301531583070755,0.9449999928474426,0.21889999508857727
YMR226C,YPL262W,0,0.5589129,0.3014354109764099,0.9449999928474426,0.21899999678134918
YDR017C,YBL040C,0,0.5578076,0.3013392984867096,0.9449999928474426,0.2190999984741211
YKL114C,YNL020C,0,0.5575856,0.30124321579933167,0.9449999928474426,0.219200000166893
YBL091C-A,YMR136W,0,0.55687445,0.3011472225189209,0.9449999928474426,0.21930000185966492
YLR258W,YOR328W,0,0.5555836,0.3010512888431549,0.9449999928474426,0.21940000355243683
YPL167C,YNL030W,0,0.555446,0.3009554147720337,0.9449999928474426,0.21950000524520874
YKL152C,YPL164C,0,0.5531416,0.30085960030555725,0.9449999928474426,0.21960000693798065
YIR010W,YJL209W,0,0.55313855,0.3007638454437256,0.9449999928474426,0.21969999372959137
YOR068C,YCR023C,0,0.55287373,0.3006681501865387,0.9449999928474426,0.21979999542236328
YDR222W,YLR016C,0,0.5526255,0.3005725145339966,0.9449999928474426,0.2198999971151352
YML021C,YDR473C,0,0.5524522,0.30047693848609924,0.9449999928474426,0.2199999988079071
YLR285W,YHR014W,0,0.551422,0.3003814220428467,0.9449999928474426,0.22010000050067902
YCL038C,YMR035W,0,0.55137706,0.3002859950065613,0.9449999928474426,0.22020000219345093
YDL222C,YHR098C,0,0.55055803,0.30019059777259827,0.9449999928474426,0.22030000388622284
YGR033C,YER003C,0,0.5504397,0.30009526014328003,0.9449999928474426,0.22040000557899475
YLR009W,YHR214C-B,0,0.54981667,0.30000001192092896,0.9449999928474426,0.22050000727176666
YMR015C,YLR321C,0,0.5496372,0.29990479350090027,0.9449999928474426,0.22059999406337738
YJL116C,YKL184W,0,0.5495428,0.29980963468551636,0.9449999928474426,0.2206999957561493
YKL163W,YGR240C,0,0.54951835,0.2997145652770996,0.9449999928474426,0.2207999974489212
YER065C,YHL025W,0,0.5492628,0.29961952567100525,0.9449999928474426,0.22089999914169312
YOL057W,YBR288C,0,0.5491116,0.29952457547187805,0.9449999928474426,0.22100000083446503
YER014W,YER142C,0,0.54909706,0.29942965507507324,0.9449999928474426,0.22110000252723694
YJL066C,YHR188C,0,0.5488993,0.2993348240852356,0.9449999928474426,0.22120000422000885
YDR206W,YLR020C,0,0.5488588,0.29924002289772034,0.9449999928474426,0.22130000591278076
YGL129C,YOR222W,0,0.5480511,0.29914531111717224,0.9449999928474426,0.22139999270439148
YLR408C,YIL037C,0,0.54760826,0.29905062913894653,0.9449999928474426,0.2214999943971634
YNR033W,YER081W,0,0.54755247,0.298956036567688,0.9449999928474426,0.2215999960899353
YFL050C,YDR233C,0,0.5475345,0.29886147379875183,0.9449999928474426,0.22169999778270721
YHR149C,YKL184W,0,0.5468788,0.29876700043678284,0.9449999928474426,0.22179999947547913
YHR109W,YDR233C,0,0.5466952,0.29867255687713623,0.9449999928474426,0.22190000116825104
YHR108W,YDR148C,0,0.54635626,0.2985782027244568,0.9449999928474426,0.22200000286102295
YBR005W,YJR107W,0,0.54611886,0.29848387837409973,0.9449999928474426,0.22210000455379486
YLR071C,YGR157W,0,0.5460272,0.29838964343070984,0.9449999928474426,0.22220000624656677
YOR026W,YER087W,0,0.545928,0.2982954680919647,0.9449999928474426,0.2222999930381775
YOR341W,YGL210W-A,0,0.54514873,0.298201322555542,0.9449999928474426,0.2223999947309494
YIL006W,YKL008C,0,0.5447342,0.2981072664260864,0.9449999928474426,0.2224999964237213
YKL049C,YER177W,0,0.54432034,0.29801324009895325,0.9449999928474426,0.22259999811649323
YML023C,YKR071C,0,0.54429054,0.29791930317878723,0.9449999928474426,0.22269999980926514
YKL175W,YNR055C,0,0.5435822,0.2978253960609436,0.9449999928474426,0.22280000150203705
YDR457W,YDL153C,1,0.5435425,0.29804661870002747,0.9459999799728394,0.22280000150203705
YJL144W,YHR047C,0,0.5434493,0.2979527413845062,0.9459999799728394,0.22290000319480896
YJL003W,YGR157W,0,0.5427287,0.29785895347595215,0.9459999799728394,0.22300000488758087
YER016W,YOR189W,0,0.542421,0.29776519536972046,0.9459999799728394,0.22310000658035278
YGR046W,YGL028C,0,0.5423382,0.29767149686813354,0.9459999799728394,0.2231999933719635
YIL158W,YCL064C,0,0.5422643,0.2975778579711914,0.9459999799728394,0.2232999950647354
YFR024C,YER062C,0,0.5422475,0.29748427867889404,0.9459999799728394,0.22339999675750732
YDR138W,YJR077C,0,0.5420855,0.29739075899124146,0.9459999799728394,0.22349999845027924
YOL039W,YBR221C,0,0.5420086,0.29729729890823364,0.9459999799728394,0.22360000014305115
YNL194C,YGR048W,0,0.5419699,0.2972038984298706,0.9459999799728394,0.22370000183582306
YJR056C,YJR026W,0,0.5410542,0.29711055755615234,0.9459999799728394,0.22380000352859497
YLR023C,YLR205C,0,0.54051685,0.29701727628707886,0.9459999799728394,0.22390000522136688
YNR049C,YER157W,0,0.5396925,0.29692405462265015,0.9459999799728394,0.2240000069141388
YIL064W,YGR239C,0,0.5394239,0.2968308627605438,0.9459999799728394,0.2240999937057495
YGL148W,YKR069W,0,0.5391965,0.29673776030540466,0.9459999799728394,0.22419999539852142
YPL063W,YML025C,0,0.5389465,0.2966447174549103,0.9459999799728394,0.22429999709129333
YDL004W,YKL039W,0,0.53863835,0.29655173420906067,0.9459999799728394,0.22439999878406525
YBR186W,YDR225W,0,0.5382849,0.29645878076553345,0.9459999799728394,0.22450000047683716
YOR323C,YGR060W,0,0.53821254,0.2963659167289734,0.9459999799728394,0.22460000216960907
YFL018C,YKL192C,0,0.53768945,0.2962731122970581,0.9459999799728394,0.22470000386238098
YGR175C,YNL298W,0,0.5375233,0.2961803376674652,0.9459999799728394,0.2248000055551529
YEL071W,YBR258C,0,0.5374418,0.2960876226425171,0.9459999799728394,0.2249000072479248
YDL160C,YML066C,0,0.53642285,0.29599499702453613,0.9459999799728394,0.22499999403953552
YBL076C,YDL179W,0,0.53600883,0.29590240120887756,0.9459999799728394,0.22509999573230743
YEL032W,YDR178W,0,0.5354345,0.29580989480018616,0.9459999799728394,0.22519999742507935
YLL023C,YLR113W,0,0.53468204,0.29571741819381714,0.9459999799728394,0.22529999911785126
YJR070C,YKL092C,0,0.53347015,0.2956250011920929,0.9459999799728394,0.22540000081062317
YGL027C,YML062C,0,0.53335166,0.2955326437950134,0.9459999799728394,0.22550000250339508
YMR236W,YFR018C,0,0.5331858,0.29544034600257874,0.9459999799728394,0.225600004196167
YDL170W,YOR074C,0,0.53299916,0.2953481078147888,0.9459999799728394,0.2257000058889389
YDR508C,YFR018C,0,0.5328688,0.2952559292316437,0.9459999799728394,0.22579999268054962
YDL097C,YBR272C,0,0.53274274,0.2951638102531433,0.9459999799728394,0.22589999437332153
YOR035C,YER071C,0,0.5327136,0.2950717508792877,0.9459999799728394,0.22599999606609344
YHR094C,YKL043W,0,0.5325969,0.2949797213077545,0.9459999799728394,0.22609999775886536
YBL113C,YGR133W,0,0.5322438,0.2948877811431885,0.9459999799728394,0.22619999945163727
YNL145W,YGR199W,0,0.5317573,0.2947959005832672,0.9459999799728394,0.22630000114440918
YPL058C,YDL020C,0,0.531466,0.29470404982566833,0.9459999799728394,0.2264000028371811
YBR248C,YER039C,0,0.5313573,0.29461225867271423,0.9459999799728394,0.226500004529953
YDR462W,YAR071W,0,0.5312029,0.2945205569267273,0.9459999799728394,0.22660000622272491
YDR464W,YML064C,0,0.5303931,0.29442888498306274,0.9459999799728394,0.22669999301433563
YNR033W,YGL121C,0,0.530368,0.29433727264404297,0.9459999799728394,0.22679999470710754
YHR033W,YBR006W,0,0.5300057,0.29424571990966797,0.9459999799728394,0.22689999639987946
YGR221C,YMR308C,0,0.52998954,0.29415422677993774,0.9459999799728394,0.22699999809265137
YNR059W,YOR065W,0,0.52992195,0.2940627932548523,0.9459999799728394,0.22709999978542328
YBR199W,YOR334W,0,0.5294006,0.2939714193344116,0.9459999799728394,0.2272000014781952
YNL020C,YIL067C,0,0.52859986,0.29388007521629333,0.9459999799728394,0.2273000031709671
YDL240W,YDL003W,0,0.5284025,0.2937888205051422,0.9459999799728394,0.227400004863739
YNL126W,YDR364C,0,0.5283966,0.2936975955963135,0.9459999799728394,0.22750000655651093
YER183C,YPR114W,0,0.5277242,0.2936064600944519,0.9459999799728394,0.22759999334812164
YOR334W,YDL039C,0,0.527084,0.2935153543949127,0.9459999799728394,0.22769999504089355
YEL036C,YBR141C,0,0.5269885,0.2934243083000183,0.9459999799728394,0.22779999673366547
YPL225W,YKL152C,0,0.52678645,0.2933333218097687,0.9459999799728394,0.22789999842643738
YIL052C,YJL058C,0,0.52656287,0.2932423949241638,0.9459999799728394,0.2280000001192093
YHR122W,YCL067C,0,0.52619666,0.29315152764320374,0.9459999799728394,0.2281000018119812
YGR142W,YBR274W,0,0.5261861,0.2930607199668884,0.9459999799728394,0.2282000035047531
YPL006W,YER035W,0,0.5258166,0.2929699718952179,0.9459999799728394,0.22830000519752502
YCR014C,YNL050C,0,0.52566016,0.29287925362586975,0.9459999799728394,0.22840000689029694
YDR331W,YDR499W,0,0.5256471,0.29278862476348877,0.9459999799728394,0.22849999368190765
YER028C,YPR056W,0,0.52539825,0.2926980257034302,0.9459999799728394,0.22859999537467957
YNL133C,YAL068C,0,0.5249994,0.29260748624801636,0.9459999799728394,0.22869999706745148
YIL108W,YBR183W,0,0.5249615,0.2925170063972473,0.9459999799728394,0.2287999987602234
YLR205C,YGL045W,0,0.52483654,0.29242658615112305,0.9459999799728394,0.2289000004529953
YDR348C,YGL203C,0,0.5247545,0.29233622550964355,0.9459999799728394,0.2290000021457672
YFL035C,YLR016C,0,0.52468014,0.29224589467048645,0.9459999799728394,0.22910000383853912
YOR357C,YOR025W,0,0.5242458,0.2921556532382965,0.9459999799728394,0.22920000553131104
YML131W,YKL002W,0,0.52391756,0.29206544160842896,0.9459999799728394,0.22930000722408295
YDL156W,YBR080C,0,0.5231562,0.29197531938552856,0.9459999799728394,0.22939999401569366
YMR011W,YGR278W,0,0.5229954,0.29188522696495056,0.9459999799728394,0.22949999570846558
YLR141W,YHR041C,0,0.52296805,0.29179519414901733,0.9459999799728394,0.2295999974012375
YHR005C,YNL245C,0,0.52272177,0.2917052209377289,0.9459999799728394,0.2296999990940094
YJL014W,YMR305C,0,0.52231807,0.2916152775287628,0.9459999799728394,0.2298000007867813
YPL021W,YPR114W,0,0.52216744,0.2915254235267639,0.9459999799728394,0.22990000247955322
YPR171W,YNR018W,0,0.5214143,0.2914355993270874,0.9459999799728394,0.23000000417232513
YCR052W,YGR181W,0,0.52114666,0.29134586453437805,0.9459999799728394,0.23010000586509705
YLR229C,YER155C,0,0.52102244,0.2912561595439911,0.9459999799728394,0.23019999265670776
YJL059W,YFR018C,0,0.52081656,0.2911665141582489,0.9459999799728394,0.23029999434947968
YJR129C,YFR031C-A,0,0.52049094,0.2910769283771515,0.9459999799728394,0.2303999960422516
YIL127C,YGR065C,0,0.52041626,0.29098740220069885,0.9459999799728394,0.2304999977350235
YGR144W,YKR079C,0,0.5203905,0.2908979058265686,0.9459999799728394,0.2305999994277954
YHR033W,YGR036C,0,0.5200056,0.2908084988594055,0.9459999799728394,0.23070000112056732
YOL137W,YGL063W,0,0.51955366,0.2907191216945648,0.9459999799728394,0.23080000281333923
YPR010C,YER093C,0,0.5180998,0.2906298041343689,0.9459999799728394,0.23090000450611115
YER185W,YNL065W,0,0.5172533,0.29054054617881775,0.9459999799728394,0.23100000619888306
YOL017W,YDR451C,0,0.51707387,0.2904513478279114,0.9459999799728394,0.23109999299049377
YPR022C,YKL025C,0,0.51706886,0.2903621792793274,0.9459999799728394,0.23119999468326569
YPL246C,YBR235W,0,0.5170262,0.29027310013771057,0.9459999799728394,0.2312999963760376
YKR078W,YNL317W,0,0.5169868,0.29018405079841614,0.9459999799728394,0.2313999980688095
YOL034W,YDR331W,0,0.51693505,0.2900950610637665,0.9459999799728394,0.23149999976158142
YGL073W,YHR157W,0,0.5161902,0.2900061309337616,0.9459999799728394,0.23160000145435333
YBR218C,YMR136W,0,0.51550186,0.2899172604084015,0.9459999799728394,0.23170000314712524
YBR029C,YGL158W,0,0.51534843,0.28982841968536377,0.9459999799728394,0.23180000483989716
YER165W,YEL062W,0,0.5150863,0.2897396683692932,0.9459999799728394,0.23190000653266907
YJL002C,YCR087C-A,0,0.51464474,0.28965094685554504,0.9459999799728394,0.23199999332427979
YJL079C,YMR116C,0,0.51452386,0.28956228494644165,0.9459999799728394,0.2320999950170517
YMR117C,YOL165C,0,0.51450026,0.28947368264198303,0.9459999799728394,0.2321999967098236
YCL048W,YHR132C,0,0.51438594,0.2893851399421692,0.9459999799728394,0.23229999840259552
YHR083W,YPR169W,0,0.5138651,0.28929662704467773,0.9459999799728394,0.23240000009536743
YBR298C,YJL012C-A,0,0.51375127,0.28920820355415344,0.9459999799728394,0.23250000178813934
YPL268W,YBR238C,0,0.5128696,0.28911980986595154,0.9459999799728394,0.23260000348091125
YOL119C,YPL141C,0,0.51262486,0.2890314757823944,0.9459999799728394,0.23270000517368317
YOR253W,YDR268W,0,0.51237667,0.28894320130348206,0.9459999799728394,0.23280000686645508
YHR143W-A,YJL225C,0,0.5121267,0.2888549566268921,0.9459999799728394,0.2328999936580658
YDR352W,YBR276C,0,0.5115284,0.2887668013572693,0.9459999799728394,0.2329999953508377
YHL026C,YMR032W,0,0.5114891,0.28867867588996887,0.9459999799728394,0.23309999704360962
YGL219C,YER087W,0,0.511035,0.28859061002731323,0.9459999799728394,0.23319999873638153
YMR238W,YOR168W,0,0.5108576,0.28850260376930237,0.9459999799728394,0.23330000042915344
YKL027W,YDR080W,0,0.5107372,0.2884146273136139,0.9459999799728394,0.23340000212192535
YEL004W,YCR024C-A,0,0.51073086,0.2883267402648926,0.9459999799728394,0.23350000381469727
YDL106C,YDL119C,0,0.5101933,0.28823888301849365,0.9459999799728394,0.23360000550746918
YML008C,YML114C,0,0.5100485,0.2881510853767395,0.9459999799728394,0.2337000072002411
YDR146C,YPL215W,0,0.5095063,0.2880633473396301,0.9459999799728394,0.2337999939918518
YLR131C,YKL093W,0,0.50923294,0.28797563910484314,0.9459999799728394,0.23389999568462372
YPR167C,YJR109C,0,0.5090493,0.2878880202770233,0.9459999799728394,0.23399999737739563
YLR390W-A,YMR092C,0,0.509041,0.2878004312515259,0.9459999799728394,0.23409999907016754
YBR203W,YBR136W,0,0.5088569,0.2877129018306732,0.9459999799728394,0.23420000076293945
YKR022C,YCL067C,0,0.50867176,0.28762543201446533,0.9459999799728394,0.23430000245571136
YOR106W,YNL080C,0,0.50866395,0.28753799200057983,0.9459999799728394,0.23440000414848328
YKL091C,YIL076W,0,0.5083306,0.2874506115913391,0.9459999799728394,0.2345000058412552
YDR257C,YEL046C,0,0.50833046,0.28736329078674316,0.9459999799728394,0.2345999926328659
YOR008C,YMR274C,0,0.5082702,0.287276029586792,0.9459999799728394,0.23469999432563782
YDL022W,YCL010C,0,0.50813234,0.2871888279914856,0.9459999799728394,0.23479999601840973
YLR307W,YNL284C,0,0.50771314,0.2871016561985016,0.9459999799728394,0.23489999771118164
YGR169C,YBR276C,0,0.50753164,0.28701457381248474,0.9459999799728394,0.23499999940395355
YDL139C,YLL023C,0,0.50611687,0.2869275212287903,0.9459999799728394,0.23510000109672546
YIL002C,YPL275W,0,0.5060158,0.2868404984474182,0.9459999799728394,0.23520000278949738
YLR160C,YNL025C,0,0.50536966,0.2867535650730133,0.9459999799728394,0.2353000044822693
YMR232W,YBR183W,0,0.5053469,0.2866666615009308,0.9459999799728394,0.2354000061750412
YLR026C,YLR275W,0,0.50525284,0.28657981753349304,0.9459999799728394,0.23549999296665192
YER069W,YGL125W,0,0.5052443,0.2864930331707001,0.9459999799728394,0.23559999465942383
YIR025W,YHL012W,0,0.5047555,0.2864063084125519,0.9459999799728394,0.23569999635219574
YPR003C,YJL137C,0,0.50412357,0.2863196134567261,0.9459999799728394,0.23579999804496765
YBR223C,YGR284C,0,0.50370634,0.28623297810554504,0.9459999799728394,0.23589999973773956
YGR283C,YGR091W,0,0.5037046,0.2861464023590088,0.9459999799728394,0.23600000143051147
YPL115C,YBL079W,0,0.5025963,0.2860598862171173,0.9459999799728394,0.2361000031232834
YDR281C,YJL092W,0,0.5025938,0.2859733998775482,0.9459999799728394,0.2362000048160553
YBL066C,YKL188C,0,0.50258005,0.2858869731426239,0.9459999799728394,0.2363000065088272
YCL038C,YIR026C,0,0.5023121,0.28580060601234436,0.9459999799728394,0.23639999330043793
YPR055W,YPL158C,0,0.5013308,0.2857142984867096,0.9459999799728394,0.23649999499320984
YDL119C,YOR382W,0,0.50118107,0.2856280207633972,0.9459999799728394,0.23659999668598175
YER122C,YBR238C,0,0.50029516,0.2855418026447296,0.9459999799728394,0.23669999837875366
YHR109W,YLR009W,0,0.50028944,0.2854556441307068,0.9459999799728394,0.23680000007152557
YDR517W,YMR295C,0,0.50026846,0.28536954522132874,0.9459999799728394,0.23690000176429749
YBR221C,YDR354W,0,0.50013113,0.28528347611427307,0.9459999799728394,0.2370000034570694
YHR138C,YDR317W,0,0.5000614,0.2851974666118622,0.9459999799728394,0.2371000051498413
YMR089C,YDR085C,0,0.50003195,0.28511151671409607,0.9459999799728394,0.23720000684261322
YPL151C,YPR022C,0,0.4999756,0.28502559661865234,0.9459999799728394,0.23729999363422394
YPL118W,YDR429C,0,0.49879646,0.2849397659301758,0.9459999799728394,0.23739999532699585
YGR028W,YCR070W,0,0.49877056,0.2848539650440216,0.9459999799728394,0.23749999701976776
YMR074C,YGR192C,0,0.49805084,0.2847682237625122,0.9459999799728394,0.23759999871253967
YER040W,YLR333C,0,0.4979362,0.2846825122833252,0.9459999799728394,0.23770000040531158
YLR009W,YKL092C,0,0.497469,0.28459686040878296,0.9459999799728394,0.2378000020980835
YLR141W,YMR242C,0,0.49710923,0.2845112681388855,0.9459999799728394,0.2379000037908554
YDL156W,YFL013C,0,0.49590272,0.2844257354736328,0.9459999799728394,0.23800000548362732
YGL150C,YML081W,0,0.4958892,0.2843402326107025,0.9459999799728394,0.23810000717639923
YDR108W,YMR059W,0,0.49577576,0.2842548191547394,0.9459999799728394,0.23819999396800995
YNL175C,YNL083W,0,0.49560183,0.28416940569877625,0.9459999799728394,0.23829999566078186
YGR144W,YLR278C,0,0.4953482,0.2840840816497803,0.9459999799728394,0.23839999735355377
YCL024W,YFR028C,0,0.4951247,0.2839987874031067,0.9459999799728394,0.23849999904632568
YPL113C,YLR411W,0,0.4951104,0.2839135527610779,0.9459999799728394,0.2386000007390976
YKL167C,YNL208W,0,0.49510685,0.28382837772369385,0.9459999799728394,0.2387000024318695
YDR027C,YAL068C,0,0.4950718,0.2837432622909546,0.9459999799728394,0.23880000412464142
YBL100W-A,YOR091W,0,0.49502337,0.2836581766605377,0.9459999799728394,0.23890000581741333
YBR028C,YPR060C,0,0.49490014,0.2835731506347656,0.9459999799728394,0.23899999260902405
YGR128C,YER125W,1,0.49441597,0.2837878465652466,0.9470000267028809,0.23899999260902405
YLL029W,YBR052C,0,0.49428123,0.2837028205394745,0.9470000267028809,0.23909999430179596
YOR009W,YBL102W,0,0.49405375,0.28361785411834717,0.9470000267028809,0.23919999599456787
YLR452C,YDL022W,0,0.49399439,0.2835329473018646,0.9470000267028809,0.23929999768733978
YEL030W,YDR040C,0,0.493736,0.28344807028770447,0.9470000267028809,0.2393999993801117
YNL095C,YOR304C-A,0,0.49321184,0.2833632528781891,0.9470000267028809,0.2395000010728836
YER141W,YFL052W,0,0.49303564,0.2832784950733185,0.9470000267028809,0.23960000276565552
YMR229C,YLR165C,1,0.49280018,0.2834928333759308,0.9480000138282776,0.23960000276565552
YCL019W,YDR267C,0,0.49260783,0.2834080755710602,0.9480000138282776,0.23970000445842743
YML127W,YLR175W,1,0.49243522,0.28362223505973816,0.9490000009536743,0.23970000445842743
YPL141C,YPL046C,0,0.49240464,0.28353750705718994,0.9490000009536743,0.23980000615119934
YBR146W,YDR019C,0,0.49192685,0.2834528088569641,0.9490000009536743,0.23989999294281006
YCR066W,YOR130C,0,0.4919106,0.28336817026138306,0.9490000009536743,0.23999999463558197
YNL041C,YLL004W,0,0.49167344,0.2832835912704468,0.9490000009536743,0.24009999632835388
YIL144W,YHR006W,0,0.49060625,0.2831990420818329,0.9490000009536743,0.2401999980211258
YLR208W,YHR042W,0,0.49050957,0.28311455249786377,0.9490000009536743,0.2402999997138977
YHR074W,YMR160W,0,0.49039885,0.28303012251853943,0.9490000009536743,0.24040000140666962
YMR020W,YJL026W,0,0.49021146,0.2829457223415375,0.9490000009536743,0.24050000309944153
YBR080C,YOR215C,0,0.49012643,0.2828614115715027,0.9490000009536743,0.24060000479221344
YDR415C,YOR353C,0,0.4900828,0.2827771008014679,0.9490000009536743,0.24070000648498535
YHR139C,YPR138C,0,0.48992425,0.28269287943840027,0.9490000009536743,0.24079999327659607
YML045W,YBR192W,0,0.48975235,0.28260868787765503,0.9490000009536743,0.24089999496936798
YBR002C,YER145C,0,0.4896837,0.28252455592155457,0.9490000009536743,0.2409999966621399
YKR027W,YGR125W,0,0.48861817,0.2824404835700989,0.9490000009536743,0.2410999983549118
YLR070C,YOL086C,0,0.48824298,0.2823564410209656,0.9490000009536743,0.24120000004768372
YMR210W,YJL030W,0,0.48820406,0.28227245807647705,0.9490000009536743,0.24130000174045563
YOL004W,YLR297W,0,0.48805887,0.2821885347366333,0.9490000009536743,0.24140000343322754
YML076C,YDR245W,0,0.48796332,0.28210464119911194,0.9490000009536743,0.24150000512599945
YIL041W,YER003C,0,0.4875906,0.28202080726623535,0.9490000009536743,0.24160000681877136
YGL238W,YGR044C,0,0.4869259,0.28193700313568115,0.9490000009536743,0.24169999361038208
YNL063W,YKL077W,0,0.4867472,0.2818532884120941,0.9490000009536743,0.241799995303154
YKR101W,YOL090W,0,0.48674333,0.28176960349082947,0.9490000009536743,0.2418999969959259
YLR442C,YML061C,0,0.48668087,0.2816859483718872,0.9490000009536743,0.24199999868869781
YMR061W,YDR206W,0,0.4857996,0.2816023826599121,0.9490000009536743,0.24210000038146973
YPL237W,YPL274W,0,0.48569077,0.2815188467502594,0.9490000009536743,0.24220000207424164
YGR166W,YDR098C,0,0.48509026,0.2814353406429291,0.9490000009536743,0.24230000376701355
YGL126W,YNL194C,0,0.48504415,0.2813519239425659,0.9490000009536743,0.24240000545978546
YJL116C,YJL160C,0,0.48492157,0.28126853704452515,0.9490000009536743,0.24250000715255737
YPL256C,YMR205C,0,0.48482138,0.28118517994880676,0.9490000009536743,0.2425999939441681
YHL050C,YER185W,0,0.48418117,0.28110188245773315,0.9490000009536743,0.24269999563694
YEL071W,YOR234C,0,0.48408115,0.2810186445713043,0.9490000009536743,0.24279999732971191
YJL137C,YHL031C,0,0.48388708,0.28093546628952026,0.9490000009536743,0.24289999902248383
YOR099W,YFR018C,0,0.48380625,0.2808523178100586,0.9490000009536743,0.24300000071525574
YPL129W,YLR110C,0,0.48375592,0.2807692289352417,0.9490000009536743,0.24310000240802765
YDR351W,YNR073C,0,0.4823357,0.2806861996650696,0.9490000009536743,0.24320000410079956
YLR348C,YDR020C,0,0.48222607,0.28060320019721985,0.9490000009536743,0.24330000579357147
YOR216C,YFL008W,0,0.48212633,0.2805202603340149,0.9490000009536743,0.2433999925851822
YKR098C,YLR251W,0,0.4820383,0.2804373502731323,0.9490000009536743,0.2434999942779541
YKL138C-A,YDR369C,0,0.4814586,0.28035449981689453,0.9490000009536743,0.243599995970726
YLL006W,YIR035C,0,0.48125923,0.2802717089653015,0.9490000009536743,0.24369999766349792
YGR199W,YGR277C,0,0.4811816,0.2801889479160309,0.9490000009536743,0.24379999935626984
YLL003W,YGR125W,0,0.48112997,0.28010624647140503,0.9490000009536743,0.24390000104904175
YGL064C,YFL066C,0,0.48087192,0.28002360463142395,0.9490000009536743,0.24400000274181366
YDR352W,YDR123C,0,0.4807816,0.27994099259376526,0.9490000009536743,0.24410000443458557
YAR008W,YDR444W,0,0.48000604,0.27985844016075134,0.9490000009536743,0.24420000612735748
YER026C,YGL115W,0,0.4796062,0.2797759473323822,0.9490000009536743,0.2442999929189682
YKR103W,YGR108W,0,0.47947147,0.27969348430633545,0.9490000009536743,0.2443999946117401
YHR174W,YCR030C,0,0.4790291,0.27961108088493347,0.9490000009536743,0.24449999630451202
YLL031C,YBR235W,0,0.4790274,0.2795287072658539,0.9490000009536743,0.24459999799728394
YHR168W,YDR195W,0,0.47876132,0.27944639325141907,0.9490000009536743,0.24469999969005585
YMR135C,YKL071W,0,0.4783252,0.27936413884162903,0.9490000009536743,0.24480000138282776
YLR319C,YGL225W,0,0.47814003,0.27928194403648376,0.9490000009536743,0.24490000307559967
YGR067C,YDR306C,0,0.4774195,0.2791997790336609,0.9490000009536743,0.24500000476837158
YPL248C,YLR224W,0,0.47702688,0.2791176438331604,0.9490000009536743,0.2451000064611435
YNL024C,YDL070W,0,0.4767723,0.2790355682373047,0.9490000009536743,0.2451999932527542
YNL010W,YHL009C,0,0.47554794,0.27895355224609375,0.9490000009536743,0.24529999494552612
YKL033W,YER016W,0,0.4755119,0.2788715958595276,0.9490000009536743,0.24539999663829803
YHR072W-A,YOR119C,1,0.47541532,0.2790834307670593,0.949999988079071,0.24539999663829803
YOR022C,YPR131C,0,0.47539744,0.27900147438049316,0.949999988079071,0.24549999833106995
YHL017W,YLR189C,0,0.47511882,0.2789195477962494,0.949999988079071,0.24560000002384186
YBL063W,YDR473C,0,0.47504926,0.2788376808166504,0.949999988079071,0.24570000171661377
YBR039W,YOR266W,0,0.47503904,0.27875587344169617,0.949999988079071,0.24580000340938568
YKL033W,YNL024C,0,0.47480044,0.27867409586906433,0.949999988079071,0.2459000051021576
YKL222C,YBL066C,0,0.47360376,0.27859237790107727,0.949999988079071,0.2460000067949295
YDR213W,YML130C,0,0.47353712,0.2785106897354126,0.949999988079071,0.24609999358654022
YPL016W,YJL014W,0,0.47345027,0.2784290611743927,0.949999988079071,0.24619999527931213
YBR100W,YOR258W,0,0.4734285,0.2783474922180176,0.949999988079071,0.24629999697208405
YMR058W,YIL046W,0,0.47339994,0.27826595306396484,0.949999988079071,0.24639999866485596
YCL045C,YKL180W,0,0.47256345,0.2781844735145569,0.949999988079071,0.24650000035762787
YPL032C,YLR143W,0,0.47246808,0.2781030535697937,0.949999988079071,0.24660000205039978
YGR113W,YDR348C,0,0.47212186,0.2780216634273529,0.949999988079071,0.2467000037431717
YNL095C,YIR010W,0,0.47190824,0.2779403030872345,0.949999988079071,0.2468000054359436
YBL080C,YJL079C,0,0.47187808,0.27785903215408325,0.949999988079071,0.24690000712871552
YNL122C,YMR251W-A,0,0.47175497,0.2777777910232544,0.949999988079071,0.24699999392032623
YEL052W,YPL236C,0,0.47172508,0.2776965796947479,0.949999988079071,0.24709999561309814
YJL113W,YMR041C,0,0.47168493,0.27761542797088623,0.949999988079071,0.24719999730587006
YHR083W,YML051W,0,0.4716678,0.2775343358516693,0.949999988079071,0.24729999899864197
YOL098C,YGR091W,0,0.47129023,0.2774532735347748,0.949999988079071,0.24740000069141388
YAR027W,YLR044C,0,0.47118926,0.277372270822525,0.949999988079071,0.2475000023841858
YKR002W,YOR317W,0,0.47112742,0.27729129791259766,0.949999988079071,0.2476000040769577
YER013W,YGR275W,0,0.47083473,0.27721038460731506,0.949999988079071,0.24770000576972961
YKL117W,YPL249C,0,0.47080377,0.27712953090667725,0.949999988079071,0.24779999256134033
YMR063W,YDL102W,0,0.47072095,0.2770487070083618,0.949999988079071,0.24789999425411224
YGR217W,YDR127W,0,0.47035706,0.27696794271469116,0.949999988079071,0.24799999594688416
YPL075W,YMR215W,0,0.47009587,0.2768872082233429,0.949999988079071,0.24809999763965607
YKR065C,YGR169C,0,0.4687211,0.2768065333366394,0.949999988079071,0.24819999933242798
YDR411C,YLR307W,0,0.4685598,0.2767258882522583,0.949999988079071,0.2483000010251999
YDR457W,YNR054C,1,0.46823126,0.27693653106689453,0.9509999752044678,0.2483000010251999
YPR131C,YCR080W,0,0.4681207,0.2768558859825134,0.9509999752044678,0.2484000027179718
YLL052C,YDR255C,0,0.46631384,0.2767753303050995,0.9509999752044678,0.2485000044107437
YER094C,YLR189C,0,0.46609968,0.27669480443000793,0.9509999752044678,0.24860000610351562
YLR297W,YFR049W,0,0.4650636,0.27661430835723877,0.9509999752044678,0.24869999289512634
YDR028C,YGR017W,0,0.46491244,0.2765338718891144,0.9509999752044678,0.24879999458789825
YMR268C,YHR121W,0,0.4647854,0.27645349502563477,0.9509999752044678,0.24889999628067017
YHL033C,YAR003W,0,0.4647656,0.27637314796447754,0.9509999752044678,0.24899999797344208
YBR072W,YDL247W,0,0.4644706,0.2762928605079651,0.9509999752044678,0.249099999666214
YGR271W,YDL058W,0,0.46446753,0.276212602853775,0.9509999752044678,0.2492000013589859
YDL002C,YOR026W,0,0.46434665,0.27613240480422974,0.9509999752044678,0.2493000030517578
YDR377W,YLR209C,0,0.46403193,0.27605223655700684,0.9509999752044678,0.24940000474452972
YGR068C,YDR138W,0,0.46397573,0.2759721279144287,0.9509999752044678,0.24950000643730164
YHR073W,YHR098C,0,0.46371007,0.27589207887649536,0.9509999752044678,0.24959999322891235
YDR517W,YDR317W,0,0.46357548,0.2758120596408844,0.9509999752044678,0.24969999492168427
YLR037C,YPL056C,0,0.46312284,0.2757321000099182,0.9509999752044678,0.24979999661445618
YML078W,YER014C-A,0,0.4630428,0.2756521701812744,0.9509999752044678,0.2498999983072281
YJR150C,YNL072W,0,0.463024,0.2755722999572754,0.9509999752044678,0.25
YIL080W,YMR238W,0,0.4624632,0.27549245953559875,0.9509999752044678,0.2500999867916107
YIR022W,YJL225C,0,0.46217158,0.2754126787185669,0.9509999752044678,0.2502000033855438
YDL018C,YOR292C,0,0.4610646,0.2753329575061798,0.9509999752044678,0.25029999017715454
YHR056C,YHR012W,0,0.46091336,0.2752532660961151,0.9509999752044678,0.25040000677108765
YPL116W,YNR072W,0,0.46086147,0.2751736044883728,0.9509999752044678,0.25049999356269836
YPL207W,YBR293W,0,0.45936814,0.27509400248527527,0.9509999752044678,0.25060001015663147
YMR137C,YBR054W,0,0.4584661,0.2750144600868225,0.9509999752044678,0.2506999969482422
YOL053C-A,YNL066W,0,0.45845756,0.27493494749069214,0.9509999752044678,0.2508000135421753
YDR416W,YJR047C,0,0.45813832,0.27485549449920654,0.9509999752044678,0.250900000333786
YJR132W,YPL110C,0,0.4579356,0.27477607131004333,0.9509999752044678,0.25099998712539673
YBR282W,YKL077W,0,0.45769542,0.2746967077255249,0.9509999752044678,0.25110000371932983
YLR233C,YNL111C,0,0.45760423,0.27461737394332886,0.9509999752044678,0.25119999051094055
YOR241W,YNR075W,0,0.45723453,0.2745380997657776,0.9509999752044678,0.25130000710487366
YOR393W,YMR078C,0,0.45662147,0.2744588851928711,0.9509999752044678,0.2513999938964844
YPR174C,YML096W,0,0.4560128,0.274379700422287,0.9509999752044678,0.2515000104904175
YJL063C,YML080W,0,0.45577225,0.27430054545402527,0.9509999752044678,0.2515999972820282
YLR408C,YHR018C,0,0.45563743,0.2742214500904083,0.9509999752044678,0.2517000138759613
YIL067C,YGL234W,0,0.4556225,0.27414241433143616,0.9509999752044678,0.251800000667572
YLR345W,YGL131C,0,0.4552644,0.2740634083747864,0.9509999752044678,0.25189998745918274
YOR226C,YGL020C,0,0.4545177,0.273984432220459,0.9509999752044678,0.25200000405311584
YOR344C,YOR109W,0,0.45404685,0.27390551567077637,0.9509999752044678,0.25209999084472656
YEL042W,YHR014W,0,0.45364562,0.2738266587257385,0.9509999752044678,0.25220000743865967
YPL050C,YCL010C,0,0.4527591,0.27374783158302307,0.9509999752044678,0.2522999942302704
YDR026C,YJR050W,0,0.4526898,0.2736690640449524,0.9509999752044678,0.2524000108242035
YER028C,YKR088C,0,0.45217618,0.2735903263092041,0.9509999752044678,0.2524999976158142
YER081W,YBR133C,0,0.45198154,0.2735116481781006,0.9509999752044678,0.2526000142097473
YLL066C,YGR217W,0,0.4518098,0.27343299984931946,0.9509999752044678,0.25270000100135803
YGL023C,YHR041C,0,0.45100823,0.2733544111251831,0.9509999752044678,0.25279998779296875
YGL047W,YDR506C,0,0.450782,0.27327585220336914,0.9509999752044678,0.25290000438690186
YKR006C,YDL124W,0,0.45066106,0.27319735288619995,0.9509999752044678,0.2529999911785126
YBR080C,YFR016C,0,0.4501405,0.27311888337135315,0.9509999752044678,0.2531000077724457
YDR446W,YPL009C,0,0.44991377,0.2730404734611511,0.9509999752044678,0.2531999945640564
YOR334W,YFR028C,0,0.44940794,0.27296212315559387,0.9509999752044678,0.2533000111579895
YGR211W,YGR134W,0,0.44924662,0.2728837728500366,0.9509999752044678,0.2533999979496002
YOR226C,YNL020C,0,0.44905144,0.27280551195144653,0.9509999752044678,0.2535000145435333
YGL194C,YMR087W,0,0.44898933,0.27272728085517883,0.9509999752044678,0.25360000133514404
YOR334W,YPL224C,0,0.44892937,0.2726490795612335,0.9509999752044678,0.25369998812675476
YMR180C,YDL214C,0,0.4489021,0.272570937871933,0.9509999752044678,0.25380000472068787
YBR146W,YDR528W,0,0.4486053,0.27249282598495483,0.9509999752044678,0.2538999915122986
YDL145C,YDR090C,0,0.44792575,0.27241477370262146,0.9509999752044678,0.2540000081062317
YOR363C,YOR330C,0,0.4477706,0.27233678102493286,0.9509999752044678,0.2540999948978424
YNL066W,YER008C,0,0.44703332,0.27225881814956665,0.9509999752044678,0.2542000114917755
YMR230W,YNL257C,0,0.44691336,0.2721808850765228,0.9509999752044678,0.25429999828338623
YGR113W,YML039W,0,0.4461865,0.2721030116081238,0.9509999752044678,0.25440001487731934
YPL253C,YEL003W,0,0.44611716,0.2720251679420471,0.9509999752044678,0.25450000166893005
YOR361C,YIL121W,0,0.44561946,0.27194738388061523,0.9509999752044678,0.25459998846054077
YBR031W,YFL057C,0,0.44541612,0.27186962962150574,0.9509999752044678,0.2547000050544739
YBL036C,YDR303C,0,0.4446088,0.271791934967041,0.9509999752044678,0.2547999918460846
YNL230C,YCL026C-A,0,0.44434017,0.27171429991722107,0.9509999752044678,0.2549000084400177
YOR118W,YHR193C,0,0.44425547,0.2716366648674011,0.9509999752044678,0.2549999952316284
YDL189W,YIL002C,0,0.44423044,0.27155911922454834,0.9509999752044678,0.2551000118255615
YNL006W,YNR071C,0,0.4440148,0.27148157358169556,0.9509999752044678,0.25519999861717224
YPR072W,YOR168W,0,0.4436752,0.27140411734580994,0.9509999752044678,0.25529998540878296
YBR070C,YMR309C,0,0.44350624,0.2713266909122467,0.9509999752044678,0.25540000200271606
YKL137W,YLR325C,0,0.44347644,0.27124929428100586,0.9509999752044678,0.2554999887943268
YBL112C,YOR304C-A,0,0.44343758,0.2711719274520874,0.9509999752044678,0.2556000053882599
YKL067W,YFL035C-B,0,0.44334996,0.2710946500301361,0.9509999752044678,0.2556999921798706
YCR071C,YOR209C,0,0.44326103,0.2710173726081848,0.9509999752044678,0.2558000087738037
YJL111W,YOR045W,0,0.44313288,0.2709401845932007,0.9509999752044678,0.25589999556541443
YOR335C,YMR063W,0,0.4429111,0.27086299657821655,0.9509999752044678,0.25600001215934753
YLR150W,YDR322C-A,0,0.44254085,0.2707858681678772,0.9509999752044678,0.25609999895095825
YNL142W,YCR089W,0,0.44230554,0.2707087993621826,0.9509999752044678,0.25619998574256897
YNL139C,YBL067C,0,0.44177487,0.2706317603588104,0.9509999752044678,0.2563000023365021
YBL031W,YGR056W,0,0.44170827,0.2705547511577606,0.9509999752044678,0.2563999891281128
YAL055W,YOR357C,0,0.4414757,0.2704778015613556,0.9509999752044678,0.2565000057220459
YBR077C,YOR049C,0,0.44119337,0.27040091156959534,0.9509999752044678,0.2565999925136566
YMR154C,YIL056W,0,0.44113266,0.27032405138015747,0.9509999752044678,0.2567000091075897
YCR028C-A,YNL243W,0,0.44084582,0.270247220993042,0.9509999752044678,0.25679999589920044
YKR065C,YER058W,0,0.4405814,0.2701704502105713,0.9509999752044678,0.25690001249313354
YLR155C,YPR131C,0,0.4405079,0.270093709230423,0.9509999752044678,0.25699999928474426
YJL225C,YGR235C,0,0.4399934,0.27001702785491943,0.9509999752044678,0.257099986076355
YBR037C,YCR045C,0,0.4398011,0.26994040608406067,0.9509999752044678,0.2572000026702881
YOL098C,YOR148C,0,0.4396271,0.2698637843132019,0.9509999752044678,0.2572999894618988
YMR074C,YDR097C,0,0.43926883,0.2697872221469879,0.9509999752044678,0.2574000060558319
YNL029C,YGR012W,0,0.43847784,0.2697107195854187,0.9509999752044678,0.2574999928474426
YNL186W,YEL006W,0,0.43835896,0.2696342468261719,0.9509999752044678,0.25760000944137573
YMR313C,YCR045C,0,0.43750703,0.2695578336715698,0.9509999752044678,0.25769999623298645
YNL090W,YPL145C,0,0.43741742,0.26948145031929016,0.9509999752044678,0.25780001282691956
YLR328W,YLR118C,0,0.43731016,0.2694050967693329,0.9509999752044678,0.2578999996185303
YBL076C,YJR054W,0,0.43694085,0.2693288028240204,0.9509999752044678,0.257999986410141
YGL032C,YBR271W,0,0.43668187,0.2692525386810303,0.9509999752044678,0.2581000030040741
YER060W,YOL027C,0,0.43537098,0.26917633414268494,0.9509999752044678,0.2581999897956848
YKL174C,YDR081C,0,0.43489206,0.269100159406662,0.9509999752044678,0.2583000063896179
YLR107W,YER146W,1,0.43488383,0.2693069279193878,0.9520000219345093,0.2583000063896179
YOL059W,YOR074C,0,0.43454972,0.26923078298568726,0.9520000219345093,0.25839999318122864
YGL070C,YKL077W,0,0.43432257,0.2691546380519867,0.9520000219345093,0.25850000977516174
YMR001C,YJL082W,0,0.43420056,0.2690785825252533,0.9520000219345093,0.25859999656677246
YMR296C,YLR386W,0,0.43394157,0.2690025568008423,0.9520000219345093,0.25870001316070557
YPR035W,YOR372C,0,0.43391624,0.26892656087875366,0.9520000219345093,0.2587999999523163
YOR355W,YIL120W,0,0.43389302,0.2688505947589874,0.9520000219345093,0.258899986743927
YHR112C,YNR004W,0,0.43346742,0.26877471804618835,0.9520000219345093,0.2590000033378601
YLR368W,YBR171W,0,0.4334542,0.2686988413333893,0.9520000219345093,0.2590999901294708
YAL005C,YKR075C,0,0.4332585,0.268623024225235,0.9520000219345093,0.25920000672340393
YOR210W,YOR025W,0,0.43310174,0.2685472369194031,0.9520000219345093,0.25929999351501465
YKL027W,YBR102C,0,0.43276954,0.26847150921821594,0.9520000219345093,0.25940001010894775
YBR111W-A,YDR184C,0,0.43267077,0.2683958411216736,0.9520000219345093,0.25949999690055847
YHR020W,YDR311W,0,0.4324628,0.2683201730251312,0.9520000219345093,0.2596000134944916
YDL083C,YML127W,1,0.43214026,0.2685263454914093,0.953000009059906,0.2596000134944916
YLR391W-A,YGL207W,0,0.43203205,0.26845070719718933,0.953000009059906,0.2597000002861023
YJL159W,YDR222W,0,0.4319861,0.26837509870529175,0.953000009059906,0.259799987077713
YER122C,YKL180W,0,0.4319858,0.26829954981803894,0.953000009059906,0.2599000036716461
YDR516C,YER014C-A,0,0.43153083,0.2682240307331085,0.953000009059906,0.25999999046325684
YJR103W,YOL091W,0,0.43131185,0.2681485712528229,0.953000009059906,0.26010000705718994
YPR190C,YER021W,0,0.43066368,0.2680731415748596,0.953000009059906,0.26019999384880066
YCL019W,YIL076W,0,0.4303838,0.26799774169921875,0.953000009059906,0.26030001044273376
YAL015C,YGL179C,0,0.43013334,0.26792240142822266,0.953000009059906,0.2603999972343445
YJL177W,YNL294C,0,0.42959198,0.26784709095954895,0.953000009059906,0.2605000138282776
YGR254W,YKR102W,0,0.4294681,0.26777184009552,0.953000009059906,0.2606000006198883
YMR101C,YIL148W,0,0.42942905,0.2676966190338135,0.953000009059906,0.260699987411499
YNL024C,YDL102W,0,0.42922565,0.2676214575767517,0.953000009059906,0.26080000400543213
YPL207W,YPR159W,0,0.42914855,0.26754632592201233,0.953000009059906,0.26089999079704285
YGL194C,YDL206W,0,0.42908478,0.26747122406959534,0.953000009059906,0.26100000739097595
YBL052C,YER087C-B,0,0.42810023,0.2673961818218231,0.953000009059906,0.26109999418258667
YLR431C,YFL052W,0,0.42808542,0.2673211693763733,0.953000009059906,0.2612000107765198
YML111W,YBL063W,0,0.42775077,0.26724621653556824,0.953000009059906,0.2612999975681305
YGR177C,YER166W,0,0.42760724,0.26717129349708557,0.953000009059906,0.2614000141620636
YDR497C,YMR146C,0,0.42691985,0.2670964002609253,0.953000009059906,0.2615000009536743
YNL225C,YBR083W,0,0.42656347,0.2670215666294098,0.953000009059906,0.26159998774528503
YIL119C,YDR016C,0,0.42647687,0.26694679260253906,0.953000009059906,0.26170000433921814
YNL173C,YGR207C,0,0.42639083,0.26687201857566833,0.953000009059906,0.26179999113082886
YGR059W,YNL037C,0,0.42575616,0.2667973041534424,0.953000009059906,0.26190000772476196
YGR092W,YAR009C,0,0.42548418,0.2667226493358612,0.953000009059906,0.2619999945163727
YGR285C,YOR034C,0,0.42520884,0.2666480243206024,0.953000009059906,0.2621000111103058
YPL276W,YJL134W,0,0.42510888,0.266573429107666,0.953000009059906,0.2621999979019165
YDL222C,YDL052C,0,0.42507687,0.2664988934993744,0.953000009059906,0.2623000144958496
YCR097W,YPR165W,0,0.4249528,0.26642438769340515,0.953000009059906,0.2624000012874603
YNL025C,YIL103W,0,0.42460132,0.2663499116897583,0.953000009059906,0.26249998807907104
YJR091C,YDL243C,0,0.42443252,0.2662754952907562,0.953000009059906,0.26260000467300415
YNL287W,YDR337W,0,0.4243995,0.26620110869407654,0.953000009059906,0.26269999146461487
YOR313C,YCR021C,0,0.42436773,0.2661267817020416,0.953000009059906,0.262800008058548
YBR133C,YKL157W,0,0.42415017,0.2660524845123291,0.953000009059906,0.2628999948501587
YNL190W,YNL302C,0,0.42405558,0.26597821712493896,0.953000009059906,0.2630000114440918
YBL068W,YAR050W,0,0.42403886,0.2659040093421936,0.953000009059906,0.2630999982357025
YBL084C,YOR125C,0,0.4231238,0.265829861164093,0.953000009059906,0.2632000148296356
YKR057W,YCR018C,1,0.42305422,0.2660345733165741,0.9539999961853027,0.2632000148296356
YOR260W,YDL179W,0,0.42280713,0.2659604251384735,0.9539999961853027,0.26330000162124634
YPR161C,YPR052C,0,0.42245907,0.2658862769603729,0.9539999961853027,0.26339998841285706
YBR065C,YGR125W,0,0.4222698,0.2658122181892395,0.9539999961853027,0.26350000500679016
YOL045W,YCR014C,0,0.42223033,0.2657381594181061,0.9539999961853027,0.2635999917984009
YJL012C,YFL035C-B,0,0.42215392,0.26566416025161743,0.9539999961853027,0.263700008392334
YEL060C,YPL110C,0,0.42195106,0.26559019088745117,0.9539999961853027,0.2637999951839447
YKL208W,YOR243C,1,0.42179683,0.2657946050167084,0.9549999833106995,0.2637999951839447
YIR021W,YNR023W,0,0.42089918,0.2657206356525421,0.9549999833106995,0.2639000117778778
YPR145W,YIL009W,0,0.42061764,0.26564672589302063,0.9549999833106995,0.2639999985694885
YJR047C,YKL163W,0,0.4205421,0.26557284593582153,0.9549999833106995,0.26409998536109924
YPL072W,YLR321C,0,0.42029944,0.2654990255832672,0.9549999833106995,0.26420000195503235
YOR202W,YLR274W,0,0.41971537,0.2654252350330353,0.9549999833106995,0.26429998874664307
YNR002C,YMR021C,0,0.41931963,0.26535147428512573,0.9549999833106995,0.26440000534057617
YKL016C,YLR225C,0,0.4193129,0.26527777314186096,0.9549999833106995,0.2644999921321869
YDL052C,YDR182W,0,0.41927448,0.2652041018009186,0.9549999833106995,0.26460000872612
YML001W,YLR411W,0,0.41899645,0.26513049006462097,0.9549999833106995,0.2646999955177307
YDL145C,YCL060C,0,0.41818684,0.26505690813064575,0.9549999833106995,0.2648000121116638
YNL261W,YMR167W,0,0.41812047,0.2649833559989929,0.9549999833106995,0.26489999890327454
YMR050C,YDR323C,0,0.4181035,0.2649098336696625,0.9549999833106995,0.26499998569488525
YHR084W,YGL256W,0,0.41796985,0.2648363709449768,0.9549999833106995,0.26510000228881836
YOR212W,YJR093C,0,0.41763693,0.2647629678249359,0.9549999833106995,0.2651999890804291
YOR009W,YDR235W,0,0.41747847,0.264689564704895,0.9549999833106995,0.2653000056743622
YDL046W,YNL288W,0,0.41743886,0.2646162509918213,0.9549999833106995,0.2653999924659729
YDL079C,YDR229W,0,0.41736007,0.26454293727874756,0.9549999833106995,0.265500009059906
YKR096W,YAL031C,0,0.4170105,0.2644696831703186,0.9549999833106995,0.2655999958515167
YML133C,YCL011C,0,0.41699752,0.26439645886421204,0.9549999833106995,0.26570001244544983
YLR116W,YJR026W,0,0.41693476,0.26432326436042786,0.9549999833106995,0.26579999923706055
YPR163C,YBR210W,0,0.41653603,0.26425012946128845,0.9549999833106995,0.26589998602867126
YKR095W-A,YDR499W,0,0.4159995,0.2641770541667938,0.9549999833106995,0.26600000262260437
YML031W,YLR071C,0,0.41539055,0.2641039788722992,0.9549999833106995,0.2660999894142151
YDL005C,YKR075C,0,0.41519916,0.26403096318244934,0.9549999833106995,0.2662000060081482
YMR046C,YDR350C,0,0.41464528,0.2639579772949219,0.9549999833106995,0.2662999927997589
YBL076C,YJL206C,0,0.4140132,0.2638850510120392,0.9549999833106995,0.266400009393692
YEL048C,YKL149C,0,0.41330808,0.2638121545314789,0.9549999833106995,0.26649999618530273
YBR127C,YMR160W,0,0.4132672,0.26373928785324097,0.9549999833106995,0.26660001277923584
YBR223C,YLL024C,0,0.41317904,0.2636664807796478,0.9549999833106995,0.26669999957084656
YPR133W-A,YLR347C,0,0.41273147,0.2635937035083771,0.9549999833106995,0.2667999863624573
YBR091C,YDL179W,0,0.412458,0.2635209858417511,0.9549999833106995,0.2669000029563904
YHR122W,YHR135C,0,0.4122929,0.2634482681751251,0.9549999833106995,0.2669999897480011
YPL225W,YNL261W,0,0.41228575,0.2633756101131439,0.9549999833106995,0.2671000063419342
YDR496C,YGR277C,0,0.41227564,0.2633030116558075,0.9549999833106995,0.2671999931335449
YBR090C-A,YPL049C,0,0.41192386,0.26323044300079346,0.9549999833106995,0.267300009727478
YGL231C,YML038C,0,0.4118633,0.2631579041481018,0.9549999833106995,0.26739999651908875
YBR179C,YOR378W,0,0.41177645,0.26308539509773254,0.9549999833106995,0.26750001311302185
YOR198C,YOR393W,0,0.41113672,0.26301294565200806,0.9549999833106995,0.26759999990463257
YKL182W,YBR010W,0,0.41110763,0.26294052600860596,0.9549999833106995,0.2676999866962433
YJL028W,YIL170W,0,0.41077548,0.26286816596984863,0.9549999833106995,0.2678000032901764
YBR200W,YLR084C,0,0.4104032,0.2627958059310913,0.9549999833106995,0.2678999900817871
YPL168W,YJL168C,0,0.40992436,0.26272353529930115,0.9549999833106995,0.2680000066757202
YMR078C,YDR156W,0,0.40943578,0.262651264667511,0.9549999833106995,0.26809999346733093
YML096W,YLR132C,0,0.40888634,0.2625790536403656,0.9549999833106995,0.26820001006126404
YOR255W,YOR215C,0,0.4087247,0.2625068724155426,0.9549999833106995,0.26829999685287476
YML133C,YNR052C,0,0.40807354,0.262434720993042,0.9549999833106995,0.26840001344680786
YLR307W,YNL327W,0,0.4079869,0.26236262917518616,0.9549999833106995,0.2685000002384186
YDL197C,YLR342W,0,0.40790626,0.2622905671596527,0.9549999833106995,0.2685999870300293
YPR011C,YBR094W,0,0.40774527,0.26221856474876404,0.9549999833106995,0.2687000036239624
YIL129C,YLR113W,0,0.407636,0.26214659214019775,0.9549999833106995,0.2687999904155731
YHR030C,YDR423C,0,0.40672806,0.26207464933395386,0.9549999833106995,0.2689000070095062
YPL141C,YPR196W,0,0.40655303,0.26200273633003235,0.9549999833106995,0.26899999380111694
YGL187C,YPL227C,0,0.40654844,0.2619308829307556,0.9549999833106995,0.26910001039505005
YGL200C,YKL176C,0,0.40631133,0.26185905933380127,0.9549999833106995,0.26919999718666077
YML045W,YPL053C,0,0.40629753,0.2617872953414917,0.9549999833106995,0.26930001378059387
YNL275W,YPL223C,0,0.4062027,0.26171553134918213,0.9549999833106995,0.2694000005722046
YFR025C,YER108C,0,0.4060869,0.26164382696151733,0.9549999833106995,0.2694999873638153
YGR289C,YMR029C,0,0.40605623,0.2615721821784973,0.9549999833106995,0.2696000039577484
YBR096W,YPL248C,0,0.40583077,0.2615005373954773,0.9549999833106995,0.26969999074935913
YDR506C,YER021W,0,0.40578642,0.26142895221710205,0.9549999833106995,0.26980000734329224
YLR150W,YIR031C,0,0.40554166,0.2613574266433716,0.9549999833106995,0.26989999413490295
YER115C,YGR239C,0,0.40550232,0.2612859010696411,0.9549999833106995,0.27000001072883606
YJR057W,YBR054W,0,0.40541542,0.2612144351005554,0.9549999833106995,0.2700999975204468
YDR233C,YKR088C,0,0.40526986,0.2611429989337921,0.9549999833106995,0.2702000141143799
YLL040C,YMR308C,0,0.4049278,0.2610716223716736,0.9549999833106995,0.2703000009059906
YPL236C,YDR040C,0,0.4047132,0.26100027561187744,0.9549999833106995,0.2703999876976013
YJR053W,YOL012C,0,0.40470546,0.2609289586544037,0.9549999833106995,0.2705000042915344
YMR284W,YMR167W,0,0.40417656,0.2608577013015747,0.9549999833106995,0.27059999108314514
YLL015W,YKL185W,0,0.40292534,0.2607864439487457,0.9549999833106995,0.27070000767707825
YML019W,YML096W,0,0.40254045,0.2607152462005615,0.9549999833106995,0.27079999446868896
YLR341W,YMR167W,0,0.40240163,0.2606441080570221,0.9549999833106995,0.27090001106262207
YPR189W,YMR074C,0,0.4022105,0.26057299971580505,0.9549999833106995,0.2709999978542328
YJL181W,YLR077W,0,0.40211576,0.2605019211769104,0.9549999833106995,0.2711000144481659
YIR031C,YOL144W,0,0.40151715,0.26043087244033813,0.9549999833106995,0.2712000012397766
YBR083W,YPL045W,0,0.40148017,0.26035988330841064,0.9549999833106995,0.27129998803138733
YCR079W,YCL030C,0,0.40120155,0.26028889417648315,0.9549999833106995,0.27140000462532043
YPL003W,YCR091W,0,0.4010832,0.2602179944515228,0.9549999833106995,0.27149999141693115
YLL042C,YML096W,0,0.4006309,0.2601470947265625,0.9549999833106995,0.27160000801086426
YLR288C,YML096W,0,0.40015733,0.26007625460624695,0.9549999833106995,0.271699994802475
YLR401C,YIR035C,0,0.39972752,0.2600054442882538,0.9549999833106995,0.2718000113964081
YGR260W,YBL013W,0,0.3992974,0.259934663772583,0.9549999833106995,0.2718999981880188
YGR023W,YOR089C,0,0.39912823,0.259863942861557,0.9549999833106995,0.2720000147819519
YPL113C,YPL253C,0,0.39885545,0.2597932517528534,0.9549999833106995,0.2721000015735626
YPL129W,YPL138C,0,0.39869273,0.25972259044647217,0.9549999833106995,0.27219998836517334
YEL029C,YJR027W,0,0.3985699,0.2596519887447357,0.9549999833106995,0.27230000495910645
YGR266W,YKL168C,0,0.3983192,0.25958141684532166,0.9549999833106995,0.27239999175071716
YHR109W,YOR088W,0,0.39805606,0.25951087474823,0.9549999833106995,0.27250000834465027
YMR169C,YJR107W,0,0.39781934,0.2594403624534607,0.9549999833106995,0.272599995136261
YIL088C,YJL045W,0,0.39779338,0.2593699097633362,0.9549999833106995,0.2727000117301941
YML126C,YLR460C,0,0.39778918,0.25929948687553406,0.9549999833106995,0.2727999985218048
YLR002C,YCR055C,1,0.3975338,0.25950053334236145,0.9559999704360962,0.2727999985218048
YPL088W,YBL008W,0,0.3971971,0.2594301104545593,0.9559999704360962,0.2728999853134155
YLR035C,YBR183W,0,0.39716652,0.259359747171402,0.9559999704360962,0.27300000190734863
YLR080W,YPL176C,0,0.39586323,0.25928938388824463,0.9559999704360962,0.27309998869895935
YKL146W,YDR317W,0,0.39557818,0.25921908020973206,0.9559999704360962,0.27320000529289246
YHR146W,YER014W,0,0.39505908,0.25914880633354187,0.9559999704360962,0.2732999920845032
YBR039W,YNR032C-A,0,0.39505696,0.25907859206199646,0.9559999704360962,0.2734000086784363
YFR024C,YNL254C,0,0.39497697,0.25900840759277344,0.9559999704360962,0.273499995470047
YHR026W,YJL145W,0,0.39479595,0.2589382529258728,0.9559999704360962,0.2736000120639801
YHR041C,YDR438W,0,0.39478624,0.25886812806129456,0.9559999704360962,0.2736999988555908
YNR012W,YKL134C,0,0.39437965,0.2587980628013611,0.9559999704360962,0.27379998564720154
YNL134C,YKL077W,0,0.3939625,0.2587279975414276,0.9559999704360962,0.27390000224113464
YPL168W,YLR007W,0,0.3939227,0.2586580216884613,0.9559999704360962,0.27399998903274536
YIL008W,YLR312W-A,0,0.39326674,0.258588045835495,0.9559999704360962,0.27410000562667847
YKL120W,YMR205C,0,0.39300564,0.25851812958717346,0.9559999704360962,0.2741999924182892
YHR214C-B,YJR019C,0,0.39231658,0.2584482431411743,0.9559999704360962,0.2743000090122223
YML055W,YLL024C,0,0.39178818,0.25837838649749756,0.9559999704360962,0.274399995803833
YKL208W,YPR112C,1,0.3916221,0.2585787773132324,0.9570000171661377,0.274399995803833
YOR198C,YDR267C,0,0.39100388,0.25850892066955566,0.9570000171661377,0.2745000123977661
YDR348C,YOL042W,0,0.3907264,0.2584390938282013,0.9570000171661377,0.27459999918937683
YPR133W-A,YIL133C,0,0.39065024,0.2583693265914917,0.9570000171661377,0.27469998598098755
YCR034W,YFR053C,0,0.39049757,0.2582995891571045,0.9570000171661377,0.27480000257492065
YOR196C,YNR004W,0,0.39046562,0.25822991132736206,0.9570000171661377,0.27489998936653137
YHR203C,YLR191W,0,0.39031404,0.25816023349761963,0.9570000171661377,0.2750000059604645
YKL208W,YDL014W,1,0.3902068,0.2583602964878082,0.9580000042915344,0.2750000059604645
YML100W,YJR005W,0,0.3901193,0.2582906484603882,0.9580000042915344,0.2750999927520752
YDR057W,YGR271W,0,0.38973778,0.2582210302352905,0.9580000042915344,0.2752000093460083
YBL099W,YNL024C,0,0.38964182,0.25815144181251526,0.9580000042915344,0.275299996137619
YHR058C,YJR026W,0,0.38928515,0.2580818831920624,0.9580000042915344,0.2754000127315521
YDR261C,YHR080C,0,0.3892812,0.2580123841762543,0.9580000042915344,0.27549999952316284
YNR026C,YKL055C,0,0.3890007,0.25794291496276855,0.9580000042915344,0.27559998631477356
YIL105C,YLR080W,0,0.38884577,0.2578734755516052,0.9580000042915344,0.27570000290870667
YNL202W,YPR200C,0,0.3887679,0.25780409574508667,0.9580000042915344,0.2757999897003174
YEL032W,YGL037C,0,0.38872075,0.2577347457408905,0.9580000042915344,0.2759000062942505
YEL032W,YMR136W,0,0.38827255,0.2576654255390167,0.9580000042915344,0.2759999930858612
YFR030W,YDR171W,0,0.38816422,0.25759613513946533,0.9580000042915344,0.2761000096797943
YNL030W,YBL013W,0,0.38797218,0.25752687454223633,0.9580000042915344,0.27619999647140503
YIL020C,YKL049C,0,0.38770354,0.2574576735496521,0.9580000042915344,0.27630001306533813
YHR104W,YCR105W,0,0.3875075,0.25738850235939026,0.9580000042915344,0.27639999985694885
YOL029C,YMR318C,0,0.3872472,0.2573193609714508,0.9580000042915344,0.27649998664855957
YFR052W,YDR142C,0,0.38713855,0.25725027918815613,0.9580000042915344,0.2766000032424927
YOL020W,YNL181W,0,0.3870414,0.25718119740486145,0.9580000042915344,0.2766999900341034
YBR135W,YBR235W,0,0.38640592,0.25711217522621155,0.9580000042915344,0.2768000066280365
YLR386W,YFL022C,0,0.3863018,0.2570432126522064,0.9580000042915344,0.2768999934196472
YPL088W,YIR028W,0,0.386043,0.2569742500782013,0.9580000042915344,0.2770000100135803
YJR113C,YPR148C,0,0.38595915,0.25690534710884094,0.9580000042915344,0.27709999680519104
YIL049W,YCR070W,0,0.38566473,0.256836473941803,0.9580000042915344,0.27720001339912415
YDL217C,YKR075C,0,0.38562876,0.2567676305770874,0.9580000042915344,0.27730000019073486
YDR137W,YBR026C,0,0.3848586,0.2566988170146942,0.9580000042915344,0.2773999869823456
YBL027W,YOL113W,0,0.38483647,0.2566300630569458,0.9580000042915344,0.2775000035762787
YGL067W,YOR321W,0,0.3847705,0.2565613389015198,0.9580000042915344,0.2775999903678894
YNL070W,YIL063C,0,0.38428319,0.25649264454841614,0.9580000042915344,0.2777000069618225
YPL183W-A,YOR153W,0,0.38408154,0.2564239799976349,0.9580000042915344,0.2777999937534332
YGL170C,YCL068C,0,0.38404405,0.2563553750514984,0.9580000042915344,0.27790001034736633
YPR128C,YPL254W,0,0.3833375,0.25628677010536194,0.9580000042915344,0.27799999713897705
YJL159W,YPL175W,0,0.38284844,0.2562182545661926,0.9580000042915344,0.27810001373291016
YDR037W,YAL016W,0,0.38271743,0.2561497390270233,0.9580000042915344,0.2782000005245209
YMR112C,YDR188W,0,0.38270825,0.2560812532901764,0.9580000042915344,0.2782999873161316
YBL105C,YFR028C,0,0.38261345,0.25601282715797424,0.9580000042915344,0.2784000039100647
YIR022W,YBL051C,0,0.38249427,0.2559444308280945,0.9580000042915344,0.2784999907016754
YEL011W,YMR032W,0,0.3824519,0.2558760643005371,0.9580000042915344,0.2786000072956085
YKR095W,YKR019C,0,0.38176632,0.2558077573776245,0.9580000042915344,0.27869999408721924
YLR107W,YPL081W,1,0.38165703,0.2560064196586609,0.9589999914169312,0.27869999408721924
YGR148C,YKL209C,0,0.3812767,0.2559380829334259,0.9589999914169312,0.27880001068115234
YLR223C,YKL080W,0,0.38117164,0.2558698058128357,0.9589999914169312,0.27889999747276306
YPR105C,YLL018C-A,0,0.3811707,0.25580155849456787,0.9589999914169312,0.27900001406669617
YER143W,YLR260W,0,0.38073274,0.25573334097862244,0.9589999914169312,0.2791000008583069
YCR073C,YKR046C,0,0.38030693,0.2556651532649994,0.9589999914169312,0.2791999876499176
YML082W,YBR168W,0,0.37958354,0.2555970251560211,0.9589999914169312,0.2793000042438507
YHR214W,YMR014W,0,0.37943316,0.25552889704704285,0.9589999914169312,0.2793999910354614
YDR332W,YDR338C,0,0.37935185,0.25546082854270935,0.9589999914169312,0.27950000762939453
YOL053C-A,YDR099W,0,0.37906602,0.25539281964302063,0.9589999914169312,0.27959999442100525
YBR192W,YPL105C,0,0.37873143,0.2553248107433319,0.9589999914169312,0.27970001101493835
YLR223C,YOR264W,0,0.37826508,0.25525686144828796,0.9589999914169312,0.2797999978065491
YOR084W,YGR221C,0,0.37803817,0.2551889419555664,0.9589999914169312,0.2799000144004822
YIL048W,YML130C,0,0.37718016,0.25512105226516724,0.9589999914169312,0.2800000011920929
YEL022W,YDR233C,0,0.37713832,0.25505319237709045,0.9589999914169312,0.2800999879837036
YBR069C,YMR286W,0,0.3771125,0.25498536229133606,0.9589999914169312,0.2802000045776367
YMR053C,YER090W,0,0.37705344,0.25491759181022644,0.9589999914169312,0.28029999136924744
YOR195W,YHR210C,0,0.37701887,0.2548498511314392,0.9589999914169312,0.28040000796318054
YPR065W,YPL021W,0,0.37694415,0.25478214025497437,0.9589999914169312,0.28049999475479126
YLR178C,YDR175C,0,0.37671325,0.2547144889831543,0.9589999914169312,0.28060001134872437
YDL055C,YDR377W,0,0.37583393,0.25464683771133423,0.9589999914169312,0.2806999981403351
YDR255C,YMR295C,0,0.3754495,0.25457924604415894,0.9589999914169312,0.2808000147342682
YLR044C,YLR272C,0,0.37453964,0.25451168417930603,0.9589999914169312,0.2809000015258789
YMR046C,YOR073W,0,0.3745305,0.2544441521167755,0.9589999914169312,0.2809999883174896
YDR452W,YNR055C,0,0.37440664,0.2543766498565674,0.9589999914169312,0.28110000491142273
YPR199C,YCR043C,0,0.3743521,0.25430920720100403,0.9589999914169312,0.28119999170303345
YDR457W,YNL282W,1,0.37428766,0.2545068860054016,0.9599999785423279,0.28119999170303345
YKL051W,YDL079C,0,0.37422028,0.25443944334983826,0.9599999785423279,0.28130000829696655
YKR027W,YDR140W,0,0.37389183,0.2543720304965973,0.9599999785423279,0.28139999508857727
YIL038C,YFL048C,0,0.3737135,0.2543046474456787,0.9599999785423279,0.2815000116825104
YOR177C,YGR249W,0,0.37355864,0.2542372941970825,0.9599999785423279,0.2815999984741211
YPL037C,YLR064W,0,0.3733945,0.2541699707508087,0.9599999785423279,0.2816999852657318
YDL134C-A,YJL172W,0,0.37338474,0.2541027069091797,0.9599999785423279,0.2818000018596649
YAR066W,YLR116W,0,0.37310204,0.25403547286987305,0.9599999785423279,0.28189998865127563
YLR148W,YOR338W,0,0.3723572,0.2539682686328888,0.9599999785423279,0.28200000524520874
YPL256C,YPR148C,0,0.3721867,0.25390109419822693,0.9599999785423279,0.28209999203681946
YHR146W,YNL053W,0,0.37218413,0.25383394956588745,0.9599999785423279,0.28220000863075256
YOL062C,YHL013C,0,0.372032,0.25376686453819275,0.9599999785423279,0.2822999954223633
YBR014C,YHL020C,0,0.371979,0.25369977951049805,0.9599999785423279,0.2824000120162964
YDR076W,YDR303C,0,0.37196958,0.2536327540874481,0.9599999785423279,0.2824999988079071
YFL034C-A,YJL063C,0,0.37184066,0.2535657584667206,0.9599999785423279,0.2825999855995178
YCR079W,YJR035W,0,0.37156898,0.2534988224506378,0.9599999785423279,0.2827000021934509
YLR116W,YML016C,0,0.3709861,0.25343188643455505,0.9599999785423279,0.28279998898506165
YNR063W,YIL011W,0,0.3709712,0.25336501002311707,0.9599999785423279,0.28290000557899475
YKL103C,YKL003C,0,0.3706973,0.25329816341400146,0.9599999785423279,0.28299999237060547
YIR013C,YBR200W,0,0.37050715,0.25323134660720825,0.9599999785423279,0.2831000089645386
YMR101C,YBR183W,0,0.37014353,0.2531645596027374,0.9599999785423279,0.2831999957561493
YLR157C,YGR120C,0,0.36997083,0.253097802400589,0.9599999785423279,0.2833000123500824
YOR198C,YPL057C,0,0.36984828,0.2530311048030853,0.9599999785423279,0.2833999991416931
YLR205C,YCR069W,0,0.3698024,0.25296443700790405,0.9599999785423279,0.28349998593330383
YNR018W,YDR235W,0,0.36906618,0.25289779901504517,0.9599999785423279,0.28360000252723694
YPR010C,YJL051W,0,0.36903173,0.25283119082450867,0.9599999785423279,0.28369998931884766
YDR009W,YPR080W,0,0.3688633,0.25276461243629456,0.9599999785423279,0.28380000591278076
YCR016W,YNL294C,0,0.36867845,0.25269806385040283,0.9599999785423279,0.2838999927043915
YNL316C,YEL031W,0,0.36838123,0.2526315748691559,0.9599999785423279,0.2840000092983246
YOL098C,YLR085C,0,0.3681948,0.2525651156902313,0.9599999785423279,0.2840999960899353
YLR249W,YER065C,0,0.36812463,0.25249868631362915,0.9599999785423279,0.2842000126838684
YGL142C,YLR113W,0,0.36795825,0.25243228673934937,0.9599999785423279,0.2842999994754791
YAL063C,YER058W,0,0.3678095,0.25236591696739197,0.9599999785423279,0.28439998626708984
YHL012W,YKL079W,0,0.3677322,0.25229960680007935,0.9599999785423279,0.28450000286102295
YNL087W,YGL167C,0,0.3674494,0.2522333264350891,0.9599999785423279,0.28459998965263367
YPR204W,YPL218W,0,0.3672673,0.2521670460700989,0.9599999785423279,0.2847000062465668
YIL168W,YOL086C,0,0.36723,0.2521008551120758,0.9599999785423279,0.2847999930381775
YBR243C,YER166W,0,0.36603376,0.25203466415405273,0.9599999785423279,0.2849000096321106
YDL198C,YBR089C-A,0,0.3660148,0.25196850299835205,0.9599999785423279,0.2849999964237213
YOR084W,YHR059W,0,0.36600685,0.25190240144729614,0.9599999785423279,0.2851000130176544
YDL245C,YBR056W,0,0.36584866,0.25183629989624023,0.9599999785423279,0.28519999980926514
YOL043C,YDL045C,0,0.3657444,0.2517702579498291,0.9599999785423279,0.28529998660087585
YER175C,YFL035C-B,0,0.36527127,0.25170424580574036,0.9599999785423279,0.28540000319480896
YMR074C,YDL093W,0,0.3652484,0.251638263463974,0.9599999785423279,0.2854999899864197
YFR038W,YAL032C,0,0.36520377,0.2515723407268524,0.9599999785423279,0.2856000065803528
YER183C,YCR097WB,0,0.36501968,0.25150641798973083,0.9599999785423279,0.2856999933719635
YAR009C,YER014W,0,0.3647378,0.25144055485725403,0.9599999785423279,0.2858000099658966
YMR078C,YPR009W,0,0.36430836,0.2513746917247772,0.9599999785423279,0.2858999967575073
YNL240C,YDR135C,0,0.36379442,0.2513088881969452,0.9599999785423279,0.28600001335144043
YER125W,YFL002C,1,0.3637695,0.2515048384666443,0.9610000252723694,0.28600001335144043
YGL105W,YGR266W,0,0.36363125,0.25143903493881226,0.9610000252723694,0.28610000014305115
YJL018W,YDR515W,0,0.36359045,0.2513732612133026,0.9610000252723694,0.28619998693466187
YMR044W,YNL250W,0,0.3635196,0.25130751729011536,0.9610000252723694,0.28630000352859497
YHR179W,YHR072W,0,0.36296687,0.2512418329715729,0.9610000252723694,0.2863999903202057
YNL279W,YIL010W,0,0.36286032,0.2511761486530304,0.9610000252723694,0.2865000069141388
YEL047C,YMR238W,0,0.36276013,0.2511105239391327,0.9610000252723694,0.2865999937057495
YFL001W,YGL170C,0,0.362283,0.2510449290275574,0.9610000252723694,0.2867000102996826
YCR060W,YIL030C,0,0.36217284,0.25097936391830444,0.9610000252723694,0.28679999709129333
YLR391W,YMR123W,0,0.36215383,0.2509138286113739,0.9610000252723694,0.28690001368522644
YLR178C,YDR261C,0,0.36213788,0.25084835290908813,0.9610000252723694,0.28700000047683716
YLR050C,YOL082W,0,0.3619828,0.25078287720680237,0.9610000252723694,0.2870999872684479
YNL122C,YOR008C,0,0.3609555,0.2507174611091614,0.9610000252723694,0.287200003862381
YDR189W,YBR096W,0,0.3608074,0.2506520748138428,0.9610000252723694,0.2872999906539917
YAL009W,YOR360C,0,0.3607315,0.25058668851852417,0.9610000252723694,0.2874000072479248
YOR122C,YER185W,0,0.36072707,0.25052136182785034,0.9610000252723694,0.2874999940395355
YCR005C,YOR247W,0,0.36030817,0.2504560947418213,0.9610000252723694,0.28760001063346863
YGR289C,YER014W,0,0.35982627,0.25039082765579224,0.9610000252723694,0.28769999742507935
YKR098C,YGR080W,0,0.35936314,0.25032562017440796,0.9610000252723694,0.28780001401901245
YNR021W,YNR074C,0,0.35924625,0.2502604126930237,0.9610000252723694,0.28790000081062317
YCL012W,YGL226C-A,0,0.35905862,0.2501952648162842,0.9610000252723694,0.2879999876022339
YIR028W,YNL183C,0,0.35892835,0.25013014674186707,0.9610000252723694,0.288100004196167
YCL040W,YOR383C,0,0.35868824,0.25006505846977234,0.9610000252723694,0.2881999909877777
YAR031W,YNL065W,0,0.35852447,0.25,0.9610000252723694,0.2883000075817108
YLL052C,YIL080W,0,0.3582254,0.24993498623371124,0.9610000252723694,0.28839999437332153
YGR180C,YGL174W,0,0.35812688,0.24986998736858368,0.9610000252723694,0.28850001096725464
YBR081C,YJR064W,0,0.35740006,0.2498050481081009,0.9610000252723694,0.28859999775886536
YEL069C,YGR125W,0,0.3573492,0.2497401237487793,0.9610000252723694,0.28870001435279846
YHR113W,YJR099W,0,0.35727122,0.24967524409294128,0.9610000252723694,0.2888000011444092
YBL097W,YBR043C,0,0.35652375,0.24961039423942566,0.9610000252723694,0.2888999879360199
YKL210W,YJR107W,0,0.35624948,0.24954557418823242,0.9610000252723694,0.289000004529953
YOR187W,YMR116C,0,0.3561957,0.24948078393936157,0.9610000252723694,0.2890999913215637
YMR105C,YML126C,0,0.35613966,0.2494160383939743,0.9610000252723694,0.2892000079154968
YDR457W,YDL083C,1,0.3560286,0.2496107965707779,0.9620000123977661,0.2892000079154968
YPL200W,YPL275W,0,0.35562527,0.24954605102539062,0.9620000123977661,0.28929999470710754
YPL049C,YMR099C,0,0.355335,0.24948132038116455,0.9620000123977661,0.28940001130104065
YLR425W,YER032W,0,0.35525468,0.24941664934158325,0.9620000123977661,0.28949999809265137
YOR303W,YDR140W,0,0.35500744,0.24935199320316315,0.9620000123977661,0.2896000146865845
YLR023C,YOR330C,0,0.35499543,0.24928738176822662,0.9620000123977661,0.2897000014781952
YOR344C,YEL005C,0,0.35481483,0.2492228001356125,0.9620000123977661,0.2897999882698059
YKR054C,YKR025W,0,0.3539762,0.24915824830532074,0.9620000123977661,0.289900004863739
YJR109C,YHR004C,0,0.35348088,0.24909374117851257,0.9620000123977661,0.28999999165534973
YKL097W-A,YDR434W,0,0.35308912,0.2490292489528656,0.9620000123977661,0.29010000824928284
YBR065C,YER056C,0,0.3523781,0.2489648014307022,0.9620000123977661,0.29019999504089355
YOL094C,YDR164C,0,0.3520677,0.2489003837108612,0.9620000123977661,0.29030001163482666
YHR061C,YOR153W,0,0.35203385,0.24883601069450378,0.9620000123977661,0.2903999984264374
YMR053C,YGR202C,0,0.3520233,0.24877165257930756,0.9620000123977661,0.2904999852180481
YBR145W,YJL021C,0,0.35156786,0.2487073391675949,0.9620000123977661,0.2906000018119812
YOL119C,YPR101W,0,0.35151607,0.24864305555820465,0.9620000123977661,0.2906999886035919
YOL057W,YGL054C,0,0.35145098,0.24857881665229797,0.9620000123977661,0.290800005197525
YER130C,YDR155C,0,0.35110754,0.2485145926475525,0.9620000123977661,0.29089999198913574
YCR058C,YPL081W,1,0.35098758,0.24870868027210236,0.9629999995231628,0.29089999198913574
YCR028C-A,YOR142W,0,0.35038954,0.24864445626735687,0.9629999995231628,0.29100000858306885
YOR214C,YKR100C,0,0.35012594,0.24858027696609497,0.9629999995231628,0.29109999537467957
YML133C,YNR073C,0,0.34953302,0.24851612746715546,0.9629999995231628,0.29120001196861267
YNL050C,YLR020C,0,0.3490752,0.24845200777053833,0.9629999995231628,0.2912999987602234
YBL005W-A,YPL135W,0,0.3488996,0.24838793277740479,0.9629999995231628,0.2913999855518341
YJL018W,YGL243W,0,0.3484794,0.24832387268543243,0.9629999995231628,0.2915000021457672
YDR028C,YKL029C,0,0.34819114,0.24825985729694366,0.9629999995231628,0.29159998893737793
YNL202W,YPR201W,0,0.3481738,0.24819587171077728,0.9629999995231628,0.29170000553131104
YNL041C,YDR392W,0,0.34814984,0.24813193082809448,0.9629999995231628,0.29179999232292175
YOR133W,YPL097W,0,0.34811205,0.24806800484657288,0.9629999995231628,0.29190000891685486
YMR269W,YML038C,0,0.34786656,0.24800412356853485,0.9629999995231628,0.2919999957084656
YCL067C,YGL010W,0,0.34757978,0.2479402720928192,0.9629999995231628,0.2921000123023987
YML097C,YDR090C,0,0.34699064,0.24787645041942596,0.9629999995231628,0.2921999990940094
YMR050C,YOR027W,0,0.34675264,0.2478126585483551,0.9629999995231628,0.2922999858856201
YLR258W,YJR083C,0,0.34646946,0.24774891138076782,0.9629999995231628,0.2924000024795532
YKL200C,YDL214C,0,0.34640896,0.24768517911434174,0.9629999995231628,0.29249998927116394
YOR122C,YKL065C,0,0.34582034,0.24762149155139923,0.9629999995231628,0.29260000586509705
YBR079C,YLR315W,0,0.34554926,0.2475578337907791,0.9629999995231628,0.29269999265670776
YNL181W,YIL129C,0,0.34549135,0.24749422073364258,0.9629999995231628,0.29280000925064087
YAL048C,YDR399W,0,0.3450964,0.24743062257766724,0.9629999995231628,0.2928999960422516
YDR284C,YCR080W,0,0.34435534,0.24736706912517548,0.9629999995231628,0.2930000126361847
YGL046W,YMR168C,0,0.3440662,0.2473035454750061,0.9629999995231628,0.2930999994277954
YNL076W,YCL027C-A,0,0.34384945,0.24724005162715912,0.9629999995231628,0.29319998621940613
YPR068C,YLR058C,0,0.3427303,0.24717658758163452,0.9629999995231628,0.29330000281333923
YPL255W,YKL063C,0,0.3425622,0.2471131682395935,0.9629999995231628,0.29339998960494995
YNL177C,YBR171W,0,0.34254467,0.24704976379871368,0.9629999995231628,0.29350000619888306
YOL006C,YJR046W,0,0.3425172,0.24698640406131744,0.9629999995231628,0.2935999929904938
YJL162C,YGR172C,0,0.3424576,0.2469230741262436,0.9629999995231628,0.2937000095844269
YKL220C,YDL243C,0,0.34240746,0.24685977399349213,0.9629999995231628,0.2937999963760376
YAL005C,YEL020W-A,0,0.34222928,0.24679651856422424,0.9629999995231628,0.2939000129699707
YJR138W,YDL035C,0,0.34205002,0.24673327803611755,0.9629999995231628,0.2939999997615814
YKL085W,YIL129C,0,0.34177083,0.24667008221149445,0.9629999995231628,0.29409998655319214
YMR227C,YLR272C,0,0.34171933,0.24660691618919373,0.9629999995231628,0.29420000314712524
YPR196W,YMR295C,0,0.34155017,0.2465437799692154,0.9629999995231628,0.29429998993873596
YPR174C,YMR190C,0,0.34094694,0.24648067355155945,0.9629999995231628,0.29440000653266907
YLR185W,YFR050C,0,0.34093887,0.24641761183738708,0.9629999995231628,0.2944999933242798
YLR466W,YER144C,0,0.340625,0.24635456502437592,0.9629999995231628,0.2946000099182129
YLL004W,YHR214W,0,0.34049115,0.24629156291484833,0.9629999995231628,0.2946999967098236
YEL062W,YJL051W,0,0.3404644,0.24622859060764313,0.9629999995231628,0.2948000133037567
YER138C,YMR260C,0,0.3404316,0.24616564810276031,0.9629999995231628,0.29490000009536743
YBR100W,YKR095W-A,0,0.34036472,0.2461027354001999,0.9629999995231628,0.29499998688697815
YOR007C,YLR020C,0,0.34003192,0.24603985249996185,0.9629999995231628,0.29510000348091125
YMR134W,YPL116W,0,0.3399182,0.2459770143032074,0.9629999995231628,0.295199990272522
YCR102C,YMR168C,0,0.33989877,0.24591419100761414,0.9629999995231628,0.2953000068664551
YBR128C,YBR203W,0,0.3397838,0.24585141241550446,0.9629999995231628,0.2953999936580658
YBR072W,YIL095W,0,0.33886302,0.24578866362571716,0.9629999995231628,0.2955000102519989
YDL156W,YIL143C,0,0.33850178,0.24572594463825226,0.9629999995231628,0.2955999970436096
YJL212C,YGL210W-A,0,0.33831537,0.24566327035427094,0.9629999995231628,0.2957000136375427
YNL092W,YBL051C,0,0.33821002,0.2456006109714508,0.9629999995231628,0.29580000042915344
YJR153W,YJL071W,0,0.33811468,0.24553799629211426,0.9629999995231628,0.29589998722076416
YPL137C,YIL122W,0,0.33809984,0.2454753965139389,0.9629999995231628,0.29600000381469727
YDR462W,YJL212C,0,0.33798712,0.24541284143924713,0.9629999995231628,0.296099990606308
YKL077W,YJL059W,0,0.33794856,0.24535031616687775,0.9629999995231628,0.2962000072002411
YOR123C,YGL158W,0,0.33789113,0.24528782069683075,0.9629999995231628,0.2962999939918518
YJR140C,YLR150W,0,0.3377609,0.24522536993026733,0.9629999995231628,0.2964000105857849
YNL095C,YJL085W,0,0.337742,0.2451629340648651,0.9629999995231628,0.29649999737739563
YPL055C,YNL090W,0,0.33753508,0.24510052800178528,0.9629999995231628,0.29660001397132874
YLR442C,YDR188W,0,0.3369581,0.24503816664218903,0.9629999995231628,0.29670000076293945
YPL094C,YLL016W,0,0.33692074,0.24497583508491516,0.9629999995231628,0.29679998755455017
YPL249C,YGR044C,0,0.3369136,0.24491353332996368,0.9629999995231628,0.2969000041484833
YMR179W,YBR096W,0,0.3362792,0.2448512613773346,0.9629999995231628,0.296999990940094
YHR091C,YOR010C,0,0.3359781,0.2447890192270279,0.9629999995231628,0.2971000075340271
YGR032W,YCL001W,0,0.33556,0.24472680687904358,0.9629999995231628,0.2971999943256378
YMR202W,YER004W,0,0.33497265,0.24466463923454285,0.9629999995231628,0.2973000109195709
YCR102C,YJL200C,0,0.33496857,0.2446024864912033,0.9629999995231628,0.29739999771118164
YLR408C,YOL145C,0,0.3349324,0.24454037845134735,0.9629999995231628,0.29750001430511475
YMR313C,YER087W,0,0.3346427,0.24447830021381378,0.9629999995231628,0.29760000109672546
YOR144C,YPL058C,0,0.3343754,0.2444162368774414,0.9629999995231628,0.2976999878883362
YJR048W,YDL246C,0,0.33412582,0.2443542182445526,0.9629999995231628,0.2978000044822693
YLR451W,YGL032C,0,0.33374012,0.2442922443151474,0.9629999995231628,0.29789999127388
YPL236C,YMR133W,0,0.3335988,0.24423028528690338,0.9629999995231628,0.2980000078678131
YGL238W,YGR278W,0,0.3332855,0.24416835606098175,0.9629999995231628,0.29809999465942383
YKR095W,YFR016C,0,0.33326307,0.2441064566373825,0.9629999995231628,0.29820001125335693
YJR140C,YBR016W,0,0.33320403,0.24404460191726685,0.9629999995231628,0.29829999804496765
YGR004W,YIR022W,0,0.3330735,0.24398277699947357,0.9629999995231628,0.29840001463890076
YDR369C,YNL092W,0,0.3330081,0.2439209669828415,0.9629999995231628,0.2985000014305115
YGL023C,YJR027W,0,0.3327826,0.243859201669693,0.9629999995231628,0.2985999882221222
YMR091C,YJL225C,0,0.3327127,0.24379746615886688,0.9629999995231628,0.2987000048160553
YKL101W,YGR181W,0,0.33195323,0.24373576045036316,0.9629999995231628,0.298799991607666
YKL152C,YLL017W,0,0.33169982,0.24367408454418182,0.9629999995231628,0.2989000082015991
YCL018W,YMR175W,0,0.33164647,0.24361245334148407,0.9629999995231628,0.29899999499320984
YNL029C,YDL102W,0,0.33091193,0.2435508370399475,0.9629999995231628,0.29910001158714294
YFR009W,YHR111W,0,0.3306908,0.24348925054073334,0.9629999995231628,0.29919999837875366
YPL076W,YML078W,0,0.33022004,0.24342770874500275,0.9629999995231628,0.2992999851703644
YLR132C,YMR090W,0,0.3301328,0.24336618185043335,0.9629999995231628,0.2994000017642975
YBL113C,YPL180W,0,0.3300255,0.24330469965934753,0.9629999995231628,0.2994999885559082
YKR101W,YPR026W,0,0.32977188,0.2432432472705841,0.9629999995231628,0.2996000051498413
YNL122C,YBL050W,0,0.32966417,0.24318182468414307,0.9629999995231628,0.299699991941452
YCL026C-A,YHR079C,0,0.32906145,0.24312041699886322,0.9629999995231628,0.29980000853538513
YMR250W,YGR121C,0,0.32905447,0.24305905401706696,0.9629999995231628,0.29989999532699585
YPL009C,YOL086C,0,0.32900804,0.24299773573875427,0.9629999995231628,0.30000001192092896
YOR202W,YBR096W,0,0.3289944,0.24293643236160278,0.9629999995231628,0.3000999987125397
YBR018C,YHR135C,0,0.3289501,0.24287515878677368,0.9629999995231628,0.3001999855041504
YNL073W,YLR359W,0,0.32885203,0.24281391501426697,0.9629999995231628,0.3003000020980835
YDR457W,YBR257W,1,0.32866198,0.24300478398799896,0.9639999866485596,0.3003000020980835
YNL035C,YER015W,0,0.32865918,0.24294355511665344,0.9639999866485596,0.3003999888896942
YFL035C,YNL309W,0,0.3285977,0.24288234114646912,0.9639999866485596,0.3005000054836273
YBR295W,YOL004W,0,0.3283819,0.24282115697860718,0.9639999866485596,0.30059999227523804
YDR110W,YPL008W,0,0.3281526,0.24276001751422882,0.9639999866485596,0.30070000886917114
YPL150W,YGR193C,0,0.32810763,0.24269889295101166,0.9639999866485596,0.30079999566078186
YJR055W,YLR132C,0,0.32756442,0.24263779819011688,0.9639999866485596,0.30090001225471497
YCL012W,YBL052C,0,0.3273743,0.2425767481327057,0.9639999866485596,0.3009999990463257
YAL009W,YOR297C,0,0.32726464,0.24251572787761688,0.9639999866485596,0.3010999858379364
YPR004C,YKL163W,0,0.32720175,0.24245472252368927,0.9639999866485596,0.3012000024318695
YKL152C,YJR031C,0,0.32537082,0.24239376187324524,0.9639999866485596,0.3012999892234802
YDR518W,YMR262W,0,0.32507485,0.2423328310251236,0.9639999866485596,0.30140000581741333
YDR518W,YNL230C,0,0.32483956,0.24227192997932434,0.9639999866485596,0.30149999260902405
YKL145W,YML007W,0,0.32429856,0.24221105873584747,0.9639999866485596,0.30160000920295715
YKL155C,YHR094C,0,0.3239209,0.242150217294693,0.9639999866485596,0.30169999599456787
YPL156C,YJL194W,0,0.3237891,0.2420894056558609,0.9639999866485596,0.301800012588501
YNR059W,YPL141C,0,0.32358932,0.2420286238193512,0.9639999866485596,0.3018999993801117
YGR094W,YMR035W,0,0.32331622,0.24196787178516388,0.9639999866485596,0.3019999861717224
YKL206C,YMR226C,0,0.3227538,0.24190714955329895,0.9639999866485596,0.3021000027656555
YLR011W,YHR012W,0,0.32267207,0.2418464571237564,0.9639999866485596,0.30219998955726624
YDR028C,YCL012W,0,0.32253277,0.24178580939769745,0.9639999866485596,0.30230000615119934
YMR176W,YLR292C,0,0.32234716,0.24172517657279968,0.9639999866485596,0.30239999294281006
YGR175C,YLR298C,0,0.32214987,0.2416645735502243,0.9639999866485596,0.30250000953674316
YAL061W,YDR381W,0,0.32196847,0.2416040152311325,0.9639999866485596,0.3025999963283539
YMR015C,YFL024C,0,0.3219023,0.2415434718132019,0.9639999866485596,0.302700012922287
YIL120W,YER166W,0,0.3216319,0.24148297309875488,0.9639999866485596,0.3027999997138977
YOL043C,YIL047C,0,0.3214603,0.24142248928546906,0.9639999866485596,0.3028999865055084
YGR121C,YCL027C-A,0,0.32115796,0.2413620501756668,0.9639999866485596,0.30300000309944153
YBR132C,YPL228W,0,0.3210628,0.24130162596702576,0.9639999866485596,0.30309998989105225
YMR319C,YNR057C,0,0.32098237,0.2412412464618683,0.9639999866485596,0.30320000648498535
YFL035C-B,YCR079W,0,0.3209445,0.241180881857872,0.9639999866485596,0.30329999327659607
YNL082W,YML001W,0,0.320287,0.24112056195735931,0.9639999866485596,0.3034000098705292
YNL274C,YGR122W,0,0.32025936,0.241060271859169,0.9639999866485596,0.3034999966621399
YER017C,YGR256W,0,0.32020763,0.2409999966621399,0.9639999866485596,0.303600013256073
YLR440C,YML039W,0,0.32010865,0.24093976616859436,0.9639999866485596,0.3037000000476837
YPR167C,YNR063W,0,0.32007128,0.24087956547737122,0.9639999866485596,0.30379998683929443
YDL202W,YCL060C,0,0.31996545,0.24081937968730927,0.9639999866485596,0.30390000343322754
YBR003W,YPL167C,0,0.3199306,0.2407592386007309,0.9639999866485596,0.30399999022483826
YNL014W,YPL162C,0,0.31991518,0.24069912731647491,0.9639999866485596,0.30410000681877136
YOR177C,YGR277C,0,0.31962314,0.24063904583454132,0.9639999866485596,0.3041999936103821
YBR096W,YLR390W,0,0.319458,0.24057899415493011,0.9639999866485596,0.3043000102043152
YDR310C,YBL067C,0,0.31935427,0.2405189573764801,0.9639999866485596,0.3043999969959259
YLR308W,YKL138C-A,0,0.31913295,0.24045896530151367,0.9639999866485596,0.304500013589859
YJR117W,YKL157W,0,0.31896263,0.24039900302886963,0.9639999866485596,0.3046000003814697
YEL056W,YPL122C,0,0.31867808,0.24033907055854797,0.9639999866485596,0.30469998717308044
YNL058C,YOR133W,0,0.31852084,0.2402791678905487,0.9639999866485596,0.30480000376701355
YGL220W,YOR285W,0,0.31846368,0.24021928012371063,0.9639999866485596,0.30489999055862427
YOR196C,YDR222W,0,0.31828955,0.24015943706035614,0.9639999866485596,0.3050000071525574
YLR268W,YLR413W,0,0.31808513,0.24009962379932404,0.9639999866485596,0.3050999939441681
YPR037C,YOR262W,0,0.31777388,0.24003984034061432,0.9639999866485596,0.3052000105381012
YML101C,YHR210C,0,0.31770116,0.239980086684227,0.9639999866485596,0.3052999973297119
YNL241C,YER101C,0,0.3176782,0.23992036283016205,0.9639999866485596,0.305400013923645
YOR020C,YGL010W,0,0.3176608,0.2398606687784195,0.9639999866485596,0.30550000071525574
YGL028C,YGR010W,0,0.31697527,0.23980098962783813,0.9639999866485596,0.30559998750686646
YOL124C,YDR371W,0,0.31672448,0.23974135518074036,0.9639999866485596,0.30570000410079956
YER154W,YDL077C,0,0.3167014,0.23968175053596497,0.9639999866485596,0.3057999908924103
YNL222W,YMR228W,1,0.316622,0.23987074196338654,0.9649999737739563,0.3057999908924103
YGR287C,YDR446W,0,0.3166042,0.23981113731861115,0.9649999737739563,0.3059000074863434
YCL048W,YCL064C,0,0.31650493,0.23975154757499695,0.9649999737739563,0.3059999942779541
YER159C,YKL081W,0,0.31639516,0.23969200253486633,0.9649999737739563,0.3061000108718872
YNL045W,YER023W,0,0.31634113,0.2396324872970581,0.9649999737739563,0.3061999976634979
YBL113C,YPL036W,0,0.31616217,0.23957298696041107,0.9649999737739563,0.30630001425743103
YKL020C,YHR194W,0,0.31590903,0.23951353132724762,0.9649999737739563,0.30640000104904175
YDR137W,YHR077C,0,0.31584582,0.23945409059524536,0.9649999737739563,0.30649998784065247
YLR345W,YAL051W,0,0.31511256,0.23939469456672668,0.9649999737739563,0.30660000443458557
YDL174C,YPL213W,0,0.31448877,0.2393353134393692,0.9649999737739563,0.3066999912261963
YOL058W,YPL176C,0,0.31444237,0.2392759770154953,0.9649999737739563,0.3068000078201294
YLR144C,YLR035C,0,0.31425774,0.2392166554927826,0.9649999737739563,0.3068999946117401
YDR338C,YDR377W,0,0.31425762,0.23915737867355347,0.9649999737739563,0.3070000112056732
YDL209C,YBR095C,0,0.31424665,0.23909811675548553,0.9649999737739563,0.30709999799728394
YPL053C,YDR451C,0,0.3140183,0.23903888463974,0.9649999737739563,0.30720001459121704
YBR060C,YPR113W,0,0.3138094,0.23897969722747803,0.9649999737739563,0.30730000138282776
YMR158W,YMR087W,0,0.31339324,0.23892052471637726,0.9649999737739563,0.3073999881744385
YPR067W,YPR011C,0,0.31319517,0.23886138200759888,0.9649999737739563,0.3075000047683716
YBR019C,YFL035C-B,0,0.31313568,0.23880228400230408,0.9649999737739563,0.3075999915599823
YPL117C,YGL025C,0,0.31297195,0.23874320089817047,0.9649999737739563,0.3077000081539154
YDR004W,YCR045C,0,0.3127724,0.23868414759635925,0.9649999737739563,0.3077999949455261
YIL083C,YER081W,0,0.31253067,0.23862512409687042,0.9649999737739563,0.30790001153945923
YMR319C,YNR073C,0,0.3120649,0.23856613039970398,0.9649999737739563,0.30799999833106995
YBR192W,YOL058W,0,0.31187552,0.23850716650485992,0.9649999737739563,0.30809998512268066
YHR079C-B,YIL006W,0,0.3117638,0.23844823241233826,0.9649999737739563,0.30820000171661377
YPL129W,YPL170W,0,0.3111375,0.23838932812213898,0.9649999737739563,0.3082999885082245
YDL213C,YML127W,1,0.31101692,0.23857742547988892,0.9660000205039978,0.3082999885082245
YNL148C,YLL036C,0,0.3108365,0.23851852118968964,0.9660000205039978,0.3084000051021576
YDR194C,YGL257C,0,0.3104092,0.23845964670181274,0.9660000205039978,0.3084999918937683
YKL186C,YCL026C-B,0,0.31029525,0.23840078711509705,0.9660000205039978,0.3086000084877014
YKR036C,YDL087C,0,0.30994108,0.23834197223186493,0.9660000205039978,0.30869999527931213
YHR118C,YHR032W,0,0.30993778,0.238283172249794,0.9660000205039978,0.30880001187324524
YPL167C,YGL234W,0,0.30981877,0.23822441697120667,0.9660000205039978,0.30889999866485596
YGL209W,YHR214C-B,0,0.3097781,0.23816567659378052,0.9660000205039978,0.3089999854564667
YER154W,YLL010C,0,0.30966416,0.23810698091983795,0.9660000205039978,0.3091000020503998
YMR015C,YDL123W,0,0.30858737,0.23804830014705658,0.9660000205039978,0.3091999888420105
YOL115W,YGL207W,0,0.30831084,0.2379896491765976,0.9660000205039978,0.3093000054359436
YPR151C,YCL001W,0,0.3080101,0.237931028008461,0.9660000205039978,0.3093999922275543
YKL097W-A,YKL163W,0,0.30767542,0.23787245154380798,0.9660000205039978,0.3095000088214874
YLR337C,YKL182W,0,0.30766475,0.23781388998031616,0.9660000205039978,0.30959999561309814
YKL043W,YDR363W,0,0.30749404,0.23775535821914673,0.9660000205039978,0.30970001220703125
YHR079C-B,YBR049C,0,0.30738184,0.23769685626029968,0.9660000205039978,0.30979999899864197
YLR333C,YOR113W,0,0.30698025,0.23763836920261383,0.9660000205039978,0.3098999857902527
YGR296W,YMR322C,0,0.30665195,0.23757992684841156,0.9660000205039978,0.3100000023841858
YML008C,YLR264W,0,0.3063941,0.23752151429653168,0.9660000205039978,0.3100999891757965
YCR087C-A,YLR305C,0,0.30633458,0.23746313154697418,0.9660000205039978,0.3102000057697296
YDR207C,YBR288C,0,0.3062157,0.23740476369857788,0.9660000205039978,0.31029999256134033
YLR155C,YIR007W,0,0.30621165,0.23734644055366516,0.9660000205039978,0.31040000915527344
YKL217W,YPL275W,0,0.305686,0.23728813230991364,0.9660000205039978,0.31049999594688416
YMR194W,YOR008C,0,0.30564803,0.2372298687696457,0.9660000205039978,0.31060001254081726
YHR174W,YAR050W,0,0.30558094,0.23717162013053894,0.9660000205039978,0.310699999332428
YDR020C,YGL083W,0,0.30556324,0.23711340129375458,0.9660000205039978,0.3107999861240387
YOR110W,YPR194C,0,0.3055277,0.2370552122592926,0.9660000205039978,0.3109000027179718
YCL019W,YIL162W,0,0.3047418,0.23699705302715302,0.9660000205039978,0.3109999895095825
YNL258C,YEL077C,0,0.30457515,0.23693892359733582,0.9660000205039978,0.3111000061035156
YOR126C,YPR071W,0,0.30407664,0.236880823969841,0.9660000205039978,0.31119999289512634
YBL113C,YBR133C,0,0.30313212,0.23682275414466858,0.9660000205039978,0.31130000948905945
YFL034C-A,YLR077W,0,0.30244482,0.23676469922065735,0.9660000205039978,0.31139999628067017
YDR026C,YBR254C,0,0.30230528,0.2367066890001297,0.9660000205039978,0.31150001287460327
YLL053C,YOR292C,0,0.3022926,0.23664870858192444,0.9660000205039978,0.311599999666214
YIL017W,YDR078C,0,0.30220613,0.23659074306488037,0.9660000205039978,0.3116999864578247
YNL318C,YLL016W,0,0.30190918,0.2365328073501587,0.9660000205039978,0.3118000030517578
YKL205W,YKL077W,0,0.30150962,0.2364749014377594,0.9660000205039978,0.31189998984336853
YER124C,YOR378W,0,0.3014817,0.2364170402288437,0.9660000205039978,0.31200000643730164
YGR036C,YML038C,0,0.30115467,0.23635919392108917,0.9660000205039978,0.31209999322891235
YHR035W,YGL200C,0,0.30101463,0.23630136251449585,0.9660000205039978,0.31220000982284546
YDR190C,YJL212C,0,0.30075654,0.2362435758113861,0.9660000205039978,0.3122999966144562
YKL080W,YLR200W,0,0.30043674,0.23618581891059875,0.9660000205039978,0.3124000132083893
YPL150W,YLR347C,0,0.30043226,0.2361280918121338,0.9660000205039978,0.3125
YML078W,YIL067C,0,0.3003449,0.23607037961483002,0.9660000205039978,0.3125999867916107
YDR090C,YPL187W,0,0.3001565,0.23601269721984863,0.9660000205039978,0.3127000033855438
YGR246C,YGR013W,0,0.30001777,0.23595505952835083,0.9660000205039978,0.31279999017715454
YFL035C-B,YER103W,0,0.29981014,0.23589743673801422,0.9660000205039978,0.31290000677108765
YER125W,YGR145W,1,0.29945576,0.236083984375,0.9670000076293945,0.31290000677108765
YOR064C,YER172C,0,0.29938787,0.2360263615846634,0.9670000076293945,0.31299999356269836
YDR020C,YML036W,0,0.29879835,0.23596876859664917,0.9670000076293945,0.31310001015663147
YLR194C,YJL184W,0,0.29869682,0.23591119050979614,0.9670000076293945,0.3131999969482422
YLL014W,YBL046W,0,0.29858544,0.2358536571264267,0.9670000076293945,0.3133000135421753
YNL068C,YLR347C,0,0.2984699,0.23579615354537964,0.9670000076293945,0.313400000333786
YDR160W,YFL045C,0,0.2984609,0.23573866486549377,0.9670000076293945,0.31349998712539673
YJR132W,YGR010W,0,0.2984254,0.2356812059879303,0.9670000076293945,0.31360000371932983
YGL104C,YJR088C,0,0.29830235,0.2356237769126892,0.9670000076293945,0.31369999051094055
YNL275W,YPL145C,0,0.2982906,0.2355663776397705,0.9670000076293945,0.31380000710487366
YDR104C,YJL200C,0,0.29807234,0.2355090081691742,0.9670000076293945,0.3138999938964844
YPL069C,YOR320C,0,0.29777268,0.23545166850090027,0.9670000076293945,0.3140000104904175
YGL240W,YJR073C,0,0.29772624,0.23539435863494873,0.9670000076293945,0.3140999972820282
YOR388C,YCL030C,0,0.29741743,0.2353370636701584,0.9670000076293945,0.3142000138759613
YBL006C,YER014W,0,0.2973815,0.23527979850769043,0.9670000076293945,0.314300000667572
YGR166W,YBR150C,0,0.2968468,0.23522257804870605,0.9670000076293945,0.31439998745918274
YOR030W,YLR043C,0,0.29672563,0.23516537249088287,0.9670000076293945,0.31450000405311584
YPR010C,YDL140C,0,0.29647207,0.23510819673538208,0.9670000076293945,0.31459999084472656
YER019C-A,YLR037C,0,0.29637715,0.23505105078220367,0.9670000076293945,0.31470000743865967
YOR304C-A,YLL018C,0,0.29634583,0.23499391973018646,0.9670000076293945,0.3147999942302704
YIL040W,YGL086W,0,0.29631057,0.23493683338165283,0.9670000076293945,0.3149000108242035
YGL125W,YJL012C-A,0,0.29627526,0.2348797619342804,0.9670000076293945,0.3149999976158142
YIL053W,YNL142W,0,0.29622445,0.23482273519039154,0.9670000076293945,0.3151000142097473
YBR028C,YLL002W,0,0.2962142,0.23476572334766388,0.9670000076293945,0.31520000100135803
YBR254C,YLL016W,0,0.2953599,0.2347087413072586,0.9670000076293945,0.31529998779296875
YPL225W,YHR059W,0,0.29525927,0.23465178906917572,0.9670000076293945,0.31540000438690186
YEL055C,YNL020C,0,0.29485363,0.23459485173225403,0.9670000076293945,0.3154999911785126
YFL062W,YKL200C,0,0.29459447,0.23453795909881592,0.9670000076293945,0.3156000077724457
YCR097WB,YDR488C,0,0.29458314,0.234481081366539,0.9670000076293945,0.3156999945640564
YPR145W,YGL237C,0,0.29438558,0.23442424833774567,0.9670000076293945,0.3158000111579895
YMR216C,YLR341W,0,0.29426426,0.23436743021011353,0.9670000076293945,0.3158999979496002
YPR004C,YAL014C,0,0.2940536,0.23431064188480377,0.9670000076293945,0.3160000145435333
YIL010W,YER021W,0,0.29397726,0.2342538833618164,0.9670000076293945,0.31610000133514404
YKL029C,YMR267W,0,0.2939764,0.23419713973999023,0.9670000076293945,0.31619998812675476
YFR009W,YOR349W,0,0.2936665,0.23414044082164764,0.9670000076293945,0.31630000472068787
YGR072W,YLR421C,0,0.29338187,0.23408375680446625,0.9670000076293945,0.3163999915122986
YER028C,YDR361C,0,0.2932923,0.23402710258960724,0.9670000076293945,0.3165000081062317
YGR208W,YHR211W,0,0.29262015,0.23397047817707062,0.9670000076293945,0.3165999948978424
YHR104W,YPL141C,0,0.29257095,0.23391388356685638,0.9670000076293945,0.3167000114917755
YOR017W,YLR297W,0,0.29221496,0.23385731875896454,0.9670000076293945,0.31679999828338623
YDR131C,YLR350W,0,0.29192033,0.2338007688522339,0.9670000076293945,0.31690001487731934
YMR145C,YKR039W,0,0.29182675,0.23374426364898682,0.9670000076293945,0.31700000166893005
YEL077C,YPL015C,0,0.2917317,0.23368777334690094,0.9670000076293945,0.31709998846054077
YML033W,YJL194W,0,0.29120454,0.23363131284713745,0.9670000076293945,0.3172000050544739
YKL152C,YKR087C,0,0.29109603,0.23357488214969635,0.9670000076293945,0.3172999918460846
YOR259C,YBR260C,0,0.2909535,0.23351846635341644,0.9670000076293945,0.3174000084400177
YOR022C,YLR132C,0,0.29025236,0.23346209526062012,0.9670000076293945,0.3174999952316284
YGL175C,YAL059W,0,0.29011336,0.23340573906898499,0.9670000076293945,0.3176000118255615
YLR039C,YCR067C,0,0.2896664,0.23334942758083344,0.9670000076293945,0.31769999861717224
YMR315W,YAL056W,0,0.2896552,0.23329313099384308,0.9670000076293945,0.31779998540878296
YBR173C,YJL130C,0,0.28943682,0.23323684930801392,0.9670000076293945,0.31790000200271606
YLR377C,YBR110W,0,0.28916487,0.23318061232566833,0.9670000076293945,0.3179999887943268
YOR261C,YMR268W-A,0,0.2882455,0.23312439024448395,0.9670000076293945,0.3181000053882599
YLR256W,YHR111W,0,0.28815547,0.23306821286678314,0.9670000076293945,0.3181999921798706
YPL193W,YJL206C,0,0.2879906,0.23301205039024353,0.9670000076293945,0.3183000087738037
YNL214W,YDR508C,0,0.28788966,0.2329559177160263,0.9670000076293945,0.31839999556541443
YLR423C,YJR026W,0,0.28762516,0.23289979994297028,0.9670000076293945,0.31850001215934753
YOR227W,YLR225C,0,0.2872948,0.23284372687339783,0.9670000076293945,0.31859999895095825
YMR161W,YGL184C,0,0.28701878,0.23278766870498657,0.9670000076293945,0.31869998574256897
YDR009W,YFR033C,0,0.2866209,0.2327316552400589,0.9670000076293945,0.3188000023365021
YDR349C,YLR071C,0,0.28646758,0.23267565667629242,0.9670000076293945,0.3188999891281128
YLR084C,YJR130C,0,0.28641483,0.23261967301368713,0.9670000076293945,0.3190000057220459
YLR002C,YLR107W,1,0.28607243,0.23280423879623413,0.9679999947547913,0.3190000057220459
YDR406W,YCR093W,0,0.2859356,0.23274825513362885,0.9679999947547913,0.3190999925136566
YOR202W,YDL122W,0,0.2857299,0.23269230127334595,0.9679999947547913,0.3192000091075897
YDL005C,YMR270C,0,0.28495854,0.23263639211654663,0.9679999947547913,0.31929999589920044
YPL108W,YGR133W,0,0.2849468,0.23258048295974731,0.9679999947547913,0.31940001249313354
YDL028C,YPL076W,0,0.2848173,0.23252461850643158,0.9679999947547913,0.31949999928474426
YPR094W,YFL014W,0,0.2841007,0.23246878385543823,0.9679999947547913,0.319599986076355
YPL050C,YBL005W-B,0,0.2838168,0.23241296410560608,0.9679999947547913,0.3197000026702881
YLL015W,YFL003C,0,0.28273553,0.2323571741580963,0.9679999947547913,0.3197999894618988
YJR095W,YDL211C,0,0.28186864,0.23230141401290894,0.9679999947547913,0.3199000060558319
YDR429C,YDL230W,0,0.2817961,0.23224568367004395,0.9679999947547913,0.3199999928474426
YLR423C,YOL016C,0,0.28169665,0.23218996822834015,0.9679999947547913,0.32010000944137573
YOR297C,YIL098C,0,0.28160048,0.23213429749011993,0.9679999947547913,0.32019999623298645
YNR004W,YJL110C,0,0.28159916,0.2320786416530609,0.9679999947547913,0.32030001282691956
YOR258W,YLR348C,0,0.2813518,0.23202301561832428,0.9679999947547913,0.3203999996185303
YBL080C,YBR045C,0,0.28088963,0.23196740448474884,0.9679999947547913,0.320499986410141
YGL180W,YBL005W-A,0,0.28075528,0.23191183805465698,0.9679999947547913,0.3206000030040741
YPL265W,YOR017W,0,0.28017992,0.23185628652572632,0.9679999947547913,0.3206999897956848
YMR032W,YFR018C,0,0.28015113,0.23180076479911804,0.9679999947547913,0.3208000063896179
YML033W,YBR046C,0,0.28011405,0.23174527287483215,0.9679999947547913,0.32089999318122864
YBL019W,YMR074C,0,0.28005457,0.23168981075286865,0.9679999947547913,0.32100000977516174
YPL115C,YPR148C,0,0.27936944,0.23163436353206635,0.9679999947547913,0.32109999656677246
YEL063C,YFR014C,0,0.279158,0.23157894611358643,0.9679999947547913,0.32120001316070557
YDR004W,YGL076C,0,0.27914703,0.2315235584974289,0.9679999947547913,0.3212999999523163
YDR188W,YKL025C,0,0.2789819,0.23146820068359375,0.9679999947547913,0.321399986743927
YIL053W,YAR033W,0,0.27893037,0.2314128577709198,0.9679999947547913,0.3215000033378601
YKL213C,YGR121C,0,0.27860692,0.23135755956172943,0.9679999947547913,0.3215999901294708
YBL042C,YDL005C,0,0.27858156,0.23130227625370026,0.9679999947547913,0.32170000672340393
YOL104C,YML058W-A,0,0.2780528,0.23124700784683228,0.9679999947547913,0.32179999351501465
YJL005W,YKL216W,0,0.27773756,0.23119178414344788,0.9679999947547913,0.32190001010894775
YML101C,YLR043C,0,0.27740905,0.23113657534122467,0.9679999947547913,0.32199999690055847
YKL097W-A,YOL033W,0,0.27731293,0.23108139634132385,0.9679999947547913,0.3221000134944916
YOR214C,YGR007W,0,0.27697504,0.23102624714374542,0.9679999947547913,0.3222000002861023
YLL003W,YDR403W,0,0.27695146,0.23097112774848938,0.9679999947547913,0.322299987077713
YBR161W,YCL027C-A,0,0.2766848,0.23091602325439453,0.9679999947547913,0.3224000036716461
YGR212W,YOR197W,0,0.2766751,0.23086096346378326,0.9679999947547913,0.32249999046325684
YPR022C,YJL118W,0,0.27650052,0.2308059185743332,0.9679999947547913,0.32260000705718994
YBR204C,YGL044C,0,0.2758139,0.2307508885860443,0.9679999947547913,0.32269999384880066
YIL121W,YIL064W,0,0.27578866,0.230695903301239,0.9679999947547913,0.32280001044273376
YDR517W,YPR175W,0,0.2757814,0.2306409329175949,0.9679999947547913,0.3228999972343445
YJR010W,YLR200W,0,0.2756826,0.2305859923362732,0.9679999947547913,0.3230000138282776
YDL045C,YIR005W,0,0.2753932,0.23053108155727386,0.9679999947547913,0.3231000006198883
YOR177C,YMR260C,0,0.27535254,0.23047618567943573,0.9679999947547913,0.323199987411499
YCL003W,YHR201C,0,0.27522385,0.23042133450508118,0.9679999947547913,0.32330000400543213
YPR181C,YLR242C,0,0.27508834,0.23036649823188782,0.9679999947547913,0.32339999079704285
YLL066C,YKL125W,0,0.27506804,0.23031167685985565,0.9679999947547913,0.32350000739097595
YER108C,YGL148W,0,0.2748746,0.23025690019130707,0.9679999947547913,0.32359999418258667
YGL001C,YPL124W,0,0.27472425,0.23020213842391968,0.9679999947547913,0.3237000107765198
YBR132C,YNL238W,0,0.27463397,0.23014740645885468,0.9679999947547913,0.3237999975681305
YBR014C,YHR121W,0,0.27462173,0.23009270429611206,0.9679999947547913,0.3239000141620636
YML096W,YGL144C,0,0.2745228,0.23003801703453064,0.9679999947547913,0.3240000009536743
YBR127C,YOR330C,0,0.27426934,0.2299833744764328,0.9679999947547913,0.32409998774528503
YKL060C,YKL182W,0,0.27420938,0.22992874681949615,0.9679999947547913,0.32420000433921814
YGL210W-A,YIL021W,0,0.27399376,0.2298741340637207,0.9679999947547913,0.32429999113082886
YBR018C,YDR182W,0,0.27387658,0.22981956601142883,0.9679999947547913,0.32440000772476196
YML082W,YBR065C,0,0.27372825,0.22976501286029816,0.9679999947547913,0.3244999945163727
YMR104C,YNR055C,0,0.27353817,0.22971048951148987,0.9679999947547913,0.3246000111103058
YGR257C,YLR259C,0,0.27334738,0.22965599596500397,0.9679999947547913,0.3246999979019165
YIL080W,YGL060W,0,0.27325636,0.22960151731967926,0.9679999947547913,0.3248000144958496
YKL053C-A,YHL050C,0,0.2731301,0.22954706847667694,0.9679999947547913,0.3249000012874603
YIR010W,YBL005W-A,0,0.272817,0.229492649435997,0.9679999947547913,0.32499998807907104
YDR148C,YKR088C,0,0.27263844,0.22943826019763947,0.9679999947547913,0.32510000467300415
YIL096C,YNR073C,0,0.2723324,0.22938388586044312,0.9679999947547913,0.32519999146461487
YCR038C,YGR252W,0,0.27149704,0.22932954132556915,0.9679999947547913,0.325300008058548
YPL156C,YDR482C,0,0.27121875,0.22927522659301758,0.9679999947547913,0.3253999948501587
YKR100C,YMR092C,0,0.27081278,0.2292209267616272,0.9679999947547913,0.3255000114440918
YCR097WB,YNL183C,0,0.27060547,0.2291666716337204,0.9679999947547913,0.3255999982357025
YCL016C,YML006C,0,0.2703063,0.2291124314069748,0.9679999947547913,0.3257000148296356
YNL058C,YMR183C,0,0.27028003,0.22905820608139038,0.9679999947547913,0.32580000162124634
YBR125C,YLL012W,0,0.2701345,0.22900402545928955,0.9679999947547913,0.32589998841285706
YPR135W,YPL187W,0,0.2700028,0.22894985973834991,0.9679999947547913,0.32600000500679016
YFL057C,YJL071W,0,0.26972345,0.22889572381973267,0.9679999947547913,0.3260999917984009
YDR020C,YNR023W,0,0.2696806,0.2288416028022766,0.9679999947547913,0.326200008392334
YHL033C,YDR477W,0,0.2696455,0.22878752648830414,0.9679999947547913,0.3262999951839447
YPL115C,YDR017C,0,0.26964027,0.22873346507549286,0.9679999947547913,0.3264000117778778
YBR254C,YPL215W,0,0.26958126,0.22867941856384277,0.9679999947547913,0.3264999985694885
YBR018C,YGL151W,0,0.2695053,0.22862541675567627,0.9679999947547913,0.32659998536109924
YCL014W,YNL216W,0,0.26947913,0.22857142984867096,0.9679999947547913,0.32670000195503235
YKL117W,YDR441C,0,0.26941064,0.22851747274398804,0.9679999947547913,0.32679998874664307
YBR282W,YDL211C,0,0.2693166,0.2284635305404663,0.9679999947547913,0.32690000534057617
YKR075C,YLR424W,0,0.26875633,0.22840963304042816,0.9679999947547913,0.3269999921321869
YDL107W,YGR268C,0,0.26865515,0.2283557504415512,0.9679999947547913,0.32710000872612
YKL005C,YIL096C,0,0.26855713,0.22830188274383545,0.9679999947547913,0.3271999955177307
YIL154C,YNR063W,0,0.26837227,0.22824805974960327,0.9679999947547913,0.3273000121116638
YGL062W,YBR238C,0,0.26834077,0.2281942516565323,0.9679999947547913,0.32739999890327454
YJR138W,YPL248C,0,0.2682547,0.2281404733657837,0.9679999947547913,0.32749998569488525
YCL062W,YDL226C,0,0.2681859,0.2280867099761963,0.9679999947547913,0.32760000228881836
YEL011W,YJR049C,0,0.2679493,0.22803297638893127,0.9679999947547913,0.3276999890804291
YGR133W,YOR307C,0,0.2678082,0.22797927260398865,0.9679999947547913,0.3278000056743622
YBR020W,YER090W,0,0.26780152,0.2279255986213684,0.9679999947547913,0.3278999924659729
YAL011W,YNL180C,0,0.26704264,0.22787193953990936,0.9679999947547913,0.328000009059906
YBR228W,YER003C,0,0.26695347,0.2278183102607727,0.9679999947547913,0.3280999958515167
YEL071W,YPL032C,0,0.2665741,0.22776471078395844,0.9679999947547913,0.32820001244544983
YDR293C,YDR222W,0,0.26628882,0.22771112620830536,0.9679999947547913,0.32829999923706055
YPL047W,YNL103W,0,0.26607174,0.22765757143497467,0.9679999947547913,0.32839998602867126
YDR432W,YHL015W,1,0.2659791,0.2278391718864441,0.968999981880188,0.32839998602867126
YMR115W,YCL060C,0,0.26589787,0.2277856171131134,0.968999981880188,0.32850000262260437
YNL197C,YEL011W,0,0.26522577,0.2277320772409439,0.968999981880188,0.3285999894142151
YDL155W,YBR145W,0,0.2652049,0.2276785671710968,0.968999981880188,0.3287000060081482
YGR271W,YGL203C,0,0.26485342,0.22762508690357208,0.968999981880188,0.3287999927997589
YER013W,YMR218C,0,0.2644879,0.22757163643836975,0.968999981880188,0.328900009393692
YJL013C,YMR170C,0,0.2641988,0.2275182008743286,0.968999981880188,0.32899999618530273
YPL036W,YMR305C,0,0.26418707,0.22746479511260986,0.968999981880188,0.32910001277923584
YHR109W,YMR175W,0,0.2641824,0.2274114042520523,0.968999981880188,0.32919999957084656
YKL020C,YCL003W,0,0.26405942,0.22735804319381714,0.968999981880188,0.3292999863624573
YMR232W,YIL137C,0,0.2639764,0.22730471193790436,0.968999981880188,0.3294000029563904
YEL004W,YKL107W,0,0.26349518,0.22725141048431396,0.968999981880188,0.3294999897480011
YLR154W-A,YKR056W,0,0.26345313,0.22719812393188477,0.968999981880188,0.3296000063419342
YNR056C,YCL005W-A,0,0.26341316,0.22714486718177795,0.968999981880188,0.3296999931335449
YDR105C,YBR125C,0,0.2631604,0.22709164023399353,0.968999981880188,0.329800009727478
YMR202W,YPL029W,0,0.26271093,0.2270384281873703,0.968999981880188,0.32989999651908875
YBL100W-A,YOR304W,0,0.26268095,0.22698524594306946,0.968999981880188,0.33000001311302185
YHR124W,YNL063W,0,0.26252717,0.2269320785999298,0.968999981880188,0.33009999990463257
YJL114W,YER185W,0,0.2614673,0.22687895596027374,0.968999981880188,0.3301999866962433
YDR145W,YML024W,0,0.26146126,0.22682584822177887,0.968999981880188,0.3303000032901764
YLR071C,YER138C,0,0.26110893,0.2267727553844452,0.968999981880188,0.3303999900817871
YAL017W,YEL077C,0,0.26106218,0.2267197072505951,0.968999981880188,0.3305000066757202
YKR093W,YHR185C,0,0.26091498,0.2266666740179062,0.968999981880188,0.33059999346733093
YIL020C,YJL216C,0,0.260603,0.22661365568637848,0.968999981880188,0.33070001006126404
YOL061W,YIL121W,0,0.2603954,0.22656066715717316,0.968999981880188,0.33079999685287476
YDR062W,YJL103C,0,0.26026213,0.22650770843029022,0.968999981880188,0.33090001344680786
YKR096W,YHR104W,0,0.26020962,0.22645477950572968,0.968999981880188,0.3310000002384186
YNL169C,YGL010W,0,0.2601512,0.22640186548233032,0.968999981880188,0.3310999870300293
YIL168W,YCL026C-B,0,0.2598083,0.22634898126125336,0.968999981880188,0.3312000036239624
YIL017W,YLL006W,0,0.2597978,0.22629612684249878,0.968999981880188,0.3312999904155731
YCR097WB,YKR085C,0,0.2593242,0.2262432873249054,0.968999981880188,0.3314000070095062
YGL237C,YGR091W,0,0.2589905,0.2261904776096344,0.968999981880188,0.33149999380111694
YML008C,YPL151C,0,0.25887257,0.2261376827955246,0.968999981880188,0.33160001039505005
YBR098W,YHR149C,0,0.2584569,0.22608493268489838,0.968999981880188,0.33169999718666077
YOR341W,YLR166C,0,0.25822067,0.22603219747543335,0.968999981880188,0.33180001378059387
YGL190C,YLR391W-A,0,0.25797632,0.22597947716712952,0.968999981880188,0.3319000005722046
YLR337C,YGL010W,0,0.25791764,0.22592678666114807,0.968999981880188,0.3319999873638153
YIL053W,YOL023W,0,0.2577288,0.225874125957489,0.968999981880188,0.3321000039577484
YPL055C,YMR153W,0,0.25771677,0.22582148015499115,0.968999981880188,0.33219999074935913
YMR134W,YER094C,0,0.25770384,0.22576887905597687,0.968999981880188,0.33230000734329224
YKL013C,YGR192C,0,0.2571596,0.22571627795696259,0.968999981880188,0.33239999413490295
YHR005C-A,YGR134W,0,0.25714204,0.22566372156143188,0.968999981880188,0.33250001072883606
YCL005W-A,YPL252C,0,0.25671524,0.22561118006706238,0.968999981880188,0.3325999975204468
YFL018W-A,YGR133W,0,0.25653797,0.22555865347385406,0.968999981880188,0.3327000141143799
YER138C,YPR151C,0,0.25644648,0.22550617158412933,0.968999981880188,0.3328000009059906
YNL299W,YOR368W,0,0.25623858,0.2254537045955658,0.968999981880188,0.3328999876976013
YGR253C,YJR019C,0,0.25596324,0.22540125250816345,0.968999981880188,0.3330000042915344
YOR313C,YLR164W,0,0.25572208,0.2253488302230835,0.968999981880188,0.33309999108314514
YPR155C,YHR045W,0,0.25540364,0.22529643774032593,0.968999981880188,0.33320000767707825
YDR372C,YLR113W,0,0.2552535,0.22524407505989075,0.968999981880188,0.33329999446868896
YML097C,YGR266W,0,0.25467286,0.22519172728061676,0.968999981880188,0.33340001106262207
YOR202W,YJL149W,0,0.25451013,0.22513940930366516,0.968999981880188,0.3334999978542328
YBL113C,YBR010W,0,0.25441393,0.22508710622787476,0.968999981880188,0.3336000144481659
YOR338W,YJL099W,0,0.2540297,0.22503483295440674,0.968999981880188,0.3337000012397766
YDR226W,YGL257C,0,0.25394964,0.2249825894832611,0.968999981880188,0.33379998803138733
YPR003C,YMR186W,0,0.25394782,0.22493036091327667,0.968999981880188,0.33390000462532043
YCR083W,YHR001W-A,0,0.2539322,0.22487816214561462,0.968999981880188,0.33399999141693115
YKL058W,YLL018C-A,0,0.2538983,0.22482599318027496,0.968999981880188,0.33410000801086426
YJR161C,YKR064W,0,0.253834,0.2247738391160965,0.968999981880188,0.334199994802475
YDL022W,YDR127W,0,0.25329024,0.22472169995307922,0.968999981880188,0.3343000113964081
YJL013C,YML110C,0,0.25265557,0.22466960549354553,0.968999981880188,0.3343999981880188
YPR107C,YJL206C,0,0.25250793,0.22461752593517303,0.968999981880188,0.3345000147819519
YLR064W,YLR328W,0,0.25247616,0.22456547617912292,0.968999981880188,0.3346000015735626
YGL181W,YLL016W,0,0.25246638,0.224513441324234,0.968999981880188,0.33469998836517334
YMR046C,YOR219C,0,0.25189534,0.22446143627166748,0.968999981880188,0.33480000495910645
YGR258C,YGR122W,0,0.25174752,0.22440944612026215,0.968999981880188,0.33489999175071716
YCR080W,YLL024C,0,0.2515985,0.2243574857711792,0.968999981880188,0.33500000834465027
YBR121C,YKL043W,0,0.2514413,0.22430555522441864,0.968999981880188,0.335099995136261
YLR150W,YKL025C,0,0.25120896,0.22425363957881927,0.968999981880188,0.3352000117301941
YLR174W,YDL246C,0,0.25107488,0.2242017537355423,0.968999981880188,0.3352999985218048
YLR154W-A,YIL062C,0,0.2506336,0.2241498976945877,0.968999981880188,0.3353999853134155
YNL328C,YGR134W,0,0.2505978,0.2240980565547943,0.968999981880188,0.33550000190734863
YNR075W,YNL065W,0,0.2504902,0.2240462452173233,0.968999981880188,0.33559998869895935
YER038C,YCL068C,0,0.2504447,0.2239944487810135,0.968999981880188,0.33570000529289246
YAR009C,YHR209W,0,0.25025707,0.22394268214702606,0.968999981880188,0.3357999920845032
YCR080W,YKL134C,0,0.25006723,0.22389094531536102,0.968999981880188,0.3359000086784363
YOR206W,YNL083W,0,0.25005406,0.22383922338485718,0.968999981880188,0.335999995470047
YOL051W,YPL050C,0,0.24975309,0.22378753125667572,0.968999981880188,0.3361000120639801
YKR100C,YDR138W,0,0.24963993,0.22373585402965546,0.968999981880188,0.3361999988555908
YGL224C,YDR414C,0,0.24962659,0.22368420660495758,0.968999981880188,0.33629998564720154
YNL254C,YMR205C,0,0.24919626,0.2236325889825821,0.968999981880188,0.33640000224113464
YER108C,YIL148W,0,0.24881281,0.2235809862613678,0.968999981880188,0.33649998903274536
YML056C,YKL062W,0,0.24842662,0.2235294133424759,0.968999981880188,0.33660000562667847
YJL187C,YER014C-A,0,0.24825294,0.22347785532474518,0.968999981880188,0.3366999924182892
YIL083C,YGR140W,0,0.24708089,0.22342632710933685,0.968999981880188,0.3368000090122223
YOL039W,YJL071W,0,0.24703276,0.22337482869625092,0.968999981880188,0.336899995803833
YGR180C,YNL131W,0,0.24649909,0.22332334518432617,0.968999981880188,0.3370000123977661
YDR352W,YML092C,0,0.2463297,0.22327189147472382,0.968999981880188,0.33709999918937683
YJR077C,YCR024C-A,0,0.24613507,0.22322045266628265,0.968999981880188,0.33719998598098755
YNL190W,YHR157W,0,0.24606287,0.22316904366016388,0.968999981880188,0.33730000257492065
YPL117C,YLR466W,0,0.24596974,0.2231176644563675,0.968999981880188,0.33739998936653137
YNR015W,YCR045C,0,0.24595739,0.2230663001537323,0.968999981880188,0.3375000059604645
YER090W,YOR254C,0,0.24595337,0.2230149656534195,0.968999981880188,0.3375999927520752
YMR226C,YER031C,0,0.24581304,0.22296364605426788,0.968999981880188,0.3377000093460083
YKL138C-A,YEL053C,0,0.24537916,0.22291235625743866,0.968999981880188,0.337799996137619
YBL036C,YER185W,0,0.24525812,0.22286108136177063,0.968999981880188,0.3379000127315521
YMR318C,YFL035C-A,0,0.24524677,0.222809836268425,0.968999981880188,0.33799999952316284
YKL200C,YLR128W,0,0.24519569,0.22275862097740173,0.968999981880188,0.33809998631477356
YLR228C,YHR077C,0,0.2451351,0.22270742058753967,0.968999981880188,0.33820000290870667
YIL040W,YMR301C,0,0.24511842,0.22265625,0.968999981880188,0.3382999897003174
YPL265W,YDR167W,0,0.24490458,0.22260509431362152,0.968999981880188,0.3384000062942505
YMR273C,YDL039C,0,0.24475656,0.22255396842956543,0.968999981880188,0.3384999930858612
YKR103W,YNL055C,0,0.24461514,0.22250287234783173,0.968999981880188,0.3386000096797943
YHR006W,YDR218C,0,0.24446225,0.22245179116725922,0.968999981880188,0.33869999647140503
YLR154W-A,YDL132W,0,0.24441156,0.2224007397890091,0.968999981880188,0.33880001306533813
YML033W,YKR028W,0,0.24398196,0.22234970331192017,0.968999981880188,0.33889999985694885
YER119C,YER160C,0,0.24397323,0.22229869663715363,0.968999981880188,0.33899998664855957
YLL018C-A,YNR063W,0,0.24325389,0.22224770486354828,0.968999981880188,0.3391000032424927
YKL087C,YNL181W,0,0.24311613,0.22219674289226532,0.968999981880188,0.3391999900341034
YCR045C,YDR079C-A,0,0.24260718,0.22214581072330475,0.968999981880188,0.3393000066280365
YBR100W,YJL210W,0,0.24241988,0.22209489345550537,0.968999981880188,0.3393999934196472
YLR067C,YDR109C,0,0.2423335,0.2220439910888672,0.968999981880188,0.3395000100135803
YKL097W-A,YOL012C,0,0.24206604,0.22199313342571259,0.968999981880188,0.33959999680519104
YFR021W,YOR362C,0,0.24072644,0.22194227576255798,0.968999981880188,0.33970001339912415
YER019W,YJR014W,0,0.24068505,0.22189146280288696,0.968999981880188,0.33980000019073486
YML076C,YKR093W,0,0.24064507,0.22184066474437714,0.968999981880188,0.3398999869823456
YDR410C,YML078W,0,0.24030274,0.2217898815870285,0.968999981880188,0.3400000035762787
YHR091C,YOR335C,0,0.23939516,0.22173912823200226,0.968999981880188,0.3400999903678894
YOR338W,YBR077C,0,0.23926607,0.2216884046792984,0.968999981880188,0.3402000069618225
YEL030W,YLR043C,0,0.23899242,0.22163769602775574,0.968999981880188,0.3402999937534332
YER018C,YHL050C,0,0.23883528,0.22158701717853546,0.968999981880188,0.34040001034736633
YCL012W,YNL156C,0,0.23856363,0.22153635323047638,0.968999981880188,0.34049999713897705
YNL053W,YMR055C,0,0.23842308,0.22148571908473969,0.968999981880188,0.34060001373291016
YJL194W,YKR067W,0,0.23833606,0.22143509984016418,0.968999981880188,0.3407000005245209
YCL074W,YPL001W,0,0.23829643,0.22138451039791107,0.968999981880188,0.3407999873161316
YJL151C,YGL038C,0,0.23827282,0.22133393585681915,0.968999981880188,0.3409000039100647
YEL029C,YKL138C-A,0,0.23816872,0.22128339111804962,0.968999981880188,0.3409999907016754
YPL175W,YLR391W-A,0,0.23800124,0.22123287618160248,0.968999981880188,0.3411000072956085
YNL126W,YMR013C,0,0.23790808,0.22118237614631653,0.968999981880188,0.34119999408721924
YGL192W,YBL100W-B,0,0.23790753,0.22113190591335297,0.968999981880188,0.34130001068115234
YCL012W,YDR264C,0,0.23781094,0.2210814505815506,0.968999981880188,0.34139999747276306
YML059C,YNL081C,0,0.23771077,0.22103102505207062,0.968999981880188,0.34150001406669617
YKL138C-A,YJL134W,0,0.23694354,0.22098061442375183,0.968999981880188,0.3416000008583069
YKL211C,YGL018C,0,0.23684895,0.22093023359775543,0.968999981880188,0.3416999876499176
YOL110W,YHR026W,0,0.2365908,0.22087986767292023,0.968999981880188,0.3418000042438507
YGR185C,YPR159W,0,0.23631947,0.2208295315504074,0.968999981880188,0.3418999910354614
YLR330W,YCL027C-A,0,0.23612523,0.22077922523021698,0.968999981880188,0.34200000762939453
YNL261W,YJL225C,0,0.23585507,0.22072893381118774,0.968999981880188,0.34209999442100525
YKL022C,YBR235W,0,0.2356174,0.2206786572933197,0.968999981880188,0.34220001101493835
YEL069C,YKL107W,0,0.23543334,0.22062841057777405,0.968999981880188,0.3422999978065491
YLL018C,YLR305C,0,0.23538023,0.22057819366455078,0.968999981880188,0.3424000144004822
YAL063C,YGR207C,0,0.23520908,0.2205279916524887,0.968999981880188,0.3425000011920929
YOR393W,YGR012W,0,0.2351934,0.22047781944274902,0.968999981880188,0.3425999879837036
YDL084W,YOL130W,0,0.23512,0.22042766213417053,0.968999981880188,0.3427000045776367
YOR128C,YHR214W,0,0.23503295,0.22037753462791443,0.968999981880188,0.34279999136924744
YHR032W,YPR159W,0,0.2346127,0.22032742202281952,0.968999981880188,0.34290000796318054
YNR067C,YOL052C-A,0,0.2343392,0.220277339220047,0.968999981880188,0.34299999475479126
YDL133C-A,YOL086W-A,0,0.23420742,0.22022727131843567,0.968999981880188,0.34310001134872437
YNR021W,YPL141C,0,0.23419668,0.22017723321914673,0.968999981880188,0.3431999981403351
YHR174W,YFR025C,0,0.23417999,0.22012721002101898,0.968999981880188,0.3433000147342682
YIL144W,YKR096W,0,0.23412363,0.22007721662521362,0.968999981880188,0.3434000015258789
YLR305C,YMR034C,0,0.23405164,0.22002725303173065,0.968999981880188,0.3434999883174896
YNL225C,YFL050C,0,0.2339626,0.21997730433940887,0.968999981880188,0.34360000491142273
YLR377C,YLR432W,0,0.23348501,0.2199273705482483,0.968999981880188,0.34369999170303345
YKR055W,YDR302W,0,0.23313323,0.2198774665594101,0.968999981880188,0.34380000829696655
YGR068C,YNR004W,0,0.23282865,0.2198275923728943,0.968999981880188,0.34389999508857727
YFL054C,YNL050C,0,0.23281866,0.21977773308753967,0.968999981880188,0.3440000116825104
YDR375C,YPL009C,0,0.23276618,0.21972788870334625,0.968999981880188,0.3440999984741211
YHR204W,YNL138W-A,0,0.2326971,0.21967807412147522,0.968999981880188,0.3441999852657318
YML045W,YGR281W,0,0.23249227,0.21962828934192657,0.968999981880188,0.3443000018596649
YKL119C,YKL138C-A,0,0.2323088,0.21957851946353912,0.968999981880188,0.34439998865127563
YIL119C,YGR204W,0,0.23228756,0.21952877938747406,0.968999981880188,0.34450000524520874
YCL016C,YGR203W,0,0.23175019,0.2194790542125702,0.968999981880188,0.34459999203681946
YPL196W,YHL018W,0,0.2316083,0.21942934393882751,0.968999981880188,0.34470000863075256
YBL005W-A,YBL052C,0,0.23051073,0.21937966346740723,0.968999981880188,0.3447999954223633
YPL167C,YNL130C,0,0.23050526,0.21933001279830933,0.968999981880188,0.3449000120162964
YOR022C,YBL097W,0,0.2303937,0.21928037703037262,0.968999981880188,0.3449999988079071
YJL028W,YLR135W,0,0.22944814,0.2192307710647583,0.968999981880188,0.3450999855995178
YKL001C,YGR254W,0,0.22923261,0.21918118000030518,0.968999981880188,0.3452000021934509
YDR206W,YKL149C,0,0.22861688,0.21913161873817444,0.968999981880188,0.34529998898506165
YFR010W,YML118W,0,0.22851473,0.2190820723772049,0.968999981880188,0.34540000557899475
YPL234C,YNL287W,0,0.22836828,0.21903255581855774,0.968999981880188,0.34549999237060547
YKR013W,YBL008W,0,0.22794451,0.21898305416107178,0.968999981880188,0.3456000089645386
YGL023C,YDL025C,0,0.22787695,0.218933567404747,0.968999981880188,0.3456999957561493
YNL175C,YNL270C,0,0.22779807,0.21888412535190582,0.968999981880188,0.3458000123500824
YHR091C,YJR096W,0,0.22764719,0.21883468329906464,0.968999981880188,0.3458999991416931
YGL027C,YJL200C,0,0.22743791,0.21878528594970703,0.968999981880188,0.34599998593330383
YPR174C,YGL226W,0,0.22739728,0.21873588860034943,0.968999981880188,0.34610000252723694
YMR182C,YNR052C,0,0.22735396,0.2186865210533142,0.968999981880188,0.34619998931884766
YPL049C,YGL033W,0,0.22717158,0.21863718330860138,0.968999981880188,0.34630000591278076
YDL015C,YDR211W,0,0.2271657,0.21858786046504974,0.968999981880188,0.3463999927043915
YLR368W,YDR348C,0,0.22702652,0.2185385674238205,0.968999981880188,0.3465000092983246
YHR183W,YDR016C,0,0.2263695,0.21848928928375244,0.968999981880188,0.3465999960899353
YNR053C,YLR390W,0,0.2257573,0.21844004094600677,0.968999981880188,0.3467000126838684
YBL089W,YIL177C,0,0.22566816,0.2183908075094223,0.968999981880188,0.3467999994754791
YGL200C,YHR045W,0,0.22556329,0.21834158897399902,0.968999981880188,0.34689998626708984
YDL217C,YGL060W,0,0.22477572,0.21829241514205933,0.968999981880188,0.34700000286102295
YIL119C,YLR239C,0,0.22438559,0.21824324131011963,0.968999981880188,0.34709998965263367
YJL034W,YNR074C,0,0.22433275,0.21819409728050232,0.968999981880188,0.3472000062465668
YDL140C,YHR059W,0,0.22402665,0.2181449830532074,0.968999981880188,0.3472999930381775
YBR098W,YGL046W,0,0.22394557,0.21809588372707367,0.968999981880188,0.3474000096321106
YHR080C,YMR244C-A,0,0.22387914,0.21804679930210114,0.968999981880188,0.3474999964237213
YAR033W,YLR136C,0,0.22366399,0.217997744679451,0.968999981880188,0.3476000130176544
YPR020W,YNL181W,0,0.22354192,0.21794871985912323,0.968999981880188,0.34769999980926514
YIL127C,YLR225C,0,0.22353557,0.21789970993995667,0.968999981880188,0.34779998660087585
YDR294C,YDR406W,0,0.22318324,0.2178507149219513,0.968999981880188,0.34790000319480896
YGR046W,YGR278W,0,0.22309421,0.2178017497062683,0.968999981880188,0.3479999899864197
YOR251C,YNR032C-A,0,0.22301558,0.21775281429290771,0.968999981880188,0.3481000065803528
YPL135W,YAR003W,0,0.22299163,0.2177038937807083,0.968999981880188,0.3481999933719635
YDL191W,YOL078W,0,0.22281758,0.2176549881696701,0.968999981880188,0.3483000099658966
YLR131C,YKR018C,0,0.22186866,0.21760611236095428,0.968999981880188,0.3483999967575073
YNL113W,YDR430C,0,0.22185099,0.21755725145339966,0.968999981880188,0.34850001335144043
YLR372W,YFL011W-A,0,0.22170717,0.21750842034816742,0.968999981880188,0.34860000014305115
YNL037C,YGR108W,0,0.22139521,0.21745960414409637,0.968999981880188,0.34869998693466187
YPL113C,YDR005C,0,0.22072355,0.21741081774234772,0.968999981880188,0.34880000352859497
YLR449W,YHL034C,0,0.22071688,0.21736204624176025,0.968999981880188,0.3488999903202057
YNL153C,YOR298W,0,0.2206457,0.21731330454349518,0.968999981880188,0.3490000069141388
YPL086C,YEL062W,0,0.220638,0.2172645777463913,0.968999981880188,0.3490999937057495
YHL007C,YBR274W,0,0.22061029,0.2172158658504486,0.968999981880188,0.3492000102996826
YDR369C,YPR026W,0,0.22048664,0.2171671837568283,0.968999981880188,0.34929999709129333
YDR407C,YMR199W,0,0.2203422,0.2171185314655304,0.968999981880188,0.34940001368522644
YOR118W,YDR492W,0,0.22012272,0.21706989407539368,0.968999981880188,0.34950000047683716
YOL155C,YGL192W,0,0.21990347,0.21702127158641815,0.968999981880188,0.3495999872684479
YOR083W,YKL138C-A,0,0.21989855,0.21697267889976501,0.968999981880188,0.349700003862381
YLR348C,YKR075C,0,0.21960624,0.21692411601543427,0.968999981880188,0.3497999906539917
YML064C,YDR499W,0,0.21928045,0.21687555313110352,0.968999981880188,0.3499000072479248
YER073W,YPL176C,0,0.21891102,0.21682703495025635,0.968999981880188,0.3499999940395355
YHR110W,YGL070C,0,0.2187646,0.21677851676940918,0.968999981880188,0.35010001063346863
YJL160C,YAR003W,0,0.21858796,0.2167300432920456,0.968999981880188,0.35019999742507935
YPL061W,YOR098C,0,0.21840292,0.216681569814682,0.968999981880188,0.35030001401901245
YJR010W,YDL191W,0,0.2179542,0.2166331261396408,0.968999981880188,0.35040000081062317
YCR027C,YFL035C-A,0,0.2179302,0.216584712266922,0.968999981880188,0.3504999876022339
YIL010W,YBR154C,0,0.21780498,0.21653631329536438,0.968999981880188,0.350600004196167
YPL137C,YFL035C-B,0,0.21745798,0.21648792922496796,0.968999981880188,0.3506999909877777
YPR113W,YOL113W,0,0.21704808,0.21643957495689392,0.968999981880188,0.3508000075817108
YMR296C,YOR304W,0,0.21696168,0.21639125049114227,0.968999981880188,0.35089999437332153
YPL230W,YOR008C,0,0.21684219,0.21634294092655182,0.968999981880188,0.35100001096725464
YLL057C,YFL035C-B,0,0.21656151,0.21629464626312256,0.968999981880188,0.35109999775886536
YOR236W,YER014C-A,0,0.21652973,0.2162463665008545,0.968999981880188,0.35120001435279846
YJR091C,YDR477W,0,0.21647848,0.21619813144207,0.968999981880188,0.3513000011444092
YDR144C,YBR102C,0,0.21642673,0.21614989638328552,0.968999981880188,0.3513999879360199
YKL020C,YNR053C,0,0.21620712,0.21610169112682343,0.968999981880188,0.351500004529953
YPL225W,YKL077W,0,0.2157709,0.21605351567268372,0.968999981880188,0.3515999913215637
YJL028W,YHR138C,0,0.2156595,0.2160053551197052,0.968999981880188,0.3517000079154968
YIL014W,YML058W-A,0,0.21547136,0.21595720946788788,0.968999981880188,0.35179999470710754
YHR146W,YDL206W,0,0.21495299,0.21590909361839294,0.968999981880188,0.35190001130104065
YJL098W,YLR050C,0,0.21431781,0.2158609926700592,0.968999981880188,0.35199999809265137
YDL046W,YOL155C,0,0.2142378,0.21581292152404785,0.968999981880188,0.3521000146865845
YLR284C,YDL160C,0,0.21404196,0.2157648652791977,0.968999981880188,0.3522000014781952
YGL079W,YLR348C,0,0.2136993,0.21571682393550873,0.968999981880188,0.3522999882698059
YCR043C,YER190W,0,0.2130137,0.21566881239414215,0.968999981880188,0.352400004863739
YLR155C,YEL034W,0,0.21291901,0.21562083065509796,0.968999981880188,0.35249999165534973
YLR408C,YDR437W,0,0.21261129,0.21557286381721497,0.968999981880188,0.35260000824928284
YOR157C,YAL040C,0,0.21257102,0.21552491188049316,0.968999981880188,0.35269999504089355
YHR033W,YNL259C,0,0.21242514,0.21547698974609375,0.968999981880188,0.35280001163482666
YNL038W,YIL082W-A,0,0.212262,0.21542908251285553,0.968999981880188,0.3528999984264374
YMR291W,YJR047C,0,0.21225584,0.2153811901807785,0.968999981880188,0.3529999852180481
YHR029C,YDL039C,0,0.21177942,0.21533332765102386,0.968999981880188,0.3531000018119812
YHR080C,YNR032W,0,0.21176146,0.2152854949235916,0.968999981880188,0.3531999886035919
YMR291W,YDL047W,0,0.2117163,0.21523767709732056,0.968999981880188,0.353300005197525
YIL117C,YPL129W,0,0.21166313,0.2151898741722107,0.968999981880188,0.35339999198913574
YBR068C,YBR104W,0,0.21145883,0.21514210104942322,0.968999981880188,0.35350000858306885
YJR021C,YOL107W,0,0.21136278,0.21509434282779694,0.968999981880188,0.35359999537467957
YJR095W,YGL207W,0,0.21124966,0.21504659950733185,0.968999981880188,0.35370001196861267
YHR122W,YLR264W,0,0.21110585,0.21499888598918915,0.968999981880188,0.3537999987602234
YLR154W-A,YIL128W,0,0.21105523,0.21495120227336884,0.968999981880188,0.3538999855518341
YLR141W,YMR323W,0,0.21098599,0.21490353345870972,0.968999981880188,0.3540000021457672
YOL141W,YLR297W,0,0.21090567,0.2148558795452118,0.968999981880188,0.35409998893737793
YJR161C,YCL044C,0,0.21059702,0.21480824053287506,0.968999981880188,0.35420000553131104
YML057W,YPL276W,0,0.21056943,0.21476063132286072,0.968999981880188,0.35429999232292175
YFL010W-A,YDL119C,0,0.21036536,0.21471305191516876,0.968999981880188,0.35440000891685486
YMR323W,YLR300W,0,0.20996386,0.214665487408638,0.968999981880188,0.3544999957084656
YER118C,YCL020W,0,0.20976593,0.21461793780326843,0.968999981880188,0.3546000123023987
YER169W,YKR067W,0,0.20945117,0.21457041800022125,0.968999981880188,0.3546999990940094
YPR018W,YPL268W,0,0.20933214,0.21452291309833527,0.968999981880188,0.3547999858856201
YJL104W,YNL327W,0,0.20900926,0.21447543799877167,0.968999981880188,0.3549000024795532
YGR077C,YDR349C,0,0.20899248,0.21442797780036926,0.968999981880188,0.35499998927116394
YOL029C,YGL083W,0,0.20897591,0.21438053250312805,0.968999981880188,0.35510000586509705
YHR005C,YHR103W,0,0.20881116,0.21433311700820923,0.968999981880188,0.35519999265670776
YDR037W,YDR079C-A,0,0.20839828,0.2142857164144516,0.968999981880188,0.35530000925064087
YKR099C-A,YDR508C,0,0.20802668,0.21423833072185516,0.968999981880188,0.3553999960422516
YER119C,YHR128W,0,0.2079539,0.21419097483158112,0.968999981880188,0.3555000126361847
YAL051W,YJR036C,0,0.2079301,0.21414364874362946,0.968999981880188,0.3555999994277954
YOR341W,YKR099C-A,0,0.20757353,0.214096337556839,0.968999981880188,0.35569998621940613
YNL023C,YGR113W,0,0.2074897,0.21404904127120972,0.968999981880188,0.35580000281333923
YGR296W,YKR093W,0,0.2074083,0.21400175988674164,0.968999981880188,0.35589998960494995
YJR027W,YLR321C,0,0.20703259,0.21395450830459595,0.968999981880188,0.35600000619888306
YIL096C,YOR194C,0,0.20700666,0.21390728652477264,0.968999981880188,0.3560999929904938
YGR105W,YPR011C,0,0.20692833,0.21386007964611053,0.968999981880188,0.3562000095844269
YPL113C,YOR334W,0,0.20688903,0.21381288766860962,0.968999981880188,0.3562999963760376
YLR019W,YGR192C,0,0.20686403,0.2137657254934311,0.968999981880188,0.3564000129699707
YKR055W,YDR040C,0,0.20662376,0.21371857821941376,0.968999981880188,0.3564999997615814
YOR109W,YFL011W-A,0,0.20608413,0.21367144584655762,0.968999981880188,0.35659998655319214
YMR050C,YLR157C-B,0,0.20577435,0.21362434327602386,0.968999981880188,0.35670000314712524
YER018C,YDR001C,0,0.20561136,0.2135772556066513,0.968999981880188,0.35679998993873596
YHR026W,YPL046C,0,0.20505294,0.21353018283843994,0.968999981880188,0.35690000653266907
YDL078C,YDR261C-D,0,0.20494702,0.21348313987255096,0.968999981880188,0.3569999933242798
YBR115C,YBL013W,0,0.20477374,0.21343612670898438,0.968999981880188,0.3571000099182129
YCL024W,YMR301C,0,0.20447895,0.21338912844657898,0.968999981880188,0.3571999967098236
YOR022C,YAL001C,0,0.20428117,0.21334214508533478,0.968999981880188,0.3573000133037567
YKR065C,YBL112C,0,0.20419924,0.21329517662525177,0.968999981880188,0.35740000009536743
YJL004C,YHL022C,0,0.20379579,0.21324823796749115,0.968999981880188,0.35749998688697815
YJL096W,YLL036C,0,0.20375082,0.21320131421089172,0.968999981880188,0.35760000348091125
YBR218C,YNL176C,0,0.20335633,0.21315442025661469,0.968999981880188,0.357699990272522
YGL060W,YIL076W,0,0.20305446,0.21310754120349884,0.968999981880188,0.3578000068664551
YPL141C,YPR094W,0,0.20284986,0.21306069195270538,0.968999981880188,0.3578999936580658
YKR020W,YBR191W,0,0.20279363,0.21301384270191193,0.968999981880188,0.3580000102519989
YDR043C,YIL082W-A,0,0.20258358,0.21296703815460205,0.968999981880188,0.3580999970436096
YOR022C,YBL005W-B,0,0.20228517,0.21292023360729218,0.968999981880188,0.3582000136375427
YIL067C,YMR308C,0,0.20183331,0.2128734588623047,0.968999981880188,0.35830000042915344
YDR285W,YLR391W-A,0,0.20170563,0.2128267139196396,0.968999981880188,0.35839998722076416
YOR260W,YJL051W,0,0.20153302,0.2127799689769745,0.968999981880188,0.35850000381469727
YDR411C,YNR071C,0,0.20148507,0.21273325383663177,0.968999981880188,0.358599990606308
YGR065C,YLR348C,0,0.20147644,0.21268656849861145,0.968999981880188,0.3587000072002411
YOR312C,YBL040C,0,0.20142923,0.21263989806175232,0.968999981880188,0.3587999939918518
YDR079W,YIL167W,0,0.20137556,0.21259324252605438,0.968999981880188,0.3589000105857849
YPR024W,YJL071W,0,0.2012851,0.21254661679267883,0.968999981880188,0.35899999737739563
YDR266C,YBL005W,0,0.20125717,0.21250000596046448,0.968999981880188,0.35910001397132874
YNR010W,YPR198W,0,0.20100936,0.21245341002941132,0.968999981880188,0.35920000076293945
YDR446W,YDL135C,0,0.20095879,0.21240684390068054,0.968999981880188,0.35929998755455017
YJR052W,YJL021C,0,0.20060515,0.21236029267311096,0.968999981880188,0.3594000041484833
YDR337W,YDL093W,0,0.20057148,0.21231375634670258,0.968999981880188,0.359499990940094
YDR470C,YCL060C,0,0.19993588,0.21226724982261658,0.968999981880188,0.3596000075340271
YLR154W-A,YGR278W,0,0.19992696,0.21222075819969177,0.968999981880188,0.3596999943256378
YGL126W,YNL037C,0,0.19986399,0.21217429637908936,0.968999981880188,0.3598000109195709
YJL177W,YIL063C,0,0.19977964,0.21212784945964813,0.968999981880188,0.35989999771118164
YOL122C,YDR109C,0,0.19948025,0.2120814174413681,0.968999981880188,0.36000001430511475
YLR242C,YFL057C,0,0.1994366,0.21203501522541046,0.968999981880188,0.36010000109672546
YNL138W-A,YJL093C,0,0.19821188,0.211988627910614,0.968999981880188,0.3601999878883362
YGL233W,YLR058C,0,0.19800666,0.21194225549697876,0.968999981880188,0.3603000044822693
YER011W,YFL008W,0,0.19793059,0.2118959128856659,0.968999981880188,0.36039999127388
YNR063W,YNL263C,0,0.19786099,0.21184958517551422,0.968999981880188,0.3605000078678131
YMR145C,YPL246C,0,0.1970783,0.21180327236652374,0.968999981880188,0.36059999465942383
YCL020W,YNL336W,0,0.19706887,0.21175698935985565,0.968999981880188,0.36070001125335693
YLR154W-C,YCR079W,0,0.19652367,0.21171072125434875,0.968999981880188,0.36079999804496765
YKL097W-A,YLR116W,0,0.1963842,0.21166448295116425,0.968999981880188,0.36090001463890076
YMR011W,YDR182W,0,0.1962758,0.21161825954914093,0.968999981880188,0.3610000014305115
YHR113W,YDL102W,0,0.19613752,0.2115720510482788,0.968999981880188,0.3610999882221222
YJL171C,YHR211W,0,0.19603226,0.21152587234973907,0.968999981880188,0.3612000048160553
YDL175C,YOR226C,0,0.19588053,0.21147970855236053,0.968999981880188,0.361299991607666
YBL113C,YJR010W,0,0.19579494,0.2114335596561432,0.968999981880188,0.3614000082015991
YKL049C,YDR538W,0,0.19563763,0.21138744056224823,0.968999981880188,0.36149999499320984
YPL018W,YJR034W,0,0.19545652,0.21134133636951447,0.968999981880188,0.36160001158714294
YOR209C,YDR191W,0,0.19534183,0.2112952470779419,0.968999981880188,0.36169999837875366
YLR308W,YGR109W-B,0,0.19501927,0.2112491875886917,0.968999981880188,0.3617999851703644
YNL068C,YMR168C,0,0.19478981,0.21120314300060272,0.968999981880188,0.3619000017642975
YIL037C,YER073W,0,0.19472101,0.21115711331367493,0.968999981880188,0.3619999885559082
YPR024W,YHR165C,0,0.1947187,0.21111111342906952,0.968999981880188,0.3621000051498413
YGR209C,YDL107W,0,0.19466141,0.2110651284456253,0.968999981880188,0.362199991941452
YHR185C,YDR508C,0,0.19465365,0.21101915836334229,0.968999981880188,0.36230000853538513
YLR039C,YJL079C,0,0.19450612,0.21097321808338165,0.968999981880188,0.36239999532699585
YKR100C,YHR190W,0,0.19443193,0.21092729270458221,0.968999981880188,0.36250001192092896
YLR315W,YKL107W,0,0.1942613,0.21088139712810516,0.968999981880188,0.3625999987125397
YDR084C,YNL231C,0,0.1940484,0.2108355164527893,0.968999981880188,0.3626999855041504
YLR148W,YDR516C,0,0.19370463,0.21078965067863464,0.968999981880188,0.3628000020980835
YPL127C,YLR329W,0,0.193595,0.21074379980564117,0.968999981880188,0.3628999888896942
YBR028C,YDR040C,0,0.19337064,0.2106979787349701,0.968999981880188,0.3630000054836273
YMR035W,YHR142W,0,0.1932483,0.2106521725654602,0.968999981880188,0.36309999227523804
YML033W,YNL160W,0,0.19306356,0.2106063961982727,0.968999981880188,0.36320000886917114
YCR003W,YDR233C,0,0.19304375,0.2105606198310852,0.968999981880188,0.36329999566078186
YPL066W,YDR146C,0,0.19302441,0.2105148881673813,0.968999981880188,0.36340001225471497
YNR010W,YNR003C,0,0.19216686,0.21046915650367737,0.968999981880188,0.3634999990463257
YFL056C,YGR031C-A,0,0.19161698,0.21042345464229584,0.968999981880188,0.3635999858379364
YLR107W,YLR293C,1,0.19110894,0.21059487760066986,0.9700000286102295,0.3635999858379364
YOR393W,YJL225C,0,0.19076467,0.21054916083812714,0.9700000286102295,0.3637000024318695
YNR075W,YMR268C,0,0.19074294,0.2105034738779068,0.9700000286102295,0.3637999892234802
YHR034C,YGR251W,1,0.19068348,0.21067476272583008,0.9710000157356262,0.3637999892234802
YDR266C,YMR136W,0,0.19051136,0.21062906086444855,0.9710000157356262,0.36390000581741333
YIL006W,YBR243C,0,0.19041164,0.2105833888053894,0.9710000157356262,0.36399999260902405
YOR176W,YGR296W,0,0.18968958,0.21053773164749146,0.9710000157356262,0.36410000920295715
YHR050W,YLR213C,0,0.18964636,0.2104920893907547,0.9710000157356262,0.36419999599456787
YLR451W,YIR035C,0,0.18954533,0.21044646203517914,0.9710000157356262,0.364300012588501
YGR005C,YLR033W,0,0.18901634,0.21040086448192596,0.9710000157356262,0.3643999993801117
YLR227W-B,YPR165W,0,0.18896851,0.21035528182983398,0.9710000157356262,0.3644999861717224
YIL127C,YGL125W,0,0.18880063,0.2103097289800644,0.9710000157356262,0.3646000027656555
YLR291C,YMR052W,0,0.1887431,0.210264191031456,0.9710000157356262,0.36469998955726624
YGR260W,YLL016W,0,0.1882762,0.2102186679840088,0.9710000157356262,0.36480000615119934
YIL105C,YOL001W,0,0.18812566,0.21017315983772278,0.9710000157356262,0.36489999294281006
YNL045W,YML033W,0,0.18781129,0.21012768149375916,0.9710000157356262,0.36500000953674316
YGR247W,YAL028W,0,0.1873132,0.21008221805095673,0.9710000157356262,0.3650999963283539
YPR011C,YPL049C,0,0.18719876,0.2100367695093155,0.9710000157356262,0.365200012922287
YDR009W,YGR083C,0,0.18705451,0.20999135076999664,0.9710000157356262,0.3652999997138977
YDL028C,YFL024C,0,0.18693091,0.209945946931839,0.9710000157356262,0.3653999865055084
YGL160W,YPR154W,0,0.18666214,0.20990055799484253,0.9710000157356262,0.36550000309944153
YGR082W,YJL060W,0,0.18637845,0.20985519886016846,0.9710000157356262,0.36559998989105225
YCL062W,YKR071C,0,0.1862075,0.20980985462665558,0.9710000157356262,0.36570000648498535
YOL098C,YFR042W,0,0.18586549,0.2097645252943039,0.9710000157356262,0.36579999327659607
YJR109C,YAL024C,0,0.18582746,0.2097192257642746,0.9710000157356262,0.3659000098705292
YFR050C,YJL187C,0,0.18576297,0.2096739411354065,0.9710000157356262,0.3659999966621399
YER007C-A,YBR216C,0,0.1856571,0.20962867140769958,0.9710000157356262,0.366100013256073
YOL042W,YLR092W,0,0.18492845,0.20958341658115387,0.9710000157356262,0.3662000000476837
YDL124W,YFR051C,0,0.18480203,0.20953819155693054,0.9710000157356262,0.36629998683929443
YPR011C,YLR181C,0,0.18456788,0.2094929814338684,0.9710000157356262,0.36640000343322754
YOR324C,YCR080W,0,0.18442935,0.20944780111312866,0.9710000157356262,0.36649999022483826
YMR267W,YNL064C,0,0.18430386,0.2094026356935501,0.9710000157356262,0.36660000681877136
YAL015C,YKL129C,0,0.18420085,0.20935748517513275,0.9710000157356262,0.3666999936103821
YDL214C,YIL076W,0,0.18385339,0.2093123495578766,0.9710000157356262,0.3668000102043152
YNR051C,YER008C,0,0.18382356,0.2092672437429428,0.9710000157356262,0.3668999969959259
YCR060W,YPL254W,0,0.18353489,0.20922215282917023,0.9710000157356262,0.367000013589859
YBR029C,YLL057C,0,0.18322882,0.20917707681655884,0.9710000157356262,0.3671000003814697
YPR030W,YHR103W,0,0.1828174,0.20913203060626984,0.9710000157356262,0.36719998717308044
YNL130C,YBR215W,0,0.18257216,0.20908699929714203,0.9710000157356262,0.36730000376701355
YFR024C,YGL224C,0,0.18233252,0.20904198288917542,0.9710000157356262,0.36739999055862427
YPL234C,YBR171W,0,0.18231118,0.20899698138237,0.9710000157356262,0.3675000071525574
YLR367W,YIL014W,0,0.1821052,0.20895200967788696,0.9710000157356262,0.3675999939441681
YBR083W,YLR013W,0,0.18183243,0.20890705287456512,0.9710000157356262,0.3677000105381012
YHR079C-B,YHR029C,0,0.18143508,0.20886212587356567,0.9710000157356262,0.3677999973297119
YBR044C,YMR009W,0,0.18137112,0.20881719887256622,0.9710000157356262,0.367900013923645
YNL259C,YGL245W,0,0.18123919,0.20877230167388916,0.9710000157356262,0.36800000071525574
YIL008W,YBL105C,0,0.18101639,0.20872743427753448,0.9710000157356262,0.36809998750686646
YDR099W,YEL004W,0,0.18086806,0.2086825668811798,0.9710000157356262,0.36820000410079956
YER125W,YDR398W,1,0.18058954,0.2088526040315628,0.972000002861023,0.36820000410079956
YAR009C,YJL192C,0,0.18048066,0.20880773663520813,0.972000002861023,0.3682999908924103
YKL120W,YCR046C,0,0.1803357,0.20876288414001465,0.972000002861023,0.3684000074863434
YMR319C,YCR080W,0,0.18026876,0.20871806144714355,0.972000002861023,0.3684999942779541
YNL009W,YNR031C,0,0.18023297,0.20867325365543365,0.972000002861023,0.3686000108718872
YDR090C,YLR013W,0,0.17969449,0.20862846076488495,0.972000002861023,0.3686999976634979
YML126C,YEL070W,0,0.17959088,0.20858369767665863,0.972000002861023,0.36880001425743103
YNL078W,YMR105C,0,0.17944312,0.2085389345884323,0.972000002861023,0.36890000104904175
YHR079C-B,YDR145W,0,0.17938305,0.20849420130252838,0.972000002861023,0.36899998784065247
YNL161W,YGL220W,0,0.17937385,0.20844949781894684,0.972000002861023,0.36910000443458557
YKR054C,YOR130C,0,0.17908615,0.2084048092365265,0.972000002861023,0.3691999912261963
YJL171C,YBL091C-A,0,0.17845462,0.20836013555526733,0.972000002861023,0.3693000078201294
YCR097W,YCR017C,0,0.17802113,0.20831547677516937,0.972000002861023,0.3693999946117401
YGR082W,YGL079W,0,0.1778889,0.2082708328962326,0.972000002861023,0.3695000112056732
YGR152C,YOL108C,0,0.17763406,0.20822621881961823,0.972000002861023,0.36959999799728394
YLR107W,YER102W,1,0.1775383,0.2083958089351654,0.9729999899864197,0.36959999799728394
YIR032C,YGL079W,0,0.17741969,0.20835117995738983,0.9729999899864197,0.36970001459121704
YPL232W,YER090W,0,0.17727911,0.20830656588077545,0.9729999899864197,0.36980000138282776
YOR191W,YBL100W-B,0,0.17712171,0.20826198160648346,0.9729999899864197,0.3698999881744385
YNL297C,YOR317W,0,0.17695975,0.20821741223335266,0.9729999899864197,0.3700000047683716
YKL127W,YML001W,0,0.1768489,0.20817287266254425,0.9729999899864197,0.3700999915599823
YJR056C,YHR152W,0,0.17669865,0.20812834799289703,0.9729999899864197,0.3702000081539154
YHR123W,YKL200C,0,0.17664717,0.208083838224411,0.9729999899864197,0.3702999949455261
YJL172W,YGR172C,0,0.1762838,0.20803934335708618,0.9729999899864197,0.37040001153945923
YKL060C,YFL025C,0,0.17626646,0.20799486339092255,0.9729999899864197,0.37049999833106995
YKL045W,YJR027W,0,0.17583571,0.2079504132270813,0.9729999899864197,0.37059998512268066
YHR079C-B,YNL079C,0,0.17561951,0.20790597796440125,0.9729999899864197,0.37070000171661377
YBL005W-B,YOR274W,0,0.17554042,0.20786157250404358,0.9729999899864197,0.3707999885082245
YMR050C,YFR028C,0,0.17528611,0.2078171670436859,0.9729999899864197,0.3709000051021576
YPR055W,YMR133W,0,0.17527485,0.20777279138565063,0.9729999899864197,0.3709999918937683
YHR094C,YBR100W,0,0.17522945,0.20772843062877655,0.9729999899864197,0.3711000084877014
YHR133C,YHR037W,0,0.17520617,0.20768409967422485,0.9729999899864197,0.37119999527931213
YER033C,YHL017W,0,0.17518443,0.20763978362083435,0.9729999899864197,0.37130001187324524
YPL223C,YBR162C,0,0.17434175,0.20759548246860504,0.9729999899864197,0.37139999866485596
YAL014C,YBR154C,0,0.17420553,0.20755119621753693,0.9729999899864197,0.3714999854564667
YFR024C,YGR178C,0,0.17419621,0.20750692486763,0.9729999899864197,0.3716000020503998
YKL120W,YPL187W,0,0.17396957,0.20746268332004547,0.9729999899864197,0.3716999888420105
YPR107C,YIL075C,0,0.17324919,0.20741845667362213,0.9729999899864197,0.3718000054359436
YLL034C,YMR318C,0,0.17298861,0.20737425982952118,0.9729999899864197,0.3718999922275543
YGR097W,YDR110W,0,0.17296454,0.20733006298542023,0.9729999899864197,0.3720000088214874
YKR096W,YGR266W,0,0.17249005,0.20728589594364166,0.9729999899864197,0.37209999561309814
YPL161C,YGL184C,0,0.17204186,0.2072417438030243,0.9729999899864197,0.37220001220703125
YER046W,YNL154C,0,0.17196819,0.2071976214647293,0.9729999899864197,0.37229999899864197
YBR136W,YCL060C,0,0.17195377,0.20715349912643433,0.9729999899864197,0.3723999857902527
YDR518W,YPL024W,0,0.17191043,0.20710940659046173,0.9729999899864197,0.3725000023841858
YDR090C,YBR195C,0,0.17134675,0.20706532895565033,0.9729999899864197,0.3725999891757965
YNL138W-A,YKL064W,0,0.17127831,0.20702128112316132,0.9729999899864197,0.3727000057697296
YDR381W,YCL060C,0,0.17118229,0.2069772332906723,0.9729999899864197,0.37279999256134033
YGR092W,YMR242C,0,0.17095953,0.20693321526050568,0.9729999899864197,0.37290000915527344
YHR033W,YLR355C,0,0.17087136,0.20688922703266144,0.9729999899864197,0.37299999594688416
YLR185W,YDR345C,0,0.17083035,0.2068452388048172,0.9729999899864197,0.37310001254081726
YOL051W,YHL025W,0,0.1705282,0.20680128037929535,0.9729999899864197,0.373199999332428
YGR161W-B,YBR003W,0,0.1703199,0.2067573368549347,0.9729999899864197,0.3732999861240387
YGR027W-A,YJL130C,0,0.17021933,0.20671340823173523,0.9729999899864197,0.3734000027179718
YGR028W,YOL060C,0,0.16997977,0.20666949450969696,0.9729999899864197,0.3734999895095825
YIL131C,YDL012C,0,0.16987255,0.20662561058998108,0.9729999899864197,0.3736000061035156
YFL035C,YMR112C,0,0.16986206,0.2065817415714264,0.9729999899864197,0.37369999289512634
YIR033W,YJR054W,0,0.16949622,0.2065378874540329,0.9729999899864197,0.37380000948905945
YJL207C,YHR150W,0,0.16922747,0.2064940631389618,0.9729999899864197,0.37389999628067017
YNL294C,YGL124C,0,0.16914567,0.20645023882389069,0.9729999899864197,0.37400001287460327
YKR098C,YJL180C,0,0.1690605,0.20640644431114197,0.9729999899864197,0.374099999666214
YOR340C,YCL060C,0,0.16899176,0.20636267960071564,0.9729999899864197,0.3741999864578247
YMR053C,YDR034C-D,0,0.16825579,0.2063189148902893,0.9729999899864197,0.3743000030517578
YIL017W,YML021C,0,0.1681725,0.20627517998218536,0.9729999899864197,0.37439998984336853
YFR055W,YGL058W,0,0.16811721,0.20623145997524261,0.9729999899864197,0.37450000643730164
YDL078C,YNL181W,0,0.16789865,0.20618775486946106,0.9729999899864197,0.37459999322891235
YBR233W-A,YCL067C,0,0.16785744,0.2061440646648407,0.9729999899864197,0.37470000982284546
YNL178W,YDR216W,0,0.16775322,0.20610040426254272,0.9729999899864197,0.3747999966144562
YDR296W,YMR234W,0,0.16765814,0.20605675876140594,0.9729999899864197,0.3749000132083893
YKL138C-A,YDR255C,0,0.16747406,0.20601312816143036,0.9729999899864197,0.375
YPR188C,YCR052W,0,0.16733132,0.20596951246261597,0.9729999899864197,0.3750999867916107
YML010W,YLL017W,0,0.16663176,0.20592592656612396,0.9729999899864197,0.3752000033855438
YFL011W-A,YPR162C,0,0.16646276,0.20588235557079315,0.9729999899864197,0.37529999017715454
YOR259C,YJL001W,0,0.16635916,0.20583879947662354,0.9729999899864197,0.37540000677108765
YIL037C,YMR153W,0,0.16635877,0.2057952582836151,0.9729999899864197,0.37549999356269836
YHR094C,YER150W,0,0.16623938,0.20575174689292908,0.9729999899864197,0.37560001015663147
YLR093C,YKL062W,0,0.16617534,0.20570825040340424,0.9729999899864197,0.3756999969482422
YPL175W,YDR153C,0,0.16614756,0.2056647688150406,0.9729999899864197,0.3758000135421753
YHR203C,YKL196C,0,0.16599044,0.20562130212783813,0.9729999899864197,0.375900000333786
YMR011W,YNL190W,0,0.16594267,0.20557785034179688,0.9729999899864197,0.37599998712539673
YCR036W,YJR028W,0,0.16562612,0.205534428358078,0.9729999899864197,0.37610000371932983
YCL048W,YKR022C,0,0.16546471,0.20549102127552032,0.9729999899864197,0.37619999051094055
YLR133W,YHL001W,0,0.16545804,0.20544762909412384,0.9729999899864197,0.37630000710487366
YML120C,YCR107W,0,0.16515064,0.20540426671504974,0.9729999899864197,0.3763999938964844
YHR108W,YGR067C,0,0.16483472,0.20536090433597565,0.9729999899864197,0.3765000104904175
YKL097W-A,YDR141C,0,0.16439939,0.20531757175922394,0.9729999899864197,0.3765999972820282
YDR307W,YLR077W,0,0.16435105,0.20527426898479462,0.9729999899864197,0.3767000138759613
YER087W,YIL122W,0,0.16422048,0.2052309662103653,0.9729999899864197,0.376800000667572
YDL103C,YLR224W,0,0.16410993,0.20518767833709717,0.9729999899864197,0.37689998745918274
YEL039C,YLR055C,0,0.16405892,0.20514442026615143,0.9729999899864197,0.37700000405311584
YGR161C-D,YBR101C,0,0.16397153,0.20510117709636688,0.9729999899864197,0.37709999084472656
YLR093C,YKR046C,0,0.16358575,0.20505794882774353,0.9729999899864197,0.37720000743865967
YFL014W,YOR330C,0,0.16309525,0.20501475036144257,0.9729999899864197,0.3772999942302704
YLR071C,YLR191W,0,0.16297579,0.2049715667963028,0.9729999899864197,0.3774000108242035
YER069W,YLR194C,0,0.16233605,0.20492839813232422,0.9729999899864197,0.3774999976158142
YAL005C,YGR178C,0,0.16223209,0.20488524436950684,0.9729999899864197,0.3776000142097473
YCL026C-B,YPL083C,0,0.16180453,0.20484210550785065,0.9729999899864197,0.37770000100135803
YJL113W,YCR069W,0,0.16176736,0.20479899644851685,0.9729999899864197,0.37779998779296875
YGR172C,YIR035C,0,0.16158396,0.20475588738918304,0.9729999899864197,0.37790000438690186
YIL117C,YKL200C,0,0.16132234,0.20471280813217163,0.9729999899864197,0.3779999911785126
YPR066W,YHR066W,0,0.16111279,0.2046697586774826,0.9729999899864197,0.3781000077724457
YPL056C,YPL193W,0,0.1609644,0.20462670922279358,0.9729999899864197,0.3781999945640564
YPL027W,YDR004W,0,0.16081734,0.20458368957042694,0.9729999899864197,0.3783000111579895
YBL076C,YCL005W-A,0,0.16080967,0.2045406699180603,0.9729999899864197,0.3783999979496002
YCL020W,YGR005C,0,0.16067716,0.20449769496917725,0.9729999899864197,0.3785000145435333
YCR043C,YNL314W,0,0.16058396,0.2044547200202942,0.9729999899864197,0.37860000133514404
YLL031C,YLR359W,0,0.16021003,0.20441175997257233,0.9729999899864197,0.37869998812675476
YLR132C,YHR128W,0,0.15998396,0.20436882972717285,0.9729999899864197,0.37880000472068787
YDR454C,YPL275W,0,0.15994349,0.20432591438293457,0.9729999899864197,0.3788999915122986
YBR218C,YHR158C,0,0.15991089,0.20428301393985748,0.9729999899864197,0.3790000081062317
YOR327C,YOL075C,0,0.15986274,0.2042401283979416,0.9729999899864197,0.3790999948978424
YGR166W,YMR197C,0,0.1597763,0.20419727265834808,0.9729999899864197,0.3792000114917755
YBR067C,YLR135W,0,0.15966949,0.20415443181991577,0.9729999899864197,0.37929999828338623
YNL095C,YHR043C,0,0.15959188,0.20411160588264465,0.9729999899864197,0.37940001487731934
YLR408C,YBL087C,0,0.15943417,0.20406879484653473,0.9729999899864197,0.37950000166893005
YIR007W,YKL062W,0,0.15935181,0.204025998711586,0.9729999899864197,0.37959998846054077
YNL284C-B,YNL127W,0,0.15926488,0.20398323237895966,0.9729999899864197,0.3797000050544739
YPR061C,YPR194C,0,0.15907411,0.2039404809474945,0.9729999899864197,0.3797999918460846
YKL107W,YPL001W,0,0.15897062,0.20389772951602936,0.9729999899864197,0.3799000084400177
YPR149W,YOR298C-A,0,0.15890118,0.2038550227880478,0.9729999899864197,0.3799999952316284
YBR127C,YPL169C,0,0.15831769,0.20381231606006622,0.9729999899864197,0.3801000118255615
YNL194C,YMR089C,0,0.15826672,0.20376963913440704,0.9729999899864197,0.38019999861717224
YHL050C,YOL091W,0,0.15821272,0.20372696220874786,0.9729999899864197,0.38029998540878296
YHL033C,YHR214C-C,0,0.15818189,0.20368431508541107,0.9729999899864197,0.38040000200271606
YKL071W,YLR025W,0,0.15800461,0.20364169776439667,0.9729999899864197,0.3804999887943268
YNR072W,YBL051C,0,0.15786484,0.20359908044338226,0.9729999899864197,0.3806000053882599
YOL068C,YNL247W,0,0.15774386,0.20355647802352905,0.9729999899864197,0.3806999921798706
YAL009W,YIL043C,0,0.15764762,0.20351390540599823,0.9729999899864197,0.3808000087738037
YDR365W-A,YKL161C,0,0.15757708,0.2034713476896286,0.9729999899864197,0.38089999556541443
YDR427W,YAL068C,0,0.15720662,0.20342880487442017,0.9729999899864197,0.38100001215934753
YOR035C,YOR142W-B,0,0.15703483,0.20338629186153412,0.9729999899864197,0.38109999895095825
YBR039W,YJL159W,0,0.15655598,0.20334377884864807,0.9729999899864197,0.38119998574256897
YLR248W,YDR210C-D,0,0.1565343,0.2033012956380844,0.9729999899864197,0.3813000023365021
YHR012W,YFL011W-A,0,0.15651695,0.20325882732868195,0.9729999899864197,0.3813999891281128
YJR057W,YJL172W,0,0.15650462,0.20321637392044067,0.9729999899864197,0.3815000057220459
YMR210W,YJR112W,0,0.15607193,0.2031739354133606,0.9729999899864197,0.3815999925136566
YPL227C,YPL060C-A,0,0.15603378,0.2031315267086029,0.9729999899864197,0.3817000091075897
YIL108W,YGR091W,0,0.1560213,0.20308911800384521,0.9729999899864197,0.38179999589920044
YJR056C,YGR161C-C,0,0.15590866,0.2030467391014099,0.9729999899864197,0.38190001249313354
YFL002W-B,YDR512C,0,0.15576266,0.2030043751001358,0.9729999899864197,0.38199999928474426
YDL159W,YMR134W,0,0.15564829,0.20296204090118408,0.9729999899864197,0.382099986076355
YFR024C,YNL062C,0,0.1554331,0.20291970670223236,0.9729999899864197,0.3822000026702881
YLR135W,YDR172W,0,0.15532537,0.20287740230560303,0.9729999899864197,0.3822999894618988
YOR142W-A,YJL144W,0,0.15524128,0.2028350979089737,0.9729999899864197,0.3824000060558319
YDR261W-A,YGL083W,0,0.1546782,0.20279282331466675,0.9729999899864197,0.3824999928474426
YDR145W,YDR273W,0,0.154579,0.2027505785226822,0.9729999899864197,0.38260000944137573
YMR164C,YCR012W,0,0.15455094,0.20270833373069763,0.9729999899864197,0.38269999623298645
YEL069C,YOL103W-A,0,0.15449049,0.20266610383987427,0.9729999899864197,0.38280001282691956
YKL160W,YJR077C,0,0.15423134,0.2026239037513733,0.9729999899864197,0.3828999996185303
YNL223W,YFL002W-B,0,0.15421934,0.2025817185640335,0.9729999899864197,0.382999986410141
YLR399C,YOL070C,0,0.15373373,0.20253954827785492,0.9729999899864197,0.3831000030040741
YDR331W,YJR088C,0,0.15355012,0.20249739289283752,0.9729999899864197,0.3831999897956848
YLR153C,YPR097W,0,0.15328269,0.20245526731014252,0.9729999899864197,0.3833000063896179
YNL052W,YLR020C,0,0.15305488,0.2024131417274475,0.9729999899864197,0.38339999318122864
YFL011W-A,YKL157W,0,0.15298317,0.2023710459470749,0.9729999899864197,0.38350000977516174
YBR235W,YDR059C,0,0.15268467,0.20232896506786346,0.9729999899864197,0.38359999656677246
YOL103W-B,YDR287W,0,0.15223809,0.20228689908981323,0.9729999899864197,0.38370001316070557
YCL019W,YGR266W,0,0.1521613,0.2022448629140854,0.9729999899864197,0.3837999999523163
YHR082C,YMR232W,0,0.1520789,0.20220282673835754,0.9729999899864197,0.383899986743927
YDR261C-D,YCR024C-A,0,0.15180014,0.2021608203649521,0.9729999899864197,0.3840000033378601
YGR174C,YBR089C-A,0,0.15140149,0.20211881399154663,0.9729999899864197,0.3840999901294708
YER149C,YBL034C,0,0.15137653,0.20207683742046356,0.9729999899864197,0.38420000672340393
YHR174W,YDR350C,0,0.15080433,0.20203489065170288,0.9729999899864197,0.38429999351501465
YLR131C,YDL160C,0,0.15054491,0.2019929438829422,0.9729999899864197,0.38440001010894775
YPL257W-B,YER038C,0,0.15025683,0.2019510120153427,0.9729999899864197,0.38449999690055847
YDR073W,YLR390W-A,0,0.15023834,0.2019091099500656,0.9729999899864197,0.3846000134944916
YAR066W,YKL080W,0,0.14996721,0.2018672227859497,0.9729999899864197,0.3847000002861023
YER175C,YMR276W,0,0.14996465,0.201825350522995,0.9729999899864197,0.384799987077713
YKL217W,YGR178C,0,0.1497522,0.20178349316120148,0.9729999899864197,0.3849000036716461
YOR191W,YGL160W,0,0.14962822,0.20174165070056915,0.9729999899864197,0.38499999046325684
YNL284C-B,YPR151C,0,0.14958946,0.20169983804225922,0.9729999899864197,0.38510000705718994
YIL117C,YNL090W,0,0.14918733,0.20165802538394928,0.9729999899864197,0.38519999384880066
YNL036W,YBR103W,0,0.14903048,0.20161624252796173,0.9729999899864197,0.38530001044273376
YIL082W-A,YBR170C,0,0.14895129,0.20157447457313538,0.9729999899864197,0.3853999972343445
YPL257W-B,YOR267C,0,0.14892207,0.20153272151947021,0.9729999899864197,0.3855000138282776
YNL122C,YIL031W,0,0.1487756,0.20149099826812744,0.9729999899864197,0.3856000006198883
YML045W,YER054C,0,0.14865151,0.20144927501678467,0.9729999899864197,0.385699987411499
YOL075C,YER098W,0,0.14855966,0.20140758156776428,0.9729999899864197,0.38580000400543213
YBL112C,YKL168C,0,0.14835672,0.2013658881187439,0.9729999899864197,0.38589999079704285
YCR058C,YBR181C,1,0.14825845,0.20153114199638367,0.9739999771118164,0.38589999079704285
YOR019W,YGL234W,0,0.14812598,0.20148944854736328,0.9739999771118164,0.38600000739097595
YDR307W,YMR293C,0,0.14780852,0.2014477699995041,0.9739999771118164,0.38609999418258667
YLR410W-A,YPL011C,0,0.1476082,0.20140612125396729,0.9739999771118164,0.3862000107765198
YJL028W,YNR006W,0,0.14750408,0.20136448740959167,0.9739999771118164,0.3862999975681305
YBR182C,YDL072C,0,0.14722757,0.20132285356521606,0.9739999771118164,0.3864000141620636
YNL107W,YNR060W,0,0.14706522,0.20128124952316284,0.9739999771118164,0.3865000009536743
YGR084C,YNL066W,0,0.14688997,0.201239675283432,0.9739999771118164,0.38659998774528503
YPR035W,YLR342W,0,0.1468591,0.20119810104370117,0.9739999771118164,0.38670000433921814
YML121W,YDR261C-D,0,0.14685301,0.20115654170513153,0.9739999771118164,0.38679999113082886
YOR343W-B,YER179W,0,0.14678858,0.20111501216888428,0.9739999771118164,0.38690000772476196
YGL001C,YOR357C,0,0.14671943,0.20107349753379822,0.9739999771118164,0.3869999945163727
YKR078W,YGR057C,0,0.14654075,0.20103199779987335,0.9739999771118164,0.3871000111103058
YER141W,YDR202C,0,0.14645666,0.20099051296710968,0.9739999771118164,0.3871999979019165
YER104W,YJL012C-A,0,0.1463639,0.2009490430355072,0.9739999771118164,0.3873000144958496
YPL047W,YMR214W,0,0.14621866,0.20090758800506592,0.9739999771118164,0.3874000012874603
YBR236C,YLR227W-A,0,0.14609595,0.20086616277694702,0.9739999771118164,0.38749998807907104
YEL020C,YMR200W,0,0.14586174,0.20082473754882812,0.9739999771118164,0.38760000467300415
YER013W,YPR158W-A,0,0.14551604,0.20078334212303162,0.9739999771118164,0.38769999146461487
YCL067C,YGR205W,0,0.14547393,0.2007419615983963,0.9739999771118164,0.387800008058548
YOL053C-A,YLR395C,0,0.14521813,0.20070059597492218,0.9739999771118164,0.3878999948501587
YER137C-A,YDR430C,0,0.14475895,0.20065924525260925,0.9739999771118164,0.3880000114440918
YLL061W,YEL037C,0,0.14471698,0.2006179243326187,0.9739999771118164,0.3880999982357025
YDL059C,YCL074W,0,0.14467232,0.20057660341262817,0.9739999771118164,0.3882000148296356
YDR098C-B,YNL183C,0,0.1445576,0.20053531229496002,0.9739999771118164,0.38830000162124634
YGR161W-B,YKL038W,0,0.14452538,0.20049403607845306,0.9739999771118164,0.38839998841285706
YLR325C,YGL150C,0,0.14446273,0.2004527747631073,0.9739999771118164,0.38850000500679016
YPL249C-A,YLL066C,0,0.14444861,0.20041152834892273,0.9739999771118164,0.3885999917984009
YPL060C-A,YFR028C,0,0.14418712,0.20037029683589935,0.9739999771118164,0.388700008392334
YHL034C,YBR054W,0,0.14412116,0.20032908022403717,0.9739999771118164,0.3887999951839447
YBR177C,YMR268W-A,0,0.14403,0.20028789341449738,0.9739999771118164,0.3889000117778778
YOL103W-A,YHR193C,0,0.14374416,0.20024670660495758,0.9739999771118164,0.3889999985694885
YOR241W,YOR328W,0,0.1437338,0.20020554959774017,0.9739999771118164,0.38909998536109924
YOR253W,YKR087C,0,0.14368136,0.20016440749168396,0.9739999771118164,0.38920000195503235
YIL159W,YJL144W,0,0.14362854,0.20012328028678894,0.9739999771118164,0.38929998874664307
YLR081W,YDR020C,0,0.14341919,0.20008216798305511,0.9739999771118164,0.38940000534057617
YNR075W,YER172C,0,0.14335349,0.20004107058048248,0.9739999771118164,0.3894999921321869
YDR210W-A,YJL054W,0,0.1432448,0.20000000298023224,0.9739999771118164,0.38960000872612
YER004W,YDR098C-B,0,0.14268905,0.199958935379982,0.9739999771118164,0.3896999955177307
YOR177C,YGR109W-A,0,0.1426327,0.19991789758205414,0.9739999771118164,0.3898000121116638
YIL168W,YGL001C,0,0.14257568,0.19987687468528748,0.9739999771118164,0.38989999890327454
YOR192C,YIL137C,0,0.14246804,0.199835866689682,0.9739999771118164,0.38999998569488525
YOL049W,YPR158W-B,0,0.14243937,0.19979487359523773,0.9739999771118164,0.39010000228881836
YBR295W,YPR137C-A,0,0.14238301,0.19975389540195465,0.9739999771118164,0.3901999890804291
YPL257W-B,YDR138W,0,0.14231858,0.19971293210983276,0.9739999771118164,0.3903000056743622
YER183C,YGR109W-A,0,0.14220582,0.19967199862003326,0.9739999771118164,0.3903999924659729
YJL113W,YAL063C,0,0.14214033,0.19963106513023376,0.9739999771118164,0.390500009059906
YPR164W,YKL096W-A,0,0.14213258,0.19959016144275665,0.9739999771118164,0.3905999958515167
YML076C,YPL060C-A,0,0.14197224,0.19954927265644073,0.9739999771118164,0.39070001244544983
YOR343W-B,YNL087W,0,0.14193198,0.199508398771286,0.9739999771118164,0.39079999923706055
YPR158C-C,YBR145W,0,0.14182727,0.19946753978729248,0.9739999771118164,0.39089998602867126
YKL209C,YEL024W,0,0.14179887,0.19942669570446014,0.9739999771118164,0.39100000262260437
YPL055C,YDR210W-A,0,0.14171451,0.1993858814239502,0.9739999771118164,0.3910999894142151
YOL077W-A,YFR018C,0,0.14155343,0.19934506714344025,0.9739999771118164,0.3912000060081482
YGR161C-D,YCR020W-B,0,0.1415051,0.19930428266525269,0.9739999771118164,0.3912999927997589
YDR292C,YBL005W-B,0,0.14148359,0.19926349818706512,0.9739999771118164,0.391400009393692
YPL161C,YGL210W-A,0,0.14145042,0.19922274351119995,0.9739999771118164,0.39149999618530273
YKL185W,YPL060C-A,0,0.14125544,0.19918200373649597,0.9739999771118164,0.39160001277923584
YLR130C,YGL226W,0,0.14123641,0.19914127886295319,0.9739999771118164,0.39169999957084656
YOL034W,YKR053C,0,0.14113213,0.1991005688905716,0.9739999771118164,0.3917999863624573
YER137C-A,YCL014W,0,0.14100575,0.1990598887205124,0.9739999771118164,0.3919000029563904
YKL101W,YHL012W,0,0.14100341,0.19901920855045319,0.9739999771118164,0.3919999897480011
YNL236W,YGR031C-A,0,0.14100303,0.19897854328155518,0.9739999771118164,0.3921000063419342
YCL024W,YDR261W-A,0,0.14098158,0.19893790781497955,0.9739999771118164,0.3921999931335449
YPR181C,YLL032C,0,0.14095521,0.19889728724956512,0.9739999771118164,0.392300009727478
YMR164C,YOL151W,0,0.1409347,0.1988566815853119,0.9739999771118164,0.39239999651908875
YOL122C,YJL137C,0,0.14087418,0.19881609082221985,0.9739999771118164,0.39250001311302185
YJL095W,YPR158W-A,0,0.14085272,0.198775514960289,0.9739999771118164,0.39259999990463257
YCL036W,YBR054W,0,0.14064439,0.19873495399951935,0.9739999771118164,0.3926999866962433
YIL114C,YIL143C,0,0.14060017,0.1986944079399109,0.9739999771118164,0.3928000032901764
YOR128C,YHR005C-A,0,0.14050843,0.19865389168262482,0.9739999771118164,0.3928999900817871
YGL195W,YNR055C,0,0.14026386,0.19861337542533875,0.9739999771118164,0.3930000066757202
YGR161C-D,YIL050W,0,0.14014398,0.19857288897037506,0.9739999771118164,0.39309999346733093
YJR064W,YER046W,0,0.1400907,0.19853240251541138,0.9739999771118164,0.39320001006126404
YDL134C,YCR087C-A,0,0.13996246,0.19849194586277008,0.9739999771118164,0.39329999685287476
YPL212C,YPR158W-B,0,0.13920164,0.19845150411128998,0.9739999771118164,0.39340001344680786
YNL111C,YIR035C,0,0.13905682,0.19841107726097107,0.9739999771118164,0.3935000002384186
YDR469W,YGR038C-B,0,0.13901639,0.19837066531181335,0.9739999771118164,0.3935999870300293
YNL153C,YML033W,0,0.13893175,0.19833028316497803,0.9739999771118164,0.3937000036239624
YDR144C,YLR227W-A,0,0.13891974,0.1982899010181427,0.9739999771118164,0.3937999904155731
YOR245C,YGR109W-A,0,0.13884726,0.19824954867362976,0.9739999771118164,0.3939000070095062
YPL009C,YJR159W,0,0.13882259,0.19820919632911682,0.9739999771118164,0.39399999380111694
YMR025W,YGR202C,0,0.13869525,0.19816887378692627,0.9739999771118164,0.39410001039505005
YGR161C-C,YBR088C,0,0.13867812,0.1981285661458969,0.9739999771118164,0.39419999718666077
YOR142W-A,YHR029C,0,0.13844456,0.19808825850486755,0.9739999771118164,0.39430001378059387
YKR080W,YDR062W,0,0.13837968,0.19804798066616058,0.9739999771118164,0.3944000005722046
YHR214C-C,YBR110W,0,0.13821904,0.1980077177286148,0.9739999771118164,0.3944999873638153
YPL069C,YGL026C,0,0.13810942,0.19796748459339142,0.9739999771118164,0.3946000039577484
YLR413W,YOR321W,0,0.13796988,0.19792725145816803,0.9739999771118164,0.39469999074935913
YDR416W,YHL050C,0,0.13788751,0.19788703322410583,0.9739999771118164,0.39480000734329224
YOR375C,YGR161C-C,0,0.13784051,0.19784684479236603,0.9739999771118164,0.39489999413490295
YPR137C-A,YKR056W,0,0.13774385,0.19780665636062622,0.9739999771118164,0.39500001072883606
YML039W,YHR158C,0,0.13772656,0.1977664977312088,0.9739999771118164,0.3950999975204468
YLR157C-B,YDR285W,0,0.13747805,0.19772635400295258,0.9739999771118164,0.3952000141143799
YFR045W,YCL067C,0,0.13731286,0.19768622517585754,0.9739999771118164,0.3953000009059906
YDR210C-C,YFL031W,0,0.13726062,0.1976461112499237,0.9739999771118164,0.3953999876976013
YGR165W,YLR274W,0,0.13723597,0.19760601222515106,0.9739999771118164,0.3955000042915344
YDR210C-D,YNR013C,0,0.13707533,0.1975659281015396,0.9739999771118164,0.39559999108314514
YNR028W,YHR080C,0,0.13703653,0.19752585887908936,0.9739999771118164,0.39570000767707825
YGR161W-B,YPR002W,0,0.13694651,0.1974858045578003,0.9739999771118164,0.39579999446868896
YDR098C-B,YPL283C,0,0.13690624,0.19744578003883362,0.9739999771118164,0.39590001106262207
YPL276W,YLR055C,0,0.13689518,0.19740575551986694,0.9739999771118164,0.3959999978542328
YGL086W,YGL210W-A,0,0.13669972,0.19736576080322266,0.9739999771118164,0.3961000144481659
YLR066W,YOL103W-A,0,0.1366364,0.19732576608657837,0.9739999771118164,0.3962000012397766
YBR090C-A,YDR097C,0,0.13649605,0.19728580117225647,0.9739999771118164,0.39629998803138733
YNL076W,YDR098C-A,0,0.13637465,0.19724585115909576,0.9739999771118164,0.39640000462532043
YLR337C,YDR098C-B,0,0.136278,0.19720591604709625,0.9739999771118164,0.39649999141693115
YHR066W,YGL158W,0,0.13609841,0.19716599583625793,0.9739999771118164,0.39660000801086426
YLR004C,YAL056W,0,0.1360664,0.1971260905265808,0.9739999771118164,0.396699994802475
YNL297C,YBL100W-B,0,0.13606027,0.19708620011806488,0.9739999771118164,0.3968000113964081
YDR365W-A,YCR086W,0,0.13604276,0.19704632461071014,0.9739999771118164,0.3968999981880188
YGR161C-C,YDR059C,0,0.13571598,0.1970064789056778,0.9739999771118164,0.3970000147819519
YDR210C-C,YKR028W,0,0.13548808,0.19696663320064545,0.9739999771118164,0.3971000015735626
YOL084W,YMR295C,0,0.13548633,0.1969268023967743,0.9739999771118164,0.39719998836517334
YER125W,YJL010C,1,0.13541727,0.19708915054798126,0.9750000238418579,0.39719998836517334
YKL016C,YDR098C-A,0,0.1352344,0.1970493197441101,0.9750000238418579,0.39730000495910645
YJR113C,YDR259C,0,0.13521484,0.19700950384140015,0.9750000238418579,0.39739999175071716
YIR007W,YOR142W-B,0,0.1349979,0.19696970283985138,0.9750000238418579,0.39750000834465027
YJR144W,YGR161C-C,0,0.13497642,0.1969299167394638,0.9750000238418579,0.397599995136261
YJR017C,YJL021C,0,0.134888,0.19689014554023743,0.9750000238418579,0.3977000117301941
YGR038C-A,YGL184C,0,0.13484742,0.19685038924217224,0.9750000238418579,0.3977999985218048
YER108C,YLR256W,0,0.13478974,0.19681066274642944,0.9750000238418579,0.3978999853134155
YDR210C-C,YBR238C,0,0.13475712,0.19677093625068665,0.9750000238418579,0.39800000190734863
YOR343W-B,YJL181W,0,0.13471842,0.19673123955726624,0.9750000238418579,0.39809998869895935
YDL245C,YER087W,0,0.13468301,0.19669154286384583,0.9750000238418579,0.39820000529289246
YER185W,YDR365W-B,0,0.13466683,0.1966518759727478,0.9750000238418579,0.3982999920845032
YBR096W,YER071C,0,0.13459939,0.19661222398281097,0.9750000238418579,0.3984000086784363
YBR229C,YNL062C,0,0.13457885,0.19657258689403534,0.9750000238418579,0.398499995470047
YOL124C,YOL078W,0,0.1345457,0.1965329498052597,0.9750000238418579,0.3986000120639801
YDL154W,YOL103W-A,0,0.13452923,0.19649334251880646,0.9750000238418579,0.3986999988555908
YMR266W,YPR158W-B,0,0.13439165,0.1964537650346756,0.9750000238418579,0.39879998564720154
YDR438W,YGR227W,0,0.13430294,0.19641418755054474,0.9750000238418579,0.39890000224113464
YNL145W,YNL080C,0,0.13411379,0.19637462496757507,0.9750000238418579,0.39899998903274536
YHR079C-B,YDR490C,0,0.13408925,0.1963350772857666,0.9750000238418579,0.39910000562667847
YOR357C,YDR109C,0,0.13395159,0.19629554450511932,0.9750000238418579,0.3991999924182892
YPL265W,YDR365W-B,0,0.13392727,0.19625604152679443,0.9750000238418579,0.3993000090122223
YLL027W,YGR083C,0,0.13386908,0.19621653854846954,0.9750000238418579,0.399399995803833
YGR167W,YOR283W,0,0.13385496,0.19617706537246704,0.9750000238418579,0.3995000123977661
YDR437W,YDR454C,0,0.13370728,0.19613759219646454,0.9750000238418579,0.39959999918937683
YOR034C,YJL168C,0,0.13350031,0.19609814882278442,0.9750000238418579,0.39969998598098755
YPL265W,YCL060C,0,0.13336009,0.1960587203502655,0.9750000238418579,0.39980000257492065
YLR154W-A,YOL130W,0,0.13319622,0.19601930677890778,0.9750000238418579,0.39989998936653137
YDR210C-C,YJR131W,0,0.13308021,0.19597989320755005,0.9750000238418579,0.4000000059604645
YOL075C,YBR149W,0,0.1329802,0.1959405094385147,0.9750000238418579,0.4000999927520752
YGL033W,YCR002C,0,0.13288595,0.19590114057064056,0.9750000238418579,0.4002000093460083
YER032W,YGR031C-A,0,0.13287956,0.1958617866039276,0.9750000238418579,0.400299996137619
YGL004C,YLR410W-A,0,0.13279213,0.19582244753837585,0.9750000238418579,0.4004000127315521
YOR142W-A,YBR279W,0,0.13275342,0.19578313827514648,0.9750000238418579,0.40049999952316284
YDL145C,YOL029C,0,0.13274112,0.19574382901191711,0.9750000238418579,0.40059998631477356
YPR137C-A,YMR005W,0,0.13274051,0.19570453464984894,0.9750000238418579,0.40070000290870667
YDR210C-C,YGL156W,0,0.13238363,0.19566525518894196,0.9750000238418579,0.4007999897003174
YOR060C,YDR229W,0,0.1323724,0.19562600553035736,0.9750000238418579,0.4009000062942505
YGL219C,YML081W,0,0.13234103,0.19558675587177277,0.9750000238418579,0.4009999930858612
YDR316W-B,YLR005W,0,0.13225034,0.19554753601551056,0.9750000238418579,0.4011000096797943
YGR109W-A,YHR138C,0,0.1322439,0.19550831615924835,0.9750000238418579,0.40119999647140503
YJR138W,YDR098C-A,0,0.13218799,0.19546912610530853,0.9750000238418579,0.40130001306533813
YNL317W,YDR365W-B,0,0.13205254,0.1954299509525299,0.9750000238418579,0.40139999985694885
YMR053C,YLR256W-A,0,0.13202247,0.19539077579975128,0.9750000238418579,0.40149998664855957
YPR137C-A,YMR215W,0,0.13193002,0.19535163044929504,0.9750000238418579,0.4016000032424927
YFL034C-A,YJL214W,0,0.13190216,0.1953125,0.9750000238418579,0.4016999900341034
YPL151C,YML069W,0,0.13178365,0.19527338445186615,0.9750000238418579,0.4018000066280365
YML080W,YLR132C,0,0.13175549,0.1952342838048935,0.9750000238418579,0.4018999934196472
YNL054W-A,YLR333C,0,0.13164836,0.19519519805908203,0.9750000238418579,0.4020000100135803
YKL167C,YPR158W-A,0,0.13129793,0.19515612721443176,0.9750000238418579,0.40209999680519104
YCL033C,YPR158W-B,0,0.13117324,0.1951170712709427,0.9750000238418579,0.40220001339912415
YKL097W-A,YPR035W,0,0.13112932,0.1950780302286148,0.9750000238418579,0.40230000019073486
YNL054W-A,YPL181W,0,0.13112381,0.19503900408744812,0.9750000238418579,0.4023999869823456
YHR056C,YKL201C,0,0.13090207,0.19499999284744263,0.9750000238418579,0.4025000035762787
YMR009W,YOL055C,0,0.13082772,0.19496101140975952,0.9750000238418579,0.4025999903678894
YLL018C,YJR054W,0,0.13068703,0.19492202997207642,0.9750000238418579,0.4027000069618225
YFL002W-B,YMR186W,0,0.13057773,0.1948830634355545,0.9750000238418579,0.4027999937534332
YDR261C-C,YER100W,0,0.13026813,0.19484412670135498,0.9750000238418579,0.40290001034736633
YLR107W,YDL148C,1,0.13021356,0.19500499963760376,0.9760000109672546,0.40290001034736633
YLR011W,YDR098C-B,0,0.13018213,0.19496604800224304,0.9760000109672546,0.40299999713897705
YPL063W,YGR199W,0,0.13017586,0.19492709636688232,0.9760000109672546,0.40310001373291016
YDR210C-C,YPR017C,0,0.13006714,0.194888174533844,0.9760000109672546,0.4032000005245209
YLR268W,YLR410W-A,0,0.12999728,0.19484926760196686,0.9760000109672546,0.4032999873161316
YOR202W,YPR185W,0,0.12967843,0.19481037557125092,0.9760000109672546,0.4034000039100647
YGR161C-C,YFR028C,0,0.1296608,0.19477149844169617,0.9760000109672546,0.4034999907016754
YGR057C,YDR498C,0,0.12964565,0.1947326362133026,0.9760000109672546,0.4036000072956085
YCL026C-B,YER005W,0,0.12963225,0.19469378888607025,0.9760000109672546,0.40369999408721924
YJR064W,YLR256W-A,0,0.12949526,0.19465497136116028,0.9760000109672546,0.40380001068115234
YER178W,YML019W,0,0.1293351,0.1946161538362503,0.9760000109672546,0.40389999747276306
YMR015C,YHR134W,0,0.12922496,0.19457735121250153,0.9760000109672546,0.40400001406669617
YLR391W,YDL117W,0,0.12921372,0.19453856348991394,0.9760000109672546,0.4041000008583069
YAL017W,YDR210C-D,0,0.12916525,0.19449980556964874,0.9760000109672546,0.4041999876499176
YPL257W-B,YGL212W,0,0.12910289,0.19446104764938354,0.9760000109672546,0.4043000042438507
YDR289C,YDR365W-B,0,0.12908515,0.19442230463027954,0.9760000109672546,0.4043999910354614
YGL071W,YML033W,0,0.12907074,0.19438359141349792,0.9760000109672546,0.40450000762939453
YDR092W,YOR159C,0,0.12905902,0.1943448781967163,0.9760000109672546,0.40459999442100525
YCR026C,YLR225C,0,0.12905821,0.19430619478225708,0.9760000109672546,0.40470001101493835
YDR316W-B,YGR157W,0,0.12878633,0.19426751136779785,0.9760000109672546,0.4047999978065491
YOL103W-A,YPL240C,0,0.12872936,0.194228857755661,0.9760000109672546,0.4049000144004822
YMR220W,YPR158W-B,0,0.12869495,0.19419020414352417,0.9760000109672546,0.4050000011920929
YLR225C,YDL220C,0,0.12868458,0.19415158033370972,0.9760000109672546,0.4050999879837036
YJR064W,YOR025W,0,0.12863217,0.19411297142505646,0.9760000109672546,0.4052000045776367
YJL081C,YDR195W,0,0.12860943,0.1940743625164032,0.9760000109672546,0.40529999136924744
YFR024C-A,YDR316W-B,0,0.12858586,0.19403578341007233,0.9760000109672546,0.40540000796318054
YGR161C-D,YJL162C,0,0.12853882,0.19399721920490265,0.9760000109672546,0.40549999475479126
YLR064W,YGL116W,0,0.12853321,0.19395866990089417,0.9760000109672546,0.40560001134872437
YHL035C,YOL012C,0,0.12848745,0.19392012059688568,0.9760000109672546,0.4056999981403351
YLR154W-C,YHR128W,0,0.12841657,0.19388160109519958,0.9760000109672546,0.4058000147342682
YLR153C,YDR472W,0,0.1282961,0.19384309649467468,0.9760000109672546,0.4059000015258789
YPR137C-A,YLR213C,0,0.12813881,0.19380460679531097,0.9760000109672546,0.4059999883174896
YGR258C,YNR063W,0,0.12808695,0.19376613199710846,0.9760000109672546,0.40610000491142273
YJR056C,YKR034W,0,0.12803271,0.19372767210006714,0.9760000109672546,0.40619999170303345
YOR313C,YBR200W-A,0,0.12800214,0.193689227104187,0.9760000109672546,0.40630000829696655
YGR065C,YDR524C-B,0,0.12800214,0.19365079700946808,0.9760000109672546,0.40639999508857727
YML131W,YCL027C-A,0,0.12800214,0.19361238181591034,0.9760000109672546,0.4065000116825104
YGR161W-A,YER015W,0,0.12800214,0.1935739815235138,0.9760000109672546,0.4065999984741211
YBL101W-B,YOR303W,0,0.12800214,0.19353559613227844,0.9760000109672546,0.4066999852657318
YNL024C-A,YML118W,0,0.12800214,0.19349722564220428,0.9760000109672546,0.4068000018596649
YNL024C-A,YPL045W,0,0.12800214,0.19345887005329132,0.9760000109672546,0.40689998865127563
YHL026C,YJL012C-A,0,0.12800214,0.19342052936553955,0.9760000109672546,0.40700000524520874
YNL284C-A,YHR096C,0,0.12800214,0.19338220357894897,0.9760000109672546,0.40709999203681946
YBL101W-B,YOR328W,0,0.12800214,0.1933438926935196,0.9760000109672546,0.40720000863075256
YAR009C,YDR210W-C,0,0.12800214,0.1933056116104126,0.9760000109672546,0.4072999954223633
YLR080W,YML045W-A,0,0.12800214,0.1932673305273056,0.9760000109672546,0.4074000120162964
YBR229C,YBL029C-A,0,0.12800214,0.1932290643453598,0.9760000109672546,0.4074999988079071
YDR381C-A,YLR190W,0,0.12800214,0.1931908130645752,0.9760000109672546,0.4075999855995178
YDR076W,YLR157C-A,0,0.12800214,0.19315257668495178,0.9760000109672546,0.4077000021934509
YDR014W-A,YJL058C,0,0.12800214,0.19311437010765076,0.9760000109672546,0.40779998898506165
YHL009W-A,YJR140C,0,0.12800214,0.19307616353034973,0.9760000109672546,0.40790000557899475
YMR160W,YCL027C-A,0,0.12800214,0.1930379718542099,0.9760000109672546,0.40799999237060547
YDR210W-C,YIL143C,0,0.12800214,0.19299979507923126,0.9760000109672546,0.4081000089645386
YBL029C-A,YGL055W,0,0.12800214,0.192961648106575,0.9760000109672546,0.4081999957561493
YNL284C-A,YLR083C,0,0.12800214,0.19292350113391876,0.9760000109672546,0.4083000123500824
YLR210W,YDR524C-B,0,0.12800214,0.1928853690624237,0.9760000109672546,0.4083999991416931
YOR343C-A,YJL066C,0,0.12800214,0.19284726679325104,0.9760000109672546,0.40849998593330383
YOR343W-B,YGL210W-A,0,0.12800214,0.19280916452407837,0.9760000109672546,0.40860000252723694
YHR214C-C,YCL026C-B,0,0.12800214,0.1927710771560669,0.9760000109672546,0.40869998931884766
YHL009W-A,YGL016W,0,0.12800214,0.1927330195903778,0.9760000109672546,0.40880000591278076
YDR381C-A,YDR142C,0,0.12800214,0.19269496202468872,0.9760000109672546,0.4088999927043915
YDR210W-C,YNL123W,0,0.12800214,0.19265693426132202,0.9760000109672546,0.4090000092983246
YMR315W,YCL027C-A,0,0.12800214,0.19261890649795532,0.9760000109672546,0.4090999960899353
YBR111W-A,YMR090W,0,0.12800214,0.19258089363574982,0.9760000109672546,0.4092000126838684
YDR210W-D,YBL087C,0,0.12800214,0.1925429105758667,0.9760000109672546,0.4092999994754791
YOR343C-B,YLR368W,0,0.12800214,0.19250492751598358,0.9760000109672546,0.40939998626708984
YER053C-A,YPL094C,0,0.12800214,0.19246697425842285,0.9760000109672546,0.40950000286102295
YNL284C-A,YOR071C,0,0.12800214,0.19242902100086212,0.9760000109672546,0.40959998965263367
YER137C-A,YLR320W,0,0.12800214,0.19239108264446259,0.9760000109672546,0.4097000062465668
YOR022C,YJL021C,0,0.12800214,0.19235317409038544,0.9760000109672546,0.4097999930381775
YBL008W-A,YLR026C,0,0.12800214,0.1923152655363083,0.9760000109672546,0.4099000096321106
YOR343C-B,YDR019C,0,0.12800214,0.19227738678455353,0.9760000109672546,0.4099999964237213
YDR210W-D,YBR084C-A,0,0.12800214,0.19223950803279877,0.9760000109672546,0.4101000130176544
YBL029C-A,YBR169C,0,0.12800214,0.1922016590833664,0.9760000109672546,0.41019999980926514
YDL247W,YNL284C-A,0,0.12800214,0.19216381013393402,0.9760000109672546,0.41029998660087585
YLR157C-A,YMR251W-A,0,0.12800214,0.19212599098682404,0.9760000109672546,0.41040000319480896
YBL101W-B,YGR281W,0,0.12800214,0.19208817183971405,0.9760000109672546,0.4104999899864197
YBR111W-A,YPL056C,0,0.12800214,0.19205036759376526,0.9760000109672546,0.4106000065803528
YCL003W,YLR345W,0,0.12800214,0.19201259315013885,0.9760000109672546,0.4106999933719635
YKL222C,YNL284C-A,0,0.12800214,0.19197481870651245,0.9760000109672546,0.4108000099658966
YDR210W-C,YBR293W,0,0.12800214,0.19193707406520844,0.9760000109672546,0.4108999967575073
YOR065W,YBR200W-A,0,0.12800214,0.19189932942390442,0.9760000109672546,0.41100001335144043
YBL008W-A,YJR091C,0,0.12800214,0.1918616145849228,0.9760000109672546,0.41110000014305115
YNL138W-A,YJL028W,0,0.12800214,0.19182389974594116,0.9760000109672546,0.41119998693466187
YLR227W-B,YCR080W,0,0.12800214,0.19178619980812073,0.9760000109672546,0.41130000352859497
YLR157C-A,YLR345W,0,0.12800214,0.19174852967262268,0.9760000109672546,0.4113999903202057
YNL056W,YBR200W-A,0,0.12800214,0.19171085953712463,0.9760000109672546,0.4115000069141388
YNL010W,YFL011W-A,0,0.12800214,0.19167321920394897,0.9760000109672546,0.4115999937057495
YDR014W-A,YLR285W,0,0.12800214,0.19163557887077332,0.9760000109672546,0.4117000102996826
YML039W,YCL060C,0,0.12800214,0.19159795343875885,0.9760000109672546,0.41179999709129333
YNL202W,YDR524C-B,0,0.12800214,0.19156035780906677,0.9760000109672546,0.41190001368522644
YOR343C-B,YPR204W,0,0.12800214,0.1915227621793747,0.9760000109672546,0.41200000047683716
YBL101W-B,YMR200W,0,0.12800214,0.1914851814508438,0.9760000109672546,0.4120999872684479
YEL011W,YDR210W-D,0,0.12800214,0.19144763052463531,0.9760000109672546,0.412200003862381
YDR348C,YGR038C-B,0,0.12800214,0.19141007959842682,0.9760000109672546,0.4122999906539917
YDR014W-A,YGR211W,0,0.12800214,0.19137254357337952,0.9760000109672546,0.4124000072479248
YCR066W,YNL024C-A,0,0.12800214,0.1913350373506546,0.9760000109672546,0.4124999940395355
YDR210W-C,YMR225C,0,0.12800214,0.1912975311279297,0.9760000109672546,0.41260001063346863
YHR096C,YML045W-A,0,0.12800214,0.19126003980636597,0.9760000109672546,0.41269999742507935
YNL284C-A,YOL026C,0,0.12800214,0.19122256338596344,0.9760000109672546,0.41280001401901245
YGL032C,YDR524C-B,0,0.12800214,0.1911851167678833,0.9760000109672546,0.41290000081062317
YPL027W,YDR524C-B,0,0.12800214,0.19114767014980316,0.9760000109672546,0.4129999876022339
YJL133C-A,YGL127C,0,0.12800214,0.19111023843288422,0.9760000109672546,0.413100004196167
YDR210W-D,YDR365W-B,0,0.12800214,0.19107282161712646,0.9760000109672546,0.4131999909877777
YEL063C,YPR158W-A,0,0.12800214,0.1910354346036911,0.9760000109672546,0.4133000075817108
YDR014W-A,YNL027W,0,0.12800214,0.19099804759025574,0.9760000109672546,0.41339999437332153
YDR014W-A,YCL014W,0,0.12800214,0.19096067547798157,0.9760000109672546,0.41350001096725464
YOR343C-B,YKR027W,0,0.12800214,0.1909233182668686,0.9760000109672546,0.41359999775886536
YDR210W-D,YNR006W,0,0.12800214,0.1908859759569168,0.9760000109672546,0.41370001435279846
YDR352W,YFL002W-B,0,0.12800214,0.19084864854812622,0.9760000109672546,0.4138000011444092
YBL101W-B,YCR016W,0,0.12800214,0.19081133604049683,0.9760000109672546,0.4138999879360199
YDR210C-C,YDR346C,0,0.12800214,0.19077403843402863,0.9760000109672546,0.414000004529953
YOL103W-B,YNL024C-A,0,0.12800214,0.19073675572872162,0.9760000109672546,0.4140999913215637
YBL029C-A,YGL172W,0,0.12800214,0.1906994879245758,0.9760000109672546,0.4142000079154968
YBL008W-A,YBL016W,0,0.12800214,0.1906622350215912,0.9760000109672546,0.41429999470710754
YMR153W,YBR200W-A,0,0.12800214,0.19062499701976776,0.9760000109672546,0.41440001130104065
YCR043C,YCL005W-A,0,0.12800214,0.19058777391910553,0.9760000109672546,0.41449999809265137
YLR227W-A,YNR071C,0,0.12800214,0.1905505657196045,0.9760000109672546,0.4146000146865845
YLR157C-A,YEL005C,0,0.12800214,0.19051337242126465,0.9760000109672546,0.4147000014781952
YHL009W-A,YBR077C,0,0.12800214,0.190476194024086,0.9760000109672546,0.4147999882698059
YKL221W,YGR038C-B,0,0.12800214,0.19043903052806854,0.9760000109672546,0.414900004863739
YKL035W,YBL029C-A,0,0.12800214,0.1904018670320511,0.9760000109672546,0.41499999165534973
YLR305C,YBR200W-A,0,0.12800214,0.19036473333835602,0.9760000109672546,0.41510000824928284
YDR098C-A,YCR080W,0,0.12800214,0.19032761454582214,0.9760000109672546,0.41519999504089355
YDR381C-A,YPR107C,0,0.12800214,0.19029051065444946,0.9760000109672546,0.41530001163482666
YBL008W-A,YDR058C,0,0.12800214,0.19025340676307678,0.9760000109672546,0.4153999984264374
YNL138W-A,YLR413W,0,0.12800214,0.1902163326740265,0.9760000109672546,0.4154999852180481
YHL009W-A,YGL121C,0,0.12800214,0.1901792734861374,0.9760000109672546,0.4156000018119812
YLR154W-C,YPL168W,0,0.12800214,0.1901422142982483,0.9760000109672546,0.4156999886035919
YML033W,YKL063C,0,0.12800214,0.19010518491268158,0.9760000109672546,0.415800005197525
YBL101W-B,YFL038C,0,0.12800214,0.19006815552711487,0.9760000109672546,0.41589999198913574
YOR343C-A,YLR328W,0,0.12800214,0.19003115594387054,0.9760000109672546,0.41600000858306885
YBL029C-A,YOR113W,0,0.12800214,0.18999415636062622,0.9760000109672546,0.41609999537467957
YCL003W,YNL092W,0,0.12800214,0.18995718657970428,0.9760000109672546,0.41620001196861267
YOR343C-B,YHR061C,0,0.12800214,0.18992021679878235,0.9760000109672546,0.4162999987602234
YPR024W,YDR210W-D,0,0.12800214,0.1898832619190216,0.9760000109672546,0.4163999855518341
YDR210W-C,YML092C,0,0.12800214,0.18984633684158325,0.9760000109672546,0.4165000021457672
YER053C-A,YPL040C,0,0.12800214,0.1898094117641449,0.9760000109672546,0.41659998893737793
YOR343C-B,YBR065C,0,0.12800214,0.18977250158786774,0.9760000109672546,0.41670000553131104
YML082W,YBR075W,0,0.12800214,0.18973562121391296,0.9760000109672546,0.41679999232292175
YGR161C-C,YMR240C,0,0.12800214,0.1896987408399582,0.9760000109672546,0.41690000891685486
YOR343C-B,YJL012C,0,0.12800214,0.1896618753671646,0.9760000109672546,0.4169999957084656
YNL024C-A,YDR293C,0,0.12800214,0.18962502479553223,0.9760000109672546,0.4171000123023987
YDR381C-A,YLR006C,0,0.12800214,0.18958818912506104,0.9760000109672546,0.4171999990940094
YGR283C,YGL210W-A,0,0.12800214,0.18955136835575104,0.9760000109672546,0.4172999858856201
YDR338C,YCR097WB,0,0.12800214,0.18951456248760223,0.9760000109672546,0.4174000024795532
YPR003C,YCL062W,0,0.12800214,0.18947777152061462,0.9760000109672546,0.41749998927116394
YDR014W-A,YBR065C,0,0.12800214,0.1894409954547882,0.9760000109672546,0.41760000586509705
YOR343C-B,YDR489W,0,0.12800214,0.18940423429012299,0.9760000109672546,0.41769999265670776
YBR075W,YER190W,0,0.12800214,0.18936748802661896,0.9760000109672546,0.41780000925064087
YNL024C-A,YDR226W,0,0.12800214,0.18933074176311493,0.9760000109672546,0.4178999960422516
YOR064C,YBR200W-A,0,0.12800214,0.1892940253019333,0.9760000109672546,0.4180000126361847
YBL008W-A,YPL058C,0,0.12800214,0.18925732374191284,0.9760000109672546,0.4180999994277954
YDR261C,YLR157C-A,0,0.12800214,0.1892206221818924,0.9760000109672546,0.41819998621940613
YOR101W,YLR157C-A,0,0.12800214,0.18918395042419434,0.9760000109672546,0.41830000281333923
YLR157C-A,YPL066W,0,0.12800214,0.18914729356765747,0.9760000109672546,0.41839998960494995
YBL029C-A,YNL045W,0,0.12800214,0.1891106367111206,0.9760000109672546,0.41850000619888306
YOR343C-B,YMR240C,0,0.12800214,0.18907400965690613,0.9760000109672546,0.4185999929904938
YIL065C,YBR200W-A,0,0.12800214,0.18903738260269165,0.9760000109672546,0.4187000095844269
YNL125C,YBL029C-A,0,0.12800214,0.18900077044963837,0.9760000109672546,0.4187999963760376
YER171W,YDR210W-C,0,0.12800214,0.18896418809890747,0.9760000109672546,0.4189000129699707
YFR024C,YDR210W,0,0.12800214,0.18892760574817657,0.9760000109672546,0.4189999997615814
YNL284C-A,YFL034C-B,0,0.12800214,0.18889103829860687,0.9760000109672546,0.41909998655319214
YNL284C-B,YJR026W,0,0.12797998,0.18885448575019836,0.9760000109672546,0.41920000314712524
YDR034C-D,YGR221C,0,0.12787391,0.18881794810295105,0.9760000109672546,0.41929998993873596
YDR365W-A,YLR085C,0,0.12760523,0.18878142535686493,0.9760000109672546,0.41940000653266907
YGL139W,YDR461W,0,0.12746237,0.18874491751194,0.9760000109672546,0.4194999933242798
YDR179C,YHR029C,0,0.12724729,0.18870842456817627,0.9760000109672546,0.4196000099182129
YPL152W,YLR256W-A,0,0.12712337,0.18867194652557373,0.9760000109672546,0.4196999967098236
YKR086W,YDR034C-D,0,0.12678927,0.18863548338413239,0.9760000109672546,0.4198000133037567
YOL017W,YPL255W,0,0.12662753,0.18859903514385223,0.9760000109672546,0.41990000009536743
YPL055C,YNR004W,0,0.12647155,0.18856260180473328,0.9760000109672546,0.41999998688697815
YIL043C,YGR038C-A,0,0.12619348,0.18852616846561432,0.9760000109672546,0.42010000348091125
YER026C,YLL067C,0,0.12605713,0.18848976492881775,0.9760000109672546,0.420199990272522
YOR341W,YLR227W-A,0,0.12584159,0.18845337629318237,0.9760000109672546,0.4203000068664551
YGR087C,YOR028C,0,0.1257303,0.188416987657547,0.9760000109672546,0.4203999936580658
YMR232W,YLL032C,0,0.12572818,0.188380628824234,0.9760000109672546,0.4205000102519989
YGR038C-A,YGL022W,0,0.12564722,0.18834426999092102,0.9760000109672546,0.4205999970436096
YDR210W-A,YDR020C,0,0.125524,0.18830792605876923,0.9760000109672546,0.4207000136375427
YIL006W,YFR018C,0,0.12548412,0.18827161192893982,0.9760000109672546,0.42080000042915344
YBR302C,YDR365W-B,0,0.12532328,0.1882352977991104,0.9760000109672546,0.42089998722076416
YPR080W,YLR216C,0,0.12527382,0.1881989985704422,0.9760000109672546,0.42100000381469727
YOR142W-A,YPL119C,0,0.12522164,0.18816271424293518,0.9760000109672546,0.421099990606308
YPR158C-C,YLR263W,0,0.12502602,0.18812644481658936,0.9760000109672546,0.4212000072002411
YJL011C,YOR357C,0,0.12493953,0.18809019029140472,0.9760000109672546,0.4212999939918518
YEL027W,YDR261W-A,0,0.124863416,0.1880539506673813,0.9760000109672546,0.4214000105857849
YPL257W-B,YOL128C,0,0.12484561,0.18801772594451904,0.9760000109672546,0.42149999737739563
YGL126W,YNR026C,0,0.12479155,0.187981516122818,0.9760000109672546,0.42160001397132874
YGR161C-C,YPR162C,0,0.12471861,0.18794530630111694,0.9760000109672546,0.42170000076293945
YOR237W,YJR035W,0,0.12458706,0.18790912628173828,0.9760000109672546,0.42179998755455017
YCR052W,YIL010W,0,0.12453821,0.1878729611635208,0.9760000109672546,0.4219000041484833
YPL016W,YDR365W-B,0,0.12444927,0.18783679604530334,0.9760000109672546,0.421999990940094
YOR147W,YGR109W-A,0,0.12439084,0.18780066072940826,0.9760000109672546,0.4221000075340271
YDR159W,YDR261W-A,0,0.12414947,0.18776452541351318,0.9760000109672546,0.4221999943256378
YOL104C,YHR008C,0,0.124048546,0.1877284049987793,0.9760000109672546,0.4223000109195709
YNL054W-A,YPL145C,0,0.124014825,0.1876923143863678,0.9760000109672546,0.42239999771118164
YNL161W,YOR126C,0,0.124004826,0.1876562237739563,0.9760000109672546,0.42250001430511475
YER137C-A,YNL258C,0,0.12372263,0.187620148062706,0.9760000109672546,0.42260000109672546
YNL220W,YDR210W-A,0,0.123676896,0.18758408725261688,0.9760000109672546,0.4226999878883362
YOR360C,YGL107C,0,0.12367499,0.18754804134368896,0.9760000109672546,0.4228000044822693
YBR295W,YDR098C-A,0,0.123636246,0.18751201033592224,0.9760000109672546,0.42289999127388
YLR157C-B,YNL138W,0,0.12341519,0.1874759942293167,0.9760000109672546,0.4230000078678131
YML033W,YNL030W,0,0.12331523,0.18743997812271118,0.9760000109672546,0.42309999465942383
YLR150W,YBR162C,0,0.12281957,0.18740399181842804,0.9760000109672546,0.42320001125335693
YGL085W,YOR180C,0,0.1226193,0.1873680204153061,0.9760000109672546,0.42329999804496765
YPR043W,YKL091C,0,0.12238145,0.18733204901218414,0.9760000109672546,0.42340001463890076
YPL065W,YBR215W,0,0.12227517,0.18729610741138458,0.9760000109672546,0.4235000014305115
YFR040W,YBR162C,0,0.12225494,0.18726016581058502,0.9760000109672546,0.4235999882221222
YJR147W,YCR045C,0,0.1221205,0.18722425401210785,0.9760000109672546,0.4237000048160553
YFR024C,YGR024C,0,0.122072935,0.18718834221363068,0.9760000109672546,0.423799991607666
YDL155W,YAL038W,0,0.12205385,0.1871524453163147,0.9760000109672546,0.4239000082015991
YJR093C,YNL054W-A,0,0.12202796,0.1871165633201599,0.9760000109672546,0.42399999499320984
YLR410W-B,YDR476C,0,0.121677354,0.18708069622516632,0.9760000109672546,0.42410001158714294
YER141W,YPR159W,0,0.12149528,0.18704484403133392,0.9760000109672546,0.42419999837875366
YDR119W,YNL083W,0,0.12138718,0.18700900673866272,0.9760000109672546,0.4242999851703644
YGR027W-A,YJR006W,0,0.12137246,0.1869731843471527,0.9760000109672546,0.4244000017642975
YGR179C,YJR112W,0,0.12136941,0.1869373619556427,0.9760000109672546,0.4244999885559082
YBL008W,YCL026C-B,0,0.12118618,0.18690156936645508,0.9760000109672546,0.4246000051498413
YOR118W,YDR261W-A,0,0.12104216,0.18686579167842865,0.9760000109672546,0.424699991941452
YFR031C-A,YFL008W,0,0.12089984,0.18683001399040222,0.9760000109672546,0.42480000853538513
YPR025C,YOR285W,0,0.120744675,0.186794251203537,0.9760000109672546,0.42489999532699585
YOR162C,YGL189C,0,0.120691895,0.18675851821899414,0.9760000109672546,0.42500001192092896
YGR222W,YOR010C,0,0.1206433,0.1867227852344513,0.9760000109672546,0.4250999987125397
YOL103W-B,YBR196C,0,0.12062551,0.18668706715106964,0.9760000109672546,0.4251999855041504
YDL039C,YKL200C,0,0.120605886,0.18665136396884918,0.9760000109672546,0.4253000020980835
YOR118W,YHL035C,0,0.1205889,0.18661567568778992,0.9760000109672546,0.4253999888896942
YGR161C-D,YBL056W,0,0.120508626,0.18658000230789185,0.9760000109672546,0.4255000054836273
YML071C,YJL171C,0,0.12008098,0.18654434382915497,0.9760000109672546,0.42559999227523804
YLR391W-A,YML001W,0,0.119980365,0.18650870025157928,0.9760000109672546,0.42570000886917114
YOR020C,YMR175W,0,0.119766176,0.1864730566740036,0.9760000109672546,0.42579999566078186
YKR018C,YPR158W-A,0,0.119680345,0.1864374428987503,0.9760000109672546,0.42590001225471497
YPR137C-A,YOR378W,0,0.119527906,0.186401829123497,0.9760000109672546,0.4259999990463257
YGR109W-A,YMR260C,0,0.119400874,0.1863662451505661,0.9760000109672546,0.4260999858379364
YNL125C,YLR190W,0,0.11926101,0.1863306611776352,0.9760000109672546,0.4262000024318695
YJR130C,YPL060C-A,0,0.11920889,0.18629509210586548,0.9760000109672546,0.4262999892234802
YOR088W,YHR018C,0,0.11907178,0.18625953793525696,0.9760000109672546,0.42640000581741333
YDL049C,YDR034C,0,0.1190155,0.18622399866580963,0.9760000109672546,0.42649999260902405
YNL142W,YDL217C,0,0.11901024,0.1861884742975235,0.9760000109672546,0.42660000920295715
YMR153W,YER014C-A,0,0.1188741,0.18615296483039856,0.9760000109672546,0.42669999599456787
YDR261W-A,YGL160W,0,0.118859306,0.18611747026443481,0.9760000109672546,0.426800012588501
YLR404W,YNL247W,0,0.1188415,0.18608197569847107,0.9760000109672546,0.4268999993801117
YOL165C,YGR161C-C,0,0.11878067,0.1860465109348297,0.9760000109672546,0.4269999861717224
YDR405W,YGR161C-C,0,0.11877629,0.18601106107234955,0.9760000109672546,0.4271000027656555
YMR067C,YMR110C,0,0.11868492,0.18597561120986938,0.9760000109672546,0.42719998955726624
YBR234C,YOR142W-B,0,0.11864519,0.18594017624855042,0.9760000109672546,0.42730000615119934
YJL029C,YPL060C-A,0,0.1186015,0.18590475618839264,0.9760000109672546,0.42739999294281006
YER015W,YNL152W,0,0.118588954,0.18586935102939606,0.9760000109672546,0.42750000953674316
YIR018W,YGR031C-A,0,0.11805421,0.18583396077156067,0.9760000109672546,0.4275999963283539
YDR210W-A,YGR091W,0,0.1180509,0.18579858541488647,0.9760000109672546,0.427700012922287
YAL009W,YER138C,0,0.117827505,0.18576322495937347,0.9760000109672546,0.4277999997138977
YHR113W,YMR121C,0,0.11777891,0.18572787940502167,0.9760000109672546,0.4278999865055084
YPL158C,YPL064C,0,0.1177485,0.18569254875183105,0.9760000109672546,0.42800000309944153
YGR097W,YNL079C,0,0.11765987,0.18565721809864044,0.9760000109672546,0.42809998989105225
YEL031W,YPR158W-B,0,0.117653266,0.18562190234661102,0.9760000109672546,0.42820000648498535
YPR158C-C,YLR227W-B,0,0.11748719,0.185586616396904,0.9760000109672546,0.42829999327659607
YJL087C,YNL284C-B,0,0.11732115,0.18555133044719696,0.9760000109672546,0.4284000098705292
YMR154C,YJR151C,0,0.11728135,0.18551605939865112,0.9760000109672546,0.4284999966621399
YLL012W,YGR089W,0,0.117272705,0.18548080325126648,0.9760000109672546,0.428600013256073
YOR339C,YLR256W,0,0.11723998,0.18544556200504303,0.9760000109672546,0.4287000000476837
YGR199W,YBR131W,0,0.11720672,0.18541033565998077,0.9760000109672546,0.42879998683929443
YCL019W,YGL183C,0,0.117149055,0.1853751242160797,0.9760000109672546,0.42890000343322754
YLR157C-B,YGR239C,0,0.116919115,0.18533991277217865,0.9760000109672546,0.42899999022483826
YHR079C-B,YPR164W,0,0.116892055,0.18530473113059998,0.9760000109672546,0.42910000681877136
YJL177W,YDR196C,0,0.11649969,0.1852695494890213,0.9760000109672546,0.4291999936103821
YHR080C,YHR114W,0,0.11630234,0.18523438274860382,0.9760000109672546,0.4293000102043152
YKL209C,YCR102C,0,0.11620706,0.18519924581050873,0.9760000109672546,0.4293999969959259
YJL137C,YLR378C,0,0.1161468,0.18516410887241364,0.9760000109672546,0.429500013589859
YJR019C,YDR078C,0,0.11580059,0.18512898683547974,0.9760000109672546,0.4296000003814697
YFR030W,YNL054W-A,0,0.11579774,0.18509387969970703,0.9760000109672546,0.42969998717308044
YJR054W,YBL051C,0,0.11557871,0.18505877256393433,0.9760000109672546,0.42980000376701355
YLR208W,YDR383C,0,0.115475476,0.185023695230484,0.9760000109672546,0.42989999055862427
YKL208W,YNR024W,1,0.11537263,0.18517816066741943,0.9769999980926514,0.42989999055862427
YDR389W,YMR218C,0,0.11486897,0.18514306843280792,0.9769999980926514,0.4300000071525574
YIR019C,YOR054C,0,0.11485636,0.1851079910993576,0.9769999980926514,0.4300999939441681
YIL106W,YOL091W,0,0.11474052,0.18507292866706848,0.9769999980926514,0.4302000105381012
YGL043W,YDR098C-A,0,0.1147134,0.18503788113594055,0.9769999980926514,0.4302999973297119
YBR029C,YLR256W-A,0,0.1147134,0.18500283360481262,0.9769999980926514,0.430400013923645
YJL018W,YPR162C,0,0.11453989,0.18496781587600708,0.9769999980926514,0.43050000071525574
YOR178C,YPR002W,0,0.11446002,0.18493279814720154,0.9769999980926514,0.43059998750686646
YBR210W,YPL173W,0,0.11444652,0.18489781022071838,0.9769999980926514,0.43070000410079956
YOR106W,YOL086C,0,0.11439744,0.18486282229423523,0.9769999980926514,0.4307999908924103
YDR210C-D,YIL139C,0,0.11437544,0.18482784926891327,0.9769999980926514,0.4309000074863434
YGR161C-D,YBR096W,0,0.114361376,0.1847928911447525,0.9769999980926514,0.4309999942779541
YHR214C-C,YER060W-A,0,0.11431207,0.18475794792175293,0.9769999980926514,0.4311000108718872
YOR216C,YPL060C-A,0,0.11424869,0.18472300469875336,0.9769999980926514,0.4311999976634979
YKR080W,YKL221W,0,0.114135996,0.18468809127807617,0.9769999980926514,0.43130001425743103
YGL079W,YMR029C,0,0.11408299,0.184653177857399,0.9769999980926514,0.43140000104904175
YJR017C,YNR067C,0,0.11398503,0.1846182942390442,0.9769999980926514,0.43149998784065247
YGR206W,YCR024C-A,0,0.113784,0.1845834106206894,0.9769999980926514,0.43160000443458557
YLR425W,YDR098C-B,0,0.11369951,0.1845485419034958,0.9769999980926514,0.4316999912261963
YDR210W-A,YIL035C,0,0.113664314,0.18451368808746338,0.9769999980926514,0.4318000078201294
YOR079C,YGR067C,0,0.11359826,0.18447884917259216,0.9769999980926514,0.4318999946117401
YER049W,YDR210W-A,0,0.11358686,0.18444402515888214,0.9769999980926514,0.4320000112056732
YDR235W,YGR038C-B,0,0.113333374,0.1844092160463333,0.9769999980926514,0.43209999799728394
YBR229C,YHR007C,0,0.11318296,0.18437440693378448,0.9769999980926514,0.43220001459121704
YDR057W,YLR391W-A,0,0.11316931,0.18433962762355804,0.9769999980926514,0.43230000138282776
YHR214C-C,YPL179W,0,0.11305171,0.1843048483133316,0.9769999980926514,0.4323999881744385
YDR338C,YOR071C,0,0.112981915,0.18427008390426636,0.9769999980926514,0.4325000047683716
YDR506C,YEL042W,0,0.11290316,0.1842353343963623,0.9769999980926514,0.4325999915599823
YJL098W,YPL060C-A,0,0.11286868,0.18420059978961945,0.9769999980926514,0.4327000081539154
YPR004C,YNR035C,0,0.11277473,0.18416588008403778,0.9769999980926514,0.4327999949455261
YNL026W,YER137C-A,0,0.11277011,0.1841311752796173,0.9769999980926514,0.43290001153945923
YOR210W,YGR038C-B,0,0.112734884,0.18409647047519684,0.9769999980926514,0.43299999833106995
YKR086W,YBL091C,0,0.11258234,0.18406179547309875,0.9769999980926514,0.43309998512268066
YOL051W,YDL206W,0,0.11241874,0.18402712047100067,0.9769999980926514,0.43320000171661377
YLL019C,YNL054W-A,0,0.11232649,0.18399246037006378,0.9769999980926514,0.4332999885082245
YGL190C,YPL009C,0,0.11228818,0.18395783007144928,0.9769999980926514,0.4334000051021576
YDR007W,YPR137C-A,0,0.111692816,0.18392319977283478,0.9769999980926514,0.4334999918937683
YLR055C,YGR038C-B,0,0.11153793,0.18388856947422028,0.9769999980926514,0.4336000084877014
YAR009C,YNL008C,0,0.11142433,0.18385396897792816,0.9769999980926514,0.43369999527931213
YNL284C-B,YGR239C,0,0.11139709,0.18381938338279724,0.9769999980926514,0.43380001187324524
YDR308C,YLR256W-A,0,0.111038,0.18378479778766632,0.9769999980926514,0.43389999866485596
YFL045C,YKL200C,0,0.110928446,0.1837502419948578,0.9769999980926514,0.4339999854564667
YIL015W,YLR410W-B,0,0.11089718,0.18371568620204926,0.9769999980926514,0.4341000020503998
YKL016C,YBR006W,0,0.11080447,0.18368114531040192,0.9769999980926514,0.4341999888420105
YJL216C,YER071C,0,0.11078879,0.18364661931991577,0.9769999980926514,0.4343000054359436
YML062C,YDR499W,0,0.11068955,0.18361210823059082,0.9769999980926514,0.4343999922275543
YHR066W,YOR266W,0,0.1106379,0.18357759714126587,0.9769999980926514,0.4345000088214874
YER155C,YMR118C,0,0.11053178,0.1835431158542633,0.9769999980926514,0.43459999561309814
YOR087W,YOL137W,0,0.11013511,0.18350863456726074,0.9769999980926514,0.43470001220703125
YER137C-A,YBR104W,0,0.11001,0.18347418308258057,0.9769999980926514,0.43479999899864197
YOR343W-B,YJR034W,0,0.109855086,0.1834397315979004,0.9769999980926514,0.4348999857902527
YCL003W,YDR164C,0,0.10982576,0.1834052950143814,0.9769999980926514,0.4350000023841858
YGR161W-A,YPR185W,0,0.10951716,0.18337087333202362,0.9769999980926514,0.4350999891757965
YDR165W,YER014C-A,0,0.10899052,0.18333646655082703,0.9769999980926514,0.4352000057697296
YBR068C,YGR109W-A,0,0.10896793,0.18330205976963043,0.9769999980926514,0.43529999256134033
YOR335C,YCL064C,0,0.10894528,0.18326768279075623,0.9769999980926514,0.43540000915527344
YPL113C,YGR012W,0,0.10877833,0.18323330581188202,0.9769999980926514,0.43549999594688416
YNL240C,YBR093C,0,0.108653575,0.183198943734169,0.9769999980926514,0.43560001254081726
YCL011C,YLR410W-A,0,0.10864404,0.18316461145877838,0.9769999980926514,0.435699999332428
YPL127C,YMR050C,0,0.108630806,0.18313027918338776,0.9769999980926514,0.4357999861240387
YGR161W-B,YDR496C,0,0.108489126,0.18309594690799713,0.9769999980926514,0.4359000027179718
YDL198C,YFR016C,0,0.1081385,0.1830616444349289,0.9769999980926514,0.4359999895095825
YLR138W,YKL081W,0,0.10798231,0.18302735686302185,0.9769999980926514,0.4361000061035156
YPR103W,YDL211C,0,0.10791686,0.1829930692911148,0.9769999980926514,0.43619999289512634
YBR096W,YLR256W-A,0,0.10767236,0.18295879662036896,0.9769999980926514,0.43630000948905945
YHR002W,YLR307W,0,0.107550174,0.1829245388507843,0.9769999980926514,0.43639999628067017
YML028W,YDR365W-B,0,0.107545674,0.18289029598236084,0.9769999980926514,0.43650001287460327
YDR316W,YML071C,0,0.107461065,0.18285606801509857,0.9769999980926514,0.436599999666214
YER001W,YEL069C,0,0.10736093,0.1828218549489975,0.9769999980926514,0.4366999864578247
YKR068C,YHL013C,0,0.10733083,0.18278765678405762,0.9769999980926514,0.4368000030517578
YGL079W,YPR137C-A,0,0.1071091,0.18275345861911774,0.9769999980926514,0.43689998984336853
YGR254W,YGR133W,0,0.10706487,0.18271927535533905,0.9769999980926514,0.43700000643730164
YKL217W,YCL020W,0,0.10702917,0.18268512189388275,0.9769999980926514,0.43709999322891235
YKL096W,YPR002W,0,0.10701689,0.18265096843242645,0.9769999980926514,0.43720000982284546
YMR074C,YCL035C,0,0.106900334,0.18261682987213135,0.9769999980926514,0.4372999966144562
YOR142W-A,YBL034C,0,0.106883794,0.18258269131183624,0.9769999980926514,0.4374000132083893
YKL006W,YDR365W-B,0,0.106841534,0.18254858255386353,0.9769999980926514,0.4375
YNL053W,YDR261W-A,0,0.10677114,0.1825144737958908,0.9769999980926514,0.4375999867916107
YCL012W,YGR204W,0,0.106568635,0.18248039484024048,0.9769999980926514,0.4377000033855438
YDR444W,YOL103W-A,0,0.10648948,0.18244631588459015,0.9769999980926514,0.43779999017715454
YBR039W,YML067C,0,0.106298864,0.182412251830101,0.9769999980926514,0.43790000677108765
YIR033W,YNR049C,0,0.10615125,0.18237820267677307,0.9769999980926514,0.43799999356269836
YGL170C,YHR008C,0,0.10592729,0.18234415352344513,0.9769999980926514,0.43810001015663147
YDR235W,YPR002W,0,0.105917126,0.18231013417243958,0.9769999980926514,0.4381999969482422
YNL026W,YGR207C,0,0.1059134,0.18227611482143402,0.9769999980926514,0.4383000135421753
YDL202W,YOR142W-B,0,0.10558823,0.18224212527275085,0.9769999980926514,0.438400000333786
YDL113C,YLR219W,0,0.10556874,0.1822081357240677,0.9769999980926514,0.43849998712539673
YER117W,YOL026C,0,0.10556188,0.18217416107654572,0.9769999980926514,0.43860000371932983
YLR064W,YBR233W-A,0,0.10541776,0.18214020133018494,0.9769999980926514,0.43869999051094055
YDR210C-D,YLR084C,0,0.105032295,0.18210624158382416,0.9769999980926514,0.43880000710487366
YBL019W,YGL053W,0,0.10499111,0.18207231163978577,0.9769999980926514,0.4388999938964844
YNL214W,YDR367W,0,0.10474941,0.18203838169574738,0.9769999980926514,0.4390000104904175
YOL148C,YOL103W-A,0,0.10465756,0.18200446665287018,0.9769999980926514,0.4390999972820282
YML120C,YMR074C,0,0.10449305,0.18197056651115417,0.9769999980926514,0.4392000138759613
YBR200W,YGR109W-B,0,0.10443553,0.18193668127059937,0.9769999980926514,0.439300000667572
YLR155C,YGR034W,0,0.10434857,0.18190281093120575,0.9769999980926514,0.43939998745918274
YOR202W,YHL018W,0,0.10412276,0.18186895549297333,0.9769999980926514,0.43950000405311584
YNL142W,YPR189W,0,0.10407281,0.1818351000547409,0.9769999980926514,0.43959999084472656
YLR256W-A,YDL193W,0,0.10404694,0.18180125951766968,0.9769999980926514,0.43970000743865967
YDR494W,YDR365W-B,0,0.10390818,0.18176744878292084,0.9769999980926514,0.4397999942302704
YBR282W,YDR186C,0,0.10362539,0.181733638048172,0.9769999980926514,0.4399000108242035
YJL074C,YLR314C,0,0.103581995,0.18169982731342316,0.9769999980926514,0.4399999976158142
YGL067W,YBR095C,0,0.10352135,0.1816660463809967,0.9769999980926514,0.4401000142097473
YPL237W,YFL002W-B,0,0.103477955,0.18163228034973145,0.9769999980926514,0.44020000100135803
YDR545W,YML038C,0,0.103135526,0.1815985143184662,0.9769999980926514,0.44029998779296875
YNL194C,YNL257C,0,0.10278931,0.18156476318836212,0.9769999980926514,0.44040000438690186
YMR190C,YLR274W,0,0.10271242,0.18153102695941925,0.9769999980926514,0.4404999911785126
YPR173C,YLR289W,0,0.102677226,0.18149730563163757,0.9769999980926514,0.4406000077724457
YKL146W,YPR137C-A,0,0.1025759,0.1814635992050171,0.9769999980926514,0.4406999945640564
YGL237C,YFR040W,0,0.10253546,0.1814298927783966,0.9769999980926514,0.4408000111579895
YJR161C,YLR391W,0,0.102516085,0.1813962161540985,0.9769999980926514,0.4408999979496002
YER124C,YOR142W-B,0,0.10249263,0.18136253952980042,0.9769999980926514,0.4410000145435333
YGR097W,YDR261W-A,0,0.102256685,0.1813288778066635,0.9769999980926514,0.44110000133514404
YFR009W,YBR258C,0,0.10202649,0.1812952309846878,0.9769999980926514,0.44119998812675476
YOL075C,YMR300C,0,0.10161051,0.1812615990638733,0.9769999980926514,0.44130000472068787
YFL035C,YNL064C,0,0.10157663,0.18122796714305878,0.9769999980926514,0.4413999915122986
YGR027W-A,YGL237C,0,0.1011326,0.18119436502456665,0.9769999980926514,0.4415000081062317
YGL254W,YDR382W,0,0.10105023,0.18116076290607452,0.9769999980926514,0.4415999948978424
YHL026C,YKL141W,0,0.100801975,0.1811271756887436,0.9769999980926514,0.4417000114917755
YPL056C,YOR219C,0,0.10071638,0.18109360337257385,0.9769999980926514,0.44179999828338623
YDL097C,YKL170W,0,0.100245744,0.1810600459575653,0.9769999980926514,0.44190001487731934
YCR073C,YMR272C,0,0.1001648,0.18102650344371796,0.9769999980926514,0.44200000166893005
YPL234C,YPR097W,0,0.09996238,0.1809929609298706,0.9769999980926514,0.44209998846054077
YKR096W,YDR254W,0,0.09985134,0.18095943331718445,0.9769999980926514,0.4422000050544739
YNL252C,YOR110W,0,0.099738955,0.18092592060565948,0.9769999980926514,0.4422999918460846
YDR261W-A,YHR111W,0,0.09967545,0.18089242279529572,0.9769999980926514,0.4424000084400177
YKR056W,YDR484W,0,0.09966889,0.18085893988609314,0.9769999980926514,0.4424999952316284
YNL071W,YER098W,0,0.09963629,0.18082547187805176,0.9769999980926514,0.4426000118255615
YOL103W-B,YLR340W,0,0.099411756,0.18079200387001038,0.9769999980926514,0.44269999861717224
YMR019W,YLL005C,0,0.09940073,0.1807585507631302,0.9769999980926514,0.44279998540878296
YPR204W,YBL016W,0,0.09926814,0.1807251274585724,0.9769999980926514,0.44290000200271606
YDR090C,YKL141W,0,0.098846525,0.1806916892528534,0.9769999980926514,0.4429999887943268
YHR107C,YER022W,0,0.09884432,0.1806582808494568,0.9769999980926514,0.4431000053882599
YMR199W,YER138C,0,0.098732024,0.18062488734722137,0.9769999980926514,0.4431999921798706
YIL050W,YGR038C-A,0,0.09863457,0.18059149384498596,0.9769999980926514,0.4433000087738037
YPL015C,YMR295C,0,0.098097324,0.18055811524391174,0.9769999980926514,0.44339999556541443
YOR327C,YDR364C,0,0.09804374,0.1805247664451599,0.9769999980926514,0.44350001215934753
YDL024C,YBR089C-A,0,0.09772691,0.1804914027452469,0.9769999980926514,0.44359999895095825
YHR020W,YGL212W,0,0.09751582,0.18045806884765625,0.9769999980926514,0.44369998574256897
YCL045C,YLR027C,0,0.09750086,0.1804247498512268,0.9769999980926514,0.4438000023365021
YER056C,YKL200C,0,0.097485214,0.18039143085479736,0.9769999980926514,0.4438999891281128
YLL054C,YOR142W-B,0,0.09742725,0.1803581267595291,0.9769999980926514,0.4440000057220459
YEL020W-A,YBL005W-B,0,0.097397596,0.18032483756542206,0.9769999980926514,0.4440999925136566
YCL005W-A,YER172C,0,0.09721616,0.1802915632724762,0.9769999980926514,0.4442000091075897
YDR345C,YOR026W,0,0.09715983,0.18025830388069153,0.9769999980926514,0.44429999589920044
YDR338C,YLR342W,0,0.09703007,0.18022504448890686,0.9769999980926514,0.44440001249313354
YPR034W,YGL145W,0,0.0967876,0.18019181489944458,0.9769999980926514,0.44449999928474426
YGL094C,YDR210C-D,0,0.09662232,0.1801585853099823,0.9769999980926514,0.444599986076355
YML030W,YMR168C,0,0.09645048,0.1801253706216812,0.9769999980926514,0.4447000026702881
YMR269W,YER021W,0,0.096284896,0.18009217083454132,0.9769999980926514,0.4447999894618988
YBR069C,YLR128W,0,0.096067786,0.18005897104740143,0.9769999980926514,0.4449000060558319
YIL130W,YOR298C-A,0,0.09583357,0.18002580106258392,0.9769999980926514,0.4449999928474426
YLR174W,YKR056W,0,0.09578088,0.17999263107776642,0.9769999980926514,0.44510000944137573
YFL018C,YDR496C,0,0.09565821,0.1799594759941101,0.9769999980926514,0.44519999623298645
YDL212W,YDL122W,0,0.09564552,0.179926335811615,0.9769999980926514,0.44530001282691956
YGL237C,YGR031C-A,0,0.09548506,0.17989321053028107,0.9769999980926514,0.4453999996185303
YNL240C,YHR132C,0,0.095380485,0.17986008524894714,0.9769999980926514,0.445499986410141
YGL254W,YKL074C,0,0.09513524,0.1798269897699356,0.9769999980926514,0.4456000030040741
YEL070W,YLR083C,0,0.09503731,0.17979389429092407,0.9769999980926514,0.4456999897956848
YDR429C,YNL127W,0,0.09494567,0.17976081371307373,0.9769999980926514,0.4458000063896179
YMR153W,YDL211C,0,0.0947552,0.17972774803638458,0.9769999980926514,0.44589999318122864
YGR253C,YPL060C-A,0,0.09472105,0.17969468235969543,0.9769999980926514,0.44600000977516174
YMR268C,YDR146C,0,0.09457001,0.17966164648532867,0.9769999980926514,0.44609999656677246
YJR099W,YJR028W,0,0.09406617,0.17962861061096191,0.9769999980926514,0.44620001316070557
YHL050C,YDL223C,0,0.09405145,0.17959558963775635,0.9769999980926514,0.4462999999523163
YIL015W,YDR430C,0,0.09404662,0.17956258356571198,0.9769999980926514,0.446399986743927
YOR208W,YDL028C,0,0.09403923,0.1795295774936676,0.9769999980926514,0.4465000033378601
YBL102W,YHR043C,0,0.09392908,0.17949660122394562,0.9769999980926514,0.4465999901294708
YDR261W-A,YFR029W,0,0.09374958,0.17946362495422363,0.9769999980926514,0.44670000672340393
YLR155C,YDR041W,0,0.09370613,0.17943066358566284,0.9769999980926514,0.44679999351501465
YMR058W,YFL011W-A,0,0.09361571,0.17939771711826324,0.9769999980926514,0.44690001010894775
YOR002W,YOL086C,0,0.09349492,0.17936478555202484,0.9769999980926514,0.44699999690055847
YGR057C,YNL068C,0,0.093375355,0.17933186888694763,0.9769999980926514,0.4471000134944916
YOR142W,YLR264W,0,0.09326443,0.17929895222187042,0.9769999980926514,0.4472000002861023
YNL006W,YML096W,0,0.09324807,0.1792660504579544,0.9769999980926514,0.447299987077713
YPL088W,YGR178C,0,0.0928286,0.17923316359519958,0.9769999980926514,0.4474000036716461
YGR144W,YDL119C,0,0.09264755,0.17920029163360596,0.9769999980926514,0.44749999046325684
YHR113W,YLR154W-A,0,0.09260908,0.17916743457317352,0.9769999980926514,0.44760000705718994
YBR110W,YLR215C,0,0.092392355,0.1791345775127411,0.9769999980926514,0.44769999384880066
YJL005W,YDL091C,0,0.09174904,0.17910173535346985,0.9769999980926514,0.44780001044273376
YOR341W,YPL049C,0,0.09161225,0.1790689080953598,0.9769999980926514,0.4478999972343445
YKL048C,YPL056C,0,0.09149769,0.17903609573841095,0.9769999980926514,0.4480000138282776
YDR410C,YOL145C,0,0.09120658,0.1790032982826233,0.9769999980926514,0.4481000006198883
YDR446W,YBR169C,0,0.091079146,0.17897050082683563,0.9769999980926514,0.448199987411499
YBR265W,YOR273C,0,0.090926945,0.17893773317337036,0.9769999980926514,0.44830000400543213
YDL049C,YPR140W,0,0.09091964,0.1789049655199051,0.9769999980926514,0.44839999079704285
YDR171W,YKR045C,0,0.09069985,0.178872212767601,0.9769999980926514,0.44850000739097595
YFR024C,YBR268W,0,0.09058526,0.17883946001529694,0.9769999980926514,0.44859999418258667
YHL007C,YDL058W,0,0.09034768,0.17880673706531525,0.9769999980926514,0.4487000107765198
YBR290W,YKL073W,0,0.09019679,0.17877401411533356,0.9769999980926514,0.4487999975681305
YGR003W,YPL076W,0,0.089734405,0.17874130606651306,0.9769999980926514,0.4489000141620636
YLR117C,YNL068C,0,0.08940843,0.17870861291885376,0.9769999980926514,0.4490000009536743
YIR034C,YBR193C,0,0.0888806,0.17867593467235565,0.9769999980926514,0.44909998774528503
YNL214W,YHL013C,0,0.0887422,0.17864325642585754,0.9769999980926514,0.44920000433921814
YBR150C,YFL066C,0,0.08863777,0.17861060798168182,0.9769999980926514,0.44929999113082886
YJL176C,YHR202W,0,0.08808264,0.1785779595375061,0.9769999980926514,0.44940000772476196
YLR408C,YFL021W,0,0.088067085,0.17854532599449158,0.9769999980926514,0.4494999945163727
YBR067C,YJR031C,0,0.08794853,0.17851269245147705,0.9769999980926514,0.4496000111103058
YGL194C,YDR527W,0,0.08766201,0.1784800887107849,0.9769999980926514,0.4496999979019165
YMR226C,YIL002C,0,0.08720714,0.17844748497009277,0.9769999980926514,0.4498000144958496
YCR020W-B,YPL036W,0,0.08715266,0.17841489613056183,0.9769999980926514,0.4499000012874603
YMR104C,YIL037C,0,0.087105334,0.17838232219219208,0.9769999980926514,0.44999998807907104
YHR032W,YIL065C,0,0.08705172,0.17834976315498352,0.9769999980926514,0.45010000467300415
YBR003W,YLR075W,0,0.08663705,0.17831720411777496,0.9769999980926514,0.45019999146461487
YBR098W,YNR004W,0,0.08600727,0.1782846748828888,0.9769999980926514,0.450300008058548
YOL061W,YBL007C,0,0.08595523,0.17825214564800262,0.9769999980926514,0.4503999948501587
YCL051W,YNL030W,0,0.085941166,0.17821963131427765,0.9769999980926514,0.4505000114440918
YFR010W,YBR228W,0,0.08583185,0.17818711698055267,0.9769999980926514,0.4505999982357025
YER159C,YFR031C-A,0,0.085644156,0.17815463244915009,0.9769999980926514,0.4507000148296356
YDR131C,YGL098W,0,0.085580915,0.1781221479177475,0.9769999980926514,0.45080000162124634
YGR077C,YOL053C-A,0,0.08532527,0.1780896782875061,0.9769999980926514,0.45089998841285706
YER026C,YMR269W,0,0.08483252,0.1780572235584259,0.9769999980926514,0.45100000500679016
YCL025C,YGR260W,0,0.08432585,0.1780247837305069,0.9769999980926514,0.4510999917984009
YMR159C,YPL119C,0,0.084287494,0.1779923439025879,0.9769999980926514,0.451200008392334
YIL008W,YBR005W,0,0.08414891,0.17795993387699127,0.9769999980926514,0.4512999951839447
YHR174W,YJL058C,0,0.084077954,0.17792752385139465,0.9769999980926514,0.4514000117778778
YLR154W-A,YNR031C,0,0.08357841,0.17789511382579803,0.9769999980926514,0.4514999985694885
YCL020W,YJR057W,0,0.08352837,0.1778627336025238,0.9769999980926514,0.45159998536109924
YML133C,YNL051W,0,0.083317846,0.17783035337924957,0.9769999980926514,0.45170000195503235
YAL059W,YAL055W,0,0.082864225,0.17779800295829773,0.9769999980926514,0.45179998874664307
YJR083C,YAL038W,0,0.08276054,0.1777656525373459,0.9769999980926514,0.45190000534057617
YDR497C,YNL298W,0,0.08272806,0.17773330211639404,0.9769999980926514,0.4519999921321869
YPL046C,YCR105W,0,0.082481444,0.1777009814977646,0.9769999980926514,0.45210000872612
YJL002C,YJR040W,0,0.08232322,0.17766866087913513,0.9769999980926514,0.4521999955177307
YOL101C,YCL067C,0,0.0821273,0.17763637006282806,0.9769999980926514,0.4523000121116638
YER185W,YCL001W,0,0.08196679,0.177604079246521,0.9769999980926514,0.45239999890327454
YPL005W,YFL035C-A,0,0.08196607,0.17757178843021393,0.9769999980926514,0.45249998569488525
YBR260C,YGR108W,0,0.08185157,0.17753952741622925,0.9769999980926514,0.45260000228881836
YOR100C,YOR197W,0,0.08166069,0.17750726640224457,0.9769999980926514,0.4526999890804291
YPL252C,YER190W,0,0.08162421,0.17747502028942108,0.9769999980926514,0.4528000056743622
YIL158W,YDR463W,0,0.08125779,0.1774427890777588,0.9769999980926514,0.4528999924659729
YLR225C,YDR184C,0,0.08116934,0.1774105727672577,0.9769999980926514,0.453000009059906
YOR068C,YDL022W,0,0.08105144,0.1773783564567566,0.9769999980926514,0.4530999958515167
YEL046C,YDL123W,0,0.080167025,0.1773461550474167,0.9769999980926514,0.45320001244544983
YDL170W,YDR399W,0,0.07993826,0.17731396853923798,0.9769999980926514,0.45329999923706055
YHR166C,YIL173W,0,0.07978383,0.17728179693222046,0.9769999980926514,0.45339998602867126
YER141W,YLL066C,0,0.07952669,0.17724964022636414,0.9769999980926514,0.45350000262260437
YDR221W,YIR005W,0,0.0790855,0.1772174835205078,0.9769999980926514,0.4535999894142151
YJL177W,YDR244W,0,0.07905403,0.17718534171581268,0.9769999980926514,0.4537000060081482
YMR087W,YDR484W,0,0.07882023,0.17715321481227875,0.9769999980926514,0.4537999927997589
YHL009C,YDR300C,0,0.07871476,0.177121102809906,0.9769999980926514,0.453900009393692
YOR378W,YDR216W,0,0.078448385,0.17708899080753326,0.9769999980926514,0.45399999618530273
YOR241W,YNL270C,0,0.07843003,0.1770569086074829,0.9769999980926514,0.45410001277923584
YPR091C,YGR261C,0,0.078282416,0.17702482640743256,0.9769999980926514,0.45419999957084656
YJL176C,YGL210W-A,0,0.07798916,0.1769927591085434,0.9769999980926514,0.4542999863624573
YNL275W,YER054C,0,0.07776347,0.17696069180965424,0.9769999980926514,0.4544000029563904
YER125W,YHR088W,1,0.07752964,0.1771097481250763,0.9779999852180481,0.4544000029563904
YOL102C,YJL078C,0,0.07730046,0.17707768082618713,0.9779999852180481,0.4544999897480011
YDR416W,YJR032W,0,0.077224284,0.17704561352729797,0.9779999852180481,0.4546000063419342
YHR079C-B,YML055W,0,0.07696271,0.1770135760307312,0.9779999852180481,0.4546999931335449
YHR168W,YGR074W,0,0.07651046,0.17698153853416443,0.9779999852180481,0.454800009727478
YBL005W-B,YKL081W,0,0.07645205,0.17694951593875885,0.9779999852180481,0.45489999651908875
YAR066W,YBR161W,0,0.07643524,0.17691750824451447,0.9779999852180481,0.45500001311302185
YMR323W,YJR019C,0,0.07640475,0.17688551545143127,0.9779999852180481,0.45509999990463257
YJR034W,YMR189W,0,0.07637021,0.17685352265834808,0.9779999852180481,0.4551999866962433
YCR048W,YGL210W-A,0,0.07626322,0.1768215447664261,0.9779999852180481,0.4553000032901764
YNL023C,YCL038C,0,0.076126784,0.17678958177566528,0.9779999852180481,0.4553999900817871
YFR045W,YNR017W,0,0.07604781,0.17675763368606567,0.9779999852180481,0.4555000066757202
YDL194W,YDR490C,0,0.07591489,0.17672570049762726,0.9779999852180481,0.45559999346733093
YDR129C,YGR240C,0,0.07539949,0.17669376730918884,0.9779999852180481,0.45570001006126404
YBR287W,YER178W,0,0.07526931,0.17666184902191162,0.9779999852180481,0.45579999685287476
YJL029C,YBR162C,0,0.075232506,0.1766299456357956,0.9779999852180481,0.45590001344680786
YOL084W,YDR135C,0,0.07487643,0.17659805715084076,0.9779999852180481,0.4560000002384186
YCL062W,YOR058C,0,0.07483804,0.17656616866588593,0.9779999852180481,0.4560999870300293
YLR141W,YNL117W,0,0.07399362,0.17653429508209229,0.9779999852180481,0.4562000036239624
YJL116C,YJR108W,0,0.07374242,0.17650243639945984,0.9779999852180481,0.4562999904155731
YOR128C,YPL175W,0,0.07348594,0.1764705926179886,0.9779999852180481,0.4564000070095062
YOL102C,YNR073C,0,0.073328346,0.17643874883651733,0.9779999852180481,0.45649999380111694
YLR408C,YMR001C,0,0.07328853,0.17640691995620728,0.9779999852180481,0.45660001039505005
YBR136W,YDR364C,0,0.07307109,0.1763751059770584,0.9779999852180481,0.45669999718666077
YLL015W,YGL148W,0,0.0730606,0.17634330689907074,0.9779999852180481,0.45680001378059387
YKR100C,YLL010C,0,0.072971016,0.17631152272224426,0.9779999852180481,0.4569000005722046
YHR112C,YHR204W,0,0.072968185,0.17627973854541779,0.9779999852180481,0.4569999873638153
YFR024C,YPL010W,0,0.07257596,0.1762479692697525,0.9779999852180481,0.4571000039577484
YDL055C,YIL042C,0,0.07246789,0.1762162148952484,0.9779999852180481,0.45719999074935913
YHR050W,YBL071W-A,0,0.07242027,0.17618447542190552,0.9779999852180481,0.45730000734329224
YIL046W,YOR188W,0,0.072086096,0.17615273594856262,0.9779999852180481,0.45739999413490295
YER117W,YFL052W,0,0.07193276,0.17612101137638092,0.9779999852180481,0.45750001072883606
YMR104C,YER117W,0,0.071915835,0.1760893017053604,0.9779999852180481,0.4575999975204468
YBR029C,YOL057W,0,0.071820885,0.1760576069355011,0.9779999852180481,0.4577000141143799
YLR083C,YBL005W-B,0,0.07163015,0.17602591216564178,0.9779999852180481,0.4578000009059906
YNR060W,YOR368W,0,0.07160559,0.17599424719810486,0.9779999852180481,0.4578999876976013
YPL127C,YJL074C,0,0.07150808,0.17596258223056793,0.9779999852180481,0.4580000042915344
YLR131C,YDR076W,0,0.071122825,0.175930917263031,0.9779999852180481,0.45809999108314514
YNR032C-A,YPR185W,0,0.07099795,0.17589928209781647,0.9779999852180481,0.45820000767707825
YDR186C,YMR059W,0,0.07071945,0.17586764693260193,0.9779999852180481,0.45829999446868896
YEL005C,YLR260W,0,0.07069737,0.17583602666854858,0.9779999852180481,0.45840001106262207
YHR057C,YDR172W,0,0.070670515,0.17580442130565643,0.9779999852180481,0.4584999978542328
YOR074C,YGL092W,0,0.070649,0.17577283084392548,0.9779999852180481,0.4586000144481659
YPL162C,YJL212C,0,0.07051775,0.17574124038219452,0.9779999852180481,0.4587000012397766
YBR233W-A,YEL046C,0,0.07036376,0.17570966482162476,0.9779999852180481,0.45879998803138733
YGR215W,YIR026C,0,0.070341855,0.1756781041622162,0.9779999852180481,0.45890000462532043
YPL175W,YKL025C,0,0.07005501,0.1756465584039688,0.9779999852180481,0.45899999141693115
YPL115C,YJL144W,0,0.069946766,0.17561501264572144,0.9779999852180481,0.45910000801086426
YKL080W,YOL026C,0,0.06987092,0.17558348178863525,0.9779999852180481,0.459199994802475
YDR210W,YIL162W,0,0.06955591,0.17555196583271027,0.9779999852180481,0.4593000113964081
YPR061C,YLR395C,0,0.069532186,0.17552046477794647,0.9779999852180481,0.4593999981880188
YLR200W,YDR317W,0,0.06947696,0.17548896372318268,0.9779999852180481,0.4595000147819519
YGL079W,YDR016C,0,0.069357365,0.17545747756958008,0.9779999852180481,0.4596000015735626
YDR281C,YDR353W,0,0.06928548,0.17542600631713867,0.9779999852180481,0.45969998836517334
YNL299W,YGR031C-A,0,0.06913257,0.17539454996585846,0.9779999852180481,0.45980000495910645
YPR154W,YGL022W,0,0.069098264,0.17536309361457825,0.9779999852180481,0.45989999175071716
YKL003C,YBR083W,0,0.06831291,0.17533166706562042,0.9779999852180481,0.46000000834465027
YER016W,YOR283W,0,0.06829035,0.1753002256155014,0.9779999852180481,0.460099995136261
YPL169C,YMR001C,0,0.068005055,0.17526881396770477,0.9779999852180481,0.4602000117301941
YDR316W,YLL023C,0,0.06770447,0.17523741722106934,0.9779999852180481,0.4602999985218048
YML061C,YCR107W,0,0.06643805,0.1752060204744339,0.9779999852180481,0.4603999853134155
YOL075C,YGL131C,0,0.06554124,0.17517463862895966,0.9779999852180481,0.46050000190734863
YNL038W,YER168C,0,0.06530836,0.1751432716846466,0.9779999852180481,0.46059998869895935
YGL126W,YFL053W,0,0.064902276,0.17511190474033356,0.9779999852180481,0.46070000529289246
YJL013C,YJL122W,0,0.06465706,0.1750805526971817,0.9779999852180481,0.4607999920845032
YBR044C,YGR032W,0,0.06399986,0.17504921555519104,0.9779999852180481,0.4609000086784363
YPL175W,YMR074C,0,0.06380516,0.17501789331436157,0.9779999852180481,0.460999995470047
YIL047C,YMR075W,0,0.0637517,0.1749865859746933,0.9779999852180481,0.4611000120639801
YDL003W,YHL025W,0,0.06341198,0.17495527863502502,0.9779999852180481,0.4611999988555908
YEL022W,YMR262W,0,0.063227385,0.17492398619651794,0.9779999852180481,0.46129998564720154
YBR145W,YBL040C,0,0.06262249,0.17489270865917206,0.9779999852180481,0.46140000224113464
YOR189W,YIL085C,0,0.062464774,0.17486143112182617,0.9779999852180481,0.46149998903274536
YLR009W,YJR131W,0,0.06244579,0.17483016848564148,0.9779999852180481,0.46160000562667847
YPR091C,YOR250C,0,0.062443227,0.17479892075061798,0.9779999852180481,0.4616999924182892
YML118W,YNR053C,0,0.06233424,0.17476768791675568,0.9779999852180481,0.4618000090122223
YMR038C,YBR110W,0,0.06190735,0.17473646998405457,0.9779999852180481,0.461899995803833
YHR091C,YIL035C,0,0.06178096,0.17470525205135345,0.9779999852180481,0.4620000123977661
YHR214C-B,YDR303C,0,0.061779737,0.17467404901981354,0.9779999852180481,0.46209999918937683
YLR155C,YPL053C,0,0.061654896,0.17464286088943481,0.9779999852180481,0.46219998598098755
YGR099W,YAL001C,0,0.061547756,0.1746116727590561,0.9779999852180481,0.46230000257492065
YDR281C,YDR363W,0,0.061084777,0.17458049952983856,0.9779999852180481,0.46239998936653137
YHR123W,YDR545W,0,0.060970366,0.17454934120178223,0.9779999852180481,0.4625000059604645
YKL208W,YKL172W,1,0.059943736,0.1746966391801834,0.9789999723434448,0.4625000059604645
YNL225C,YIL063C,0,0.059856743,0.17466548085212708,0.9789999723434448,0.4625999927520752
YPR148C,YKR077W,0,0.059179127,0.17463432252407074,0.9789999723434448,0.4627000093460083
YKR019C,YPL150W,0,0.05917737,0.1746031790971756,0.9789999723434448,0.462799996137619
YKL008C,YPR174C,0,0.059153825,0.17457203567028046,0.9789999723434448,0.4629000127315521
YGR034W,YCL027C-A,0,0.05905518,0.1745409220457077,0.9789999723434448,0.46299999952316284
YML076C,YMR074C,0,0.05893755,0.17450980842113495,0.9789999723434448,0.46309998631477356
YGR007W,YLL021W,0,0.05845368,0.1744787096977234,0.9789999723434448,0.46320000290870667
YBL100W-A,YBR109C,0,0.058391273,0.17444761097431183,0.9789999723434448,0.4632999897003174
YAL032C,YNL190W,0,0.058149904,0.17441652715206146,0.9789999723434448,0.4634000062942505
YCR026C,YLL026W,0,0.057903886,0.1743854582309723,0.9789999723434448,0.4634999930858612
YCR106W,YGL212W,0,0.057734698,0.1743544042110443,0.9789999723434448,0.4636000096797943
YLR234W,YNL056W,0,0.057561368,0.17432336509227753,0.9789999723434448,0.46369999647140503
YML058W-A,YFL061W,0,0.057270795,0.17429232597351074,0.9789999723434448,0.46380001306533813
YPL239W,YNL214W,0,0.057260603,0.17426130175590515,0.9789999723434448,0.46389999985694885
YML131W,YGL134W,0,0.056743532,0.17423029243946075,0.9789999723434448,0.46399998664855957
YDL044C,YPL168W,0,0.056743503,0.17419928312301636,0.9789999723434448,0.4641000032424927
YHR110W,YMR048W,0,0.05666575,0.17416830360889435,0.9789999723434448,0.4641999900341034
YMR052W,YOR274W,0,0.056256622,0.17413732409477234,0.9789999723434448,0.4643000066280365
YIL015W,YJL112W,0,0.056255937,0.17410634458065033,0.9789999723434448,0.4643999934196472
YPL096W,YLR054C,0,0.056087554,0.1740753948688507,0.9789999723434448,0.4645000100135803
YBR096W,YNL016W,0,0.056085408,0.1740444451570511,0.9789999723434448,0.46459999680519104
YLR117C,YOR339C,0,0.05538991,0.17401351034641266,0.9789999723434448,0.46470001339912415
YPR011C,YBL005W-A,0,0.05534485,0.17398259043693542,0.9789999723434448,0.46480000019073486
YJL178C,YMR232W,0,0.05518821,0.1739516705274582,0.9789999723434448,0.4648999869823456
YMR202W,YDR176W,0,0.05478111,0.17392076551914215,0.9789999723434448,0.4650000035762787
YGR258C,YBR271W,0,0.05474192,0.1738898754119873,0.9789999723434448,0.4650999903678894
YGL181W,YPL141C,0,0.054439753,0.17385900020599365,0.9789999723434448,0.4652000069618225
YKL167C,YLR325C,0,0.05429232,0.173828125,0.9789999723434448,0.4652999937534332
YDR039C,YMR216C,0,0.054249793,0.17379726469516754,0.9789999723434448,0.46540001034736633
YMR244C-A,YML098W,0,0.05418542,0.17376641929149628,0.9789999723434448,0.46549999713897705
YNL031C,YLL036C,0,0.054181725,0.173735573887825,0.9789999723434448,0.46560001373291016
YPL200W,YDR186C,0,0.05405292,0.17370475828647614,0.9789999723434448,0.4657000005245209
YER038C,YJR019C,0,0.05371788,0.17367394268512726,0.9789999723434448,0.4657999873161316
YML133C,YGR252W,0,0.053539306,0.17364314198493958,0.9789999723434448,0.4659000039100647
YEL030W,YPL283C,0,0.05348739,0.1736123412847519,0.9789999723434448,0.4659999907016754
YPL131W,YDR519W,0,0.05345294,0.1735815554857254,0.9789999723434448,0.4661000072956085
YOR375C,YJR036C,0,0.05332765,0.1735507845878601,0.9789999723434448,0.46619999408721924
YPR148C,YPR154W,0,0.0529117,0.173520028591156,0.9789999723434448,0.46630001068115234
YGL103W,YKR019C,0,0.05245012,0.1734892725944519,0.9789999723434448,0.46639999747276306
YBL076C,YGR203W,0,0.052275836,0.1734585464000702,0.9789999723434448,0.46650001406669617
YLR421C,YHR002W,0,0.051855534,0.17342780530452728,0.9789999723434448,0.4666000008583069
YJL113W,YDL156W,0,0.051594317,0.17339709401130676,0.9789999723434448,0.4666999876499176
YCR093W,YKL200C,0,0.051450014,0.17336638271808624,0.9789999723434448,0.4668000042438507
YKL043W,YCL010C,0,0.051229298,0.1733357012271881,0.9789999723434448,0.4668999910354614
YPL127C,YPL088W,0,0.05094531,0.17330500483512878,0.9789999723434448,0.46700000762939453
YDR030C,YMR183C,0,0.050671488,0.17327433824539185,0.9789999723434448,0.46709999442100525
YOR205C,YPR196W,0,0.050425142,0.1732436716556549,0.9789999723434448,0.46720001101493835
YNL063W,YMR214W,0,0.050260037,0.17321301996707916,0.9789999723434448,0.4672999978065491
YHR119W,YJL051W,0,0.050188243,0.1731823831796646,0.9789999723434448,0.4674000144004822
YDR399W,YBR196C,0,0.049932033,0.17315174639225006,0.9789999723434448,0.4675000011920929
YHR020W,YER071C,0,0.04975441,0.1731211245059967,0.9789999723434448,0.4675999879837036
YPL256C,YLR297W,0,0.049603105,0.17309051752090454,0.9789999723434448,0.4677000045776367
YDR408C,YOR085W,0,0.049194425,0.17305992543697357,0.9789999723434448,0.46779999136924744
YHR112C,YLR314C,0,0.049097925,0.1730293333530426,0.9789999723434448,0.46790000796318054
YOL077W-A,YKL051W,0,0.049011886,0.17299875617027283,0.9789999723434448,0.46799999475479126
YMR005W,YMR114C,0,0.048737943,0.17296819388866425,0.9789999723434448,0.46810001134872437
YDR110W,YOR285W,0,0.04837069,0.17293764650821686,0.9789999723434448,0.4681999981403351
YHR079C-B,YNL045W,0,0.048349947,0.17290709912776947,0.9789999723434448,0.4683000147342682
YGL180W,YHR193C,0,0.048101842,0.17287656664848328,0.9789999723434448,0.4684000015258789
YOL101C,YOR349W,0,0.04802707,0.17284604907035828,0.9789999723434448,0.4684999883174896
YDR384C,YDL022W,0,0.04788789,0.17281553149223328,0.9789999723434448,0.46860000491142273
YDR026C,YGR125W,0,0.047875255,0.17278502881526947,0.9789999723434448,0.46869999170303345
YPR145W,YHR202W,0,0.047855377,0.17275454103946686,0.9789999723434448,0.46880000829696655
YDL003W,YGR284C,0,0.04747942,0.17272406816482544,0.9789999723434448,0.46889999508857727
YIL134W,YIL033C,0,0.04731664,0.17269359529018402,0.9789999723434448,0.4690000116825104
YOL053C-A,YGL019W,0,0.04730743,0.1726631373167038,0.9789999723434448,0.4690999984741211
YFR030W,YLR460C,0,0.04725942,0.17263269424438477,0.9789999723434448,0.4691999852657318
YFR042W,YHL001W,0,0.047236145,0.17260225117206573,0.9789999723434448,0.4693000018596649
YOL111C,YNR055C,0,0.04711646,0.1725718379020691,0.9789999723434448,0.46939998865127563
YMR145C,YLR242C,0,0.046994656,0.17254140973091125,0.9789999723434448,0.46950000524520874
YHR194W,YLR423C,0,0.046933383,0.1725110113620758,0.9789999723434448,0.46959999203681946
YDL165W,YGL158W,0,0.046796143,0.17248061299324036,0.9789999723434448,0.46970000863075256
YDL040C,YMR276W,0,0.046654254,0.1724502444267273,0.9789999723434448,0.4697999954223633
YER109C,YHR185C,0,0.04647529,0.17241986095905304,0.9789999723434448,0.4699000120162964
YJL074C,YLR300W,0,0.046444803,0.17238950729370117,0.9789999723434448,0.4699999988079071
YBR100W,YIR003W,0,0.046150535,0.1723591536283493,0.9789999723434448,0.4700999855995178
YLR107W,YGR214W,1,0.04607588,0.17250484228134155,0.9800000190734863,0.4700999855995178
YHR114W,YDL124W,0,0.046045154,0.1724744737148285,0.9800000190734863,0.4702000021934509
YHR118C,YGL259W,0,0.045728654,0.17244413495063782,0.9800000190734863,0.47029998898506165
YDL140C,YJL082W,0,0.045634568,0.17241379618644714,0.9800000190734863,0.47040000557899475
YGR296W,YGL121C,0,0.045312017,0.17238347232341766,0.9800000190734863,0.47049999237060547
YPR067W,YDR500C,0,0.044943362,0.17235314846038818,0.9800000190734863,0.4706000089645386
YJL012C,YJL060W,0,0.04485175,0.1723228394985199,0.9800000190734863,0.4706999957561493
YFL035C,YLR332W,0,0.044797927,0.1722925454378128,0.9800000190734863,0.4708000123500824
YLR057W,YDR090C,0,0.04431984,0.1722622662782669,0.9800000190734863,0.4708999991416931
YLR154W-C,YMR304W,0,0.04415208,0.172231987118721,0.9800000190734863,0.47099998593330383
YJR051W,YBR298C,0,0.043298334,0.1722017228603363,0.9800000190734863,0.47110000252723694
YDL170W,YNL287W,0,0.043159336,0.1721714735031128,0.9800000190734863,0.47119998931884766
YHR134W,YGR165W,0,0.042731732,0.17214122414588928,0.9800000190734863,0.47130000591278076
YIL114C,YDR516C,0,0.042394012,0.17211098968982697,0.9800000190734863,0.4713999927043915
YMR158W,YDR310C,0,0.042134732,0.17208077013492584,0.9800000190734863,0.4715000092983246
YOR344C,YBR075W,0,0.042105347,0.1720505654811859,0.9800000190734863,0.4715999960899353
YIR007W,YMR263W,0,0.04210332,0.17202036082744598,0.9800000190734863,0.4717000126838684
YLR329W,YOL086C,0,0.041687995,0.17199017107486725,0.9800000190734863,0.4717999994754791
YPR127W,YJL030W,0,0.04161507,0.1719599962234497,0.9800000190734863,0.47189998626708984
YLR223C,YEL056W,0,0.04138878,0.17192982137203217,0.9800000190734863,0.47200000286102295
YEL047C,YDR019C,0,0.041277945,0.17189966142177582,0.9800000190734863,0.47209998965263367
YCL074W,YOR026W,0,0.040497452,0.17186951637268066,0.9800000190734863,0.4722000062465668
YMR321C,YHR079C-A,0,0.04024893,0.1718393862247467,0.9800000190734863,0.4722999930381775
YBR111W-A,YEL012W,0,0.04021421,0.17180925607681274,0.9800000190734863,0.4724000096321106
YKR010C,YER108C,0,0.039470524,0.17177914083003998,0.9800000190734863,0.4724999964237213
YNL214W,YER160C,0,0.039361626,0.1717490404844284,0.9800000190734863,0.4726000130176544
YPL015C,YKL168C,0,0.03930968,0.17171894013881683,0.9800000190734863,0.47269999980926514
YER130C,YBR021W,0,0.03845471,0.17168885469436646,0.9800000190734863,0.47279998660087585
YLR247C,YPL006W,0,0.0383192,0.17165878415107727,0.9800000190734863,0.47290000319480896
YBR056W,YNL309W,0,0.037939996,0.17162872850894928,0.9800000190734863,0.4729999899864197
YLR190W,YNL069C,0,0.037713796,0.1715986728668213,0.9800000190734863,0.4731000065803528
YOR087W,YKR045C,0,0.0374887,0.1715686321258545,0.9800000190734863,0.4731999933719635
YNR056C,YPL128C,0,0.037468493,0.1715385913848877,0.9800000190734863,0.4733000099658966
YPL129W,YDR281C,0,0.037168473,0.1715085804462433,0.9800000190734863,0.4733999967575073
YFL050C,YJL194W,0,0.036809593,0.17147856950759888,0.9800000190734863,0.47350001335144043
YEL032W,YDL070W,0,0.036622137,0.17144855856895447,0.9800000190734863,0.47360000014305115
YNL251C,YHR202W,0,0.03658825,0.17141857743263245,0.9800000190734863,0.47369998693466187
YDL232W,YMR262W,0,0.03622946,0.17138859629631042,0.9800000190734863,0.47380000352859497
YJL013C,YBL051C,0,0.036206275,0.1713586300611496,0.9800000190734863,0.4738999903202057
YPL254W,YCL027C-A,0,0.036019623,0.17132867872714996,0.9800000190734863,0.4740000069141388
YGR092W,YGR080W,0,0.03596601,0.17129872739315033,0.9800000190734863,0.4740999937057495
YHL050C,YOL110W,0,0.035904974,0.1712687909603119,0.9800000190734863,0.4742000102996826
YGL169W,YDR109C,0,0.03566885,0.17123885452747345,0.9800000190734863,0.47429999709129333
YOL107W,YER014W,0,0.035375148,0.1712089478969574,0.9800000190734863,0.47440001368522644
YFR019W,YNR004W,0,0.035370946,0.17117904126644135,0.9800000190734863,0.47450000047683716
YPR007C,YMR161W,0,0.035339147,0.1711491495370865,0.9800000190734863,0.4745999872684479
YDL211C,YBR101C,0,0.035199314,0.17111925780773163,0.9800000190734863,0.474700003862381
YIR032C,YDR179C,0,0.035031527,0.17108938097953796,0.9800000190734863,0.4747999906539917
YFR001W,YPL057C,0,0.034905285,0.1710595190525055,0.9800000190734863,0.4749000072479248
YMR020W,YKL114C,0,0.03486082,0.17102967202663422,0.9800000190734863,0.4749999940395355
YLL045C,YGL196W,0,0.0344716,0.17099982500076294,0.9800000190734863,0.47510001063346863
YDR306C,YCL004W,0,0.034369558,0.17096999287605286,0.9800000190734863,0.47519999742507935
YOR027W,YMR263W,0,0.034127563,0.17094017565250397,0.9800000190734863,0.47530001401901245
YKL080W,YOR293W,0,0.03401485,0.17091035842895508,0.9800000190734863,0.47540000081062317
YPR155C,YFR016C,0,0.033008277,0.17088055610656738,0.9800000190734863,0.4754999876022339
YLR383W,YDR079C-A,0,0.032887667,0.17085076868534088,0.9800000190734863,0.475600004196167
YDR435C,YJR027W,0,0.032704383,0.17082098126411438,0.9800000190734863,0.4756999909877777
YML096W,YPR111W,0,0.0326052,0.17079122364521027,0.9800000190734863,0.4758000075817108
YCR002C,YOR382W,0,0.032592326,0.17076145112514496,0.9800000190734863,0.47589999437332153
YDR372C,YNL261W,0,0.03252223,0.17073170840740204,0.9800000190734863,0.47600001096725464
YDL174C,YDR213W,0,0.032382548,0.17070196568965912,0.9800000190734863,0.47609999775886536
YGL237C,YGR296W,0,0.032274425,0.1706722378730774,0.9800000190734863,0.47620001435279846
YFL049W,YLR264W,0,0.032007784,0.17064252495765686,0.9800000190734863,0.4763000011444092
YGR017W,YLL041C,0,0.0316858,0.17061281204223633,0.9800000190734863,0.4763999879360199
YKL175W,YPR111W,0,0.031210303,0.170583114027977,0.9800000190734863,0.476500004529953
YNL116W,YLL027W,0,0.030880481,0.17055343091487885,0.9800000190734863,0.4765999913215637
YML133C,YKL117W,0,0.030879408,0.1705237478017807,0.9800000190734863,0.4767000079154968
YAR002C-A,YOR231W,0,0.030852288,0.17049407958984375,0.9800000190734863,0.47679999470710754
YJR152W,YLR291C,0,0.030827612,0.170464426279068,0.9800000190734863,0.47690001130104065
YDR245W,YPR194C,0,0.030379772,0.17043478786945343,0.9800000190734863,0.47699999809265137
YKL085W,YGR017W,0,0.030169785,0.17040514945983887,0.9800000190734863,0.4771000146865845
YPR114W,YGR247W,0,0.029903203,0.1703755259513855,0.9800000190734863,0.4772000014781952
YIL106W,YDR454C,0,0.029726714,0.17034590244293213,0.9800000190734863,0.4772999882698059
YFL035C-B,YDL246C,0,0.029717952,0.17031630873680115,0.9800000190734863,0.477400004863739
YGR017W,YDR081C,0,0.029462874,0.17028670012950897,0.9800000190734863,0.47749999165534973
YOR094W,YLR043C,0,0.02939114,0.17025712132453918,0.9800000190734863,0.47760000824928284
YPL088W,YOL136C,0,0.029282182,0.1702275425195694,0.9800000190734863,0.47769999504089355
YKR086W,YMR075W,0,0.02923882,0.1701979786157608,0.9800000190734863,0.47780001163482666
YGL233W,YDL106C,0,0.028752893,0.1701684296131134,0.9800000190734863,0.4778999984264374
YER149C,YCL030C,0,0.028480202,0.1701388955116272,0.9800000190734863,0.4779999852180481
YPR065W,YLR391W,0,0.028404027,0.170109361410141,0.9800000190734863,0.4781000018119812
YGL001C,YDR243C,0,0.027881712,0.17007982730865479,0.9800000190734863,0.4781999886035919
YDR043C,YDR082W,0,0.02788043,0.17005032300949097,0.9800000190734863,0.478300005197525
YNR057C,YBL085W,0,0.027811766,0.17002081871032715,0.9800000190734863,0.47839999198913574
YPL061W,YOR312C,0,0.027707368,0.16999132931232452,0.9800000190734863,0.47850000858306885
YIR013C,YKR078W,0,0.027445734,0.1699618399143219,0.9800000190734863,0.47859999537467957
YAR066W,YER078C,0,0.027419597,0.16993238031864166,0.9800000190734863,0.47870001196861267
YGL045W,YIL005W,0,0.02732125,0.16990290582180023,0.9800000190734863,0.4787999987602234
YKL051W,YEL077C,0,0.026926666,0.1698734611272812,0.9800000190734863,0.4788999855518341
YDR437W,YNL328C,0,0.026578188,0.16984401643276215,0.9800000190734863,0.4790000021457672
YOR188W,YOR285W,0,0.026575834,0.1698145866394043,0.9800000190734863,0.47909998893737793
YPL055C,YKR027W,0,0.026444227,0.16978517174720764,0.9800000190734863,0.47920000553131104
YPR189W,YMR295C,0,0.026094079,0.169755756855011,0.9800000190734863,0.47929999232292175
YDL015C,YKL114C,0,0.025919437,0.16972635686397552,0.9800000190734863,0.47940000891685486
YKL061W,YPL002C,0,0.025482655,0.16969697177410126,0.9800000190734863,0.4794999957084656
YJL173C,YDL140C,0,0.025151879,0.169667586684227,0.9800000190734863,0.4796000123023987
YLR205C,YOL148C,0,0.025070101,0.16963821649551392,0.9800000190734863,0.4796999990940094
YPR105C,YDL022W,0,0.025008202,0.16960886120796204,0.9800000190734863,0.4797999858856201
YGL226C-A,YNL177C,0,0.024692327,0.16957950592041016,0.9800000190734863,0.4799000024795532
YIR008C,YPL066W,0,0.02459073,0.16955018043518066,0.9800000190734863,0.47999998927116394
YML006C,YHR002W,0,0.024577528,0.16952084004878998,0.9800000190734863,0.48010000586509705
YGL163C,YDL021W,0,0.024540007,0.16949152946472168,0.9800000190734863,0.48019999265670776
YJL034W,YMR189W,0,0.024077475,0.16946221888065338,0.9800000190734863,0.48030000925064087
YOR192C,YOR098C,0,0.023705304,0.16943292319774628,0.9800000190734863,0.4803999960422516
YDR129C,YCR012W,0,0.02366659,0.16940362751483917,0.9800000190734863,0.4805000126361847
YOR158W,YOR202W,0,0.02355951,0.16937434673309326,0.9800000190734863,0.4805999994277954
YJL127C,YMR193W,0,0.023502022,0.16934508085250854,0.9800000190734863,0.48069998621940613
YKL045W,YJL063C,0,0.023461431,0.16931582987308502,0.9800000190734863,0.48080000281333923
YKR099C-A,YJL030W,0,0.02326715,0.1692865788936615,0.9800000190734863,0.48089998960494995
YER122C,YLR131C,0,0.023258656,0.16925734281539917,0.9800000190734863,0.48100000619888306
YNR028W,YOR292C,0,0.023204297,0.16922810673713684,0.9800000190734863,0.4810999929904938
YPR004C,YMR117C,0,0.022963554,0.1691989004611969,0.9800000190734863,0.4812000095844269
YHL025W,YLR321C,0,0.022895604,0.16916969418525696,0.9800000190734863,0.4812999963760376
YNL194C,YIR035C,0,0.022570312,0.16914048790931702,0.9800000190734863,0.4814000129699707
YPR029C,YOL086W-A,0,0.022338778,0.16911129653453827,0.9800000190734863,0.4814999997615814
YDR110W,YDR427W,0,0.022184223,0.16908212006092072,0.9800000190734863,0.48159998655319214
YGL174W,YOR064C,0,0.021735162,0.16905295848846436,0.9800000190734863,0.48170000314712524
YBL041W,YPL134C,0,0.021718115,0.169023796916008,0.9800000190734863,0.48179998993873596
YOR256C,YHR185C,0,0.021358997,0.16899465024471283,0.9800000190734863,0.48190000653266907
YHL050C,YGL243W,0,0.021147162,0.16896551847457886,0.9800000190734863,0.4819999933242798
YNL059C,YDL022W,0,0.02104184,0.16893638670444489,0.9800000190734863,0.4821000099182129
YHL038C,YFL066C,0,0.02079904,0.1689072698354721,0.9800000190734863,0.4821999967098236
YLL006W,YPR002W,0,0.02063176,0.16887816786766052,0.9800000190734863,0.4823000133037567
YOR297C,YDL124W,0,0.02037546,0.16884906589984894,0.9800000190734863,0.48240000009536743
YDR073W,YGL226C-A,0,0.020262748,0.16881997883319855,0.9800000190734863,0.48249998688697815
YLR103C,YJR090C,0,0.020253628,0.16879090666770935,0.9800000190734863,0.48260000348091125
YBR109C,YDL104C,0,0.019846499,0.16876183450222015,0.9800000190734863,0.482699990272522
YLL031C,YGR266W,0,0.019708127,0.16873277723789215,0.9800000190734863,0.4828000068664551
YAL024C,YDL012C,0,0.019419014,0.16870373487472534,0.9800000190734863,0.4828999936580658
YBL092W,YKL073W,0,0.019359648,0.16867469251155853,0.9800000190734863,0.4830000102519989
YOR252W,YBL050W,0,0.018613607,0.16864566504955292,0.9800000190734863,0.4830999970436096
YNL008C,YPL207W,0,0.018565804,0.1686166524887085,0.9800000190734863,0.4832000136375427
YKR080W,YOL068C,0,0.018457502,0.16858765482902527,0.9800000190734863,0.48330000042915344
YOL029C,YML019W,0,0.018387556,0.16855865716934204,0.9800000190734863,0.48339998722076416
YLR136C,YBL003C,0,0.018028796,0.1685296595096588,0.9800000190734863,0.48350000381469727
YDR383C,YPL240C,0,0.018020838,0.16850069165229797,0.9800000190734863,0.483599990606308
YBR103W,YJR088C,0,0.017959803,0.16847172379493713,0.9800000190734863,0.4837000072002411
YMR176W,YAL028W,0,0.01775989,0.1684427708387375,0.9800000190734863,0.4837999939918518
YOR258W,YOL128C,0,0.01769799,0.16841381788253784,0.9800000190734863,0.4839000105857849
YDR100W,YPL275W,0,0.017608613,0.1683848798274994,0.9800000190734863,0.48399999737739563
YLR226W,YBR054W,0,0.017258137,0.16835595667362213,0.9800000190734863,0.48410001397132874
YKL188C,YOR188W,0,0.017065108,0.16832703351974487,0.9800000190734863,0.48420000076293945
YJR113C,YML092C,0,0.016987354,0.1682981252670288,0.9800000190734863,0.48429998755455017
YGR084C,YNL305C,0,0.016737849,0.16826923191547394,0.9800000190734863,0.4844000041484833
YIL083C,YJL100W,0,0.016314834,0.16824033856391907,0.9800000190734863,0.484499990940094
YGL061C,YHR211W,0,0.015944958,0.1682114601135254,0.9800000190734863,0.4846000075340271
YJL034W,YPL147W,0,0.015785992,0.1681825965642929,0.9800000190734863,0.4846999943256378
YOR110W,YGR217W,0,0.015319735,0.16815374791622162,0.9800000190734863,0.4848000109195709
YDL119C,YPR111W,0,0.015271574,0.16812489926815033,0.9800000190734863,0.48489999771118164
YLR220W,YDL066W,0,0.01498422,0.16809605062007904,0.9800000190734863,0.48500001430511475
YOL116W,YDR363W,0,0.014819235,0.16806723177433014,0.9800000190734863,0.48510000109672546
YLR278C,YMR272C,0,0.014596999,0.16803841292858124,0.9800000190734863,0.4851999878883362
YLR388W,YGR091W,0,0.014557153,0.16800959408283234,0.9800000190734863,0.4853000044822693
YGL175C,YPL170W,0,0.014372379,0.16798080503940582,0.9800000190734863,0.48539999127388
YKL085W,YHR103W,0,0.014297545,0.1679520159959793,0.9800000190734863,0.4855000078678131
YGL219C,YLR150W,0,0.014215678,0.167923241853714,0.9800000190734863,0.48559999465942383
YPL236C,YFL066C,0,0.0142094195,0.16789446771144867,0.9800000190734863,0.48570001125335693
YDR338C,YEL077C,0,0.013393819,0.16786570847034454,0.9800000190734863,0.48579999804496765
YJR078W,YOR088W,0,0.0128801465,0.1678369641304016,0.9800000190734863,0.48590001463890076
YDR541C,YLR360W,0,0.012827009,0.16780821979045868,0.9800000190734863,0.4860000014305115
YBR218C,YPL066W,0,0.0127182305,0.16777949035167694,0.9800000190734863,0.4860999882221222
YOR158W,YDL149W,0,0.012714624,0.1677507758140564,0.9800000190734863,0.4862000048160553
YIL052C,YJR053W,0,0.012633383,0.16772206127643585,0.9800000190734863,0.486299991607666
YOR311C,YOR351C,0,0.012574792,0.1676933616399765,0.9800000190734863,0.4864000082015991
YLL051C,YBR169C,0,0.01252833,0.16766467690467834,0.9800000190734863,0.48649999499320984
YJR096W,YEL020W-A,0,0.012491435,0.1676359921693802,0.9800000190734863,0.48660001158714294
YBL050W,YHR122W,0,0.012316674,0.16760732233524323,0.9800000190734863,0.48669999837875366
YDL049C,YJR027W,0,0.011975229,0.16757865250110626,0.9800000190734863,0.4867999851703644
YJL095W,YOR285W,0,0.011938751,0.1675500124692917,0.9800000190734863,0.4869000017642975
YJL123C,YMR074C,0,0.011230826,0.1675213724374771,0.9800000190734863,0.4869999885559082
YDR173C,YBR084C-A,0,0.0111374855,0.16749273240566254,0.9800000190734863,0.4871000051498413
YLR292C,YPL083C,0,0.011015236,0.16746412217617035,0.9800000190734863,0.487199991941452
YOL107W,YKL022C,0,0.010681421,0.16743549704551697,0.9800000190734863,0.48730000853538513
YMR237W,YDR452W,0,0.010303587,0.16740690171718597,0.9800000190734863,0.48739999532699585
YPR100W,YBL005W-B,0,0.010111332,0.16737830638885498,0.9800000190734863,0.48750001192092896
YHR119W,YDL181W,0,0.009835988,0.16734972596168518,0.9800000190734863,0.4875999987125397
YMR231W,YGR224W,0,0.009589553,0.16732116043567657,0.9800000190734863,0.4876999855041504
YMR262W,YIL156W,0,0.009546965,0.16729259490966797,0.9800000190734863,0.4878000020980835
YPL110C,YKR079C,0,0.009032458,0.16726404428482056,0.9800000190734863,0.4878999888896942
YHR005C-A,YKL071W,0,0.008856863,0.16723549365997314,0.9800000190734863,0.4880000054836273
YCL062W,YNL031C,0,0.008497864,0.16720695793628693,0.9800000190734863,0.48809999227523804
YHR104W,YKR031C,0,0.008470625,0.1671784371137619,0.9800000190734863,0.48820000886917114
YNL175C,YLR025W,0,0.00808689,0.16714991629123688,0.9800000190734863,0.48829999566078186
YDR207C,YMR189W,0,0.0074535906,0.16712142527103424,0.9800000190734863,0.48840001225471497
YGL186C,YLR394W,0,0.0072669983,0.1670929193496704,0.9800000190734863,0.4884999990463257
YNR073C,YOL027C,0,0.0066157877,0.16706444323062897,0.9800000190734863,0.4885999858379364
YDL139C,YIL063C,0,0.006445378,0.16703596711158752,0.9800000190734863,0.4887000024318695
YDR039C,YOR253W,0,0.0064130127,0.16700749099254608,0.9800000190734863,0.4887999892234802
YJR118C,YDR100W,0,0.0062984526,0.16697904467582703,0.9800000190734863,0.48890000581741333
YDR273W,YHL028W,0,0.006123394,0.16695059835910797,0.9800000190734863,0.48899999260902405
YPR086W,YMR033W,0,0.0060611963,0.1669221669435501,0.9800000190734863,0.48910000920295715
YNL323W,YPL275W,0,0.006043583,0.16689373552799225,0.9800000190734863,0.48919999599456787
YDR002W,YLL017W,0,0.0059927106,0.16686531901359558,0.9800000190734863,0.489300012588501
YDR072C,YCR089W,0,0.005819738,0.1668369024991989,0.9800000190734863,0.4893999993801117
YCL062W,YJL083W,0,0.005808145,0.16680851578712463,0.9800000190734863,0.4894999861717224
YKL008C,YJL099W,0,0.005157262,0.16678012907505035,0.9800000190734863,0.4896000027656555
YBR294W,YIL173W,0,0.0050326884,0.16675174236297607,0.9800000190734863,0.48969998955726624
YLL003W,YLR391W,0,0.004658699,0.166723370552063,0.9800000190734863,0.48980000615119934
YNL180C,YIL056W,0,0.004532188,0.1666950136423111,0.9800000190734863,0.48989999294281006
YJR138W,YOR371C,0,0.004267484,0.1666666716337204,0.9800000190734863,0.49000000953674316
YGL259W,YHL012W,0,0.0037224293,0.1666383296251297,0.9800000190734863,0.4900999963283539
YML061C,YIL105C,0,0.0037105083,0.1666100025177002,0.9800000190734863,0.490200012922287
YHR061C,YGR199W,0,0.0036672652,0.1665816754102707,0.9800000190734863,0.4902999997138977
YOR016C,YJL134W,0,0.0032764673,0.16655336320400238,0.9800000190734863,0.4903999865055084
YPL151C,YER014W,0,0.0032028854,0.16652506589889526,0.9800000190734863,0.49050000309944153
YOL039W,YOL154W,0,0.003116697,0.16649676859378815,0.9800000190734863,0.49059998989105225
YPR094W,YHR190W,0,0.0024903119,0.16646848618984222,0.9800000190734863,0.49070000648498535
YKL161C,YMR055C,0,0.0024228692,0.1664402186870575,0.9800000190734863,0.49079999327659607
YPL075W,YCL032W,0,0.0023634434,0.16641195118427277,0.9800000190734863,0.4909000098705292
YLR404W,YCL074W,0,0.0022287667,0.16638369858264923,0.9800000190734863,0.4909999966621399
YBL091C-A,YJR151C,0,0.0021302998,0.1663554608821869,0.9800000190734863,0.491100013256073
YGR023W,YMR193W,0,0.0019975603,0.16632722318172455,0.9800000190734863,0.4912000000476837
YKR018C,YLR013W,0,0.0017032921,0.1662990003824234,0.9800000190734863,0.49129998683929443
YDL084W,YCR024C,0,0.0016675293,0.16627077758312225,0.9800000190734863,0.49140000343322754
YJL203W,YKL196C,0,0.0015713573,0.1662425845861435,0.9800000190734863,0.49149999022483826
YEL027W,YFR016C,0,0.0014567673,0.16621437668800354,0.9800000190734863,0.49160000681877136
YGR287C,YHR214C-B,0,0.0014109015,0.16618619859218597,0.9800000190734863,0.4916999936103821
YPL224C,YFR004W,0,0.0011522472,0.1661580204963684,0.9800000190734863,0.4918000102043152
YOR032C,YDR322C-A,0,0.0011321604,0.16612985730171204,0.9800000190734863,0.4918999969959259
YFR024C,YDL142C,0,0.0010979176,0.16610169410705566,0.9800000190734863,0.492000013589859
YHL033C,YER074W-A,0,0.00091043115,0.16607354581356049,0.9800000190734863,0.4921000003814697
YCL020W,YGL087C,0,0.00087222457,0.1660454124212265,0.9800000190734863,0.49219998717308044
YKL071W,YDL216C,0,0.00079619884,0.16601727902889252,0.9800000190734863,0.49230000376701355
YMR194W,YBR019C,0,0.0006554723,0.16598916053771973,0.9800000190734863,0.49239999055862427
YCR026C,YLR164W,0,0.00056913495,0.16596105694770813,0.9800000190734863,0.4925000071525574
YLR284C,YOR008C,0,0.00037923455,0.16593295335769653,0.9800000190734863,0.4925999939441681
YLR263W,YAL031C,0,0.0002348721,0.16590486466884613,0.9800000190734863,0.4927000105381012
YKR095W-A,YGL167C,0,0.00013360381,0.16587677597999573,0.9800000190734863,0.4927999973297119
YNR059W,YHR135C,0,-0.00027167797,0.16584870219230652,0.9800000190734863,0.492900013923645
YLL005C,YPL134C,0,-0.000513345,0.1658206433057785,0.9800000190734863,0.49300000071525574
YOL090W,YGR138C,0,-0.00076660514,0.1657925844192505,0.9800000190734863,0.49309998750686646
YFL035C,YDL232W,0,-0.0009147525,0.16576454043388367,0.9800000190734863,0.49320000410079956
YLL029W,YOR054C,0,-0.0010873675,0.16573651134967804,0.9800000190734863,0.4932999908924103
YNL045W,YGR046W,0,-0.0013644397,0.1657084822654724,0.9800000190734863,0.4934000074863434
YDR338C,YDR019C,0,-0.0013933778,0.16568046808242798,0.9800000190734863,0.4934999942779541
YBR130C,YLR043C,0,-0.0019766688,0.16565246880054474,0.9800000190734863,0.4936000108718872
YJL204C,YKL048C,0,-0.0020143986,0.1656244695186615,0.9800000190734863,0.4936999976634979
YKL141W,YLL016W,0,-0.0020987988,0.16559648513793945,0.9800000190734863,0.49380001425743103
YER028C,YBR095C,0,-0.0021694005,0.1655685007572174,0.9800000190734863,0.49390000104904175
YHR204W,YOR212W,0,-0.0022825897,0.16554054617881775,0.9800000190734863,0.49399998784065247
YPL075W,YAL061W,0,-0.0024072528,0.1655125766992569,0.9800000190734863,0.49410000443458557
YKL060C,YPR111W,0,-0.0025120676,0.16548463702201843,0.9800000190734863,0.4941999912261963
YJR054W,YMR041C,0,-0.0025411844,0.16545669734477997,0.9800000190734863,0.4943000078201294
YOR293W,YOR136W,0,-0.0025724173,0.1654287576675415,0.9800000190734863,0.4943999946117401
YDR415C,YOR283W,0,-0.0027738512,0.16540084779262543,0.9800000190734863,0.4945000112056732
YLR353W,YPL207W,0,-0.0028298795,0.16537293791770935,0.9800000190734863,0.49459999799728394
YDR259C,YNL056W,0,-0.002830416,0.16534502804279327,0.9800000190734863,0.49470001459121704
YNL090W,YKL022C,0,-0.0032375753,0.1653171330690384,0.9800000190734863,0.49480000138282776
YBR028C,YFL048C,0,-0.0032565296,0.1652892529964447,0.9800000190734863,0.4948999881744385
YCR097W,YGL181W,0,-0.0037758648,0.1652613878250122,0.9800000190734863,0.4950000047683716
YPR061C,YPR103W,0,-0.003874749,0.1652335226535797,0.9800000190734863,0.4950999915599823
YJR021C,YBR075W,0,-0.00404647,0.16520565748214722,0.9800000190734863,0.4952000081539154
YLR401C,YNL219C,0,-0.004113972,0.1651778221130371,0.9800000190734863,0.4952999949455261
YCL008C,YBR261C,0,-0.0045358837,0.165149986743927,0.9800000190734863,0.49540001153945923
YDR349C,YML058W,0,-0.004687488,0.1651221513748169,0.9800000190734863,0.49549999833106995
YKR019C,YBR096W,0,-0.0047802627,0.16509434580802917,0.9800000190734863,0.49559998512268066
YCR034W,YGR278W,0,-0.0049506724,0.16506652534008026,0.9800000190734863,0.49570000171661377
YNL106C,YMR226C,0,-0.005043328,0.16503873467445374,0.9800000190734863,0.4957999885082245
YDR323C,YNR052C,0,-0.0050759614,0.1650109440088272,0.9800000190734863,0.4959000051021576
YPL283C,YGL245W,0,-0.005552113,0.16498316824436188,0.9800000190734863,0.4959999918937683
YJR043C,YCL038C,0,-0.0065908134,0.16495539247989655,0.9800000190734863,0.4961000084877014
YLR011W,YIL082W-A,0,-0.006902188,0.1649276316165924,0.9800000190734863,0.49619999527931213
YOR208W,YKR064W,0,-0.0071982443,0.16489988565444946,0.9800000190734863,0.49630001187324524
YKR020W,YPL228W,0,-0.0074744523,0.16487213969230652,0.9800000190734863,0.49639999866485596
YKL206C,YBR139W,0,-0.007483095,0.16484440863132477,0.9800000190734863,0.4964999854564667
YKL175W,YMR274C,0,-0.0077810585,0.16481667757034302,0.9800000190734863,0.4966000020503998
YER013W,YCL005W-A,0,-0.007843018,0.16478897631168365,0.9800000190734863,0.4966999888420105
YPL169C,YLL027W,0,-0.00791499,0.1647612601518631,0.9800000190734863,0.4968000054359436
YLR447C,YGL053W,0,-0.007951617,0.16473357379436493,0.9800000190734863,0.4968999922275543
YBL063W,YKR075C,0,-0.008081108,0.16470588743686676,0.9800000190734863,0.4970000088214874
YOR256C,YEL043W,0,-0.008256435,0.1646782010793686,0.9800000190734863,0.49709999561309814
YMR053C,YKR042W,0,-0.008333117,0.1646505445241928,0.9800000190734863,0.49720001220703125
YER150W,YLR262C,0,-0.008372694,0.16462287306785583,0.9800000190734863,0.49729999899864197
YDR028C,YGL226W,0,-0.008469731,0.16459523141384125,0.9800000190734863,0.4973999857902527
YGR222W,YJR086W,0,-0.008553416,0.16456758975982666,0.9800000190734863,0.4975000023841858
YKL188C,YCR080W,0,-0.008782297,0.16453996300697327,0.9800000190734863,0.4975999891757965
YEL042W,YMR047C,0,-0.008936137,0.16451233625411987,0.9800000190734863,0.4977000057697296
YDL134C-A,YKL084W,0,-0.00895825,0.16448472440242767,0.9800000190734863,0.49779999256134033
YBR192W,YER050C,0,-0.009147584,0.16445712745189667,0.9800000190734863,0.49790000915527344
YMR065W,YGR277C,0,-0.009227246,0.16442953050136566,0.9800000190734863,0.49799999594688416
YLL002W,YMR268W-A,0,-0.009329647,0.16440194845199585,0.9800000190734863,0.49810001254081726
YLR143W,YLR191W,0,-0.009447008,0.16437436640262604,0.9800000190734863,0.498199999332428
YMR276W,YOR085W,0,-0.009729117,0.16434679925441742,0.9800000190734863,0.4982999861240387
YOL093W,YJR035W,0,-0.009753257,0.16431924700737,0.9800000190734863,0.4984000027179718
YKR065C,YLR118C,0,-0.010012656,0.16429169476032257,0.9800000190734863,0.4984999895095825
YLR391W,YEL034W,0,-0.01009953,0.16426415741443634,0.9800000190734863,0.4986000061035156
YOL062C,YLR262C,0,-0.010441035,0.1642366349697113,0.9800000190734863,0.49869999289512634
YIL056W,YGR198W,0,-0.010605961,0.16420911252498627,0.9800000190734863,0.49880000948905945
YNR017W,YBL080C,0,-0.010742813,0.16418160498142242,0.9800000190734863,0.49889999628067017
YDL134C,YLR299W,0,-0.011017621,0.16415409743785858,0.9800000190734863,0.49900001287460327
YFL011W,YBL058W,0,-0.011036366,0.16412660479545593,0.9800000190734863,0.499099999666214
YKL097W-A,YNL084C,0,-0.011103123,0.16409912705421448,0.9800000190734863,0.4991999864578247
YOR030W,YBL002W,0,-0.011530757,0.16407164931297302,0.9800000190734863,0.4993000030517578
YDR435C,YBR222C,0,-0.011664689,0.16404418647289276,0.9800000190734863,0.49939998984336853
YCL048W,YOL158C,0,-0.011735082,0.1640167385339737,0.9800000190734863,0.49950000643730164
YMR123W,YOL086W-A,0,-0.0120987,0.16398929059505463,0.9800000190734863,0.49959999322891235
YML056C,YGR266W,0,-0.012151986,0.16396185755729675,0.9800000190734863,0.49970000982284546
YGL071W,YER087W,0,-0.012396723,0.16393442451953888,0.9800000190734863,0.4997999966144562
YNL138W-A,YNL309W,0,-0.012758106,0.1639070063829422,0.9800000190734863,0.4999000132083893
YBR100W,YMR032W,0,-0.012793779,0.1638796031475067,0.9800000190734863,0.5
YOL086W-A,YMR024W,0,-0.01283586,0.16385219991207123,0.9800000190734863,0.5001000165939331
YNL250W,YHR156C,0,-0.012985557,0.16382481157779694,0.9800000190734863,0.5001999735832214
YOR329C,YOR176W,0,-0.013618857,0.16379742324352264,0.9800000190734863,0.5002999901771545
YKL171W,YER093C,0,-0.0136959255,0.16377004981040955,0.9800000190734863,0.5004000067710876
YBL084C,YKL006C-A,0,-0.013789952,0.16374269127845764,0.9800000190734863,0.5005000233650208
YDL189W,YKL107W,0,-0.013851404,0.16371533274650574,0.9800000190734863,0.5005999803543091
YKL064W,YPL164C,0,-0.014024109,0.16368798911571503,0.9800000190734863,0.5006999969482422
YEL042W,YFR053C,0,-0.014035016,0.1636606603860855,0.9800000190734863,0.5008000135421753
YOR375C,YFL025C,0,-0.014158875,0.163633331656456,0.9800000190734863,0.5008999705314636
YJL210W,YFL066C,0,-0.014889628,0.16360600292682648,0.9800000190734863,0.5009999871253967
YOR272W,YOL151W,0,-0.015007585,0.16357870399951935,0.9800000190734863,0.5011000037193298
YNL167C,YGR245C,0,-0.015204728,0.16355140507221222,0.9800000190734863,0.5012000203132629
YLR208W,YDR470C,0,-0.01538527,0.1635241061449051,0.9800000190734863,0.5012999773025513
YMR092C,YPL141C,0,-0.015401095,0.16349683701992035,0.9800000190734863,0.5013999938964844
YMR250W,YCR045C,0,-0.01550445,0.16346955299377441,0.9800000190734863,0.5015000104904175
YKL146W,YDL156W,0,-0.015760839,0.16344229876995087,0.9800000190734863,0.5016000270843506
YIR003W,YLR272C,0,-0.015904695,0.16341504454612732,0.9800000190734863,0.5016999840736389
YOL115W,YCL026C-A,0,-0.016086012,0.16338779032230377,0.9800000190734863,0.501800000667572
YGL046W,YGL163C,0,-0.016295344,0.1633605659008026,0.9800000190734863,0.5019000172615051
YML082W,YMR295C,0,-0.016441375,0.16333332657814026,0.9800000190734863,0.5019999742507935
YKL148C,YGR049W,0,-0.01663196,0.1633061170578003,0.9800000190734863,0.5020999908447266
YLR066W,YPR148C,0,-0.016640753,0.16327890753746033,0.9800000190734863,0.5022000074386597
YOL089C,YLR347C,0,-0.01666531,0.16325171291828156,0.9800000190734863,0.5023000240325928
YJR084W,YLR460C,0,-0.01672393,0.16322451829910278,0.9800000190734863,0.5023999810218811
YFR030W,YGR068C,0,-0.016845018,0.1631973385810852,0.9800000190734863,0.5024999976158142
YDR175C,YER143W,0,-0.016864628,0.16317015886306763,0.9800000190734863,0.5026000142097473
YGR028W,YOR354C,0,-0.017020077,0.16314299404621124,0.9800000190734863,0.5026999711990356
YNL251C,YLR300W,0,-0.017053217,0.16311584413051605,0.9800000190734863,0.5027999877929688
YOR335C,YFL055W,0,-0.017220587,0.16308869421482086,0.9800000190734863,0.5029000043869019
YOR106W,YDR222W,0,-0.01740387,0.16306155920028687,0.9800000190734863,0.503000020980835
YNL274C,YHR188C,0,-0.017984182,0.16303443908691406,0.9800000190734863,0.5030999779701233
YDR429C,YOR245C,0,-0.018070996,0.16300731897354126,0.9800000190734863,0.5031999945640564
YLR181C,YER155C,0,-0.018128604,0.16298021376132965,0.9800000190734863,0.5033000111579895
YHR112C,YJR043C,0,-0.01835379,0.16295310854911804,0.9800000190734863,0.5034000277519226
YNL021W,YFL052W,0,-0.018536001,0.16292601823806763,0.9800000190734863,0.5034999847412109
YHR091C,YMR153W,0,-0.018558592,0.1628989428281784,0.9800000190734863,0.503600001335144
YGL134W,YNL252C,0,-0.018608004,0.16287186741828918,0.9800000190734863,0.5037000179290771
YER103W,YGR207C,0,-0.01904419,0.16284479200839996,0.9800000190734863,0.5037999749183655
YCL003W,YJL094C,0,-0.01916492,0.16281774640083313,0.9800000190734863,0.5038999915122986
YHR003C,YOR191W,0,-0.019246846,0.1627907007932663,0.9800000190734863,0.5040000081062317
YCR091W,YKR077W,0,-0.01976937,0.16276365518569946,0.9800000190734863,0.5041000247001648
YCR028C-A,YDR468C,0,-0.020060927,0.16273663938045502,0.9800000190734863,0.5041999816894531
YJR010W,YLR333C,0,-0.020489544,0.16270960867404938,0.9800000190734863,0.5042999982833862
YJR120W,YML102W,0,-0.020524949,0.16268260776996613,0.9800000190734863,0.5044000148773193
YIR003W,YDL123W,0,-0.0205895,0.16265560686588287,0.9800000190734863,0.5044999718666077
YMR273C,YDL119C,0,-0.020990402,0.16262860596179962,0.9800000190734863,0.5045999884605408
YCR038C,YNR035C,0,-0.021110386,0.16260161995887756,0.9800000190734863,0.5047000050544739
YNR037C,YER054C,0,-0.021334857,0.1625746488571167,0.9800000190734863,0.504800021648407
YJL178C,YPR196W,0,-0.021394819,0.16254769265651703,0.9800000190734863,0.5048999786376953
YGR171C,YGR059W,0,-0.021488726,0.16252073645591736,0.9800000190734863,0.5049999952316284
YPR020W,YPL236C,0,-0.021579355,0.1624937802553177,0.9800000190734863,0.5051000118255615
YGL179C,YNL176C,0,-0.022046179,0.1624668389558792,0.9800000190734863,0.5052000284194946
YMR323W,YCR089W,0,-0.022320151,0.16243991255760193,0.9800000190734863,0.505299985408783
YNL113W,YGR254W,0,-0.022498518,0.16241298615932465,0.9800000190734863,0.5054000020027161
YIL168W,YDL140C,0,-0.02262196,0.16238607466220856,0.9800000190734863,0.5055000185966492
YGL181W,YCR011C,0,-0.02270633,0.16235917806625366,0.9800000190734863,0.5055999755859375
YJR109C,YPR055W,0,-0.022771627,0.16233228147029877,0.9800000190734863,0.5056999921798706
YML123C,YMR207C,0,-0.02294761,0.16230539977550507,0.9800000190734863,0.5058000087738037
YLL067C,YOL129W,0,-0.022961318,0.16227851808071136,0.9800000190734863,0.5059000253677368
YPL119C,YNL069C,0,-0.023174018,0.16225165128707886,0.9800000190734863,0.5059999823570251
YJL124C,YDR079C-A,0,-0.023308069,0.16222479939460754,0.9800000190734863,0.5060999989509583
YGR208W,YLR225C,0,-0.023741633,0.16219794750213623,0.9800000190734863,0.5062000155448914
YHR039C,YER071C,0,-0.023822099,0.1621711105108261,0.9800000190734863,0.5062999725341797
YNL026W,YBR028C,0,-0.023964405,0.162144273519516,0.9800000190734863,0.5063999891281128
YAR050W,YNL111C,0,-0.02411455,0.16211745142936707,0.9800000190734863,0.5065000057220459
YGL241W,YER108C,0,-0.024235338,0.16209064424037933,0.9800000190734863,0.506600022315979
YPL187W,YPR072W,0,-0.024446398,0.1620638370513916,0.9800000190734863,0.5066999793052673
YNL059C,YPR046W,0,-0.025089502,0.16203702986240387,0.9800000190734863,0.5067999958992004
YLR297W,YOL145C,0,-0.025150388,0.16201025247573853,0.9800000190734863,0.5069000124931335
YLR323C,YOR382W,0,-0.025215447,0.16198347508907318,0.9800000190734863,0.5070000290870667
YER028C,YJL197W,0,-0.025272906,0.16195669770240784,0.9800000190734863,0.507099986076355
YJL095W,YDR415C,0,-0.0254471,0.1619299352169037,0.9800000190734863,0.5072000026702881
YMR203W,YGL103W,0,-0.025618047,0.16190318763256073,0.9800000190734863,0.5073000192642212
YPR017C,YIR005W,0,-0.02564922,0.16187644004821777,0.9800000190734863,0.5073999762535095
YLL027W,YOL129W,0,-0.025893241,0.161849707365036,0.9800000190734863,0.5074999928474426
YDR131C,YER007C-A,0,-0.025929242,0.16182298958301544,0.9800000190734863,0.5076000094413757
YOR088W,YBR258C,0,-0.025954813,0.16179627180099487,0.9800000190734863,0.5077000260353088
YJR056C,YBL007C,0,-0.026223212,0.1617695540189743,0.9800000190734863,0.5077999830245972
YHR165C,YNL139C,0,-0.026249677,0.16174286603927612,0.9800000190734863,0.5078999996185303
YOR247W,YHR009C,0,-0.026334852,0.16171617805957794,0.9800000190734863,0.5080000162124634
YGR112W,YJL138C,0,-0.026728302,0.16168949007987976,0.9800000190734863,0.5080999732017517
YMR246W,YOR193W,0,-0.026735753,0.16166281700134277,0.9800000190734863,0.5081999897956848
YIR010W,YNL336W,0,-0.027021796,0.16163615882396698,0.9800000190734863,0.5083000063896179
YBR195C,YNL309W,0,-0.027231187,0.1616095006465912,0.9800000190734863,0.508400022983551
YNL058C,YDR198C,0,-0.027239472,0.1615828573703766,0.9800000190734863,0.5084999799728394
YLR216C,YAL068C,0,-0.027333528,0.161556214094162,0.9800000190734863,0.5085999965667725
YJR028W,YLR411W,0,-0.027495086,0.16152958571910858,0.9800000190734863,0.5087000131607056
YBL038W,YER031C,0,-0.02767402,0.16150297224521637,0.9800000190734863,0.5088000297546387
YJL013C,YEL060C,0,-0.027703434,0.16147635877132416,0.9800000190734863,0.508899986743927
YLR160C,YJL194W,0,-0.027754217,0.16144976019859314,0.9800000190734863,0.5090000033378601
YDR497C,YHL021C,0,-0.028097838,0.16142316162586212,0.9800000190734863,0.5091000199317932
YHL012W,YOR178C,0,-0.028167516,0.1613965779542923,0.9800000190734863,0.5091999769210815
YGR105W,YML039W,0,-0.028229892,0.16136999428272247,0.9800000190734863,0.5092999935150146
YGL098W,YGR108W,0,-0.028414458,0.16134342551231384,0.9800000190734863,0.5094000101089478
YBR290W,YFR027W,0,-0.028678387,0.1613168716430664,0.9800000190734863,0.5095000267028809
YMR104C,YLR067C,0,-0.028806418,0.16129031777381897,0.9800000190734863,0.5095999836921692
YOR327C,YOR064C,0,-0.029224366,0.16126377880573273,0.9800000190734863,0.5097000002861023
YFR019W,YAR035W,0,-0.029285342,0.16123725473880768,0.9800000190734863,0.5098000168800354
YKR098C,YJR046W,0,-0.02938959,0.16121073067188263,0.9800000190734863,0.5098999738693237
YBR078W,YNL081C,0,-0.029562414,0.16118420660495758,0.9800000190734863,0.5099999904632568
YEL036C,YKR018C,0,-0.029584914,0.16115769743919373,0.9800000190734863,0.5101000070571899
YIL082W-A,YLR113W,0,-0.029749602,0.16113120317459106,0.9800000190734863,0.510200023651123
YDR266C,YHR178W,0,-0.030555874,0.1611047238111496,0.9800000190734863,0.5102999806404114
YBL072C,YML127W,1,-0.031395346,0.16124260425567627,0.9810000061988831,0.5102999806404114
YLR165C,YNL232W,1,-0.031499594,0.16138043999671936,0.9819999933242798,0.5102999806404114
YJL066C,YDR508C,0,-0.03181526,0.1613539308309555,0.9819999933242798,0.5103999972343445
YKR018C,YNL181W,0,-0.032057106,0.16132742166519165,0.9819999933242798,0.5105000138282776
YLL028W,YOL013C,0,-0.03230259,0.1613009124994278,0.9819999933242798,0.5105999708175659
YPL053C,YOR011W,0,-0.03262618,0.16127443313598633,0.9819999933242798,0.510699987411499
YJL113W,YGR083C,0,-0.033069402,0.16124795377254486,0.9819999933242798,0.5108000040054321
YAR050W,YHL034C,0,-0.034493923,0.1612214744091034,0.9819999933242798,0.5109000205993652
YIL017W,YMR268W-A,0,-0.034828395,0.16119500994682312,0.9819999933242798,0.5109999775886536
YNR030W,YPR187W,0,-0.034867942,0.16116856038570404,0.9819999933242798,0.5110999941825867
YGL200C,YNR067C,0,-0.034933984,0.16114211082458496,0.9819999933242798,0.5112000107765198
YMR228W,YLR145W,1,-0.035118848,0.16127973794937134,0.9829999804496765,0.5112000107765198
YCR038C,YGR235C,0,-0.03513953,0.16125327348709106,0.9829999804496765,0.5113000273704529
YDR225W,YJR026W,0,-0.035168916,0.16122683882713318,0.9829999804496765,0.5113999843597412
YNL281W,YBR191W,0,-0.03524986,0.1612003892660141,0.9829999804496765,0.5115000009536743
YPL262W,YPL183C,0,-0.03526947,0.1611739695072174,0.9829999804496765,0.5116000175476074
YDR427W,YGR049W,0,-0.035544068,0.16114753484725952,0.9829999804496765,0.5116999745368958
YKR098C,YGR055W,0,-0.03586203,0.16112112998962402,0.9829999804496765,0.5117999911308289
YIR010W,YJL117W,0,-0.035936445,0.16109472513198853,0.9829999804496765,0.511900007724762
YER139C,YMR260C,0,-0.03653553,0.16106832027435303,0.9829999804496765,0.5120000243186951
YGR212W,YLR092W,0,-0.036732793,0.16104194521903992,0.9829999804496765,0.5120999813079834
YEL024W,YDR311W,0,-0.03696704,0.1610155552625656,0.9829999804496765,0.5121999979019165
YGL196W,YMR133W,0,-0.036970675,0.1609891951084137,0.9829999804496765,0.5123000144958496
YOR073W,YNR071C,0,-0.037063032,0.16096283495426178,0.9829999804496765,0.5123999714851379
YOR327C,YLR382C,0,-0.037101448,0.16093647480010986,0.9829999804496765,0.512499988079071
YBR294W,YDR404C,0,-0.03710577,0.16091012954711914,0.9829999804496765,0.5126000046730042
YBL079W,YLR069C,0,-0.037191182,0.1608837991952896,0.9829999804496765,0.5127000212669373
YKL208W,YER006W,1,-0.03720215,0.16102111339569092,0.984000027179718,0.5127000212669373
YPR010C,YIR007W,0,-0.03734982,0.1609947681427002,0.984000027179718,0.5127999782562256
YKL063C,YDR246W,0,-0.037805706,0.16096842288970947,0.984000027179718,0.5128999948501587
YDR392W,YBL100W-B,0,-0.038161874,0.16094210743904114,0.984000027179718,0.5130000114440918
YPR191W,YJR090C,0,-0.038387448,0.1609157770872116,0.984000027179718,0.5131000280380249
YHR080C,YDL209C,0,-0.038520753,0.16088947653770447,0.984000027179718,0.5131999850273132
YBR021W,YMR119W,0,-0.03853622,0.16086316108703613,0.984000027179718,0.5133000016212463
YBL014C,YLR242C,0,-0.03858474,0.16083687543869019,0.984000027179718,0.5134000182151794
YKL126W,YLR384C,0,-0.038700014,0.16081058979034424,0.984000027179718,0.5134999752044678
YLR224W,YHR193C,0,-0.03872803,0.16078431904315948,0.984000027179718,0.5135999917984009
YOL148C,YJR055W,0,-0.038962573,0.16075804829597473,0.984000027179718,0.513700008392334
YLR328W,YLR154W-C,0,-0.03948924,0.16073179244995117,0.984000027179718,0.5138000249862671
YAL014C,YLR150W,0,-0.039512306,0.1607055366039276,0.984000027179718,0.5138999819755554
YGR275W,YPR196W,0,-0.03995654,0.16067929565906525,0.984000027179718,0.5139999985694885
YPR068C,YKR099W,0,-0.04038173,0.16065305471420288,0.984000027179718,0.5141000151634216
YBR126C,YPL056C,0,-0.04050103,0.1606268435716629,0.984000027179718,0.51419997215271
YDR528W,YKR046C,0,-0.040510565,0.16060061752796173,0.984000027179718,0.5142999887466431
YML111W,YOR017W,0,-0.040551454,0.16057440638542175,0.984000027179718,0.5144000053405762
YEL022W,YOL128C,0,-0.040631264,0.16054821014404297,0.984000027179718,0.5145000219345093
YKL203C,YBR018C,0,-0.04068458,0.16052202880382538,0.984000027179718,0.5145999789237976
YDR111C,YJL209W,0,-0.040926367,0.1604958474636078,0.984000027179718,0.5146999955177307
YKL205W,YHR037W,0,-0.0412865,0.1604696661233902,0.984000027179718,0.5148000121116638
YDR027C,YOR010C,0,-0.04135132,0.1604434996843338,0.984000027179718,0.5149000287055969
YJL174W,YGL172W,0,-0.04155031,0.1604173481464386,0.984000027179718,0.5149999856948853
YOR237W,YBR268W,0,-0.041638225,0.1603911966085434,0.984000027179718,0.5151000022888184
YBR020W,YER071C,0,-0.042172283,0.1603650599718094,0.984000027179718,0.5152000188827515
YGL115W,YOL119C,0,-0.042260677,0.16033892333507538,0.984000027179718,0.5152999758720398
YGL100W,YJR105W,0,-0.042278618,0.16031280159950256,0.984000027179718,0.5153999924659729
YKL208W,YCR055C,1,-0.042602003,0.1604495793581009,0.9850000143051147,0.5153999924659729
YPR020W,YMR105C,0,-0.04273182,0.16042345762252808,0.9850000143051147,0.515500009059906
YOR256C,YML022W,0,-0.04296118,0.16039733588695526,0.9850000143051147,0.5156000256538391
YPL137C,YFL023W,0,-0.043100506,0.16037121415138245,0.9850000143051147,0.5156999826431274
YPR006C,YLR060W,0,-0.043318838,0.16034510731697083,0.9850000143051147,0.5157999992370605
YPR135W,YJR077C,0,-0.04347852,0.1603190153837204,0.9850000143051147,0.5159000158309937
YDR518W,YOR260W,0,-0.04425633,0.16029292345046997,0.9850000143051147,0.515999972820282
YKL220C,YHR214C-B,0,-0.044374198,0.16026684641838074,0.9850000143051147,0.5160999894142151
YPR110C,YGL183C,0,-0.044380218,0.1602407693862915,0.9850000143051147,0.5162000060081482
YML058W-A,YOR149C,0,-0.044568002,0.16021470725536346,0.9850000143051147,0.5163000226020813
YPL200W,YDR191W,0,-0.044760376,0.16018864512443542,0.9850000143051147,0.5163999795913696
YNL288W,YJR048W,0,-0.04505077,0.16016259789466858,0.9850000143051147,0.5164999961853027
YNL125C,YIL085C,0,-0.04570198,0.16013656556606293,0.9850000143051147,0.5166000127792358
YKL222C,YGR167W,0,-0.045855165,0.16011053323745728,0.9850000143051147,0.516700029373169
YFR027W,YDR113C,0,-0.045929283,0.16008451581001282,0.9850000143051147,0.5167999863624573
YPR175W,YBR274W,0,-0.045953512,0.16005849838256836,0.9850000143051147,0.5169000029563904
YJR140C,YHR005C-A,0,-0.046090454,0.1600324958562851,0.9850000143051147,0.5170000195503235
YER019W,YOR149C,0,-0.046398044,0.16000649333000183,0.9850000143051147,0.5170999765396118
YNL106C,YNL062C,0,-0.04651919,0.15998050570487976,0.9850000143051147,0.5171999931335449
YML111W,YIR038C,0,-0.046530336,0.15995453298091888,0.9850000143051147,0.517300009727478
YOR284W,YKR103W,0,-0.047895253,0.159928560256958,0.9850000143051147,0.5174000263214111
YLR064W,YMR167W,0,-0.048229396,0.15990260243415833,0.9850000143051147,0.5174999833106995
YGL045W,YGR004W,0,-0.04832533,0.15987664461135864,0.9850000143051147,0.5175999999046326
YBL071W-A,YER039C,0,-0.048436075,0.15985070168972015,0.9850000143051147,0.5177000164985657
YHR146W,YHR114W,0,-0.048633486,0.15982475876808167,0.9850000143051147,0.517799973487854
YER004W,YMR242C,0,-0.048709184,0.15979883074760437,0.9850000143051147,0.5178999900817871
YLR429W,YPL104W,0,-0.04881087,0.15977291762828827,0.9850000143051147,0.5180000066757202
YKL155C,YPR030W,0,-0.048996955,0.15974700450897217,0.9850000143051147,0.5181000232696533
YNL020C,YPL252C,0,-0.049408227,0.15972109138965607,0.9850000143051147,0.5181999802589417
YIL048W,YDR415C,0,-0.04971856,0.15969520807266235,0.9850000143051147,0.5182999968528748
YIL082W-A,YHL001W,0,-0.04975292,0.15966930985450745,0.9850000143051147,0.5184000134468079
YDR028C,YHR084W,0,-0.050101697,0.15964344143867493,0.9850000143051147,0.5184999704360962
YLL066C,YJL024C,0,-0.050251275,0.1596175730228424,0.9850000143051147,0.5185999870300293
YOR060C,YLR083C,0,-0.050317854,0.1595917046070099,0.9850000143051147,0.5187000036239624
YOR266W,YKL141W,0,-0.050361007,0.15956585109233856,0.9850000143051147,0.5188000202178955
YOR239W,YIL122W,0,-0.050476313,0.15954001247882843,0.9850000143051147,0.5188999772071838
YPR133C,YEL043W,0,-0.050538093,0.1595141738653183,0.9850000143051147,0.5189999938011169
YPR091C,YBR133C,0,-0.050621748,0.15948833525180817,0.9850000143051147,0.51910001039505
YMR091C,YMR251W-A,0,-0.050637692,0.15946252644062042,0.9850000143051147,0.5192000269889832
YPL040C,YNR051C,0,-0.050870866,0.15943671762943268,0.9850000143051147,0.5192999839782715
YJR083C,YBR196C,0,-0.05089441,0.15941090881824493,0.9850000143051147,0.5194000005722046
YLL067C,YJR125C,0,-0.05137679,0.15938511490821838,0.9850000143051147,0.5195000171661377
YER150W,YNR053C,0,-0.051972777,0.15935932099819183,0.9850000143051147,0.519599974155426
YOL077W-A,YDL070W,0,-0.052049786,0.15933354198932648,0.9850000143051147,0.5196999907493591
YML031W,YJL206C,0,-0.052173525,0.15930777788162231,0.9850000143051147,0.5198000073432922
YER093C,YKR018C,0,-0.052266628,0.15928201377391815,0.9850000143051147,0.5199000239372253
YPL170W,YOR095C,0,-0.052279055,0.15925626456737518,0.9850000143051147,0.5199999809265137
YPL086C,YIL041W,0,-0.052720636,0.15923051536083221,0.9850000143051147,0.5200999975204468
YJR149W,YAL016W,0,-0.05278465,0.15920478105545044,0.9850000143051147,0.5202000141143799
YLR154W-C,YNL048W,0,-0.052921414,0.15917906165122986,0.9850000143051147,0.5202999711036682
YKL048C,YCR068W,0,-0.053027123,0.15915334224700928,0.9850000143051147,0.5203999876976013
YMR032W,YGL124C,0,-0.05341953,0.1591276228427887,0.9850000143051147,0.5205000042915344
YLL015W,YML075C,0,-0.05344227,0.1591019183397293,0.9850000143051147,0.5206000208854675
YOL043C,YLL041C,0,-0.053518206,0.15907622873783112,0.9850000143051147,0.5206999778747559
YFR024C,YDR244W,0,-0.05351904,0.15905053913593292,0.9850000143051147,0.520799994468689
YIR021W,YBL067C,0,-0.053741664,0.15902486443519592,0.9850000143051147,0.5209000110626221
YFL018W-A,YMR251W-A,0,-0.053864926,0.15899918973445892,0.9850000143051147,0.5210000276565552
YKR098C,YKR102W,0,-0.053901404,0.15897352993488312,0.9850000143051147,0.5210999846458435
YNR055C,YGR044C,0,-0.054100543,0.1589478850364685,0.9850000143051147,0.5212000012397766
YLR406C,YOL023W,0,-0.05413106,0.1589222401380539,0.9850000143051147,0.5213000178337097
YNL258C,YNL052W,0,-0.05423975,0.15889659523963928,0.9850000143051147,0.521399974822998
YOR007C,YKL073W,0,-0.05483949,0.15887096524238586,0.9850000143051147,0.5214999914169312
YEL019C,YPR026W,0,-0.0550569,0.15884535014629364,0.9850000143051147,0.5216000080108643
YIL037C,YLR390W-A,0,-0.055193603,0.15881973505020142,0.9850000143051147,0.5217000246047974
YGR091W,YIL170W,0,-0.055369437,0.15879413485527039,0.9850000143051147,0.5217999815940857
YPR131C,YIL094C,0,-0.055921674,0.15876853466033936,0.9850000143051147,0.5218999981880188
YPL046C,YGR157W,0,-0.056181014,0.15874294936656952,0.9850000143051147,0.5220000147819519
YMR241W,YMR118C,0,-0.05641204,0.15871736407279968,0.9850000143051147,0.5220999717712402
YLR178C,YGL023C,0,-0.05645168,0.15869179368019104,0.9850000143051147,0.5221999883651733
YIL067C,YEL003W,0,-0.05667904,0.1586662381887436,0.9850000143051147,0.5223000049591064
YKR020W,YLR312W-A,0,-0.05722463,0.15864068269729614,0.9850000143051147,0.5224000215530396
YJL130C,YIL011W,0,-0.057225555,0.1586151421070099,0.9850000143051147,0.5224999785423279
YKL138C-A,YDR304C,0,-0.0577676,0.15858960151672363,0.9850000143051147,0.522599995136261
YMR104C,YBR274W,0,-0.058081955,0.15856407582759857,0.9850000143051147,0.5227000117301941
YCR088W,YKL077W,0,-0.05811569,0.1585385501384735,0.9850000143051147,0.5228000283241272
YLL042C,YDR244W,0,-0.058133483,0.15851303935050964,0.9850000143051147,0.5228999853134155
YDL140C,YIL073C,0,-0.058187544,0.15848752856254578,0.9850000143051147,0.5230000019073486
YIL098C,YPL088W,0,-0.058281094,0.1584620326757431,0.9850000143051147,0.5231000185012817
YBR068C,YDR489W,0,-0.05828175,0.15843655169010162,0.9850000143051147,0.5231999754905701
YCR020W-B,YHR179W,0,-0.05843112,0.15841107070446014,0.9850000143051147,0.5232999920845032
YGR212W,YLR360W,0,-0.058511972,0.15838558971881866,0.9850000143051147,0.5234000086784363
YNL197C,YJL087C,0,-0.058525145,0.15836012363433838,0.9850000143051147,0.5235000252723694
YER018C,YOR215C,0,-0.05957368,0.1583346724510193,0.9850000143051147,0.5235999822616577
YHR005C,YKL048C,0,-0.059608877,0.1583092212677002,0.9850000143051147,0.5236999988555908
YJL181W,YFL013C,0,-0.059649497,0.1582837849855423,0.9850000143051147,0.5238000154495239
YHR174W,YOL062C,0,-0.05996746,0.1582583487033844,0.9850000143051147,0.5238999724388123
YBR204C,YLR321C,0,-0.06022182,0.1582329273223877,0.9850000143051147,0.5239999890327454
YPR128C,YKL065C,0,-0.060386598,0.15820752084255219,0.9850000143051147,0.5241000056266785
YNL145W,YLR305C,0,-0.060449034,0.15818211436271667,0.9850000143051147,0.5242000222206116
YOR319W,YBL063W,0,-0.060550123,0.15815670788288116,0.9850000143051147,0.5242999792098999
YGL071W,YNL008C,0,-0.060551167,0.15813131630420685,0.9850000143051147,0.524399995803833
YPL162C,YCR012W,0,-0.061175227,0.15810593962669373,0.9850000143051147,0.5245000123977661
YOR032C,YOR188W,0,-0.061274678,0.1580805629491806,0.9850000143051147,0.5246000289916992
YMR134W,YKL084W,0,-0.061477512,0.15805520117282867,0.9850000143051147,0.5246999859809875
YLL057C,YMR047C,0,-0.061715364,0.15802983939647675,0.9850000143051147,0.5248000025749207
YPR133C,YOR255W,0,-0.062283546,0.158004492521286,0.9850000143051147,0.5249000191688538
YDR079W,YHR200W,0,-0.062391967,0.15797914564609528,0.9850000143051147,0.5249999761581421
YOR022C,YLR292C,0,-0.062561154,0.15795381367206573,0.9850000143051147,0.5250999927520752
YDL022W,YHR193C,0,-0.06263894,0.1579284965991974,0.9850000143051147,0.5252000093460083
YOL051W,YKL071W,0,-0.062681824,0.15790317952632904,0.9850000143051147,0.5253000259399414
YDL145C,YOL107W,0,-0.06279692,0.1578778624534607,0.9850000143051147,0.5253999829292297
YML127W,YOR243C,1,-0.062812656,0.15801282227039337,0.9860000014305115,0.5253999829292297
YJL091C,YGL107C,0,-0.062972516,0.15798750519752502,0.9860000014305115,0.5254999995231628
YNL093W,YEL077C,0,-0.063001394,0.15796218812465668,0.9860000014305115,0.525600016117096
YJR004C,YOL082W,0,-0.06354192,0.15793688595294952,0.9860000014305115,0.5256999731063843
YPL171C,YDR019C,0,-0.06358904,0.15791159868240356,0.9860000014305115,0.5257999897003174
YPR133C,YLR178C,0,-0.06372169,0.1578863114118576,0.9860000014305115,0.5259000062942505
YDR309C,YGL020C,0,-0.06387797,0.15786102414131165,0.9860000014305115,0.5260000228881836
YJR057W,YGL060W,0,-0.06449512,0.15783576667308807,0.9860000014305115,0.5260999798774719
YER052C,YBR279W,0,-0.06451976,0.1578104943037033,0.9860000014305115,0.526199996471405
YGL062W,YJL047C,0,-0.064566076,0.15778525173664093,0.9860000014305115,0.5263000130653381
YKR080W,YGR048W,0,-0.06480387,0.15775999426841736,0.9860000014305115,0.5264000296592712
YKL124W,YDL211C,0,-0.06520137,0.15773476660251617,0.9860000014305115,0.5264999866485596
YER090W,YPR075C,0,-0.06525698,0.157709538936615,0.9860000014305115,0.5266000032424927
YNL131W,YOL069W,0,-0.06564954,0.1576843112707138,0.9860000014305115,0.5267000198364258
YLR401C,YGL087C,0,-0.06576955,0.15765909850597382,0.9860000014305115,0.5267999768257141
YBR169C,YDR040C,0,-0.06580517,0.15763388574123383,0.9860000014305115,0.5268999934196472
YER149C,YEL034W,0,-0.06580773,0.15760870277881622,0.9860000014305115,0.5270000100135803
YLR066W,YER119C,0,-0.06595534,0.15758350491523743,0.9860000014305115,0.5271000266075134
YJL098W,YGL033W,0,-0.06605944,0.15755832195281982,0.9860000014305115,0.5271999835968018
YGR180C,YBL089W,0,-0.06618953,0.15753315389156342,0.9860000014305115,0.5273000001907349
YBR112C,YER123W,0,-0.06624678,0.157507985830307,0.9860000014305115,0.527400016784668
YGR203W,YOR060C,0,-0.06651661,0.1574828326702118,0.9860000014305115,0.5274999737739563
YBR169C,YDR078C,0,-0.06678864,0.15745767951011658,0.9860000014305115,0.5275999903678894
YDR235W,YDL025C,0,-0.06682786,0.15743254125118256,0.9860000014305115,0.5277000069618225
YMR160W,YMR021C,0,-0.06703532,0.15740740299224854,0.9860000014305115,0.5278000235557556
YKL018W,YGL170C,0,-0.0673219,0.1573822796344757,0.9860000014305115,0.527899980545044
YHR214W,YOL126C,0,-0.06852624,0.15735717117786407,0.9860000014305115,0.527999997138977
YFR031C,YOR009W,0,-0.06854245,0.15733206272125244,0.9860000014305115,0.5281000137329102
YNL122C,YHL026C,0,-0.068718106,0.1573069542646408,0.9860000014305115,0.5281999707221985
YGR099W,YER028C,0,-0.06872994,0.15728186070919037,0.9860000014305115,0.5282999873161316
YGL169W,YCL044C,0,-0.06884715,0.15725678205490112,0.9860000014305115,0.5284000039100647
YBR002C,YNL092W,0,-0.06987777,0.15723170340061188,0.9860000014305115,0.5285000205039978
YBL113C,YDL175C,0,-0.06995481,0.15720663964748383,0.9860000014305115,0.5285999774932861
YKL174C,YLR256W,0,-0.07006207,0.15718157589435577,0.9860000014305115,0.5286999940872192
YDR476C,YPL099C,0,-0.07034299,0.15715651214122772,0.9860000014305115,0.5288000106811523
YLR285W,YKL221W,0,-0.07043108,0.15713147819042206,0.9860000014305115,0.5289000272750854
YNL014W,YPL128C,0,-0.07067284,0.1571064442396164,0.9860000014305115,0.5289999842643738
YHL027W,YCR043C,0,-0.07087937,0.15708141028881073,0.9860000014305115,0.5291000008583069
YOL034W,YGR172C,0,-0.07092908,0.15705639123916626,0.9860000014305115,0.52920001745224
YDR225W,YFR016C,0,-0.07134968,0.1570313721895218,0.9860000014305115,0.5292999744415283
YDL002C,YDR285W,0,-0.071989715,0.1570063680410385,0.9860000014305115,0.5293999910354614
YNL329C,YML132W,0,-0.07205132,0.15698137879371643,0.9860000014305115,0.5295000076293945
YBR118W,YML062C,0,-0.07214078,0.15695638954639435,0.9860000014305115,0.5296000242233276
YKR035W-A,YLR341W,0,-0.07267901,0.15693140029907227,0.9860000014305115,0.529699981212616
YDL156W,YBL006C,0,-0.072770625,0.15690642595291138,0.9860000014305115,0.5297999978065491
YNL274C,YNL097C,0,-0.07290685,0.15688146650791168,0.9860000014305115,0.5299000144004822
YGL250W,YOL097C,0,-0.07294971,0.156856507062912,0.9860000014305115,0.5299999713897705
YGL129C,YKL114C,0,-0.07317096,0.1568315625190735,0.9860000014305115,0.5300999879837036
YJR152W,YMR078C,0,-0.07351282,0.15680661797523499,0.9860000014305115,0.5302000045776367
YPL094C,YCR070W,0,-0.07364586,0.15678168833255768,0.9860000014305115,0.5303000211715698
YOR226C,YOL054W,0,-0.073648036,0.15675675868988037,0.9860000014305115,0.5303999781608582
YPL078C,YHL022C,0,-0.07374409,0.15673184394836426,0.9860000014305115,0.5304999947547913
YOR109W,YPR183W,0,-0.074231476,0.15670692920684814,0.9860000014305115,0.5306000113487244
YOR130C,YBR132C,0,-0.07451555,0.15668202936649323,0.9860000014305115,0.5307000279426575
YHR165C,YPR171W,0,-0.07463512,0.1566571295261383,0.9860000014305115,0.5307999849319458
YDR109C,YML032C,0,-0.07498023,0.15663224458694458,0.9860000014305115,0.5309000015258789
YHR008C,YIL037C,0,-0.075217456,0.15660737454891205,0.9860000014305115,0.531000018119812
YLR039C,YMR251W-A,0,-0.0756754,0.15658250451087952,0.9860000014305115,0.5310999751091003
YLR309C,YAR008W,0,-0.075880855,0.15655763447284698,0.9860000014305115,0.5311999917030334
YHL017W,YPL181W,0,-0.075921744,0.15653277933597565,0.9860000014305115,0.5313000082969666
YPL003W,YPL027W,0,-0.076404214,0.1565079391002655,0.9860000014305115,0.5314000248908997
YOL116W,YDR306C,0,-0.07641372,0.15648309886455536,0.9860000014305115,0.531499981880188
YKR065C,YBR026C,0,-0.07666424,0.1564582735300064,0.9860000014305115,0.5315999984741211
YGR183C,YBR135W,0,-0.07673225,0.15643344819545746,0.9860000014305115,0.5317000150680542
YPL130W,YLL014W,0,-0.076879025,0.1564086228609085,0.9860000014305115,0.5317999720573425
YDR518W,YLR054C,0,-0.076910526,0.15638382732868195,0.9860000014305115,0.5318999886512756
YCL018W,YNL027W,0,-0.07691792,0.1563590168952942,0.9860000014305115,0.5320000052452087
YNL106C,YJL181W,0,-0.07717237,0.15633423626422882,0.9860000014305115,0.5321000218391418
YPR037C,YLR268W,0,-0.07728881,0.15630945563316345,0.9860000014305115,0.5321999788284302
YBR201W,YGL203C,0,-0.07743558,0.15628467500209808,0.9860000014305115,0.5322999954223633
YDR108W,YDL021W,0,-0.077483624,0.1562599092721939,0.9860000014305115,0.5324000120162964
YML058W,YKL139W,0,-0.077568114,0.15623514354228973,0.9860000014305115,0.5325000286102295
YOR360C,YER007C-A,0,-0.07784742,0.15621039271354675,0.9860000014305115,0.5325999855995178
YLL054C,YER005W,0,-0.07848671,0.15618564188480377,0.9860000014305115,0.5327000021934509
YIL017W,YPL189W,0,-0.078950375,0.15616090595722198,0.9860000014305115,0.532800018787384
YLR321C,YJL194W,0,-0.07937491,0.1561361849308014,0.9860000014305115,0.5328999757766724
YLR408C,YDL054C,0,-0.07951549,0.1561114639043808,0.9860000014305115,0.5329999923706055
YEL030W,YOR258W,0,-0.07991004,0.1560867428779602,0.9860000014305115,0.5331000089645386
YIR034C,YDL232W,0,-0.08039063,0.156062051653862,0.9860000014305115,0.5332000255584717
YBR077C,YKL192C,0,-0.080537975,0.1560373455286026,0.9860000014305115,0.53329998254776
YPL246C,YLR092W,0,-0.0807026,0.1560126543045044,0.9860000014305115,0.5333999991416931
YNR060W,YLR005W,0,-0.08076659,0.15598797798156738,0.9860000014305115,0.5335000157356262
YAR003W,YLR055C,0,-0.08087322,0.15596330165863037,0.9860000014305115,0.5335999727249146
YJR152W,YFL035C,0,-0.08110115,0.15593864023685455,0.9860000014305115,0.5336999893188477
YNL250W,YCL040W,0,-0.08126676,0.15591397881507874,0.9860000014305115,0.5338000059127808
YDR240C,YER075C,0,-0.08139798,0.1558893322944641,0.9860000014305115,0.5339000225067139
YOR191W,YJL168C,0,-0.0815416,0.1558646857738495,0.9860000014305115,0.5339999794960022
YGL062W,YOR005C,0,-0.081556946,0.15584005415439606,0.9860000014305115,0.5340999960899353
YGR113W,YHR175W,0,-0.08168754,0.15581542253494263,0.9860000014305115,0.5342000126838684
YFR024C-A,YMR008C,0,-0.081759065,0.1557908058166504,0.9860000014305115,0.5343000292778015
YIL153W,YHR175W,0,-0.08179769,0.15576618909835815,0.9860000014305115,0.5343999862670898
YIR003W,YPR086W,0,-0.0819532,0.1557415872812271,0.9860000014305115,0.534500002861023
YDR506C,YNL065W,0,-0.08198899,0.15571700036525726,0.9860000014305115,0.534600019454956
YGL142C,YFL003C,0,-0.08223799,0.15569239854812622,0.9860000014305115,0.5346999764442444
YOR351C,YMR274C,0,-0.08229101,0.15566782653331757,0.9860000014305115,0.5347999930381775
YPR025C,YFR010W,0,-0.08268699,0.1556432545185089,0.9860000014305115,0.5349000096321106
YJL216C,YOR117W,0,-0.08280444,0.15561868250370026,0.9860000014305115,0.5350000262260437
YOR232W,YJR105W,0,-0.082901746,0.1555941253900528,0.9860000014305115,0.535099983215332
YDL165W,YPL122C,0,-0.082972854,0.15556958317756653,0.9860000014305115,0.5351999998092651
YDL117W,YHR158C,0,-0.08315095,0.15554504096508026,0.9860000014305115,0.5353000164031982
YHR035W,YKR018C,0,-0.08403316,0.155520498752594,0.9860000014305115,0.5353999733924866
YDR178W,YLR264W,0,-0.084329456,0.15549597144126892,0.9860000014305115,0.5354999899864197
YML058W,YFL008W,0,-0.08440915,0.15547145903110504,0.9860000014305115,0.5356000065803528
YDL036C,YDL087C,0,-0.08448067,0.15544694662094116,0.9860000014305115,0.5357000231742859
YLR005W,YOR215C,0,-0.08448917,0.15542244911193848,0.9860000014305115,0.5357999801635742
YJL091C,YBR016W,0,-0.08502594,0.1553979516029358,0.9860000014305115,0.5358999967575073
YOL151W,YHL006C,0,-0.08515298,0.1553734689950943,0.9860000014305115,0.5360000133514404
YLR165C,YER146W,1,-0.08523521,0.15550653636455536,0.9869999885559082,0.5360000133514404
YKR087C,YLR226W,0,-0.08563122,0.15548203885555267,0.9869999885559082,0.5360999703407288
YPL163C,YPR086W,0,-0.08570638,0.15545755624771118,0.9869999885559082,0.5361999869346619
YKL051W,YNL145W,0,-0.085814446,0.1554330736398697,0.9869999885559082,0.536300003528595
YIL038C,YOR038C,0,-0.08594027,0.1554085910320282,0.9869999885559082,0.5364000201225281
YML097C,YNL315C,0,-0.08597928,0.1553841382265091,0.9869999885559082,0.5364999771118164
YGL094C,YBL042C,0,-0.08615053,0.1553596705198288,0.9869999885559082,0.5365999937057495
YPL072W,YOR215C,0,-0.08678058,0.1553352177143097,0.9869999885559082,0.5367000102996826
YLR449W,YDR058C,0,-0.08694765,0.15531077980995178,0.9869999885559082,0.5368000268936157
YDR515W,YGL063W,0,-0.08774707,0.15528634190559387,0.9869999885559082,0.536899983882904
YLR301W,YDL126C,0,-0.08777523,0.15526191890239716,0.9869999885559082,0.5370000004768372
YNL095C,YJL174W,0,-0.08788815,0.15523749589920044,0.9869999885559082,0.5371000170707703
YLR295C,YEL077C,0,-0.087919325,0.15521308779716492,0.9869999885559082,0.5371999740600586
YKL069W,YPR097W,0,-0.087976545,0.1551886796951294,0.9869999885559082,0.5372999906539917
YPL156C,YER005W,0,-0.08800542,0.15516428649425507,0.9869999885559082,0.5374000072479248
YIL168W,YML071C,0,-0.088056415,0.15513989329338074,0.9869999885559082,0.5375000238418579
YLR223C,YIR003W,0,-0.088119835,0.1551155149936676,0.9869999885559082,0.5375999808311462
YLR244C,YKR052C,0,-0.0881553,0.15509113669395447,0.9869999885559082,0.5376999974250793
YKL188C,YCL027C-A,0,-0.08821297,0.15506677329540253,0.9869999885559082,0.5378000140190125
YIL095W,YDL179W,0,-0.08887458,0.15504240989685059,0.9869999885559082,0.5378999710083008
YGL183C,YDR123C,0,-0.08896151,0.15501806139945984,0.9869999885559082,0.5379999876022339
YJR152W,YDR034C,0,-0.0896081,0.1549937129020691,0.9869999885559082,0.538100004196167
YBR298C,YOR362C,0,-0.08970547,0.15496937930583954,0.9869999885559082,0.5382000207901001
YOR319W,YOR074C,0,-0.08979115,0.15494506061077118,0.9869999885559082,0.5382999777793884
YEL024W,YFR046C,0,-0.08985737,0.15492074191570282,0.9869999885559082,0.5383999943733215
YAL042W,YEL020C,0,-0.090675294,0.15489642322063446,0.9869999885559082,0.5385000109672546
YMR315W,YLR224W,0,-0.090863645,0.1548721194267273,0.9869999885559082,0.5386000275611877
YCR107W,YNL220W,0,-0.091053516,0.15484781563282013,0.9869999885559082,0.5386999845504761
YHR202W,YMR099C,0,-0.09121576,0.15482352674007416,0.9869999885559082,0.5388000011444092
YBR186W,YOR299W,0,-0.09124616,0.15479925274848938,0.9869999885559082,0.5389000177383423
YJL092W,YOR194C,0,-0.091546446,0.1547749787569046,0.9869999885559082,0.5389999747276306
YDR105C,YGR224W,0,-0.09161708,0.15475070476531982,0.9869999885559082,0.5390999913215637
YDR291W,YCR086W,0,-0.09167376,0.15472644567489624,0.9869999885559082,0.5392000079154968
YDR301W,YDL012C,0,-0.09220934,0.15470220148563385,0.9869999885559082,0.5393000245094299
YER022W,YGL025C,0,-0.09224722,0.15467795729637146,0.9869999885559082,0.5393999814987183
YPR165W,YPL218W,0,-0.09251264,0.15465371310710907,0.9869999885559082,0.5394999980926514
YGL259W,YBR221C,0,-0.09270975,0.15462948381900787,0.9869999885559082,0.5396000146865845
YOL158C,YGR179C,0,-0.0929679,0.15460526943206787,0.9869999885559082,0.5396999716758728
YMR236W,YBR115C,0,-0.09310797,0.15458105504512787,0.9869999885559082,0.5397999882698059
YAL017W,YFR019W,0,-0.09318498,0.15455684065818787,0.9869999885559082,0.539900004863739
YLR019W,YJL180C,0,-0.09321609,0.15453264117240906,0.9869999885559082,0.5400000214576721
YDR194C,YDR409W,0,-0.09340212,0.15450845658779144,0.9869999885559082,0.5400999784469604
YDR472W,YLR191W,0,-0.09396109,0.15448427200317383,0.9869999885559082,0.5401999950408936
YGL203C,YJR133W,0,-0.09477213,0.1544600874185562,0.9869999885559082,0.5403000116348267
YMR291W,YJR026W,0,-0.09498501,0.154435932636261,0.9869999885559082,0.5404000282287598
YBR295W,YHR205W,0,-0.09518668,0.15441176295280457,0.9869999885559082,0.5404999852180481
YHR124W,YGL049C,0,-0.09561938,0.15438760817050934,0.9869999885559082,0.5406000018119812
YAL016W,YNL050C,0,-0.095638245,0.1543634682893753,0.9869999885559082,0.5407000184059143
YEL009C,YAL056W,0,-0.09581503,0.15433932840824127,0.9869999885559082,0.5407999753952026
YBR216C,YFL057C,0,-0.09609857,0.15431520342826843,0.9869999885559082,0.5408999919891357
YMR318C,YNR035C,0,-0.096282095,0.1542910784482956,0.9869999885559082,0.5410000085830688
YHR074W,YMR278W,0,-0.09664801,0.15426695346832275,0.9869999885559082,0.541100025177002
YKR096W,YKL180W,0,-0.096676975,0.1542428433895111,0.9869999885559082,0.5411999821662903
YLR026C,YDR545W,0,-0.09693965,0.15421874821186066,0.9869999885559082,0.5412999987602234
YEL046C,YOR317W,0,-0.096955925,0.1541946530342102,0.9869999885559082,0.5414000153541565
YFL062W,YGR231C,0,-0.09712568,0.15417057275772095,0.9869999885559082,0.5414999723434448
YDR345C,YLR034C,0,-0.097159,0.1541464924812317,0.9869999885559082,0.5415999889373779
YLL048C,YJR046W,0,-0.09752241,0.15412242710590363,0.9869999885559082,0.541700005531311
YOR162C,YNL209W,0,-0.09768689,0.15409836173057556,0.9869999885559082,0.5418000221252441
YHR107C,YML099C,0,-0.09838846,0.1540743112564087,0.9869999885559082,0.5418999791145325
YDR516C,YNL178W,0,-0.098487824,0.15405026078224182,0.9869999885559082,0.5419999957084656
YOR123C,YMR105C,0,-0.09850553,0.15402621030807495,0.9869999885559082,0.5421000123023987
YIL017W,YFL022C,0,-0.09862101,0.15400218963623047,0.9869999885559082,0.5422000288963318
YGR217W,YKR036C,0,-0.0988656,0.1539781540632248,0.9869999885559082,0.5422999858856201
YML006C,YMR099C,0,-0.0988715,0.1539541482925415,0.9869999885559082,0.5424000024795532
YGL006W,YNL056W,0,-0.098935544,0.15393012762069702,0.9869999885559082,0.5425000190734863
YJR118C,YKR044W,0,-0.098997146,0.15390612185001373,0.9869999885559082,0.5425999760627747
YHR174W,YJR036C,0,-0.099178106,0.15388213098049164,0.9869999885559082,0.5426999926567078
YBL076C,YDR411C,0,-0.099630445,0.15385814011096954,0.9869999885559082,0.5428000092506409
YGL025C,YER081W,0,-0.09966034,0.15383416414260864,0.9869999885559082,0.542900025844574
YOR214C,YGR261C,0,-0.10000372,0.15381018817424774,0.9869999885559082,0.5429999828338623
YLL066C,YHR045W,0,-0.10029361,0.15378622710704803,0.9869999885559082,0.5430999994277954
YDL188C,YDR348C,0,-0.10033807,0.15376226603984833,0.9869999885559082,0.5432000160217285
YIL117C,YOR266W,0,-0.10034746,0.15373831987380981,0.9869999885559082,0.5432999730110168
YER179W,YNL300W,0,-0.10040209,0.1537143737077713,0.9869999885559082,0.54339998960495
YML127W,YCL054W,1,-0.10046321,0.1538461595773697,0.9879999756813049,0.54339998960495
YOR230W,YNL030W,0,-0.10093263,0.15382219851016998,0.9879999756813049,0.5435000061988831
YPL131W,YMR119W,0,-0.10100496,0.15379825234413147,0.9879999756813049,0.5436000227928162
YER090W,YPL011C,0,-0.10117319,0.15377432107925415,0.9879999756813049,0.5436999797821045
YMR194W,YMR244C-A,0,-0.10151267,0.15375038981437683,0.9879999756813049,0.5437999963760376
YBL100W-A,YOL155C,0,-0.101566344,0.1537264734506607,0.9879999756813049,0.5439000129699707
YIL094C,YER014C-A,0,-0.101650566,0.15370255708694458,0.9879999756813049,0.5440000295639038
YMR104C,YMR274C,0,-0.10167557,0.15367864072322845,0.9879999756813049,0.5440999865531921
YHR108W,YCR048W,0,-0.102390796,0.15365473926067352,0.9879999756813049,0.5442000031471252
YIR003W,YGL083W,0,-0.10239437,0.15363085269927979,0.9879999756813049,0.5443000197410583
YKL208W,YKR060W,1,-0.10292143,0.15376244485378265,0.9890000224113464,0.5443000197410583
YIL044C,YBR293W,0,-0.1033546,0.15373852849006653,0.9890000224113464,0.5443999767303467
YHR007C,YGL010W,0,-0.1039761,0.1537146419286728,0.9890000224113464,0.5444999933242798
YCL032W,YGR040W,0,-0.104231924,0.15369075536727905,0.9890000224113464,0.5446000099182129
YPL055C,YGR255C,0,-0.104329586,0.15366686880588531,0.9890000224113464,0.544700026512146
YGR067C,YJL145W,0,-0.10434115,0.15364299714565277,0.9890000224113464,0.5447999835014343
YJR091C,YOL004W,0,-0.10442451,0.15361914038658142,0.9890000224113464,0.5449000000953674
YBR111W-A,YMR213W,0,-0.10452822,0.15359528362751007,0.9890000224113464,0.5450000166893005
YGR072W,YOR358W,0,-0.10515252,0.15357142686843872,0.9890000224113464,0.5450999736785889
YBR130C,YDL220C,0,-0.10540822,0.15354758501052856,0.9890000224113464,0.545199990272522
YGR099W,YFR016C,0,-0.10603693,0.1535237431526184,0.9890000224113464,0.5453000068664551
YDR352W,YKL182W,0,-0.1062828,0.15349991619586945,0.9890000224113464,0.5454000234603882
YDR437W,YDL174C,0,-0.10644108,0.15347610414028168,0.9890000224113464,0.5454999804496765
YMR001C,YOR147W,0,-0.10652533,0.1534522920846939,0.9890000224113464,0.5455999970436096
YBL011W,YJL096W,0,-0.106828064,0.15342848002910614,0.9890000224113464,0.5457000136375427
YNL138W-A,YEL034W,0,-0.10686162,0.15340468287467957,0.9890000224113464,0.545799970626831
YBR077C,YML081W,0,-0.10691249,0.15338090062141418,0.9890000224113464,0.5458999872207642
YMR077C,YCR068W,0,-0.107010275,0.1533571034669876,0.9890000224113464,0.5460000038146973
YKL045W,YJL180C,0,-0.107649356,0.15333333611488342,0.9890000224113464,0.5461000204086304
YJR057W,YNL305C,0,-0.10771474,0.15330956876277924,0.9890000224113464,0.5461999773979187
YPR120C,YOR319W,0,-0.10781592,0.15328580141067505,0.9890000224113464,0.5462999939918518
YDR457W,YAL033W,1,-0.10820714,0.15341702103614807,0.9900000095367432,0.5462999939918518
YNL152W,YPR072W,0,-0.10861519,0.1533932387828827,0.9900000095367432,0.5464000105857849
YGR296W,YER038C,0,-0.108748764,0.1533694863319397,0.9900000095367432,0.546500027179718
YAL059W,YGL158W,0,-0.10879269,0.1533457189798355,0.9900000095367432,0.5465999841690063
YJR109C,YDR394W,0,-0.108845204,0.1533219814300537,0.9900000095367432,0.5467000007629395
YOR018W,YLR058C,0,-0.109243035,0.15329822897911072,0.9900000095367432,0.5468000173568726
YOR361C,YBR020W,0,-0.10929468,0.1532745063304901,0.9900000095367432,0.5468999743461609
YOR393W,YPL045W,0,-0.10931316,0.1532507687807083,0.9900000095367432,0.546999990940094
YDR435C,YLR372W,0,-0.10954067,0.1532270610332489,0.9900000095367432,0.5471000075340271
YEL056W,YNL056W,0,-0.10988483,0.1532033383846283,0.9900000095367432,0.5472000241279602
YBR139W,YDR208W,0,-0.110072345,0.15317963063716888,0.9900000095367432,0.5472999811172485
YDL103C,YGL195W,0,-0.11018926,0.15315593779087067,0.9900000095367432,0.5473999977111816
YPR133W-A,YLR262C,0,-0.11026189,0.15313224494457245,0.9900000095367432,0.5475000143051147
YGL163C,YML055W,0,-0.110331446,0.15310856699943542,0.9900000095367432,0.5475999712944031
YLR421C,YKL006C-A,0,-0.11056927,0.1530848890542984,0.9900000095367432,0.5476999878883362
YHR094C,YKL139W,0,-0.11064872,0.15306122601032257,0.9900000095367432,0.5478000044822693
YOR083W,YKL087C,0,-0.11080453,0.15303756296634674,0.9900000095367432,0.5479000210762024
YGL013C,YER145C,0,-0.111061245,0.1530139148235321,0.9900000095367432,0.5479999780654907
YJL160C,YNR073C,0,-0.11116332,0.15299026668071747,0.9900000095367432,0.5480999946594238
YIR031C,YPL180W,0,-0.11185506,0.15296661853790283,0.9900000095367432,0.5482000112533569
YLR023C,YDR156W,0,-0.11236587,0.15294300019741058,0.9900000095367432,0.54830002784729
YKR083C,YOR125C,0,-0.11259198,0.15291936695575714,0.9900000095367432,0.5483999848365784
YKL216W,YHL006C,0,-0.11278534,0.1528957486152649,0.9900000095367432,0.5485000014305115
YLL029W,YJR077C,0,-0.113291144,0.15287214517593384,0.9900000095367432,0.5486000180244446
YGR012W,YGL068W,0,-0.113363594,0.15284854173660278,0.9900000095367432,0.5486999750137329
YBR179C,YER172C,0,-0.11367491,0.15282495319843292,0.9900000095367432,0.548799991607666
YCL019W,YOR292C,0,-0.11383614,0.15280136466026306,0.9900000095367432,0.5489000082015991
YNL225C,YMR034C,0,-0.11388382,0.1527777761220932,0.9900000095367432,0.5490000247955322
YIL168W,YBR274W,0,-0.11443344,0.15275420248508453,0.9900000095367432,0.5490999817848206
YPL063W,YIL063C,0,-0.11449668,0.15273064374923706,0.9900000095367432,0.5491999983787537
YJR055W,YHR079C,0,-0.11452302,0.1527070850133896,0.9900000095367432,0.5493000149726868
YKL095W,YHR211W,0,-0.11463189,0.15268352627754211,0.9900000095367432,0.5493999719619751
YMR046C,YIL134W,0,-0.114790976,0.15265998244285583,0.9900000095367432,0.5494999885559082
YLR007W,YER014C-A,0,-0.11488992,0.15263645350933075,0.9900000095367432,0.5496000051498413
YLR368W,YCR088W,0,-0.1150862,0.15261292457580566,0.9900000095367432,0.5497000217437744
YOR298C-A,YKL161C,0,-0.115258485,0.15258939564228058,0.9900000095367432,0.5497999787330627
YPL170W,YNL097C,0,-0.11635381,0.1525658816099167,0.9900000095367432,0.5498999953269958
YCL045C,YPL189W,0,-0.11637035,0.1525423675775528,0.9900000095367432,0.550000011920929
YPL246C,YHR138C,0,-0.1165241,0.1525188684463501,0.9900000095367432,0.5501000285148621
YFL016C,YHR103W,0,-0.11674398,0.1524953842163086,0.9900000095367432,0.5501999855041504
YDR515W,YNL229C,0,-0.11698854,0.1524718999862671,0.9900000095367432,0.5503000020980835
YDR314C,YLR264W,0,-0.11732477,0.15244841575622559,0.9900000095367432,0.5504000186920166
YGL150C,YDR079C-A,0,-0.11736289,0.15242494642734528,0.9900000095367432,0.5504999756813049
YDR002W,YGR157W,0,-0.11736974,0.15240147709846497,0.9900000095367432,0.550599992275238
YLR341W,YIL156W,0,-0.11747852,0.15237802267074585,0.9900000095367432,0.5507000088691711
YDR463W,YDR363W,0,-0.11775491,0.15235456824302673,0.9900000095367432,0.5508000254631042
YMR060C,YBL097W,0,-0.11786917,0.1523311287164688,0.9900000095367432,0.5508999824523926
YPL141C,YML001W,0,-0.11806014,0.1523076891899109,0.9900000095367432,0.5509999990463257
YPL225W,YPL027W,0,-0.11821112,0.15228426456451416,0.9900000095367432,0.5511000156402588
YPL083C,YMR118C,0,-0.11832291,0.15226083993911743,0.9900000095367432,0.5511999726295471
YOR162C,YDR255C,0,-0.118365705,0.1522374302148819,0.9900000095367432,0.5512999892234802
YHR033W,YLR229C,0,-0.11872953,0.15221402049064636,0.9900000095367432,0.5514000058174133
YBR059C,YHL001W,0,-0.11891475,0.15219062566757202,0.9900000095367432,0.5515000224113464
YHR176W,YOR019W,0,-0.11927366,0.15216723084449768,0.9900000095367432,0.5515999794006348
YER130C,YGL050W,0,-0.11981663,0.15214385092258453,0.9900000095367432,0.5516999959945679
YBR056W,YOR311C,0,-0.120012045,0.1521204710006714,0.9900000095367432,0.551800012588501
YIL119C,YDR438W,0,-0.12032682,0.15209709107875824,0.9900000095367432,0.5519000291824341
YEL004W,YJL183W,0,-0.120334536,0.1520737260580063,0.9900000095367432,0.5519999861717224
YKL095W,YNL050C,0,-0.12034318,0.15205037593841553,0.9900000095367432,0.5521000027656555
YLL052C,YJL123C,0,-0.12042275,0.15202702581882477,0.9900000095367432,0.5522000193595886
YPR091C,YOL093W,0,-0.12051198,0.1520036906003952,0.9900000095367432,0.552299976348877
YOL077W-A,YBR223C,0,-0.12053126,0.15198035538196564,0.9900000095367432,0.5523999929428101
YOR020C,YPR133C,0,-0.120672464,0.15195702016353607,0.9900000095367432,0.5525000095367432
YOR126C,YCR008W,0,-0.1207585,0.1519336998462677,0.9900000095367432,0.5526000261306763
YGL219C,YGL209W,0,-0.1210188,0.15191039443016052,0.9900000095367432,0.5526999831199646
YEL022W,YKR018C,0,-0.12102163,0.15188708901405334,0.9900000095367432,0.5527999997138977
YML059C,YNL298W,0,-0.12132472,0.15186378359794617,0.9900000095367432,0.5529000163078308
YBR016W,YNL132W,0,-0.12159428,0.15184049308300018,0.9900000095367432,0.5529999732971191
YDR119W,YEL019C,0,-0.12177551,0.1518172025680542,0.9900000095367432,0.5530999898910522
YOR327C,YLR067C,0,-0.12186989,0.1517939269542694,0.9900000095367432,0.5532000064849854
YPL200W,YHR193C,0,-0.122030914,0.15177065134048462,0.9900000095367432,0.5533000230789185
YJR078W,YBR020W,0,-0.12237418,0.15174739062786102,0.9900000095367432,0.5533999800682068
YPL276W,YOL023W,0,-0.122386515,0.15172414481639862,0.9900000095367432,0.5534999966621399
YFL017W-A,YML007W,0,-0.1225242,0.15170088410377502,0.9900000095367432,0.553600013256073
YEL020C,YHR005C-A,0,-0.12254557,0.15167765319347382,0.9900000095367432,0.5536999702453613
YBR186W,YGL070C,0,-0.122547925,0.1516544073820114,0.9900000095367432,0.5537999868392944
YGR092W,YGR023W,0,-0.12316719,0.1516311913728714,0.9900000095367432,0.5539000034332275
YNL172W,YNR003C,0,-0.12328336,0.1516079604625702,0.9900000095367432,0.5540000200271606
YGL025C,YPL255W,0,-0.12328443,0.15158474445343018,0.9900000095367432,0.554099977016449
YBR111W-A,YLR138W,0,-0.12351319,0.15156154334545135,0.9900000095367432,0.5541999936103821
YKR098C,YAL051W,0,-0.12396309,0.15153834223747253,0.9900000095367432,0.5543000102043152
YBR020W,YKL077W,0,-0.124114305,0.1515151560306549,0.9900000095367432,0.5544000267982483
YBR084C-A,YHL038C,0,-0.124256164,0.15149196982383728,0.9900000095367432,0.5544999837875366
YJR064W,YJR149W,0,-0.12425795,0.15146878361701965,0.9900000095367432,0.5546000003814697
YPL061W,YHR175W,0,-0.12463644,0.15144561231136322,0.9900000095367432,0.5547000169754028
YPR113W,YGL163C,0,-0.124652416,0.15142245590686798,0.9900000095367432,0.5547999739646912
YDR307W,YBR145W,0,-0.12506446,0.15139929950237274,0.9900000095367432,0.5548999905586243
YCR038C,YIL035C,0,-0.12511957,0.1513761430978775,0.9900000095367432,0.5550000071525574
YLR275W,YDR468C,0,-0.12538275,0.15135300159454346,0.9900000095367432,0.5551000237464905
YBR039W,YGL131C,0,-0.12558612,0.1513298749923706,0.9900000095367432,0.5551999807357788
YMR020W,YDR490C,0,-0.12563592,0.15130673348903656,0.9900000095367432,0.5552999973297119
YJL114W,YLR388W,0,-0.12579873,0.1512836217880249,0.9900000095367432,0.555400013923645
YCL001W,YLR088W,0,-0.12580723,0.15126051008701324,0.9900000095367432,0.5554999709129333
YBL084C,YGR089W,0,-0.12596509,0.1512373983860016,0.9900000095367432,0.5555999875068665
YMR101C,YLR347C,0,-0.12623772,0.15121430158615112,0.9900000095367432,0.5557000041007996
YCL032W,YNL064C,0,-0.12639362,0.15119120478630066,0.9900000095367432,0.5558000206947327
YDR307W,YPL183C,0,-0.12643781,0.1511681228876114,0.9900000095367432,0.555899977684021
YDR058C,YDL246C,0,-0.12695965,0.15114504098892212,0.9900000095367432,0.5559999942779541
YJL128C,YMR038C,0,-0.12762174,0.15112195909023285,0.9900000095367432,0.5561000108718872
YDR348C,YNR032W,0,-0.12773514,0.15109890699386597,0.9900000095367432,0.5562000274658203
YDL103C,YHL022C,0,-0.12824455,0.1510758399963379,0.9900000095367432,0.5562999844551086
YNL304W,YNL257C,0,-0.128387,0.151052787899971,0.9900000095367432,0.5564000010490417
YGL179C,YLR410W,0,-0.12840238,0.15102975070476532,0.9900000095367432,0.5565000176429749
YCL043C,YNL256W,0,-0.12850821,0.15100671350955963,0.9900000095367432,0.5565999746322632
YOR130C,YGL186C,0,-0.12861219,0.15098367631435394,0.9900000095367432,0.5566999912261963
YJR150C,YLR316C,0,-0.12861982,0.15096065402030945,0.9900000095367432,0.5568000078201294
YGR112W,YGL234W,0,-0.12868086,0.15093764662742615,0.9900000095367432,0.5569000244140625
YKL060C,YPR180W,0,-0.12902024,0.15091463923454285,0.9900000095367432,0.5569999814033508
YOL089C,YMR308C,0,-0.12920746,0.15089163184165955,0.9900000095367432,0.5570999979972839
YOL006C,YLL024C,0,-0.1301248,0.15086863934993744,0.9900000095367432,0.557200014591217
YOR323C,YJR090C,0,-0.1303773,0.15084564685821533,0.9900000095367432,0.5572999715805054
YER003C,YJL197W,0,-0.13049507,0.15082266926765442,0.9900000095367432,0.5573999881744385
YDL059C,YNL190W,0,-0.13050655,0.1507996916770935,0.9900000095367432,0.5575000047683716
YOR344C,YLR324W,0,-0.13055655,0.1507767289876938,0.9900000095367432,0.5576000213623047
YBL076C,YOR261C,0,-0.13098207,0.15075376629829407,0.9900000095367432,0.557699978351593
YNL095C,YER001W,0,-0.13123274,0.15073081851005554,0.9900000095367432,0.5577999949455261
YML071C,YER014C-A,0,-0.13157853,0.15070787072181702,0.9900000095367432,0.5579000115394592
YDR234W,YMR099C,0,-0.13168892,0.15068493783473969,0.9900000095367432,0.5580000281333923
YLR019W,YKL001C,0,-0.13175204,0.15066200494766235,0.9900000095367432,0.5580999851226807
YMR063W,YJL118W,0,-0.13207948,0.15063907206058502,0.9900000095367432,0.5582000017166138
YMR199W,YDL018C,0,-0.13249877,0.15061615407466888,0.9900000095367432,0.5583000183105469
YJR027W,YOR266W,0,-0.1327878,0.15059325098991394,0.9900000095367432,0.5583999752998352
YNL094W,YJR035W,0,-0.1329704,0.150570347905159,0.9900000095367432,0.5584999918937683
YKL063C,YGL212W,0,-0.1332866,0.15054744482040405,0.9900000095367432,0.5586000084877014
YNL288W,YDR375C,0,-0.13332507,0.1505245566368103,0.9900000095367432,0.5587000250816345
YCR026C,YLR355C,0,-0.1334584,0.15050166845321655,0.9900000095367432,0.5587999820709229
YGR247W,YKL180W,0,-0.13377103,0.150478795170784,0.9900000095367432,0.558899998664856
YHR073W,YPL133C,0,-0.13402042,0.15045592188835144,0.9900000095367432,0.5590000152587891
YBR109C,YIL122W,0,-0.13403574,0.15043306350708008,0.9900000095367432,0.5590999722480774
YPL150W,YML064C,0,-0.1343582,0.15041020512580872,0.9900000095367432,0.5591999888420105
YAL061W,YOL075C,0,-0.13562551,0.15038736164569855,0.9900000095367432,0.5593000054359436
YPR135W,YOR283W,0,-0.13574132,0.15036451816558838,0.9900000095367432,0.5594000220298767
YOR079C,YDL239C,0,-0.13577971,0.1503416895866394,0.9900000095367432,0.559499979019165
YDR147W,YDR072C,0,-0.13597822,0.15031886100769043,0.9900000095367432,0.5595999956130981
YJL159W,YBL068W,0,-0.13627476,0.15029603242874146,0.9900000095367432,0.5597000122070312
YBL036C,YGR231C,0,-0.13628265,0.15027321875095367,0.9900000095367432,0.5598000288009644
YDR073W,YFL024C,0,-0.13646993,0.1502504199743271,0.9900000095367432,0.5598999857902527
YOL043C,YNR053C,0,-0.13660327,0.1502276211977005,0.9900000095367432,0.5600000023841858
YBR037C,YCR068W,0,-0.13673577,0.1502048224210739,0.9900000095367432,0.5601000189781189
YBL112C,YFR042W,0,-0.13695529,0.15018203854560852,0.9900000095367432,0.5601999759674072
YML101C,YGL104C,0,-0.13735354,0.15015925467014313,0.9900000095367432,0.5602999925613403
YLL067C,YNL037C,0,-0.13748857,0.15013648569583893,0.9900000095367432,0.5604000091552734
YOR126C,YMR262W,0,-0.13759437,0.15011371672153473,0.9900000095367432,0.5605000257492065
YPR011C,YGL243W,0,-0.13770917,0.15009096264839172,0.9900000095367432,0.5605999827384949
YPL262W,YJR028W,0,-0.13783357,0.15006820857524872,0.9900000095367432,0.560699999332428
YER138C,YDR235W,0,-0.13789159,0.1500454694032669,0.9900000095367432,0.5608000159263611
YOL084W,YBR118W,0,-0.13795885,0.1500227302312851,0.9900000095367432,0.5608999729156494
YJL171C,YLR215C,0,-0.13820115,0.15000000596046448,0.9900000095367432,0.5609999895095825
YGR288W,YDR006C,0,-0.13821656,0.14997728168964386,0.9900000095367432,0.5611000061035156
YOR226C,YPL116W,0,-0.13853607,0.14995455741882324,0.9900000095367432,0.5612000226974487
YCR043C,YOR267C,0,-0.13859823,0.14993184804916382,0.9900000095367432,0.5612999796867371
YHL050C,YBR193C,0,-0.13887945,0.1499091386795044,0.9900000095367432,0.5613999962806702
YCR107W,YJL212C,0,-0.13955799,0.14988644421100616,0.9900000095367432,0.5615000128746033
YDR234W,YNR031C,0,-0.14012483,0.14986376464366913,0.9900000095367432,0.5616000294685364
YOR017W,YFR018C,0,-0.14026585,0.1498410850763321,0.9900000095367432,0.5616999864578247
YBL016W,YOR275C,0,-0.14052716,0.14981840550899506,0.9900000095367432,0.5618000030517578
YNL030W,YGL212W,0,-0.14054385,0.14979572594165802,0.9900000095367432,0.5619000196456909
YBL099W,YER071C,0,-0.140816,0.14977307617664337,0.9900000095367432,0.5619999766349792
YNL137C,YDR189W,0,-0.14083424,0.14975041151046753,0.9900000095367432,0.5620999932289124
YBL031W,YKL071W,0,-0.1408439,0.14972776174545288,0.9900000095367432,0.5622000098228455
YGR065C,YDR460W,0,-0.14091882,0.14970512688159943,0.9900000095367432,0.5623000264167786
YIL096C,YJR073C,0,-0.14130124,0.14968249201774597,0.9900000095367432,0.5623999834060669
YCL014W,YKL071W,0,-0.14138165,0.14965985715389252,0.9900000095367432,0.5625
YOR101W,YMR210W,0,-0.14156362,0.14963723719120026,0.9900000095367432,0.5626000165939331
YLR083C,YAL028W,0,-0.1420804,0.1496146321296692,0.9900000095367432,0.5626999735832214
YLL048C,YKR042W,0,-0.14246652,0.14959202706813812,0.9900000095367432,0.5627999901771545
YJL083W,YCR088W,0,-0.14266899,0.14956942200660706,0.9900000095367432,0.5629000067710876
YOR298W,YFL013C,0,-0.14288458,0.14954683184623718,0.9900000095367432,0.5630000233650208
YJL124C,YOR140W,0,-0.14294735,0.1495242416858673,0.9900000095367432,0.5630999803543091
YJL096W,YPR180W,0,-0.1435962,0.14950166642665863,0.9900000095367432,0.5631999969482422
YOL097C,YMR072W,0,-0.14369091,0.14947909116744995,0.9900000095367432,0.5633000135421753
YCR066W,YFL025C,0,-0.14404044,0.14945651590824127,0.9900000095367432,0.5633999705314636
YGR282C,YKL193C,0,-0.14406243,0.1494339555501938,0.9900000095367432,0.5634999871253967
YOR301W,YIL095W,0,-0.14419821,0.1494114100933075,0.9900000095367432,0.5636000037193298
YGR285C,YKL013C,0,-0.14445522,0.1493888646364212,0.9900000095367432,0.5637000203132629
YDR175C,YGL196W,0,-0.14488843,0.1493663191795349,0.9900000095367432,0.5637999773025513
YKR083C,YGL236C,0,-0.1449863,0.14934378862380981,0.9900000095367432,0.5638999938964844
YKR054C,YOR173W,0,-0.1451061,0.1493212729692459,0.9900000095367432,0.5640000104904175
YDL078C,YDR480W,0,-0.14555189,0.1492987424135208,0.9900000095367432,0.5641000270843506
YOR144C,YCR065W,0,-0.14611927,0.1492762416601181,0.9900000095367432,0.5641999840736389
YNR030W,YGR080W,0,-0.14670572,0.1492537260055542,0.9900000095367432,0.564300000667572
YLR026C,YOL136C,0,-0.14699736,0.14923124015331268,0.9900000095367432,0.5644000172615051
YDL028C,YJR129C,0,-0.14712515,0.14920873939990997,0.9900000095367432,0.5644999742507935
YGR212W,YOR141C,0,-0.14731774,0.14918625354766846,0.9900000095367432,0.5645999908447266
YOR106W,YHR098C,0,-0.14738825,0.14916378259658813,0.9900000095367432,0.5647000074386597
YMR237W,YPL075W,0,-0.14747664,0.1491413116455078,0.9900000095367432,0.5648000240325928
YHL033C,YGL087C,0,-0.14764574,0.1491188406944275,0.9900000095367432,0.5648999810218811
YPR164W,YKL048C,0,-0.14790437,0.14909638464450836,0.9900000095367432,0.5649999976158142
YDL209C,YOR372C,0,-0.14797404,0.14907392859458923,0.9900000095367432,0.5651000142097473
YJL104W,YLR429W,0,-0.14838752,0.1490514874458313,0.9900000095367432,0.5651999711990356
YOR133W,YMR262W,0,-0.14847246,0.14902904629707336,0.9900000095367432,0.5652999877929688
YIR008C,YKL139W,0,-0.14919582,0.14900662004947662,0.9900000095367432,0.5654000043869019
YHL007C,YJR133W,0,-0.15015534,0.14898419380187988,0.9900000095367432,0.565500020980835
YNR004W,YML092C,0,-0.15019092,0.14896178245544434,0.9900000095367432,0.5655999779701233
YPR135W,YKL134C,0,-0.15033069,0.1489393711090088,0.9900000095367432,0.5656999945640564
YPL094C,YJR107W,0,-0.15033892,0.14891697466373444,0.9900000095367432,0.5658000111579895
YPR127W,YIL121W,0,-0.15078649,0.1488945633172989,0.9900000095367432,0.5659000277519226
YOR193W,YFR033C,0,-0.15083984,0.14887218177318573,0.9900000095367432,0.5659999847412109
YGR005C,YHR009C,0,-0.15110043,0.14884980022907257,0.9900000095367432,0.566100001335144
YLR353W,YJL058C,0,-0.1512132,0.1488274186849594,0.9900000095367432,0.5662000179290771
YOR187W,YOR103C,0,-0.15124127,0.14880505204200745,0.9900000095367432,0.5662999749183655
YHR107C,YPL221W,0,-0.15151694,0.14878268539905548,0.9900000095367432,0.5663999915122986
YPR200C,YBR002C,0,-0.15163067,0.1487603336572647,0.9900000095367432,0.5665000081062317
YOR361C,YPL234C,0,-0.15224382,0.14873798191547394,0.9900000095367432,0.5666000247001648
YER129W,YOR030W,0,-0.15225938,0.14871564507484436,0.9900000095367432,0.5666999816894531
YLR210W,YGR067C,0,-0.15236029,0.14869330823421478,0.9900000095367432,0.5667999982833862
YDL215C,YKL054C,0,-0.15236405,0.1486709713935852,0.9900000095367432,0.5669000148773193
YDR221W,YCL004W,0,-0.15244058,0.14864864945411682,0.9900000095367432,0.5669999718666077
YHR091C,YPL248C,0,-0.15248778,0.14862632751464844,0.9900000095367432,0.5670999884605408
YPR091C,YOR229W,0,-0.1524907,0.14860402047634125,0.9900000095367432,0.5672000050544739
YDL107W,YDR182W,0,-0.15272269,0.14858171343803406,0.9900000095367432,0.567300021648407
YEL011W,YMR137C,0,-0.15308473,0.14855942130088806,0.9900000095367432,0.5673999786376953
YKR096W,YDR408C,0,-0.15369937,0.14853712916374207,0.9900000095367432,0.5674999952316284
YBR239C,YGL184C,0,-0.15370932,0.14851485192775726,0.9900000095367432,0.5676000118255615
YER028C,YNL258C,0,-0.15404978,0.14849257469177246,0.9900000095367432,0.5677000284194946
YDR414C,YNL309W,0,-0.15405902,0.14847031235694885,0.9900000095367432,0.567799985408783
YIL038C,YKL203C,0,-0.1549013,0.14844805002212524,0.9900000095367432,0.5679000020027161
YDR457W,YNL124W,1,-0.1553196,0.14857570827007294,0.9909999966621399,0.5679000020027161
YNL323W,YGL144C,0,-0.15546194,0.14855344593524933,0.9909999966621399,0.5680000185966492
YCR071C,YOR027W,0,-0.15558991,0.14853116869926453,0.9909999966621399,0.5680999755859375
YLL061W,YER087W,0,-0.15560547,0.1485089212656021,0.9909999966621399,0.5681999921798706
YNL082W,YJL026W,0,-0.15600732,0.1484866589307785,0.9909999966621399,0.5683000087738037
YNL251C,YIL099W,0,-0.15619901,0.14846442639827728,0.9909999966621399,0.5684000253677368
YML029W,YGR132C,0,-0.1568357,0.14844217896461487,0.9909999966621399,0.5684999823570251
YPR037C,YDR119W,0,-0.1569741,0.14841994643211365,0.9909999966621399,0.5685999989509583
YNL312W,YNL240C,0,-0.15724942,0.14839772880077362,0.9909999966621399,0.5687000155448914
YMR083W,YJL214W,0,-0.1572726,0.1483755111694336,0.9909999966621399,0.5687999725341797
YOR271C,YOL111C,0,-0.15750948,0.14835329353809357,0.9909999966621399,0.5688999891281128
YBL007C,YKL165C,0,-0.15771201,0.14833109080791473,0.9909999966621399,0.5690000057220459
YOL001W,YGL220W,0,-0.15774402,0.1483088880777359,0.9909999966621399,0.569100022315979
YPR058W,YKL006C-A,0,-0.15793166,0.14828670024871826,0.9909999966621399,0.5691999793052673
YPL150W,YDL123W,0,-0.15819797,0.14826451241970062,0.9909999966621399,0.5692999958992004
YOR208W,YMR246W,0,-0.15913126,0.14824233949184418,0.9909999966621399,0.5694000124931335
YDR506C,YPL079W,0,-0.15915188,0.14822016656398773,0.9909999966621399,0.5695000290870667
YCR106W,YFL025C,0,-0.15935698,0.1481979936361313,0.9909999966621399,0.569599986076355
YPL027W,YLR055C,0,-0.15938863,0.14817583560943604,0.9909999966621399,0.5697000026702881
YNL038W,YNL214W,0,-0.15949824,0.14815369248390198,0.9909999966621399,0.5698000192642212
YBL066C,YCR011C,0,-0.15973726,0.14813153445720673,0.9909999966621399,0.5698999762535095
YHR214W,YHL021C,0,-0.16031125,0.14810940623283386,0.9909999966621399,0.5699999928474426
YBR068C,YBR020W,0,-0.16068283,0.1480872631072998,0.9909999966621399,0.5701000094413757
YIL018W,YKL092C,0,-0.16077432,0.14806514978408813,0.9909999966621399,0.5702000260353088
YLR187W,YDR364C,0,-0.1607838,0.14804302155971527,0.9909999966621399,0.5702999830245972
YMR092C,YGL186C,0,-0.16081145,0.1480209082365036,0.9909999966621399,0.5703999996185303
YBR192W,YLR466W,0,-0.16091135,0.14799880981445312,0.9909999966621399,0.5705000162124634
YBR126C,YKR078W,0,-0.16092882,0.14797671139240265,0.9909999966621399,0.5705999732017517
YGL112C,YNL180C,0,-0.16111818,0.14795461297035217,0.9909999966621399,0.5706999897956848
YBR067C,YNL272C,0,-0.16151062,0.1479325294494629,0.9909999966621399,0.5708000063896179
YPR161C,YNL216W,0,-0.16197655,0.1479104459285736,0.9909999966621399,0.570900022983551
YHR091C,YMR296C,0,-0.16236117,0.14788837730884552,0.9909999966621399,0.5709999799728394
YIR007W,YKR075C,0,-0.16238067,0.14786630868911743,0.9909999966621399,0.5710999965667725
YDR386W,YBR265W,0,-0.16238394,0.14784425497055054,0.9909999966621399,0.5712000131607056
YDR129C,YAL068C,0,-0.16255334,0.14782220125198364,0.9909999966621399,0.5713000297546387
YLR284C,YBR294W,0,-0.16266611,0.14780014753341675,0.9909999966621399,0.571399986743927
YOR098C,YMR225C,0,-0.16271767,0.14777810871601105,0.9909999966621399,0.5715000033378601
YML008C,YDR434W,0,-0.16331986,0.14775606989860535,0.9909999966621399,0.5716000199317932
YJL096W,YOR173W,0,-0.1634197,0.14773404598236084,0.9909999966621399,0.5716999769210815
YDL197C,YDR500C,0,-0.16346928,0.14771202206611633,0.9909999966621399,0.5717999935150146
YER119C,YJR133W,0,-0.16351798,0.14769001305103302,0.9909999966621399,0.5719000101089478
YLR011W,YOR007C,0,-0.1638582,0.1476680040359497,0.9909999966621399,0.5720000267028809
YJL026W,YKL190W,0,-0.16413656,0.1476460099220276,0.9909999966621399,0.5720999836921692
YKL060C,YKL073W,0,-0.16442022,0.14762401580810547,0.9909999966621399,0.5722000002861023
YBR060C,YJR044C,0,-0.16458216,0.14760202169418335,0.9909999966621399,0.5723000168800354
YCR091W,YNL250W,0,-0.16497818,0.14758004248142242,0.9909999966621399,0.5723999738693237
YDR039C,YML073C,0,-0.16531202,0.1475580632686615,0.9909999966621399,0.5724999904632568
YKR039W,YMR034C,0,-0.16546598,0.14753609895706177,0.9909999966621399,0.5726000070571899
YKR001C,YLL018C,0,-0.16564289,0.14751413464546204,0.9909999966621399,0.572700023651123
YPL027W,YFL018C,0,-0.16564718,0.1474921852350235,0.9909999966621399,0.5727999806404114
YIL128W,YMR009W,0,-0.1657435,0.14747023582458496,0.9909999966621399,0.5728999972343445
YJL159W,YPL008W,0,-0.16599205,0.14744830131530762,0.9909999966621399,0.5730000138282776
YGR046W,YMR039C,0,-0.16632774,0.14742636680603027,0.9909999966621399,0.5730999708175659
YHR042W,YOR328W,0,-0.16638556,0.14740443229675293,0.9909999966621399,0.573199987411499
YDR109C,YOL012C,0,-0.16678217,0.14738251268863678,0.9909999966621399,0.5733000040054321
YER117W,YKL175W,0,-0.1672531,0.14736059308052063,0.9909999966621399,0.5734000205993652
YGR072W,YML102W,0,-0.1677967,0.14733868837356567,0.9909999966621399,0.5734999775886536
YPR008W,YLL016W,0,-0.16806385,0.14731678366661072,0.9909999966621399,0.5735999941825867
YFL034C-B,YHL021C,0,-0.16808215,0.14729489386081696,0.9909999966621399,0.5737000107765198
YFR050C,YOR159C,0,-0.16815642,0.1472730040550232,0.9909999966621399,0.5738000273704529
YJL035C,YLR117C,0,-0.16852972,0.14725111424922943,0.9909999966621399,0.5738999843597412
YOR258W,YLR329W,0,-0.16863659,0.14722923934459686,0.9909999966621399,0.5740000009536743
YER060W-A,YOR140W,0,-0.1688923,0.1472073644399643,0.9909999966621399,0.5741000175476074
YER123W,YIL121W,0,-0.16899493,0.14718550443649292,0.9909999966621399,0.5741999745368958
YPL116W,YHR077C,0,-0.16904679,0.14716364443302155,0.9909999966621399,0.5742999911308289
YGR109C,YFL050C,0,-0.16921654,0.14714179933071136,0.9909999966621399,0.574400007724762
YGL062W,YLR077W,0,-0.16940758,0.14711995422840118,0.9909999966621399,0.5745000243186951
YBR302C,YGR277C,0,-0.17004427,0.147098109126091,0.9909999966621399,0.5745999813079834
YML100W,YJL138C,0,-0.17053273,0.14707627892494202,0.9909999966621399,0.5746999979019165
YDR079W,YDR261C,0,-0.17056563,0.14705446362495422,0.9909999966621399,0.5748000144958496
YGL250W,YHR170W,0,-0.17109409,0.14703264832496643,0.9909999966621399,0.5748999714851379
YAR027W,YJR053W,0,-0.17123982,0.14701083302497864,0.9909999966621399,0.574999988079071
YBL005W-A,YOR084W,0,-0.17201617,0.14698901772499084,0.9909999966621399,0.5751000046730042
YER065C,YPR175W,0,-0.17207614,0.14696723222732544,0.9909999966621399,0.5752000212669373
YML052W,YER060W,0,-0.17244092,0.14694543182849884,0.9909999966621399,0.5752999782562256
YPL236C,YJL085W,0,-0.17273203,0.14692364633083344,0.9909999966621399,0.5753999948501587
YDL052C,YPR094W,0,-0.17277017,0.14690186083316803,0.9909999966621399,0.5755000114440918
YDR105C,YMR300C,0,-0.1734061,0.14688009023666382,0.9909999966621399,0.5756000280380249
YGR287C,YPR113W,0,-0.17360303,0.1468583345413208,0.9909999966621399,0.5756999850273132
YMR263W,YGR198W,0,-0.17369941,0.1468365639448166,0.9909999966621399,0.5758000016212463
YDR041W,YBR020W,0,-0.17395619,0.14681480824947357,0.9909999966621399,0.5759000182151794
YPR174C,YAL001C,0,-0.17425951,0.14679306745529175,0.9909999966621399,0.5759999752044678
YOR234C,YEL077C,0,-0.17468932,0.14677132666110992,0.9909999966621399,0.5760999917984009
YOR377W,YNL190W,0,-0.17471227,0.1467495858669281,0.9909999966621399,0.576200008392334
YML126C,YGR249W,0,-0.1748341,0.14672785997390747,0.9909999966621399,0.5763000249862671
YHR187W,YLR298C,0,-0.17520049,0.14670614898204803,0.9909999966621399,0.5763999819755554
YNL279W,YFR031C-A,0,-0.17612007,0.1466844230890274,0.9909999966621399,0.5764999985694885
YDR518W,YGL028C,0,-0.17622265,0.14666272699832916,0.9909999966621399,0.5766000151634216
YDR058C,YPL009C,0,-0.17650512,0.14664101600646973,0.9909999966621399,0.57669997215271
YBR070C,YPR161C,0,-0.17672315,0.14661931991577148,0.9909999966621399,0.5767999887466431
YLL029W,YLR013W,0,-0.17730334,0.14659763872623444,0.9909999966621399,0.5769000053405762
YDR028C,YOL045W,0,-0.1775352,0.1465759575366974,0.9909999966621399,0.5770000219345093
YOR081C,YDR081C,0,-0.17920455,0.14655427634716034,0.9909999966621399,0.5770999789237976
YHR149C,YJL139C,0,-0.17981836,0.14653261005878448,0.9909999966621399,0.5771999955177307
YMR205C,YDR323C,0,-0.17990783,0.14651094377040863,0.9909999966621399,0.5773000121116638
YBR257W,YLR165C,1,-0.17999437,0.14663709700107574,0.9919999837875366,0.5773000121116638
YGL183C,YIL139C,0,-0.18000284,0.1466154307126999,0.9919999837875366,0.5774000287055969
YAR003W,YNL079C,0,-0.18015078,0.14659376442432404,0.9919999837875366,0.5774999856948853
YMR090W,YOR330C,0,-0.18016449,0.14657209813594818,0.9919999837875366,0.5776000022888184
YCL040W,YLR013W,0,-0.18020102,0.14655044674873352,0.9919999837875366,0.5777000188827515
YMR104C,YPR152C,0,-0.18069103,0.14652881026268005,0.9919999837875366,0.5777999758720398
YOR360C,YML021C,0,-0.18096057,0.1465071588754654,0.9919999837875366,0.5778999924659729
YDR137W,YLR206W,0,-0.18097362,0.14648552238941193,0.9919999837875366,0.578000009059906
YHL038C,YJR035W,0,-0.1810439,0.14646390080451965,0.9919999837875366,0.5781000256538391
YBR155W,YGR067C,0,-0.18134645,0.14644227921962738,0.9919999837875366,0.5781999826431274
YGL250W,YNL302C,0,-0.18142483,0.1464206576347351,0.9919999837875366,0.5782999992370605
YIL017W,YGR057C,0,-0.18153033,0.14639905095100403,0.9919999837875366,0.5784000158309937
YER044C-A,YDR019C,0,-0.18183109,0.14637745916843414,0.9919999837875366,0.578499972820282
YLR292C,YBR114W,0,-0.1819897,0.14635585248470306,0.9919999837875366,0.5785999894142151
YGL103W,YJL034W,0,-0.1820325,0.14633426070213318,0.9919999837875366,0.5787000060081482
YHR074W,YIL002C,0,-0.18237856,0.1463126838207245,0.9919999837875366,0.5788000226020813
YER108C,YGL158W,0,-0.18246034,0.1462911069393158,0.9919999837875366,0.5788999795913696
YLR185W,YDL132W,0,-0.18284461,0.1462695300579071,0.9919999837875366,0.5789999961853027
YBL036C,YPR095C,0,-0.18286923,0.1462479680776596,0.9919999837875366,0.5791000127792358
YPL158C,YMR280C,0,-0.18290827,0.1462264209985733,0.9919999837875366,0.579200029373169
YBR028C,YER176W,0,-0.18313625,0.1462048590183258,0.9919999837875366,0.5792999863624573
YNL335W,YNL263C,0,-0.18320957,0.1461833119392395,0.9919999837875366,0.5794000029563904
YER008C,YIL085C,0,-0.18354264,0.1461617797613144,0.9919999837875366,0.5795000195503235
YGL122C,YGR152C,0,-0.18357173,0.14614024758338928,0.9919999837875366,0.5795999765396118
YOR180C,YGR221C,0,-0.18387982,0.14611871540546417,0.9919999837875366,0.5796999931335449
YBL005W-A,YJL180C,0,-0.18391511,0.14609719812870026,0.9919999837875366,0.579800009727478
YOR252W,YDR200C,0,-0.18416551,0.14607569575309753,0.9919999837875366,0.5799000263214111
YIL043C,YIL073C,0,-0.184185,0.14605417847633362,0.9919999837875366,0.5799999833106995
YDL132W,YNL216W,0,-0.18420294,0.1460326761007309,0.9919999837875366,0.5800999999046326
YOL077W-A,YNR032W,0,-0.18428996,0.14601118862628937,0.9919999837875366,0.5802000164985657
YEL041W,YBL005W-A,0,-0.18429199,0.14598970115184784,0.9919999837875366,0.580299973487854
YNL279W,YGL037C,0,-0.18434456,0.1459682136774063,0.9919999837875366,0.5803999900817871
YHL050C,YMR251W-A,0,-0.18436071,0.14594674110412598,0.9919999837875366,0.5805000066757202
YLR223C,YMR225C,0,-0.18459234,0.14592526853084564,0.9919999837875366,0.5806000232696533
YHR056C,YDR494W,0,-0.18461594,0.1459038108587265,0.9919999837875366,0.5806999802589417
YJR078W,YDR419W,0,-0.18491545,0.14588235318660736,0.9919999837875366,0.5807999968528748
YGL112C,YKR053C,0,-0.18519583,0.14586089551448822,0.9919999837875366,0.5809000134468079
YPR148C,YMR189W,0,-0.18524018,0.14583945274353027,0.9919999837875366,0.5809999704360962
YHR132C,YGL054C,0,-0.18532243,0.14581802487373352,0.9919999837875366,0.5810999870300293
YLR299W,YDR439W,0,-0.18551973,0.14579659700393677,0.9919999837875366,0.5812000036239624
YNL299W,YKR102W,0,-0.18598643,0.14577516913414001,0.9919999837875366,0.5813000202178955
YKR080W,YHR039C,0,-0.18608359,0.14575374126434326,0.9919999837875366,0.5813999772071838
YBR070C,YDR411C,0,-0.1863778,0.1457323282957077,0.9919999837875366,0.5814999938011169
YML061C,YPL040C,0,-0.18640772,0.14571093022823334,0.9919999837875366,0.58160001039505
YNL139C,YOL151W,0,-0.18656674,0.14568953216075897,0.9919999837875366,0.5817000269889832
YNR046W,YJR052W,0,-0.1866307,0.1456681340932846,0.9919999837875366,0.5817999839782715
YLR181C,YGL160W,0,-0.18663952,0.14564675092697144,0.9919999837875366,0.5819000005722046
YPR188C,YPR138C,0,-0.18678936,0.14562536776065826,0.9919999837875366,0.5820000171661377
YKL222C,YMR065W,0,-0.18690261,0.1456039994955063,0.9919999837875366,0.582099974155426
YER137C,YMR168C,0,-0.1870605,0.1455826312303543,0.9919999837875366,0.5821999907493591
YPL131W,YLR151C,0,-0.18736663,0.14556126296520233,0.9919999837875366,0.5823000073432922
YDR338C,YDL168W,0,-0.18741503,0.14553990960121155,0.9919999837875366,0.5824000239372253
YMR055C,YOR328W,0,-0.18779537,0.14551855623722076,0.9919999837875366,0.5824999809265137
YER104W,YFR042W,0,-0.18811437,0.14549721777439117,0.9919999837875366,0.5825999975204468
YOL101C,YJL141C,0,-0.18853924,0.14547587931156158,0.9919999837875366,0.5827000141143799
YGR174C,YML007W,0,-0.18905076,0.145454540848732,0.9919999837875366,0.5827999711036682
YEL063C,YMR162C,0,-0.18948981,0.1454332172870636,0.9919999837875366,0.5828999876976013
YDL029W,YPL027W,0,-0.1900846,0.1454119086265564,0.9919999837875366,0.5830000042915344
YDR371W,YCL064C,0,-0.190339,0.145390585064888,0.9919999837875366,0.5831000208854675
YNL267W,YLR174W,0,-0.1904991,0.145369291305542,0.9919999837875366,0.5831999778747559
YPL232W,YDR045C,0,-0.19073656,0.1453479826450348,0.9919999837875366,0.583299994468689
YER109C,YBR133C,0,-0.19080499,0.14532668888568878,0.9919999837875366,0.5834000110626221
YOL132W,YGL186C,0,-0.19165942,0.14530541002750397,0.9919999837875366,0.5835000276565552
YGR177C,YOL004W,0,-0.19185445,0.14528413116931915,0.9919999837875366,0.5835999846458435
YLR067C,YPL236C,0,-0.19196436,0.14526285231113434,0.9919999837875366,0.5837000012397766
YDR462W,YNL214W,0,-0.19211057,0.14524158835411072,0.9919999837875366,0.5838000178337097
YMR268C,YBL005W,0,-0.19231221,0.1452203243970871,0.9919999837875366,0.583899974822998
YHR108W,YDR218C,0,-0.19244167,0.14519906044006348,0.9919999837875366,0.5839999914169312
YPR020W,YKR078W,0,-0.1925917,0.14517781138420105,0.9919999837875366,0.5841000080108643
YMR044W,YHR039C,0,-0.19296172,0.14515657722949982,0.9919999837875366,0.5842000246047974
YBR169C,YKL055C,0,-0.19331935,0.1451353281736374,0.9919999837875366,0.5842999815940857
YKL137W,YNL037C,0,-0.19360068,0.14511410892009735,0.9919999837875366,0.5843999981880188
YJL003W,YDL147W,0,-0.19391957,0.14509287476539612,0.9919999837875366,0.5845000147819519
YIL153W,YGR178C,0,-0.19394103,0.14507165551185608,0.9919999837875366,0.5845999717712402
YKR095W-A,YPL097W,0,-0.19397685,0.14505045115947723,0.9919999837875366,0.5846999883651733
YMR048W,YLR135W,0,-0.19399324,0.1450292468070984,0.9919999837875366,0.5848000049591064
YLR110C,YOR132W,0,-0.19415036,0.14500804245471954,0.9919999837875366,0.5849000215530396
YDR002W,YDL171C,0,-0.19428852,0.1449868530035019,0.9919999837875366,0.5849999785423279
YMR143W,YKL208W,1,-0.19450918,0.1451117992401123,0.9929999709129333,0.5849999785423279
YOR077W,YER157W,0,-0.19476894,0.14509059488773346,0.9929999709129333,0.585099995136261
YBL080C,YLR143W,0,-0.1949437,0.14506939053535461,0.9929999709129333,0.5852000117301941
YDR381W,YOL107W,0,-0.1949744,0.14504820108413696,0.9929999709129333,0.5853000283241272
YNL132W,YNR031C,0,-0.19504449,0.1450270265340805,0.9929999709129333,0.5853999853134155
YDR517W,YLR376C,0,-0.19509849,0.14500583708286285,0.9929999709129333,0.5855000019073486
YPL119C,YBL056W,0,-0.19555971,0.1449846625328064,0.9929999709129333,0.5856000185012817
YOL040C,YJL078C,0,-0.1956416,0.14496350288391113,0.9929999709129333,0.5856999754905701
YHR050W,YJL111W,0,-0.19594112,0.14494234323501587,0.9929999709129333,0.5857999920845032
YJL176C,YHR060W,0,-0.19606254,0.1449211835861206,0.9929999709129333,0.5859000086784363
YNL041C,YDR427W,0,-0.1962618,0.14490003883838654,0.9929999709129333,0.5860000252723694
YNL278W,YLR071C,0,-0.1963019,0.14487890899181366,0.9929999709129333,0.5860999822616577
YER060W,YOL113W,0,-0.19650176,0.1448577642440796,0.9929999709129333,0.5861999988555908
YMR170C,YFL013C,0,-0.19652507,0.1448366343975067,0.9929999709129333,0.5863000154495239
YPL239W,YCR068W,0,-0.19668081,0.14481551945209503,0.9929999709129333,0.5863999724388123
YDL159W,YHR047C,0,-0.19671687,0.14479440450668335,0.9929999709129333,0.5864999890327454
YCR106W,YJL012C,0,-0.19695935,0.14477328956127167,0.9929999709129333,0.5866000056266785
YNL021W,YDR285W,0,-0.19737163,0.14475218951702118,0.9929999709129333,0.5867000222206116
YKR049C,YCR044C,0,-0.19748047,0.1447310894727707,0.9929999709129333,0.5867999792098999
YGR057C,YLR345W,0,-0.19753912,0.1447100043296814,0.9929999709129333,0.586899995803833
YBR253W,YNR071C,0,-0.19754812,0.1446889042854309,0.9929999709129333,0.5870000123977661
YFR025C,YNR067C,0,-0.19758853,0.1446678340435028,0.9929999709129333,0.5871000289916992
YLR071C,YJR159W,0,-0.19769648,0.1446467638015747,0.9929999709129333,0.5871999859809875
YPL280W,YDR303C,0,-0.19769982,0.1446256935596466,0.9929999709129333,0.5873000025749207
YOR291W,YOR330C,0,-0.19784573,0.1446046382188797,0.9929999709129333,0.5874000191688538
YOR129C,YDL124W,0,-0.19858381,0.1445835828781128,0.9929999709129333,0.5874999761581421
YGL002W,YPR140W,0,-0.19883552,0.1445625275373459,0.9929999709129333,0.5875999927520752
YCR071C,YGL203C,0,-0.19949552,0.14454148709774017,0.9929999709129333,0.5877000093460083
YDR162C,YOR293W,0,-0.19950584,0.14452044665813446,0.9929999709129333,0.5878000259399414
YHR133C,YDR067C,0,-0.19989517,0.14449942111968994,0.9929999709129333,0.5878999829292297
YCR069W,YJL183W,0,-0.20011017,0.14447839558124542,0.9929999709129333,0.5879999995231628
YMR182C,YJR057W,0,-0.2006177,0.1444573700428009,0.9929999709129333,0.588100016117096
YGR183C,YLR404W,0,-0.20063677,0.14443635940551758,0.9929999709129333,0.5881999731063843
YPL138C,YLR340W,0,-0.20083395,0.14441536366939545,0.9929999709129333,0.5882999897003174
YFL049W,YGR247W,0,-0.20137003,0.14439435303211212,0.9929999709129333,0.5884000062942505
YML008C,YLR194C,0,-0.20197591,0.14437335729599,0.9929999709129333,0.5885000228881836
YGR252W,YGR204W,0,-0.2021673,0.14435237646102905,0.9929999709129333,0.5885999798774719
YKL152C,YDL220C,0,-0.20266339,0.14433139562606812,0.9929999709129333,0.588699996471405
YGL254W,YGR181W,0,-0.2029827,0.14431041479110718,0.9929999709129333,0.5888000130653381
YGL169W,YGR013W,0,-0.20322397,0.14428944885730743,0.9929999709129333,0.5889000296592712
YOR273C,YHR193C,0,-0.2033231,0.1442684829235077,0.9929999709129333,0.5889999866485596
YBL005W,YPL122C,0,-0.20350459,0.14424753189086914,0.9929999709129333,0.5891000032424927
YGR032W,YNL126W,0,-0.20388678,0.1442265808582306,0.9929999709129333,0.5892000198364258
YDR464W,YMR175W,0,-0.20391515,0.14420562982559204,0.9929999709129333,0.5892999768257141
YDR470C,YIL018W,0,-0.20406923,0.14418469369411469,0.9929999709129333,0.5893999934196472
YML101C,YKL161C,0,-0.2041901,0.14416375756263733,0.9929999709129333,0.5895000100135803
YEL022W,YDL117W,0,-0.20429239,0.14414283633232117,0.9929999709129333,0.5896000266075134
YAR066W,YAL054C,0,-0.20446226,0.144121915102005,0.9929999709129333,0.5896999835968018
YEL056W,YJL210W,0,-0.20456305,0.14410099387168884,0.9929999709129333,0.5898000001907349
YLR336C,YKL062W,0,-0.20458522,0.14408008754253387,0.9929999709129333,0.589900016784668
YML029W,YER063W,0,-0.20498207,0.1440591961145401,0.9929999709129333,0.5899999737739563
YCR023C,YNR037C,0,-0.20506856,0.14403828978538513,0.9929999709129333,0.5900999903678894
YHR063C,YGL226C-A,0,-0.20528474,0.14401739835739136,0.9929999709129333,0.5902000069618225
YIL095W,YDR484W,0,-0.20557907,0.14399652183055878,0.9929999709129333,0.5903000235557556
YDR405W,YIL016W,0,-0.2055817,0.1439756453037262,0.9929999709129333,0.590399980545044
YER165W,YGL087C,0,-0.20591155,0.14395476877689362,0.9929999709129333,0.590499997138977
YDL139C,YDR345C,0,-0.20631066,0.14393390715122223,0.9929999709129333,0.5906000137329102
YOR162C,YER049W,0,-0.20701644,0.14391304552555084,0.9929999709129333,0.5906999707221985
YMR105C,YLR264W,0,-0.20704928,0.14389218389987946,0.9929999709129333,0.5907999873161316
YFR024C-A,YOR085W,0,-0.20713052,0.14387133717536926,0.9929999709129333,0.5909000039100647
YNL312W,YGL037C,0,-0.2077066,0.14385050535202026,0.9929999709129333,0.5910000205039978
YLR341W,YDL102W,0,-0.20788255,0.14382965862751007,0.9929999709129333,0.5910999774932861
YOR227W,YAR050W,0,-0.20797852,0.14380882680416107,0.9929999709129333,0.5911999940872192
YJR150C,YOR109W,0,-0.20806167,0.14378800988197327,0.9929999709129333,0.5913000106811523
YHR119W,YMR234W,0,-0.20831165,0.14376719295978546,0.9929999709129333,0.5914000272750854
YPL133C,YGR060W,0,-0.20846382,0.14374637603759766,0.9929999709129333,0.5914999842643738
YHR106W,YKL077W,0,-0.20860341,0.14372557401657104,0.9929999709129333,0.5916000008583069
YHR080C,YNR057C,0,-0.20888332,0.14370477199554443,0.9929999709129333,0.59170001745224
YGL257C,YNR072W,0,-0.20897087,0.14368398487567902,0.9929999709129333,0.5917999744415283
YDL135C,YOR007C,0,-0.20938125,0.1436631977558136,0.9929999709129333,0.5918999910354614
YMR226C,YJR021C,0,-0.20991632,0.14364241063594818,0.9929999709129333,0.5920000076293945
YGR206W,YLL010C,0,-0.21073154,0.14362163841724396,0.9929999709129333,0.5921000242233276
YPL150W,YMR177W,0,-0.21075782,0.14360086619853973,0.9929999709129333,0.592199981212616
YOL051W,YML066C,0,-0.21091709,0.1435801088809967,0.9929999709129333,0.5922999978065491
YDL181W,YNR006W,0,-0.21098676,0.14355935156345367,0.9929999709129333,0.5924000144004822
YJR034W,YDL178W,0,-0.21126738,0.14353859424591064,0.9929999709129333,0.5924999713897705
YOR241W,YGL130W,0,-0.21130767,0.1435178518295288,0.9929999709129333,0.5925999879837036
YNL038W,YLR389C,0,-0.2114006,0.14349710941314697,0.9929999709129333,0.5927000045776367
YDR281C,YLR016C,0,-0.21148023,0.14347638189792633,0.9929999709129333,0.5928000211715698
YNR002C,YDR034C,0,-0.21172878,0.1434556543827057,0.9929999709129333,0.5928999781608582
YFL054C,YPL145C,0,-0.21227255,0.14343492686748505,0.9929999709129333,0.5929999947547913
YHR108W,YGR003W,0,-0.2124326,0.1434142142534256,0.9929999709129333,0.5931000113487244
YPL108W,YBR059C,0,-0.21273187,0.14339350163936615,0.9929999709129333,0.5932000279426575
YPR113W,YDR498C,0,-0.21285823,0.1433728039264679,0.9929999709129333,0.5932999849319458
YPL196W,YGL079W,0,-0.21288916,0.14335210621356964,0.9929999709129333,0.5934000015258789
YPL049C,YGL087C,0,-0.21291569,0.1433314085006714,0.9929999709129333,0.593500018119812
YNL088W,YDR214W,0,-0.21300992,0.14331072568893433,0.9929999709129333,0.5935999751091003
YKR054C,YLR016C,0,-0.21362409,0.14329004287719727,0.9929999709129333,0.5936999917030334
YAL040C,YLR025W,0,-0.2136577,0.1432693749666214,0.9929999709129333,0.5938000082969666
YOL077W-A,YFR021W,0,-0.2137753,0.14324870705604553,0.9929999709129333,0.5939000248908997
YGR211W,YLR135W,0,-0.2137954,0.14322803914546967,0.9929999709129333,0.593999981880188
YML126C,YJR044C,0,-0.21402147,0.143207386136055,0.9929999709129333,0.5940999984741211
YHL013C,YKL095W,0,-0.21411899,0.14318673312664032,0.9929999709129333,0.5942000150680542
YNL041C,YDR207C,0,-0.21418348,0.14316609501838684,0.9929999709129333,0.5942999720573425
YLR071C,YCL067C,0,-0.21456316,0.14314545691013336,0.9929999709129333,0.5943999886512756
YMR029C,YLR377C,0,-0.21475962,0.14312481880187988,0.9929999709129333,0.5945000052452087
YKL069W,YKL192C,0,-0.21480027,0.1431041955947876,0.9929999709129333,0.5946000218391418
YHR110W,YLR239C,0,-0.2148358,0.1430835723876953,0.9929999709129333,0.5946999788284302
YER179W,YPL145C,0,-0.21495113,0.14306296408176422,0.9929999709129333,0.5947999954223633
YPL256C,YLR085C,0,-0.21515277,0.14304235577583313,0.9929999709129333,0.5949000120162964
YPR023C,YDR173C,0,-0.21517852,0.14302174746990204,0.9929999709129333,0.5950000286102295
YER044C-A,YKL013C,0,-0.21518192,0.14300115406513214,0.9929999709129333,0.5950999855995178
YGR077C,YBR235W,0,-0.21571353,0.14298056066036224,0.9929999709129333,0.5952000021934509
YGL058W,YLR378C,0,-0.21572956,0.14295998215675354,0.9929999709129333,0.595300018787384
YJL076W,YER190W,0,-0.21577188,0.14293940365314484,0.9929999709129333,0.5953999757766724
YGR247W,YDR262W,0,-0.21609035,0.14291882514953613,0.9929999709129333,0.5954999923706055
YDL042C,YJR119C,0,-0.2162467,0.14289826154708862,0.9929999709129333,0.5956000089645386
YJL181W,YGR253C,0,-0.21639088,0.1428776979446411,0.9929999709129333,0.5957000255584717
YGR172C,YPL240C,0,-0.2166138,0.1428571492433548,0.9929999709129333,0.59579998254776
YIL127C,YLR289W,0,-0.21672514,0.14283660054206848,0.9929999709129333,0.5958999991416931
YDR143C,YJR149W,0,-0.21673277,0.14281605184078217,0.9929999709129333,0.5960000157356262
YDL189W,YMR089C,0,-0.21716288,0.14279551804065704,0.9929999709129333,0.5960999727249146
YPR107C,YOR098C,0,-0.21722928,0.14277498424053192,0.9929999709129333,0.5961999893188477
YMR112C,YAR042W,0,-0.21729591,0.1427544504404068,0.9929999709129333,0.5963000059127808
YLR383W,YGR157W,0,-0.21745613,0.14273393154144287,0.9929999709129333,0.5964000225067139
YOR033C,YJL144W,0,-0.21752706,0.14271342754364014,0.9929999709129333,0.5964999794960022
YCR020W-B,YOR117W,0,-0.21755269,0.1426929086446762,0.9929999709129333,0.5965999960899353
YDL022W,YER138C,0,-0.21795526,0.14267241954803467,0.9929999709129333,0.5967000126838684
YER060W-A,YDR364C,0,-0.2182239,0.14265191555023193,0.9929999709129333,0.5968000292778015
YDL134C,YOR086C,0,-0.21822765,0.1426314264535904,0.9929999709129333,0.5968999862670898
YEL070W,YML114C,0,-0.21837619,0.14261093735694885,0.9929999709129333,0.597000002861023
YIR007W,YHR128W,0,-0.21851441,0.1425904631614685,0.9929999709129333,0.597100019454956
YDR084C,YML081W,0,-0.21856764,0.14256998896598816,0.9929999709129333,0.5971999764442444
YIL120W,YDR237W,0,-0.21868852,0.142549529671669,0.9929999709129333,0.5972999930381775
YPL274W,YHR119W,0,-0.21874449,0.14252907037734985,0.9929999709129333,0.5974000096321106
YJL207C,YBR238C,0,-0.21901813,0.1425086110830307,0.9929999709129333,0.5975000262260437
YNL048W,YOR216C,0,-0.21914503,0.14248816668987274,0.9929999709129333,0.597599983215332
YDR397C,YER078C,0,-0.21948841,0.14246772229671478,0.9929999709129333,0.5976999998092651
YFR040W,YPL087W,0,-0.21977475,0.14244727790355682,0.9929999709129333,0.5978000164031982
YOL124C,YJR046W,0,-0.21978667,0.14242684841156006,0.9929999709129333,0.5978999733924866
YOR178C,YNL052W,0,-0.22100058,0.1424064189195633,0.9929999709129333,0.5979999899864197
YLL014W,YIL135C,0,-0.22104248,0.14238600432872772,0.9929999709129333,0.5981000065803528
YPR105C,YLL021W,0,-0.22131577,0.14236558973789215,0.9929999709129333,0.5982000231742859
YBR192W,YOL052C-A,0,-0.22143403,0.14234519004821777,0.9929999709129333,0.5982999801635742
YBL019W,YIR031C,0,-0.22174343,0.1423247754573822,0.9929999709129333,0.5983999967575073
YLR380W,YBR073W,0,-0.22188321,0.14230439066886902,0.9929999709129333,0.5985000133514404
YMR083W,YML067C,0,-0.22199878,0.14228399097919464,0.9929999709129333,0.5985999703407288
YJL159W,YDL070W,0,-0.22213212,0.14226360619068146,0.9929999709129333,0.5986999869346619
YBR069C,YOR017W,0,-0.22223964,0.14224323630332947,0.9929999709129333,0.598800003528595
YML128C,YGR240C,0,-0.22232798,0.14222285151481628,0.9929999709129333,0.5989000201225281
YCL016C,YFL054C,0,-0.2226452,0.1422024965286255,0.9929999709129333,0.5989999771118164
YKL008C,YER050C,0,-0.22331634,0.1421821266412735,0.9929999709129333,0.5990999937057495
YBR115C,YMR262W,0,-0.2235438,0.1421617716550827,0.9929999709129333,0.5992000102996826
YDR462W,YER177W,0,-0.22366259,0.1421414315700531,0.9929999709129333,0.5993000268936157
YCR005C,YKL114C,0,-0.22371903,0.1421210765838623,0.9929999709129333,0.599399983882904
YER038C,YPR057W,0,-0.22385922,0.1421007513999939,0.9929999709129333,0.5995000004768372
YLR228C,YHR138C,0,-0.22408357,0.1420804113149643,0.9929999709129333,0.5996000170707703
YDR309C,YMR262W,0,-0.22422501,0.1420600861310959,0.9929999709129333,0.5996999740600586
YDR258C,YOR002W,0,-0.22425368,0.14203976094722748,0.9929999709129333,0.5997999906539917
YOR079C,YDR123C,0,-0.22428074,0.14201945066452026,0.9929999709129333,0.5999000072479248
YPR066W,YPR101W,0,-0.22443,0.14199914038181305,0.9929999709129333,0.6000000238418579
YOR025W,YDL119C,0,-0.22476712,0.14197884500026703,0.9929999709129333,0.6000999808311462
YDL049C,YPL138C,0,-0.22559062,0.14195853471755981,0.9929999709129333,0.6001999974250793
YBR177C,YGL103W,0,-0.22559682,0.141938254237175,0.9929999709129333,0.6003000140190125
YDR281C,YHR158C,0,-0.22570804,0.14191795885562897,0.9929999709129333,0.6003999710083008
YJL042W,YJL186W,0,-0.22617057,0.14189767837524414,0.9929999709129333,0.6004999876022339
YOR298W,YPR180W,0,-0.22617748,0.1418774127960205,0.9929999709129333,0.600600004196167
YGR216C,YAR042W,0,-0.22638246,0.14185714721679688,0.9929999709129333,0.6007000207901001
YPR164W,YFR046C,0,-0.22685567,0.14183688163757324,0.9929999709129333,0.6007999777793884
YBR227C,YNL055C,0,-0.22687128,0.1418166309595108,0.9929999709129333,0.6008999943733215
YGR258C,YMR238W,0,-0.22690043,0.14179638028144836,0.9929999709129333,0.6010000109672546
YDR256C,YJL110C,0,-0.22718182,0.14177612960338593,0.9929999709129333,0.6011000275611877
YCL005W-A,YNR031C,0,-0.22802201,0.14175589382648468,0.9929999709129333,0.6011999845504761
YBR248C,YKL146W,0,-0.22818705,0.14173565804958344,0.9929999709129333,0.6013000011444092
YOR354C,YMR323W,0,-0.2285836,0.1417154222726822,0.9929999709129333,0.6014000177383423
YOR033C,YJL149W,0,-0.22883919,0.14169520139694214,0.9929999709129333,0.6014999747276306
YML126C,YLR226W,0,-0.22886375,0.14167499542236328,0.9929999709129333,0.6015999913215637
YKL029C,YNL045W,0,-0.22925392,0.14165477454662323,0.9929999709129333,0.6017000079154968
YJL124C,YPL170W,0,-0.22929421,0.14163456857204437,0.9929999709129333,0.6018000245094299
YDR214W,YLR119W,0,-0.22958902,0.1416143774986267,0.9929999709129333,0.6018999814987183
YNL009W,YBR179C,0,-0.22977051,0.14159418642520905,0.9929999709129333,0.6019999980926514
YKL117W,YJL206C,0,-0.23028943,0.14157399535179138,0.9929999709129333,0.6021000146865845
YER119C,YLR058C,0,-0.23030004,0.1415538191795349,0.9929999709129333,0.6021999716758728
YFL003C,YDR180W,0,-0.2305251,0.14153364300727844,0.9929999709129333,0.6022999882698059
YDR027C,YOR207C,0,-0.23055199,0.14151346683502197,0.9929999709129333,0.602400004863739
YNL258C,YGR132C,0,-0.2306141,0.1414933055639267,0.9929999709129333,0.6025000214576721
YER033C,YNL050C,0,-0.2309492,0.14147314429283142,0.9929999709129333,0.6025999784469604
YOL093W,YBR120C,0,-0.2310979,0.14145299792289734,0.9929999709129333,0.6026999950408936
YLR001C,YKL033W,0,-0.23166516,0.14143285155296326,0.9929999709129333,0.6028000116348267
YLR466W,YOR380W,0,-0.2316713,0.14141270518302917,0.9929999709129333,0.6029000282287598
YDL132W,YHR006W,0,-0.2317566,0.1413925737142563,0.9929999709129333,0.6029999852180481
YNL316C,YGL038C,0,-0.23179081,0.1413724422454834,0.9929999709129333,0.6031000018119812
YHL025W,YPL213W,0,-0.23182127,0.1413523107767105,0.9929999709129333,0.6032000184059143
YBR042C,YOR230W,0,-0.23266748,0.14133219420909882,0.9929999709129333,0.6032999753952026
YGR092W,YJL011C,0,-0.23348728,0.14131207764148712,0.9929999709129333,0.6033999919891357
YOR058C,YBL042C,0,-0.23389414,0.14129197597503662,0.9929999709129333,0.6035000085830688
YBR217W,YLL023C,0,-0.23413327,0.14127187430858612,0.9929999709129333,0.603600025177002
YGR186W,YGR268C,0,-0.23420957,0.14125177264213562,0.9929999709129333,0.6036999821662903
YGR260W,YDR127W,0,-0.2343081,0.1412316858768463,0.9929999709129333,0.6037999987602234
YEL070W,YDR404C,0,-0.23437575,0.141211599111557,0.9929999709129333,0.6039000153541565
YLR210W,YGR249W,0,-0.23472986,0.1411915272474289,0.9929999709129333,0.6039999723434448
YFR027W,YMR213W,0,-0.2352198,0.14117145538330078,0.9929999709129333,0.6040999889373779
YOL104C,YOR028C,0,-0.23539713,0.14115138351917267,0.9929999709129333,0.604200005531311
YAR031W,YNL064C,0,-0.2358124,0.14113132655620575,0.9929999709129333,0.6043000221252441
YOL017W,YBR114W,0,-0.23583546,0.14111126959323883,0.9929999709129333,0.6043999791145325
YGR166W,YOL126C,0,-0.23597732,0.1410912126302719,0.9929999709129333,0.6044999957084656
YBR052C,YPR043W,0,-0.23599496,0.1410711705684662,0.9929999709129333,0.6046000123023987
YMR237W,YCR043C,0,-0.2360076,0.14105114340782166,0.9929999709129333,0.6047000288963318
YDR179C,YCR002C,0,-0.23636153,0.14103110134601593,0.9929999709129333,0.6047999858856201
YPL119C,YLR384C,0,-0.23662874,0.1410110741853714,0.9929999709129333,0.6049000024795532
YDR307W,YBR293W,0,-0.23663971,0.14099106192588806,0.9929999709129333,0.6050000190734863
YDR028C,YNL243W,0,-0.23703566,0.14097103476524353,0.9929999709129333,0.6050999760627747
YIL038C,YNL257C,0,-0.2370446,0.1409510225057602,0.9929999709129333,0.6051999926567078
YMR038C,YBL058W,0,-0.23710719,0.14093102514743805,0.9929999709129333,0.6053000092506409
YOR083W,YOR005C,0,-0.237443,0.1409110277891159,0.9929999709129333,0.605400025844574
YLR223C,YNL287W,0,-0.23774907,0.14089103043079376,0.9929999709129333,0.6054999828338623
YOR284W,YER157W,0,-0.23801455,0.1408710479736328,0.9929999709129333,0.6055999994277954
YIL010W,YJR040W,0,-0.23821476,0.14085106551647186,0.9929999709129333,0.6057000160217285
YFL018C,YAL029C,0,-0.23873058,0.1408310830593109,0.9929999709129333,0.6057999730110168
YPR091C,YNL099C,0,-0.23911515,0.14081111550331116,0.9929999709129333,0.60589998960495
YDR092W,YPR141C,0,-0.23916605,0.1407911479473114,0.9929999709129333,0.6060000061988831
YNL243W,YCL034W,0,-0.23923191,0.14077119529247284,0.9929999709129333,0.6061000227928162
YML028W,YKL125W,0,-0.23980835,0.14075124263763428,0.9929999709129333,0.6061999797821045
YOR360C,YNL117W,0,-0.24083462,0.14073128998279572,0.9929999709129333,0.6062999963760376
YBL080C,YGL044C,0,-0.24124584,0.14071135222911835,0.9929999709129333,0.6064000129699707
YJL208C,YER087W,0,-0.24141434,0.14069141447544098,0.9929999709129333,0.6065000295639038
YBR077C,YER072W,0,-0.2415553,0.1406714767217636,0.9929999709129333,0.6065999865531921
YKL005C,YHR037W,0,-0.24276528,0.14065155386924744,0.9929999709129333,0.6067000031471252
YNL106C,YPL183W-A,0,-0.2428486,0.14063164591789246,0.9929999709129333,0.6068000197410583
YMR269W,YLR013W,0,-0.24301901,0.14061172306537628,0.9929999709129333,0.6068999767303467
YPR107C,YKL027W,0,-0.24315783,0.1405918151140213,0.9929999709129333,0.6069999933242798
YCR046C,YML096W,0,-0.2431871,0.14057190716266632,0.9929999709129333,0.6071000099182129
YNR002C,YPL176C,0,-0.24319544,0.14055201411247253,0.9929999709129333,0.607200026512146
YMR053C,YLL027W,0,-0.2434273,0.14053212106227875,0.9929999709129333,0.6072999835014343
YBR217W,YER183C,0,-0.24370053,0.14051224291324615,0.9929999709129333,0.6074000000953674
YBL035C,YOR081C,0,-0.24401,0.14049236476421356,0.9929999709129333,0.6075000166893005
YER129W,YLR453C,0,-0.24432507,0.14047248661518097,0.9929999709129333,0.6075999736785889
YLR284C,YMR063W,0,-0.24452832,0.14045262336730957,0.9929999709129333,0.607699990272522
YBR217W,YOR311C,0,-0.24477795,0.14043276011943817,0.9929999709129333,0.6078000068664551
YBL080C,YPL001W,0,-0.2449536,0.14041289687156677,0.9929999709129333,0.6079000234603882
YOL130W,YGR155W,0,-0.24498942,0.14039304852485657,0.9929999709129333,0.6079999804496765
YNL275W,YOR249C,0,-0.24502131,0.14037320017814636,0.9929999709129333,0.6080999970436096
YPR025C,YMR009W,0,-0.24511352,0.14035335183143616,0.9929999709129333,0.6082000136375427
YHR020W,YBL099W,0,-0.24515119,0.14033351838588715,0.9929999709129333,0.608299970626831
YDR006C,YPL097W,0,-0.24544552,0.14031368494033813,0.9929999709129333,0.6083999872207642
YOR255W,YGL216W,0,-0.24635032,0.14029386639595032,0.9929999709129333,0.6085000038146973
YNL281W,YNL027W,0,-0.24639007,0.1402740478515625,0.9929999709129333,0.6086000204086304
YOR168W,YDL216C,0,-0.24645337,0.14025424420833588,0.9929999709129333,0.6086999773979187
YMR167W,YHR004C,0,-0.24648151,0.14023442566394806,0.9929999709129333,0.6087999939918518
YFR010W,YJL001W,0,-0.24679866,0.14021462202072144,0.9929999709129333,0.6089000105857849
YPL196W,YDR384C,0,-0.24688241,0.140194833278656,0.9929999709129333,0.609000027179718
YGL067W,YMR081C,0,-0.24769703,0.14017504453659058,0.9929999709129333,0.6090999841690063
YFR046C,YML067C,0,-0.24779549,0.14015525579452515,0.9929999709129333,0.6092000007629395
YNL025C,YPR072W,0,-0.24794021,0.1401354819536209,0.9929999709129333,0.6093000173568726
YNL294C,YGR198W,0,-0.24815276,0.14011570811271667,0.9929999709129333,0.6093999743461609
YBR210W,YPL224C,0,-0.24995247,0.14009593427181244,0.9929999709129333,0.609499990940094
YDR009W,YOL058W,0,-0.25040588,0.1400761753320694,0.9929999709129333,0.6096000075340271
YFL016C,YNL132W,0,-0.2504798,0.14005641639232635,0.9929999709129333,0.6097000241279602
YER060W-A,YNL093W,0,-0.25052223,0.1400366723537445,0.9929999709129333,0.6097999811172485
YKR077W,YBR268W,0,-0.25061485,0.14001691341400146,0.9929999709129333,0.6098999977111816
YLL061W,YKL107W,0,-0.25063607,0.1399971842765808,0.9929999709129333,0.6100000143051147
YDR040C,YGR157W,0,-0.25065324,0.13997744023799896,0.9929999709129333,0.6100999712944031
YBR044C,YML007W,0,-0.2507445,0.1399577111005783,0.9929999709129333,0.6101999878883362
YLR189C,YER055C,0,-0.2512689,0.13993799686431885,0.9929999709129333,0.6103000044822693
YHR120W,YML016C,0,-0.2515451,0.1399182826280594,0.9929999709129333,0.6104000210762024
YMR046C,YDR328C,0,-0.25161615,0.13989856839179993,0.9929999709129333,0.6104999780654907
YHR204W,YFL008W,0,-0.25231615,0.13987885415554047,0.9929999709129333,0.6105999946594238
YER159C,YPR201W,0,-0.2534646,0.1398591548204422,0.9929999709129333,0.6107000112533569
YJR095W,YBR074W,0,-0.25362006,0.13983945548534393,0.9929999709129333,0.61080002784729
YHR079C-A,YML109W,0,-0.2537804,0.13981977105140686,0.9929999709129333,0.6108999848365784
YDR006C,YOL146W,0,-0.25406685,0.1398000866174698,0.9929999709129333,0.6110000014305115
YOL082W,YIL056W,0,-0.2542707,0.13978040218353271,0.9929999709129333,0.6111000180244446
YKL101W,YLR135W,0,-0.25473765,0.13976073265075684,0.9929999709129333,0.6111999750137329
YNR033W,YLR130C,0,-0.25521275,0.13974106311798096,0.9929999709129333,0.611299991607666
YJR152W,YJL079C,0,-0.2553455,0.13972140848636627,0.9929999709129333,0.6114000082015991
YBR229C,YER090W,0,-0.2563564,0.1397017389535904,0.9929999709129333,0.6115000247955322
YDR229W,YNR031C,0,-0.2567366,0.1396820992231369,0.9929999709129333,0.6115999817848206
YEL036C,YLR116W,0,-0.25711516,0.13966244459152222,0.9929999709129333,0.6116999983787537
YFL053W,YKR025W,0,-0.25720164,0.13964280486106873,0.9929999709129333,0.6118000149726868
YPL207W,YKL041W,0,-0.257274,0.13962316513061523,0.9929999709129333,0.6118999719619751
YGL115W,YLR394W,0,-0.2574177,0.13960354030132294,0.9929999709129333,0.6119999885559082
YDL201W,YIL056W,0,-0.25780323,0.13958391547203064,0.9929999709129333,0.6121000051498413
YKR018C,YMR001C,0,-0.25801328,0.13956430554389954,0.9929999709129333,0.6122000217437744
YNL243W,YER139C,0,-0.2582256,0.13954468071460724,0.9929999709129333,0.6122999787330627
YMR195W,YDR527W,0,-0.25826892,0.13952508568763733,0.9929999709129333,0.6123999953269958
YEL027W,YDR171W,0,-0.25854316,0.13950547575950623,0.9929999709129333,0.612500011920929
YPL018W,YPR101W,0,-0.25862786,0.13948588073253632,0.9929999709129333,0.6126000285148621
YER052C,YDR311W,0,-0.2586653,0.1394662857055664,0.9929999709129333,0.6126999855041504
YIL015W,YGL226W,0,-0.2595069,0.1394467055797577,0.9929999709129333,0.6128000020980835
YLL034C,YMR068W,0,-0.25977686,0.13942712545394897,0.9929999709129333,0.6129000186920166
YKL012W,YJL168C,0,-0.259811,0.13940756022930145,0.9929999709129333,0.6129999756813049
YHR152W,YLL041C,0,-0.26000854,0.13938798010349274,0.9929999709129333,0.613099992275238
YDR446W,YEL012W,0,-0.26005003,0.13936841487884521,0.9929999709129333,0.6132000088691711
YOR059C,YDL181W,0,-0.26061282,0.1393488645553589,0.9929999709129333,0.6133000254631042
YPL171C,YNR037C,0,-0.26114312,0.13932931423187256,0.9929999709129333,0.6133999824523926
YDR407C,YGR192C,0,-0.26124135,0.13930976390838623,0.9929999709129333,0.6134999990463257
YDL247W,YER100W,0,-0.2612594,0.1392902284860611,0.9929999709129333,0.6136000156402588
YGR165W,YOR377W,0,-0.26143512,0.13927069306373596,0.9929999709129333,0.6136999726295471
YMR030W,YBR096W,0,-0.26144496,0.13925115764141083,0.9929999709129333,0.6137999892234802
YPL127C,YEL037C,0,-0.26156452,0.1392316371202469,0.9929999709129333,0.6139000058174133
YMR046C,YLR345W,0,-0.26160744,0.13921211659908295,0.9929999709129333,0.6140000224113464
YHR019C,YDR082W,0,-0.2616277,0.139192596077919,0.9929999709129333,0.6140999794006348
YER038C,YOR383C,0,-0.26188377,0.13917309045791626,0.9929999709129333,0.6141999959945679
YLL055W,YFR055W,0,-0.26249108,0.1391535848379135,0.9929999709129333,0.614300012588501
YBR136W,YPR194C,0,-0.26260272,0.13913409411907196,0.9929999709129333,0.6144000291824341
YHR113W,YKL166C,0,-0.262804,0.1391146034002304,0.9929999709129333,0.6144999861717224
YGR284C,YGL196W,0,-0.2632005,0.13909511268138885,0.9929999709129333,0.6146000027656555
YGR202C,YKL041W,0,-0.26368162,0.1390756368637085,0.9929999709129333,0.6147000193595886
YOR197W,YJR054W,0,-0.26416257,0.13905616104602814,0.9929999709129333,0.614799976348877
YKL221W,YHR150W,0,-0.26436594,0.13903668522834778,0.9929999709129333,0.6148999929428101
YBR146W,YNL298W,0,-0.2644721,0.1390172243118286,0.9929999709129333,0.6150000095367432
YGR089W,YKR077W,0,-0.26454374,0.13899776339530945,0.9929999709129333,0.6151000261306763
YDR105C,YCL017C,0,-0.26509812,0.13897830247879028,0.9929999709129333,0.6151999831199646
YOR311C,YJR049C,0,-0.26514015,0.1389588564634323,0.9929999709129333,0.6152999997138977
YFL018C,YPL270W,0,-0.265501,0.13893941044807434,0.9929999709129333,0.6154000163078308
YGL058W,YNL246W,0,-0.26568213,0.13891997933387756,0.9929999709129333,0.6154999732971191
YDR076W,YGL225W,0,-0.26573196,0.1389005482196808,0.9929999709129333,0.6155999898910522
YFL038C,YKL041W,0,-0.26576033,0.138881117105484,0.9929999709129333,0.6157000064849854
YLR442C,YAR003W,0,-0.26624867,0.13886170089244843,0.9929999709129333,0.6158000230789185
YGL019W,YPR103W,0,-0.2663211,0.13884228467941284,0.9929999709129333,0.6158999800682068
YPR079W,YMR136W,0,-0.26679173,0.13882286846637726,0.9929999709129333,0.6159999966621399
YMR039C,YHR190W,0,-0.26680002,0.13880346715450287,0.9929999709129333,0.616100013256073
YBR139W,YOL017W,0,-0.26680765,0.13878406584262848,0.9929999709129333,0.6161999702453613
YHR149C,YBR168W,0,-0.26687935,0.13876467943191528,0.9929999709129333,0.6162999868392944
YOR100C,YML022W,0,-0.26697174,0.1387452781200409,0.9929999709129333,0.6164000034332275
YMR291W,YJL206C,0,-0.26712826,0.1387259066104889,0.9929999709129333,0.6165000200271606
YNL281W,YLR209C,0,-0.26719365,0.1387065201997757,0.9929999709129333,0.616599977016449
YEL040W,YIL073C,0,-0.267558,0.1386871486902237,0.9929999709129333,0.6166999936103821
YGR056W,YMR162C,0,-0.26778826,0.1386677771806717,0.9929999709129333,0.6168000102043152
YML052W,YBL085W,0,-0.26882884,0.13864842057228088,0.9929999709129333,0.6169000267982483
YHR152W,YBL016W,0,-0.26886204,0.13862906396389008,0.9929999709129333,0.6169999837875366
YIL177C,YOR250C,0,-0.26888838,0.13860972225666046,0.9929999709129333,0.6171000003814697
YHR202W,YJL051W,0,-0.26956132,0.13859036564826965,0.9929999709129333,0.6172000169754028
YKR095W,YOR032C,0,-0.2695662,0.13857102394104004,0.9929999709129333,0.6172999739646912
YLR178C,YMR013C,0,-0.27040377,0.13855169713497162,0.9929999709129333,0.6173999905586243
YDL191W,YDR221W,0,-0.27046552,0.1385323703289032,0.9929999709129333,0.6175000071525574
YFL052W,YJR026W,0,-0.27075872,0.13851304352283478,0.9929999709129333,0.6176000237464905
YDR159W,YNL259C,0,-0.27135524,0.13849371671676636,0.9929999709129333,0.6176999807357788
YFL010W-A,YNL265C,0,-0.2716603,0.13847440481185913,0.9929999709129333,0.6177999973297119
YBR056W,YGR204W,0,-0.27195498,0.1384551078081131,0.9929999709129333,0.617900013923645
YOR064C,YER014W,0,-0.2722678,0.13843579590320587,0.9929999709129333,0.6179999709129333
YDL079C,YJL209W,0,-0.2724391,0.13841649889945984,0.9929999709129333,0.6180999875068665
YDR545W,YOR129C,0,-0.27255037,0.138397216796875,0.9929999709129333,0.6182000041007996
YJR017C,YKL170W,0,-0.27273253,0.13837791979312897,0.9929999709129333,0.6183000206947327
YHR113W,YKL015W,0,-0.27291778,0.13835865259170532,0.9929999709129333,0.618399977684021
YGR089W,YHR211W,0,-0.2740073,0.13833937048912048,0.9929999709129333,0.6184999942779541
YLR205C,YJR133W,0,-0.27412513,0.13832010328769684,0.9929999709129333,0.6186000108718872
YHR030C,YNL220W,0,-0.27438596,0.1383008360862732,0.9929999709129333,0.6187000274658203
YER013W,YOL052C-A,0,-0.27456948,0.13828158378601074,0.9929999709129333,0.6187999844551086
YOR319W,YJL139C,0,-0.27473202,0.1382623165845871,0.9929999709129333,0.6189000010490417
YMR065W,YLR272C,0,-0.27477083,0.13824307918548584,0.9929999709129333,0.6190000176429749
YOR079C,YKL067W,0,-0.27478853,0.1382238268852234,0.9929999709129333,0.6190999746322632
YKL067W,YKL079W,0,-0.27515396,0.13820458948612213,0.9929999709129333,0.6191999912261963
YDL217C,YER032W,0,-0.2751669,0.13818536698818207,0.9929999709129333,0.6193000078201294
YEL029C,YLR337C,0,-0.27524117,0.1381661295890808,0.9929999709129333,0.6194000244140625
YKL008C,YGL033W,0,-0.2753046,0.13814690709114075,0.9929999709129333,0.6194999814033508
YNL029C,YKL046C,0,-0.2753792,0.13812769949436188,0.9929999709129333,0.6195999979972839
YJR118C,YDL239C,0,-0.27564397,0.13810847699642181,0.9929999709129333,0.619700014591217
YCR069W,YOR109W,0,-0.27565727,0.13808928430080414,0.9929999709129333,0.6197999715805054
YHR201C,YDL181W,0,-0.27569452,0.13807007670402527,0.9929999709129333,0.6198999881744385
YPR067W,YBR078W,0,-0.27584335,0.1380508840084076,0.9929999709129333,0.6200000047683716
YNL025C,YIL094C,0,-0.27665135,0.13803169131278992,0.9929999709129333,0.6201000213623047
YBR233W-A,YPR199C,0,-0.2766553,0.13801251351833344,0.9929999709129333,0.620199978351593
YGL163C,YOL026C,0,-0.2769206,0.13799333572387695,0.9929999709129333,0.6202999949455261
YIL095W,YBR018C,0,-0.2772499,0.13797415792942047,0.9929999709129333,0.6204000115394592
YJL111W,YIR039C,0,-0.27798167,0.137954980134964,0.9929999709129333,0.6205000281333923
YPL173W,YHR135C,0,-0.2781352,0.1379358172416687,0.9929999709129333,0.6205999851226807
YLR431C,YNL256W,0,-0.27815667,0.1379166692495346,0.9929999709129333,0.6207000017166138
YPL200W,YPR086W,0,-0.27884486,0.1378975212574005,0.9929999709129333,0.6208000183105469
YLR321C,YAL001C,0,-0.27956632,0.13787837326526642,0.9929999709129333,0.6208999752998352
YOR329C,YDR408C,0,-0.28020778,0.13785922527313232,0.9929999709129333,0.6209999918937683
YIR003W,YMR200W,0,-0.28031603,0.13784009218215942,0.9929999709129333,0.6211000084877014
YOR209C,YLR341W,0,-0.2803233,0.13782095909118652,0.9929999709129333,0.6212000250816345
YGL201C,YNL271C,0,-0.28118697,0.13780182600021362,0.9929999709129333,0.6212999820709229
YMR114C,YOL154W,0,-0.28136113,0.13778270781040192,0.9929999709129333,0.621399998664856
YLR070C,YNL123W,0,-0.28199163,0.1377635896205902,0.9929999709129333,0.6215000152587891
YNL016W,YDR080W,0,-0.2820823,0.1377444863319397,0.9929999709129333,0.6215999722480774
YER129W,YIL073C,0,-0.28223577,0.13772538304328918,0.9929999709129333,0.6216999888420105
YNR031C,YPL128C,0,-0.2823864,0.13770627975463867,0.9929999709129333,0.6218000054359436
YIL009W,YIR035C,0,-0.2826707,0.13768719136714935,0.9929999709129333,0.6219000220298767
YOR227W,YDR216W,0,-0.28267756,0.13766810297966003,0.9929999709129333,0.621999979019165
YDR316W,YJL194W,0,-0.28272155,0.13764901459217072,0.9929999709129333,0.6220999956130981
YOR383C,YNL317W,0,-0.28306505,0.1376299411058426,0.9929999709129333,0.6222000122070312
YMR134W,YEL056W,0,-0.28356495,0.13761086761951447,0.9929999709129333,0.6223000288009644
YLR189C,YOL006C,0,-0.2838644,0.13759179413318634,0.9929999709129333,0.6223999857902527
YMR146C,YDL123W,0,-0.2838817,0.1375727355480194,0.9929999709129333,0.6225000023841858
YOL132W,YGL104C,0,-0.2840779,0.13755367696285248,0.9929999709129333,0.6226000189781189
YNR059W,YIL010W,0,-0.28444627,0.13753463327884674,0.9929999709129333,0.6226999759674072
YMR118C,YER031C,0,-0.2847133,0.1375155746936798,0.9929999709129333,0.6227999925613403
YDR527W,YNL092W,0,-0.28494337,0.13749653100967407,0.9929999709129333,0.6229000091552734
YER123W,YDR020C,0,-0.28517398,0.13747750222682953,0.9929999709129333,0.6230000257492065
YGR202C,YCL034W,0,-0.2853295,0.13745847344398499,0.9929999709129333,0.6230999827384949
YER129W,YOR362C,0,-0.2854422,0.13743944466114044,0.9929999709129333,0.623199999332428
YGL180W,YGR212W,0,-0.28652343,0.1374204307794571,0.9929999709129333,0.6233000159263611
YIL167W,YKR025W,0,-0.28699383,0.13740141689777374,0.9929999709129333,0.6233999729156494
YOR363C,YDR404C,0,-0.28708646,0.1373824030160904,0.9929999709129333,0.6234999895095825
YPL049C,YNL317W,0,-0.28741667,0.13736340403556824,0.9929999709129333,0.6236000061035156
YNL084C,YHR190W,0,-0.28750148,0.13734440505504608,0.9929999709129333,0.6237000226974487
YBL101C,YPR190C,0,-0.28788665,0.13732540607452393,0.9929999709129333,0.6237999796867371
YOR100C,YNL025C,0,-0.28791693,0.13730642199516296,0.9929999709129333,0.6238999962806702
YGL255W,YIL087C,0,-0.28795984,0.137287437915802,0.9929999709129333,0.6240000128746033
YDR353W,YAL029C,0,-0.28855374,0.13726845383644104,0.9929999709129333,0.6241000294685364
YOL145C,YKL032C,0,-0.2887117,0.13724948465824127,0.9929999709129333,0.6241999864578247
YML127W,YLR022C,1,-0.2887316,0.13736870884895325,0.9940000176429749,0.6241999864578247
YGR287C,YIL134W,0,-0.2887381,0.13734972476959229,0.9940000176429749,0.6243000030517578
YEL027W,YKL092C,0,-0.28886214,0.13733075559139252,0.9940000176429749,0.6244000196456909
YOR002W,YOR125C,0,-0.28919217,0.13731178641319275,0.9940000176429749,0.6244999766349792
YGL226C-A,YNR026C,0,-0.2892768,0.13729281723499298,0.9940000176429749,0.6245999932289124
YIL013C,YJR119C,0,-0.28945342,0.1372738629579544,0.9940000176429749,0.6247000098228455
YNL134C,YLR301W,0,-0.28959945,0.13725490868091583,0.9940000176429749,0.6248000264167786
YOR329C,YPR007C,0,-0.2899715,0.13723595440387726,0.9940000176429749,0.6248999834060669
YDL133C-A,YPL058C,0,-0.29006723,0.13721700012683868,0.9940000176429749,0.625
YPR149W,YPL183C,0,-0.29096237,0.1371980607509613,0.9940000176429749,0.6251000165939331
YMR202W,YMR216C,0,-0.29117194,0.13717913627624512,0.9940000176429749,0.6251999735832214
YBR179C,YKL003C,0,-0.29126182,0.13716019690036774,0.9940000176429749,0.6252999901771545
YBL084C,YDR453C,0,-0.2916352,0.13714128732681274,0.9940000176429749,0.6254000067710876
YMR315W,YIL016W,0,-0.29167417,0.13712236285209656,0.9940000176429749,0.6255000233650208
YAL039C,YHR122W,0,-0.29194483,0.13710345327854156,0.9940000176429749,0.6255999803543091
YDR397C,YNL219C,0,-0.29214928,0.13708454370498657,0.9940000176429749,0.6256999969482422
YOR388C,YDR135C,0,-0.29263774,0.13706563413143158,0.9940000176429749,0.6258000135421753
YIL095W,YER123W,0,-0.29280803,0.13704673945903778,0.9940000176429749,0.6258999705314636
YBL084C,YCR023C,0,-0.29312006,0.13702784478664398,0.9940000176429749,0.6259999871253967
YLR039C,YPL221W,0,-0.2933285,0.13700896501541138,0.9940000176429749,0.6261000037193298
YDR287W,YIL110W,0,-0.29355827,0.13699007034301758,0.9940000176429749,0.6262000203132629
YJR153W,YPR095C,0,-0.29360268,0.13697120547294617,0.9940000176429749,0.6262999773025513
YOR100C,YLR301W,0,-0.29369035,0.13695232570171356,0.9940000176429749,0.6263999938964844
YOL094C,YLR203C,0,-0.29377535,0.13693346083164215,0.9940000176429749,0.6265000104904175
YIR032C,YBR287W,0,-0.29424986,0.13691459596157074,0.9940000176429749,0.6266000270843506
YER154W,YPR058W,0,-0.29507592,0.13689574599266052,0.9940000176429749,0.6266999840736389
YGL094C,YMR240C,0,-0.29512605,0.1368768960237503,0.9940000176429749,0.626800000667572
YDL070W,YIL056W,0,-0.29540744,0.1368580460548401,0.9940000176429749,0.6269000172615051
YJR153W,YJL111W,0,-0.296173,0.13683921098709106,0.9940000176429749,0.6269999742507935
YJR095W,YKL146W,0,-0.29623303,0.13682037591934204,0.9940000176429749,0.6270999908447266
YBR254C,YJR090C,0,-0.2967697,0.13680154085159302,0.9940000176429749,0.6272000074386597
YHR056C,YML071C,0,-0.29701242,0.1367827206850052,0.9940000176429749,0.6273000240325928
YKR099W,YOR138C,0,-0.29717258,0.13676390051841736,0.9940000176429749,0.6273999810218811
YML131W,YDR499W,0,-0.29738143,0.13674508035182953,0.9940000176429749,0.6274999976158142
YPR071W,YNL132W,0,-0.29748097,0.1367262750864029,0.9940000176429749,0.6276000142097473
YPR200C,YLL033W,0,-0.2980385,0.13670746982097626,0.9940000176429749,0.6276999711990356
YKL049C,YBR182C,0,-0.2981024,0.13668866455554962,0.9940000176429749,0.6277999877929688
YHR079C-A,YHR024C,0,-0.29840502,0.13666987419128418,0.9940000176429749,0.6279000043869019
YJR153W,YPL140C,0,-0.29859176,0.13665108382701874,0.9940000176429749,0.628000020980835
YCR044C,YLR187W,0,-0.29883584,0.1366323083639145,0.9940000176429749,0.6280999779701233
YDR291W,YDR221W,0,-0.29897168,0.13661351799964905,0.9940000176429749,0.6281999945640564
YBR210W,YNL239W,0,-0.29916593,0.136594757437706,0.9940000176429749,0.6283000111579895
YGL181W,YJR151C,0,-0.29935858,0.13657598197460175,0.9940000176429749,0.6284000277519226
YBR086C,YOR049C,0,-0.29952917,0.1365572214126587,0.9940000176429749,0.6284999847412109
YOL068C,YOR138C,0,-0.2995471,0.13653846085071564,0.9940000176429749,0.628600001335144
YNL131W,YIL167W,0,-0.29980895,0.13651971518993378,0.9940000176429749,0.6287000179290771
YGR038W,YPL001W,0,-0.3004414,0.13650095462799072,0.9940000176429749,0.6287999749183655
YOR190W,YIL094C,0,-0.30129597,0.13648222386837006,0.9940000176429749,0.6288999915122986
YDR140W,YDR067C,0,-0.3013231,0.1364634782075882,0.9940000176429749,0.6290000081062317
YKL208W,YGR214W,1,-0.30144718,0.13658201694488525,0.9950000047683716,0.6290000081062317
YAL068C,YNL055C,0,-0.3016005,0.1365632712841034,0.9950000047683716,0.6291000247001648
YNR031C,YCR027C,0,-0.30306694,0.13654452562332153,0.9950000047683716,0.6291999816894531
YLR341W,YIL002C,0,-0.30343243,0.13652579486370087,0.9950000047683716,0.6292999982833862
YPL270W,YJL122W,0,-0.3035914,0.1365070641040802,0.9950000047683716,0.6294000148773193
YOR172W,YML011C,0,-0.30360547,0.13648833334445953,0.9950000047683716,0.6294999718666077
YBR115C,YKL124W,0,-0.30401245,0.13646961748600006,0.9950000047683716,0.6295999884605408
YER013W,YLR359W,0,-0.30447534,0.1364509016275406,0.9950000047683716,0.6297000050544739
YHL033C,YKL058W,0,-0.30455402,0.1364322006702423,0.9950000047683716,0.629800021648407
YJR123W,YIL153W,0,-0.30476,0.13641348481178284,0.9950000047683716,0.6298999786376953
YFL014W,YNL256W,0,-0.3052924,0.13639478385448456,0.9950000047683716,0.6299999952316284
YOR141C,YAL001C,0,-0.3054482,0.13637609779834747,0.9950000047683716,0.6301000118255615
YDL061C,YNR071C,0,-0.3056377,0.1363574117422104,0.9950000047683716,0.6302000284194946
YJL045W,YNL068C,0,-0.30587575,0.1363387256860733,0.9950000047683716,0.630299985408783
YLR107W,YGR195W,1,-0.3064433,0.13645705580711365,0.9959999918937683,0.630299985408783
YNR057C,YNL284C,0,-0.30651984,0.13643835484981537,0.9959999918937683,0.6304000020027161
YNL102W,YPL221W,0,-0.30671182,0.13641966879367828,0.9959999918937683,0.6305000185966492
YLR054C,YPL029W,0,-0.30709955,0.1364009827375412,0.9959999918937683,0.6305999755859375
YER185W,YDR477W,0,-0.30714718,0.1363823115825653,0.9959999918937683,0.6306999921798706
YGL013C,YLR163C,0,-0.30720344,0.13636364042758942,0.9959999918937683,0.6308000087738037
YIL108W,YBR106W,0,-0.30745462,0.13634496927261353,0.9959999918937683,0.6309000253677368
YMR054W,YPL164C,0,-0.30749235,0.13632631301879883,0.9959999918937683,0.6309999823570251
YJL111W,YDL174C,0,-0.30754164,0.13630765676498413,0.9959999918937683,0.6310999989509583
YIL066C,YMR280C,0,-0.30761883,0.13628900051116943,0.9959999918937683,0.6312000155448914
YJR153W,YML118W,0,-0.30762848,0.13627034425735474,0.9959999918937683,0.6312999725341797
YOR177C,YJR092W,0,-0.30804256,0.13625170290470123,0.9959999918937683,0.6313999891281128
YNL071W,YDR403W,0,-0.30811146,0.13623307645320892,0.9959999918937683,0.6315000057220459
YNL272C,YBL056W,0,-0.30819872,0.13621443510055542,0.9959999918937683,0.631600022315979
YFR001W,YPR079W,0,-0.30864844,0.1361958086490631,0.9959999918937683,0.6316999793052673
YGR028W,YIR021W,0,-0.30870172,0.136177197098732,0.9959999918937683,0.6317999958992004
YFL062W,YML001W,0,-0.30893013,0.13615858554840088,0.9959999918937683,0.6319000124931335
YDR085C,YFL008W,0,-0.30898264,0.13613997399806976,0.9959999918937683,0.6320000290870667
YCL001W,YDR182W,0,-0.3090023,0.13612136244773865,0.9959999918937683,0.632099986076355
YBR199W,YJR026W,0,-0.30927715,0.13610276579856873,0.9959999918937683,0.6322000026702881
YPL130W,YJR051W,0,-0.30937657,0.1360841691493988,0.9959999918937683,0.6323000192642212
YJL095W,YKL077W,0,-0.3094851,0.13606557250022888,0.9959999918937683,0.6323999762535095
YDL201W,YML041C,0,-0.30953547,0.13604699075222015,0.9959999918937683,0.6324999928474426
YPL029W,YLR342W,0,-0.30977383,0.13602840900421143,0.9959999918937683,0.6326000094413757
YLR153C,YOL135C,0,-0.31037274,0.1360098272562027,0.9959999918937683,0.6327000260353088
YOL126C,YNL005C,0,-0.3104432,0.13599126040935516,0.9959999918937683,0.6327999830245972
YGR109C,YAR003W,0,-0.31079558,0.13597269356250763,0.9959999918937683,0.6328999996185303
YDR325W,YGL048C,0,-0.3108721,0.1359541416168213,0.9959999918937683,0.6330000162124634
YJL171C,YDL093W,0,-0.31093207,0.13593557476997375,0.9959999918937683,0.6330999732017517
YBR068C,YMR030W,0,-0.31141278,0.1359170377254486,0.9959999918937683,0.6331999897956848
YJR153W,YHR132C,0,-0.31178,0.13589848577976227,0.9959999918937683,0.6333000063896179
YGR205W,YMR014W,0,-0.31182638,0.13587994873523712,0.9959999918937683,0.633400022983551
YLR390W-A,YPR018W,0,-0.3119699,0.13586141169071198,0.9959999918937683,0.6334999799728394
YAL063C,YML107C,0,-0.31210032,0.13584287464618683,0.9959999918937683,0.6335999965667725
YMR246W,YPR201W,0,-0.3121821,0.13582435250282288,0.9959999918937683,0.6337000131607056
YOR241W,YDL220C,0,-0.31237814,0.13580583035945892,0.9959999918937683,0.6338000297546387
YBR128C,YBL066C,0,-0.31244102,0.13578732311725616,0.9959999918937683,0.633899986743927
YGL144C,YOR267C,0,-0.31258634,0.1357688158750534,0.9959999918937683,0.6340000033378601
YDR435C,YNL024C,0,-0.3125868,0.13575030863285065,0.9959999918937683,0.6341000199317932
YJR050W,YGL055W,0,-0.31303576,0.1357318013906479,0.9959999918937683,0.6341999769210815
YDR111C,YCR042C,0,-0.31309286,0.13571330904960632,0.9959999918937683,0.6342999935150146
YOR312C,YNL317W,0,-0.31335542,0.13569481670856476,0.9959999918937683,0.6344000101089478
YLR408C,YPR183W,0,-0.3137478,0.1356763392686844,0.9959999918937683,0.6345000267028809
YOR176W,YDL226C,0,-0.3138632,0.13565786182880402,0.9959999918937683,0.6345999836921692
YIL159W,YHR024C,0,-0.31392106,0.13563938438892365,0.9959999918937683,0.6347000002861023
YBL005W,YBR020W,0,-0.31414762,0.13562092185020447,0.9959999918937683,0.6348000168800354
YOR351C,YML092C,0,-0.31421843,0.1356024444103241,0.9959999918937683,0.6348999738693237
YLL003W,YLR103C,0,-0.31424144,0.1355839967727661,0.9959999918937683,0.6349999904632568
YDR217C,YDR460W,0,-0.314315,0.13556553423404694,0.9959999918937683,0.6351000070571899
YNL093W,YDR195W,0,-0.31443545,0.13554708659648895,0.9959999918937683,0.635200023651123
YPL117C,YOR232W,0,-0.31454018,0.13552863895893097,0.9959999918937683,0.6352999806404114
YBR056W,YNL030W,0,-0.31455663,0.13551020622253418,0.9959999918937683,0.6353999972343445
YJL213W,YFL038C,0,-0.3147042,0.1354917734861374,0.9959999918937683,0.6355000138282776
YBR199W,YJR108W,0,-0.31522867,0.1354733407497406,0.9959999918937683,0.6355999708175659
YGR072W,YBR260C,0,-0.3154761,0.135454922914505,0.9959999918937683,0.635699987411499
YIR005W,YPR183W,0,-0.31559286,0.13543649017810822,0.9959999918937683,0.6358000040054321
YJL074C,YHR058C,0,-0.31627885,0.1354180872440338,0.9959999918937683,0.6359000205993652
YNL323W,YKL060C,0,-0.31630465,0.13539966940879822,0.9959999918937683,0.6359999775886536
YLR284C,YKL012W,0,-0.31662413,0.13538126647472382,0.9959999918937683,0.6360999941825867
YDR234W,YAL001C,0,-0.31823877,0.13536286354064941,0.9959999918937683,0.6362000107765198
YBR111W-A,YPR058W,0,-0.31827083,0.1353444755077362,0.9959999918937683,0.6363000273704529
YJL140W,YKL090W,0,-0.3188009,0.135326087474823,0.9959999918937683,0.6363999843597412
YMR199W,YDL207W,0,-0.31891719,0.1353076994419098,0.9959999918937683,0.6365000009536743
YPL135W,YBR101C,0,-0.3198029,0.13528932631015778,0.9959999918937683,0.6366000175476074
YOR241W,YLR043C,0,-0.32005188,0.13527095317840576,0.9959999918937683,0.6366999745368958
YDR359C,YGR266W,0,-0.3204365,0.13525258004665375,0.9959999918937683,0.6367999911308289
YBR072W,YBL014C,0,-0.32045254,0.13523422181606293,0.9959999918937683,0.636900007724762
YGR144W,YGL027C,0,-0.32079545,0.1352158635854721,0.9959999918937683,0.6370000243186951
YOL066C,YEL041W,0,-0.3208383,0.1351975053548813,0.9959999918937683,0.6370999813079834
YKR089C,YCL057W,0,-0.32094994,0.13517914712429047,0.9959999918937683,0.6371999979019165
YPL021W,YPL248C,0,-0.3211712,0.13516080379486084,0.9959999918937683,0.6373000144958496
YOR049C,YNL199C,0,-0.3213509,0.1351424753665924,0.9959999918937683,0.6373999714851379
YBR235W,YKL041W,0,-0.32210734,0.13512413203716278,0.9959999918937683,0.637499988079071
YMR207C,YBL046W,0,-0.32322696,0.13510580360889435,0.9959999918937683,0.6376000046730042
YBL050W,YNL093W,0,-0.32343206,0.13508747518062592,0.9959999918937683,0.6377000212669373
YBL087C,YMR099C,0,-0.32362506,0.13506916165351868,0.9959999918937683,0.6377999782562256
YJR051W,YLR460C,0,-0.32376537,0.13505084812641144,0.9959999918937683,0.6378999948501587
YDL106C,YBR085W,0,-0.32418612,0.1350325345993042,0.9959999918937683,0.6380000114440918
YGL183C,YOR274W,0,-0.32432047,0.13501423597335815,0.9959999918937683,0.6381000280380249
YJL210W,YML082W,0,-0.3245888,0.1349959373474121,0.9959999918937683,0.6381999850273132
YDL049C,YKL086W,0,-0.32502487,0.13497763872146606,0.9959999918937683,0.6383000016212463
YBR098W,YGL105W,0,-0.32503048,0.1349593549966812,0.9959999918937683,0.6384000182151794
YDR023W,YLR297W,0,-0.32526484,0.13494107127189636,0.9959999918937683,0.6384999752044678
YOR319W,YJL196C,0,-0.32544407,0.1349227875471115,0.9959999918937683,0.6385999917984009
YBL079W,YOR017W,0,-0.3255842,0.13490450382232666,0.9959999918937683,0.638700008392334
YJL138C,YIL075C,0,-0.32584062,0.134886234998703,0.9959999918937683,0.6388000249862671
YOL151W,YJR103W,0,-0.32601216,0.13486798107624054,0.9959999918937683,0.6388999819755554
YOR133W,YLR225C,0,-0.326183,0.13484971225261688,0.9959999918937683,0.6389999985694885
YAL015C,YFL023W,0,-0.32632795,0.13483145833015442,0.9959999918937683,0.6391000151634216
YLR466W,YAR033W,0,-0.32634184,0.13481320440769196,0.9959999918937683,0.63919997215271
YBR298C,YMR300C,0,-0.3265166,0.13479496538639069,0.9959999918937683,0.6392999887466431
YDR281C,YBL013W,0,-0.32756194,0.13477672636508942,0.9959999918937683,0.6394000053405762
YAL031C,YGR171C,0,-0.32785633,0.13475848734378815,0.9959999918937683,0.6395000219345093
YER055C,YOR273C,0,-0.32791117,0.13474026322364807,0.9959999918937683,0.6395999789237976
YJL087C,YMR113W,0,-0.3279983,0.134722039103508,0.9959999918937683,0.6396999955177307
YPL262W,YDR098C,0,-0.32812908,0.13470381498336792,0.9959999918937683,0.6398000121116638
YJL003W,YMR097C,0,-0.32956675,0.13468560576438904,0.9959999918937683,0.6399000287055969
YJR034W,YJL091C,0,-0.32967034,0.13466738164424896,0.9959999918937683,0.6399999856948853
YLL010C,YFR047C,0,-0.3297384,0.13464918732643127,0.9959999918937683,0.6401000022888184
YDR039C,YHR179W,0,-0.32974246,0.1346309781074524,0.9959999918937683,0.6402000188827515
YNL045W,YDR308C,0,-0.32977614,0.1346127837896347,0.9959999918937683,0.6402999758720398
YPR173C,YBR054W,0,-0.32987526,0.13459458947181702,0.9959999918937683,0.6403999924659729
YGR208W,YCL034W,0,-0.3305222,0.13457641005516052,0.9959999918937683,0.640500009059906
YOR264W,YGR268C,0,-0.33082357,0.13455823063850403,0.9959999918937683,0.6406000256538391
YOR058C,YOR003W,0,-0.33108166,0.13454005122184753,0.9959999918937683,0.6406999826431274
YMR020W,YPR121W,0,-0.3316175,0.13452188670635223,0.9959999918937683,0.6407999992370605
YOR089C,YDL246C,0,-0.33176962,0.13450370728969574,0.9959999918937683,0.6409000158309937
YCR067C,YHR185C,0,-0.33293137,0.13448555767536163,0.9959999918937683,0.640999972820282
YLR404W,YLR270W,0,-0.33315554,0.13446739315986633,0.9959999918937683,0.6410999894142151
YER033C,YHR122W,0,-0.33316973,0.13444924354553223,0.9959999918937683,0.6412000060081482
YNL139C,YPL053C,0,-0.33323094,0.13443109393119812,0.9959999918937683,0.6413000226020813
YJL213W,YOL115W,0,-0.3333824,0.1344129592180252,0.9959999918937683,0.6413999795913696
YPL003W,YNL117W,0,-0.33347532,0.1343948245048523,0.9959999918937683,0.6414999961853027
YGL013C,YLR234W,0,-0.3335283,0.13437668979167938,0.9959999918937683,0.6416000127792358
YBR187W,YDL124W,0,-0.3336508,0.13435855507850647,0.9959999918937683,0.641700029373169
YPL192C,YBR065C,0,-0.3341551,0.13434043526649475,0.9959999918937683,0.6417999863624573
YHR019C,YGL017W,0,-0.3346736,0.13432231545448303,0.9959999918937683,0.6419000029563904
YGL096W,YOL076W,0,-0.33553174,0.1343042105436325,0.9959999918937683,0.6420000195503235
YHR005C-A,YDR173C,0,-0.33594957,0.13428610563278198,0.9959999918937683,0.6420999765396118
YEL051W,YPL167C,0,-0.33619896,0.13426800072193146,0.9959999918937683,0.6421999931335449
YGR012W,YGL037C,0,-0.33655456,0.13424989581108093,0.9959999918937683,0.642300009727478
YEL047C,YDR210W,0,-0.3368968,0.1342318058013916,0.9959999918937683,0.6424000263214111
YJR113C,YJR014W,0,-0.3373073,0.13421371579170227,0.9959999918937683,0.6424999833106995
YFL011W,YPR119W,0,-0.33747903,0.13419564068317413,0.9959999918937683,0.6425999999046326
YNL106C,YBR078W,0,-0.33750525,0.1341775506734848,0.9959999918937683,0.6427000164985657
YDL206W,YOR298W,0,-0.33767125,0.13415947556495667,0.9959999918937683,0.642799973487854
YBR018C,YHR193C,0,-0.33783022,0.13414141535758972,0.9959999918937683,0.6428999900817871
YHR209W,YGR217W,0,-0.33809242,0.13412335515022278,0.9959999918937683,0.6430000066757202
YNL134C,YIL076W,0,-0.33829173,0.13410529494285583,0.9959999918937683,0.6431000232696533
YMR087W,YMR075W,0,-0.33834824,0.1340872347354889,0.9959999918937683,0.6431999802589417
YHR056C,YNL044W,0,-0.33844748,0.13406918942928314,0.9959999918937683,0.6432999968528748
YJR096W,YLL014W,0,-0.3385518,0.1340511441230774,0.9959999918937683,0.6434000134468079
YKL220C,YLR193C,0,-0.33877853,0.13403309881687164,0.9959999918937683,0.6434999704360962
YDR407C,YMR032W,0,-0.33900633,0.1340150684118271,0.9959999918937683,0.6435999870300293
YMR153W,YLR110C,0,-0.33925238,0.13399703800678253,0.9959999918937683,0.6437000036239624
YDR263C,YBR278W,0,-0.33999005,0.13397902250289917,0.9959999918937683,0.6438000202178955
YMR202W,YOR018W,0,-0.34000245,0.13396099209785461,0.9959999918937683,0.6438999772071838
YLR007W,YML130C,0,-0.34012774,0.13394297659397125,0.9959999918937683,0.6439999938011169
YNL267W,YLR337C,0,-0.340768,0.13392497599124908,0.9959999918937683,0.64410001039505
YDR363W,YOL137W,0,-0.34089473,0.13390696048736572,0.9959999918937683,0.6442000269889832
YGL187C,YDL045W-A,0,-0.34119496,0.13388895988464355,0.9959999918937683,0.6442999839782715
YIL010W,YPL145C,0,-0.34136412,0.13387097418308258,0.9959999918937683,0.6444000005722046
YKR020W,YBR278W,0,-0.3417621,0.1338529735803604,0.9959999918937683,0.6445000171661377
YPL254W,YGL058W,0,-0.34195855,0.13383498787879944,0.9959999918937683,0.644599974155426
YDR359C,YKR025W,0,-0.34200057,0.13381700217723846,0.9959999918937683,0.6446999907493591
YPR003C,YPL255W,0,-0.34216318,0.13379903137683868,0.9959999918937683,0.6448000073432922
YAL026C,YOR212W,0,-0.34243765,0.1337810605764389,0.9959999918937683,0.6449000239372253
YNL154C,YMR087W,0,-0.34255716,0.13376308977603912,0.9959999918937683,0.6449999809265137
YOR258W,YML073C,0,-0.34269503,0.13374513387680054,0.9959999918937683,0.6450999975204468
YHR008C,YOR011W,0,-0.34306195,0.13372717797756195,0.9959999918937683,0.6452000141143799
YDR463W,YNL309W,0,-0.34310475,0.13370922207832336,0.9959999918937683,0.6452999711036682
YMR134W,YOL122C,0,-0.34394398,0.13369128108024597,0.9959999918937683,0.6453999876976013
YGL085W,YBL079W,0,-0.3440511,0.13367332518100739,0.9959999918937683,0.6455000042915344
YLR248W,YIL049W,0,-0.3441865,0.1336553990840912,0.9959999918937683,0.6456000208854675
YBR046C,YNR044W,0,-0.3447937,0.1336374580860138,0.9959999918937683,0.6456999778747559
YAR014C,YNR049C,0,-0.34488705,0.1336195319890976,0.9959999918937683,0.645799994468689
YJL111W,YOR002W,0,-0.3450792,0.1336016058921814,0.9959999918937683,0.6459000110626221
YIL005W,YOR330C,0,-0.34532204,0.1335836946964264,0.9959999918937683,0.6460000276565552
YER013W,YIL154C,0,-0.34545043,0.1335657835006714,0.9959999918937683,0.6460999846458435
YOR251C,YCL068C,0,-0.34564307,0.13354787230491638,0.9959999918937683,0.6462000012397766
YOR328W,YBR118W,0,-0.3460531,0.13352996110916138,0.9959999918937683,0.6463000178337097
YPR091C,YLR183C,0,-0.34615055,0.13351206481456757,0.9959999918937683,0.646399974822998
YER028C,YAR008W,0,-0.3464283,0.13349416851997375,0.9959999918937683,0.6464999914169312
YLR233C,YDR497C,0,-0.34680906,0.13347628712654114,0.9959999918937683,0.6466000080108643
YLR263W,YGL181W,0,-0.346826,0.13345839083194733,0.9959999918937683,0.6467000246047974
YPL232W,YER094C,0,-0.34682873,0.1334405094385147,0.9959999918937683,0.6467999815940857
YEL040W,YKR067W,0,-0.34716466,0.1334226429462433,0.9959999918937683,0.6468999981880188
YJR129C,YKL092C,0,-0.34721062,0.13340476155281067,0.9959999918937683,0.6470000147819519
YCR097W,YLR363C,0,-0.34751698,0.13338689506053925,0.9959999918937683,0.6470999717712402
YPL075W,YAR014C,0,-0.34803155,0.13336904346942902,0.9959999918937683,0.6471999883651733
YBL091C-A,YNL257C,0,-0.34828076,0.1333511918783188,0.9959999918937683,0.6473000049591064
YNL131W,YML096W,0,-0.34831044,0.13333334028720856,0.9959999918937683,0.6474000215530396
YOR335C,YDL035C,0,-0.34836438,0.13331548869609833,0.9959999918937683,0.6474999785423279
YKR013W,YGL156W,0,-0.34872332,0.1332976371049881,0.9959999918937683,0.647599995136261
YBR171W,YLR225C,0,-0.34901008,0.13327980041503906,0.9959999918937683,0.6477000117301941
YAL026C,YGL184C,0,-0.3491358,0.13326197862625122,0.9959999918937683,0.6478000283241272
YOL044W,YGL076C,0,-0.34913835,0.13324414193630219,0.9959999918937683,0.6478999853134155
YDR051C,YMR133W,0,-0.34914234,0.13322632014751434,0.9959999918937683,0.6480000019073486
YGL038C,YOL091W,0,-0.34934404,0.1332085132598877,0.9959999918937683,0.6481000185012817
YHR073W,YMR101C,0,-0.34948388,0.13319069147109985,0.9959999918937683,0.6481999754905701
YLR368W,YDR383C,0,-0.34954247,0.1331728845834732,0.9959999918937683,0.6482999920845032
YKR013W,YDR439W,0,-0.34964058,0.13315507769584656,0.9959999918937683,0.6484000086784363
YOL062C,YEL001C,0,-0.3501378,0.1331372857093811,0.9959999918937683,0.6485000252723694
YLR174W,YHR115C,0,-0.3501617,0.13311949372291565,0.9959999918937683,0.6485999822616577
YKL001C,YML098W,0,-0.35071996,0.1331017017364502,0.9959999918937683,0.6486999988555908
YJL003W,YOL028C,0,-0.35081843,0.13308390974998474,0.9959999918937683,0.6488000154495239
YLL057C,YGR152C,0,-0.35085985,0.13306613266468048,0.9959999918937683,0.6488999724388123
YOR126C,YER019C-A,0,-0.35118333,0.13304835557937622,0.9959999918937683,0.6489999890327454
YBR078W,YDR041W,0,-0.3516554,0.13303059339523315,0.9959999918937683,0.6491000056266785
YER003C,YDR373W,0,-0.3517321,0.1330128163099289,0.9959999918937683,0.6492000222206116
YJR096W,YJL051W,0,-0.35265335,0.13299505412578583,0.9959999918937683,0.6492999792098999
YNR059W,YPL249C-A,0,-0.35301998,0.13297730684280396,0.9959999918937683,0.649399995803833
YAR002C-A,YBR132C,0,-0.3534613,0.1329595446586609,0.9959999918937683,0.6495000123977661
YGL166W,YLR336C,0,-0.35351673,0.13294179737567902,0.9959999918937683,0.6496000289916992
YGR068C,YGR221C,0,-0.3540354,0.13292406499385834,0.9959999918937683,0.6496999859809875
YGR175C,YLR206W,0,-0.35413447,0.13290631771087646,0.9959999918937683,0.6498000025749207
YKR080W,YJL127C,0,-0.3543119,0.1328885853290558,0.9959999918937683,0.6499000191688538
YGL195W,YKR088C,0,-0.35462037,0.1328708678483963,0.9959999918937683,0.6499999761581421
YPR025C,YKL086W,0,-0.35479537,0.13285313546657562,0.9959999918937683,0.6500999927520752
YGL189C,YFL021W,0,-0.35499248,0.13283541798591614,0.9959999918937683,0.6502000093460083
YER063W,YNL229C,0,-0.35500506,0.13281771540641785,0.9959999918937683,0.6503000259399414
YJL174W,YPL283C,0,-0.35520163,0.13279999792575836,0.9959999918937683,0.6503999829292297
YGL241W,YAL059W,0,-0.35602304,0.13278229534626007,0.9959999918937683,0.6504999995231628
YGR038W,YIL017C,0,-0.35656217,0.13276459276676178,0.9959999918937683,0.650600016117096
YFL062W,YKR044W,0,-0.35672542,0.13274690508842468,0.9959999918937683,0.6506999731063843
YPR145W,YDR129C,0,-0.35683623,0.13272921741008759,0.9959999918937683,0.6507999897003174
YAL011W,YDR516C,0,-0.35705325,0.1327115297317505,0.9959999918937683,0.6509000062942505
YLL029W,YPL124W,0,-0.35735688,0.1326938420534134,0.9959999918937683,0.6510000228881836
YBR098W,YPL118W,0,-0.35768756,0.1326761692762375,0.9959999918937683,0.6510999798774719
YKR029C,YOR283W,0,-0.35780653,0.13265849649906158,0.9959999918937683,0.651199996471405
YOL097C,YDR394W,0,-0.3579345,0.13264082372188568,0.9959999918937683,0.6513000130653381
YPL137C,YPR134W,0,-0.3581448,0.13262316584587097,0.9959999918937683,0.6514000296592712
YBR093C,YLR399C,0,-0.3583773,0.13260550796985626,0.9959999918937683,0.6514999866485596
YCR107W,YGR152C,0,-0.35901943,0.13258786499500275,0.9959999918937683,0.6516000032424927
YHR079C,YLR128W,0,-0.35958675,0.13257020711898804,0.9959999918937683,0.6517000198364258
YNL058C,YGL243W,0,-0.35996714,0.13255256414413452,0.9959999918937683,0.6517999768257141
YLR401C,YGR125W,0,-0.3611392,0.1325349360704422,0.9959999918937683,0.6518999934196472
YLR210W,YBL097W,0,-0.36126366,0.13251729309558868,0.9959999918937683,0.6520000100135803
YDR173C,YGR252W,0,-0.3614581,0.13249966502189636,0.9959999918937683,0.6521000266075134
YLL051C,YLR080W,0,-0.36223176,0.13248203694820404,0.9959999918937683,0.6521999835968018
YER150W,YNL050C,0,-0.36236385,0.1324644237756729,0.9959999918937683,0.6523000001907349
YJR138W,YBR026C,0,-0.3629602,0.13244681060314178,0.9959999918937683,0.652400016784668
YDR517W,YFL003C,0,-0.36308166,0.13242919743061066,0.9959999918937683,0.6524999737739563
YJR056C,YJR131W,0,-0.36309376,0.13241159915924072,0.9959999918937683,0.6525999903678894
YDR316W,YLR055C,0,-0.3631461,0.1323939859867096,0.9959999918937683,0.6527000069618225
YHR119W,YMR244C-A,0,-0.36352542,0.13237640261650085,0.9959999918937683,0.6528000235557556
YGR271W,YDR345C,0,-0.36355916,0.13235880434513092,0.9959999918937683,0.652899980545044
YIR007W,YOR293W,0,-0.363569,0.13234122097492218,0.9959999918937683,0.652999997138977
YDL064W,YER129W,0,-0.3637922,0.13232363760471344,0.9959999918937683,0.6531000137329102
YDR111C,YGL233W,0,-0.36379662,0.1323060542345047,0.9959999918937683,0.6531999707221985
YCR005C,YDL070W,0,-0.36414376,0.13228848576545715,0.9959999918937683,0.6532999873161316
YOR190W,YPL116W,0,-0.3641449,0.1322709172964096,0.9959999918937683,0.6534000039100647
YDL133C-A,YDR441C,0,-0.36420187,0.13225334882736206,0.9959999918937683,0.6535000205039978
YLR234W,YPL124W,0,-0.36456135,0.1322357952594757,0.9959999918937683,0.6535999774932861
YDR291W,YER028C,0,-0.36462262,0.13221824169158936,0.9959999918937683,0.6536999940872192
YDR258C,YCL017C,0,-0.36537096,0.132200688123703,0.9959999918937683,0.6538000106811523
YGL166W,YNL327W,0,-0.36541048,0.13218314945697784,0.9959999918937683,0.6539000272750854
YJL139C,YDR171W,0,-0.36684904,0.13216561079025269,0.9959999918937683,0.6539999842643738
YDR480W,YHR185C,0,-0.36731246,0.13214807212352753,0.9959999918937683,0.6541000008583069
YOR141C,YDR039C,0,-0.36741236,0.13213053345680237,0.9959999918937683,0.65420001745224
YML080W,YLR006C,0,-0.36746618,0.1321130096912384,0.9959999918937683,0.6542999744415283
YLR368W,YHR143W-A,0,-0.3674728,0.13209548592567444,0.9959999918937683,0.6543999910354614
YJL057C,YHR193C,0,-0.3674914,0.13207797706127167,0.9959999918937683,0.6545000076293945
YGL085W,YER081W,0,-0.36780587,0.1320604681968689,0.9959999918937683,0.6546000242233276
YKL160W,YDL047W,0,-0.36790404,0.13204295933246613,0.9959999918937683,0.654699981212616
YKL170W,YHL038C,0,-0.3687741,0.13202545046806335,0.9959999918937683,0.6547999978065491
YEL041W,YER056C,0,-0.3688378,0.13200795650482178,0.9959999918937683,0.6549000144004822
YKL117W,YLR025W,0,-0.36892048,0.1319904625415802,0.9959999918937683,0.6549999713897705
YKL137W,YCR024C-A,0,-0.36905572,0.13197296857833862,0.9959999918937683,0.6550999879837036
YGR211W,YDR383C,0,-0.37003925,0.13195548951625824,0.9959999918937683,0.6552000045776367
YDR353W,YMR034C,0,-0.3702396,0.13193801045417786,0.9959999918937683,0.6553000211715698
YJL128C,YMR133W,0,-0.37024322,0.13192053139209747,0.9959999918937683,0.6553999781608582
YNL058C,YGL112C,0,-0.37048987,0.1319030523300171,0.9959999918937683,0.6554999947547913
YPL032C,YMR052W,0,-0.37067345,0.1318855881690979,0.9959999918937683,0.6556000113487244
YLR081W,YJL194W,0,-0.37126175,0.1318681389093399,0.9959999918937683,0.6557000279426575
YLR208W,YIL006W,0,-0.37172678,0.13185067474842072,0.9959999918937683,0.6557999849319458
YML058W,YDR337W,0,-0.371846,0.13183322548866272,0.9959999918937683,0.6559000015258789
YBR059C,YGR222W,0,-0.37198648,0.13181577622890472,0.9959999918937683,0.656000018119812
YJL083W,YGL050W,0,-0.37199745,0.13179832696914673,0.9959999918937683,0.6560999751091003
YGR244C,YDR045C,0,-0.3721291,0.13178089261054993,0.9959999918937683,0.6561999917030334
YER145C,YJL060W,0,-0.37266615,0.13176345825195312,0.9959999918937683,0.6563000082969666
YKL124W,YPL270W,0,-0.37287477,0.13174603879451752,0.9959999918937683,0.6564000248908997
YOR230W,YLL021W,0,-0.37309578,0.13172860443592072,0.9959999918937683,0.656499981880188
YIL106W,YBL079W,0,-0.37310728,0.1317111849784851,0.9959999918937683,0.6565999984741211
YDL215C,YLR226W,0,-0.37338296,0.1316937655210495,0.9959999918937683,0.6567000150680542
YEL024W,YIL073C,0,-0.37347004,0.13167636096477509,0.9959999918937683,0.6567999720573425
YMR159C,YOR371C,0,-0.37395146,0.13165895640850067,0.9959999918937683,0.6568999886512756
YDR108W,YOL078W,0,-0.37421963,0.13164155185222626,0.9959999918937683,0.6570000052452087
YPL063W,YDL126C,0,-0.3743489,0.13162416219711304,0.9959999918937683,0.6571000218391418
YMR154C,YDR492W,0,-0.37446055,0.13160677254199982,0.9959999918937683,0.6571999788284302
YNL274C,YGR271W,0,-0.374504,0.1315893828868866,0.9959999918937683,0.6572999954223633
YLR019W,YOL060C,0,-0.37482765,0.13157199323177338,0.9959999918937683,0.6574000120162964
YDL028C,YDR434W,0,-0.3748875,0.13155461847782135,0.9959999918937683,0.6575000286102295
YHR008C,YHR026W,0,-0.3752363,0.13153724372386932,0.9959999918937683,0.6575999855995178
YOR202W,YLR429W,0,-0.37567255,0.1315198689699173,0.9959999918937683,0.6577000021934509
YER026C,YPL169C,0,-0.3757911,0.13150250911712646,0.9959999918937683,0.657800018787384
YDL024C,YLR242C,0,-0.37681195,0.13148514926433563,0.9959999918937683,0.6578999757766724
YJL214W,YHL020C,0,-0.3772888,0.1314677894115448,0.9959999918937683,0.6579999923706055
YHR146W,YHR178W,0,-0.3773925,0.13145044445991516,0.9959999918937683,0.6581000089645386
YGL112C,YHR190W,0,-0.3775901,0.13143309950828552,0.9959999918937683,0.6582000255584717
YLL054C,YBR177C,0,-0.3780463,0.13141575455665588,0.9959999918937683,0.65829998254776
YJR150C,YDR194C,0,-0.37834898,0.13139840960502625,0.9959999918937683,0.6583999991416931
YGR142W,YGR046W,0,-0.3787444,0.1313810795545578,0.9959999918937683,0.6585000157356262
YGL160W,YMR263W,0,-0.37914005,0.13136374950408936,0.9959999918937683,0.6585999727249146
YNR056C,YEL051W,0,-0.37941614,0.1313464343547821,0.9959999918937683,0.6586999893188477
YDR131C,YDR097C,0,-0.37952396,0.13132911920547485,0.9959999918937683,0.6588000059127808
YGR215W,YDR229W,0,-0.37954977,0.1313118040561676,0.9959999918937683,0.6589000225067139
YHR124W,YJL042W,0,-0.37990776,0.13129448890686035,0.9959999918937683,0.6589999794960022
YCL001W,YOR274W,0,-0.37996665,0.1312771886587143,0.9959999918937683,0.6590999960899353
YKL210W,YGL038C,0,-0.3803225,0.13125988841056824,0.9959999918937683,0.6592000126838684
YOL043C,YGR083C,0,-0.38059434,0.13124258816242218,0.9959999918937683,0.6593000292778015
YKL013C,YEL042W,0,-0.38072917,0.13122530281543732,0.9959999918937683,0.6593999862670898
YKR027W,YGL172W,0,-0.38075688,0.13120800256729126,0.9959999918937683,0.659500002861023
YGR178C,YNL271C,0,-0.3807675,0.1311907321214676,0.9959999918937683,0.659600019454956
YLR393W,YDR167W,0,-0.38087234,0.13117344677448273,0.9959999918937683,0.6596999764442444
YJR053W,YGR096W,0,-0.38095883,0.13115617632865906,0.9959999918937683,0.6597999930381775
YIR025W,YOR261C,0,-0.38104746,0.1311389058828354,0.9959999918937683,0.6599000096321106
YGR097W,YLR016C,0,-0.3819047,0.1311216503381729,0.9959999918937683,0.6600000262260437
YNL102W,YIL046W,0,-0.38226214,0.13110437989234924,0.9959999918937683,0.660099983215332
YML118W,YOL145C,0,-0.3823882,0.13108712434768677,0.9959999918937683,0.6601999998092651
YMR149W,YHR119W,0,-0.38260177,0.13106988370418549,0.9959999918937683,0.6603000164031982
YHL007C,YFR019W,0,-0.3826323,0.131052628159523,0.9959999918937683,0.6603999733924866
YBR078W,YGL130W,0,-0.38265756,0.13103538751602173,0.9959999918937683,0.6604999899864197
YLR155C,YDR146C,0,-0.38308015,0.13101814687252045,0.9959999918937683,0.6606000065803528
YER155C,YGL063W,0,-0.3830959,0.13100092113018036,0.9959999918937683,0.6607000231742859
YHR056C,YNR017W,0,-0.3832877,0.13098369538784027,0.9959999918937683,0.6607999801635742
YPR066W,YDR147W,0,-0.3835477,0.13096646964550018,0.9959999918937683,0.6608999967575073
YCR066W,YDR043C,0,-0.38405892,0.1309492439031601,0.9959999918937683,0.6610000133514404
YOR377W,YNR049C,0,-0.38411,0.1309320330619812,0.9959999918937683,0.6610999703407288
YBR233W-A,YER039C,0,-0.38415334,0.1309148222208023,0.9959999918937683,0.6611999869346619
YPL169C,YDR235W,0,-0.3843172,0.1308976262807846,0.9959999918937683,0.661300003528595
YDR007W,YFL003C,0,-0.38444546,0.1308804154396057,0.9959999918937683,0.6614000201225281
YKR028W,YDR216W,0,-0.38447818,0.130863219499588,0.9959999918937683,0.6614999771118164
YGR082W,YOR245C,0,-0.38449553,0.1308460384607315,0.9959999918937683,0.6615999937057495
YGR097W,YNL287W,0,-0.38454816,0.1308288425207138,0.9959999918937683,0.6617000102996826
YGL096W,YJL035C,0,-0.3852736,0.1308116614818573,0.9959999918937683,0.6618000268936157
YDL024C,YOL052C,0,-0.38564304,0.1307944804430008,0.9959999918937683,0.661899983882904
YNR074C,YMR215W,0,-0.38601717,0.13077731430530548,0.9959999918937683,0.6620000004768372
YBL041W,YNL176C,0,-0.3865932,0.13076014816761017,0.9959999918937683,0.6621000170707703
YJL187C,YBR054W,0,-0.3878328,0.13074298202991486,0.9959999918937683,0.6621999740600586
YMR092C,YML073C,0,-0.38789216,0.13072581589221954,0.9959999918937683,0.6622999906539917
YNL036W,YJL051W,0,-0.387929,0.13070866465568542,0.9959999918937683,0.6624000072479248
YEL048C,YGL018C,0,-0.38793877,0.1306915134191513,0.9959999918937683,0.6625000238418579
YEL020C,YLR052W,0,-0.38821295,0.1306743621826172,0.9959999918937683,0.6625999808311462
YMR273C,YBR095C,0,-0.38838223,0.13065722584724426,0.9959999918937683,0.6626999974250793
YKR056W,YPR002W,0,-0.38857827,0.13064008951187134,0.9959999918937683,0.6628000140190125
YAR002C-A,YOL104C,0,-0.3886011,0.1306229531764984,0.9959999918937683,0.6628999710083008
YLR001C,YDR245W,0,-0.38893774,0.1306058168411255,0.9959999918937683,0.6629999876022339
YER026C,YOR159C,0,-0.38938954,0.13058869540691376,0.9959999918937683,0.663100004196167
YHR058C,YNL304W,0,-0.38968006,0.13057157397270203,0.9959999918937683,0.6632000207901001
YNL025C,YJL078C,0,-0.38969913,0.1305544674396515,0.9959999918937683,0.6632999777793884
YLR187W,YDL240W,0,-0.3898709,0.13053734600543976,0.9959999918937683,0.6633999943733215
YBR052C,YDR392W,0,-0.3900737,0.13052023947238922,0.9959999918937683,0.6635000109672546
YOR253W,YPR002W,0,-0.39010683,0.13050314784049988,0.9959999918937683,0.6636000275611877
YOL129W,YJR133W,0,-0.39020917,0.13048604130744934,0.9959999918937683,0.6636999845504761
YGL025C,YGL179C,0,-0.39068452,0.13046894967556,0.9959999918937683,0.6638000011444092
YBR003W,YGL124C,0,-0.39085272,0.13045187294483185,0.9959999918937683,0.6639000177383423
YDL140C,YMR267W,0,-0.3911883,0.1304347813129425,0.9959999918937683,0.6639999747276306
YGL093W,YIL046W,0,-0.39146402,0.13041770458221436,0.9959999918937683,0.6640999913215637
YGR283C,YOR109W,0,-0.39244273,0.1304006278514862,0.9959999918937683,0.6642000079154968
YIL079C,YIL173W,0,-0.39261392,0.13038355112075806,0.9959999918937683,0.6643000245094299
YOR115C,YIR003W,0,-0.39272407,0.1303664892911911,0.9959999918937683,0.6643999814987183
YAL002W,YBL016W,0,-0.39311078,0.13034942746162415,0.9959999918937683,0.6644999980926514
YMR207C,YGR254W,0,-0.39318785,0.13033238053321838,0.9959999918937683,0.6646000146865845
YDL078C,YPR082C,0,-0.39332065,0.13031531870365143,0.9959999918937683,0.6646999716758728
YKL045W,YDR494W,0,-0.39332262,0.13029827177524567,0.9959999918937683,0.6647999882698059
YFR034C,YDL093W,0,-0.39365128,0.1302812248468399,0.9959999918937683,0.664900004863739
YCL040W,YML081W,0,-0.394187,0.13026419281959534,0.9959999918937683,0.6650000214576721
YOR100C,YPR075C,0,-0.39466372,0.13024716079235077,0.9959999918937683,0.6650999784469604
YIL031W,YMR173W,0,-0.39542684,0.1302301287651062,0.9959999918937683,0.6651999950408936
YIL128W,YDL020C,0,-0.39558622,0.13021309673786163,0.9959999918937683,0.6653000116348267
YFR001W,YPL007C,0,-0.395862,0.13019607961177826,0.9959999918937683,0.6654000282287598
YLR153C,YDR082W,0,-0.39601424,0.13017906248569489,0.9959999918937683,0.6654999852180481
YDR160W,YIL107C,0,-0.39613506,0.1301620453596115,0.9959999918937683,0.6656000018119812
YMR291W,YOL054W,0,-0.3962876,0.13014504313468933,0.9959999918937683,0.6657000184059143
YPL170W,YEL001C,0,-0.3963528,0.13012804090976715,0.9959999918937683,0.6657999753952026
YFR044C,YBR118W,0,-0.3965517,0.13011103868484497,0.9959999918937683,0.6658999919891357
YLR039C,YDR195W,0,-0.39658532,0.1300940364599228,0.9959999918937683,0.6660000085830688
YFR050C,YPL147W,0,-0.39661875,0.1300770491361618,0.9959999918937683,0.666100025177002
YCL016C,YFL008W,0,-0.3969089,0.13006006181240082,0.9959999918937683,0.6661999821662903
YHR134W,YJR159W,0,-0.39702466,0.13004308938980103,0.9959999918937683,0.6662999987602234
YMR170C,YLR043C,0,-0.3974608,0.13002611696720123,0.9959999918937683,0.6664000153541565
YNR028W,YNL243W,0,-0.39766136,0.13000914454460144,0.9959999918937683,0.6664999723434448
YMR154C,YDR367W,0,-0.39795622,0.12999217212200165,0.9959999918937683,0.6665999889373779
YPL163C,YJR067C,0,-0.39832595,0.12997519969940186,0.9959999918937683,0.666700005531311
YOL088C,YDL217C,0,-0.39893106,0.12995824217796326,0.9959999918937683,0.6668000221252441
YLL012W,YIL122W,0,-0.39900306,0.12994128465652466,0.9959999918937683,0.6668999791145325
YLR164W,YGR134W,0,-0.39910528,0.12992434203624725,0.9959999918937683,0.6669999957084656
YMR161W,YKL081W,0,-0.3991578,0.12990739941596985,0.9959999918937683,0.6671000123023987
YHR061C,YKL065C,0,-0.39918903,0.12989045679569244,0.9959999918937683,0.6672000288963318
YMR300C,YKL107W,0,-0.39926198,0.12987351417541504,0.9959999918937683,0.6672999858856201
YNL240C,YJL110C,0,-0.3996422,0.12985658645629883,0.9959999918937683,0.6674000024795532
YMR180C,YML062C,0,-0.3997133,0.12983965873718262,0.9959999918937683,0.6675000190734863
YPR167C,YOR330C,0,-0.39977863,0.1298227310180664,0.9959999918937683,0.6675999760627747
YNL328C,YGL139W,0,-0.40029934,0.1298058182001114,0.9959999918937683,0.6676999926567078
YBR039W,YIL167W,0,-0.40039286,0.12978889048099518,0.9959999918937683,0.6678000092506409
YDL235C,YER058W,0,-0.40055743,0.12977199256420135,0.9959999918937683,0.667900025844574
YFR021W,YBR065C,0,-0.40073267,0.12975507974624634,0.9959999918937683,0.6679999828338623
YLR080W,YBR129C,0,-0.4008321,0.12973818182945251,0.9959999918937683,0.6680999994277954
YMR019W,YJL059W,0,-0.40108827,0.1297212839126587,0.9959999918937683,0.6682000160217285
YPL167C,YBR188C,0,-0.40141597,0.12970438599586487,0.9959999918937683,0.6682999730110168
YDR438W,YDL126C,0,-0.401817,0.12968750298023224,0.9959999918937683,0.66839998960495
YML100W,YDR176W,0,-0.40231076,0.1296706199645996,0.9959999918937683,0.6685000061988831
YAR031W,YDL028C,0,-0.40251604,0.12965373694896698,0.9959999918937683,0.6686000227928162
YLR013W,YLR300W,0,-0.40254667,0.12963685393333435,0.9959999918937683,0.6686999797821045
YPL179W,YDL207W,0,-0.4025586,0.12961998581886292,0.9959999918937683,0.6687999963760376
YOR340C,YGL087C,0,-0.40288022,0.12960311770439148,0.9959999918937683,0.6689000129699707
YBL091C,YKR008W,0,-0.4034517,0.12958626449108124,0.9959999918937683,0.6690000295639038
YOR271C,YFL003C,0,-0.40479323,0.1295693963766098,0.9959999918937683,0.6690999865531921
YGR163W,YKL067W,0,-0.4053553,0.12955254316329956,0.9959999918937683,0.6692000031471252
YFR052W,YDL105W,0,-0.40543035,0.1295357048511505,0.9959999918937683,0.6693000197410583
YCL018W,YLR058C,0,-0.40632418,0.12951885163784027,0.9959999918937683,0.6693999767303467
YGR247W,YMR322C,0,-0.40655115,0.12950201332569122,0.9959999918937683,0.6694999933242798
YDR174W,YKL193C,0,-0.4066598,0.12948517501354218,0.9959999918937683,0.6696000099182129
YJL104W,YPL150W,0,-0.40745077,0.12946835160255432,0.9959999918937683,0.669700026512146
YDL097C,YLR056W,0,-0.40780494,0.12945151329040527,0.9959999918937683,0.6697999835014343
YOL165C,YIL139C,0,-0.4078234,0.1294347047805786,0.9959999918937683,0.6699000000953674
YMR176W,YKL007W,0,-0.40791312,0.12941788136959076,0.9959999918937683,0.6700000166893005
YKR072C,YOL070C,0,-0.408138,0.1294010579586029,0.9959999918937683,0.6700999736785889
YER175C,YCR052W,0,-0.40825966,0.12938424944877625,0.9959999918937683,0.670199990272522
YLR178C,YIL068C,0,-0.40830317,0.12936745584011078,0.9959999918937683,0.6703000068664551
YDR349C,YER054C,0,-0.4087973,0.12935064733028412,0.9959999918937683,0.6704000234603882
YKL035W,YOR149C,0,-0.4089044,0.12933385372161865,0.9959999918937683,0.6704999804496765
YLR310C,YML025C,0,-0.40892902,0.12931706011295319,0.9959999918937683,0.6705999970436096
YHR003C,YPL007C,0,-0.4089661,0.12930026650428772,0.9959999918937683,0.6707000136375427
YGR020C,YBR008C,0,-0.40911415,0.12928348779678345,0.9959999918937683,0.670799970626831
YBR072W,YML022W,0,-0.4091762,0.12926670908927917,0.9959999918937683,0.6708999872207642
YKL016C,YNL251C,0,-0.4092649,0.1292499303817749,0.9959999918937683,0.6710000038146973
YPR091C,YOL057W,0,-0.40963683,0.12923316657543182,0.9959999918937683,0.6711000204086304
YKL175W,YPR200C,0,-0.41031656,0.12921640276908875,0.9959999918937683,0.6711999773979187
YLR029C,YGL179C,0,-0.4105111,0.12919963896274567,0.9959999918937683,0.6712999939918518
YBR008C,YDL122W,0,-0.4105933,0.1291828751564026,0.9959999918937683,0.6714000105857849
YNL113W,YJL144W,0,-0.41066822,0.1291661262512207,0.9959999918937683,0.671500027179718
YFR044C,YIL140W,0,-0.41097412,0.12914937734603882,0.9959999918937683,0.6715999841690063
YER004W,YDL178W,0,-0.4112034,0.12913262844085693,0.9959999918937683,0.6717000007629395
YKL216W,YMR087W,0,-0.41127983,0.12911589443683624,0.9959999918937683,0.6718000173568726
YLR181C,YDL217C,0,-0.41142586,0.12909916043281555,0.9959999918937683,0.6718999743461609
YPL094C,YOL023W,0,-0.4114696,0.12908242642879486,0.9959999918937683,0.671999990940094
YMR090W,YPL001W,0,-0.41164365,0.12906569242477417,0.9959999918937683,0.6721000075340271
YNL026W,YJR084W,0,-0.41209438,0.12904897332191467,0.9959999918937683,0.6722000241279602
YPL037C,YGL026C,0,-0.41228488,0.12903225421905518,0.9959999918937683,0.6722999811172485
YBR204C,YNL110C,0,-0.412424,0.12901555001735687,0.9959999918937683,0.6723999977111816
YDR084C,YPR052C,0,-0.4126154,0.12899883091449738,0.9959999918937683,0.6725000143051147
YDR217C,YBR103W,0,-0.41272154,0.12898212671279907,0.9959999918937683,0.6725999712944031
YMR104C,YMR033W,0,-0.41274443,0.12896542251110077,0.9959999918937683,0.6726999878883362
YIL040W,YMR078C,0,-0.41277853,0.12894873321056366,0.9959999918937683,0.6728000044822693
YPR149W,YCL033C,0,-0.4135556,0.12893204391002655,0.9959999918937683,0.6729000210762024
YBR029C,YNL045W,0,-0.41399112,0.12891535460948944,0.9959999918937683,0.6729999780654907
YEL036C,YHR050W,0,-0.414259,0.12889866530895233,0.9959999918937683,0.6730999946594238
YOR133W,YPR086W,0,-0.41450074,0.12888199090957642,0.9959999918937683,0.6732000112533569
YBL098W,YPL236C,0,-0.41457507,0.1288653165102005,0.9959999918937683,0.67330002784729
YLR423C,YBR085W,0,-0.41472915,0.12884864211082458,0.9959999918937683,0.6733999848365784
YJR112W,YPL173W,0,-0.4157715,0.12883198261260986,0.9959999918937683,0.6735000014305115
YBL084C,YOR189W,0,-0.41591516,0.12881530821323395,0.9959999918937683,0.6736000180244446
YCR073C,YLR389C,0,-0.415938,0.12879864871501923,0.9959999918937683,0.6736999750137329
YLR248W,YMR167W,0,-0.41602203,0.1287820041179657,0.9959999918937683,0.673799991607666
YKL217W,YGR038W,0,-0.41615394,0.12876535952091217,0.9959999918937683,0.6739000082015991
YLR001C,YMR300C,0,-0.416342,0.12874870002269745,0.9959999918937683,0.6740000247955322
YML073C,YMR205C,0,-0.41666493,0.12873207032680511,0.9959999918937683,0.6740999817848206
YMR236W,YOR032C,0,-0.4175792,0.1287154257297516,0.9959999918937683,0.6741999983787537
YDR294C,YLR118C,0,-0.41798893,0.12869879603385925,0.9959999918937683,0.6743000149726868
YKR027W,YPR011C,0,-0.41867116,0.12868216633796692,0.9959999918937683,0.6743999719619751
YER078C,YDR469W,0,-0.41870788,0.12866555154323578,0.9959999918937683,0.6744999885559082
YOL017W,YDR323C,0,-0.4187524,0.12864892184734344,0.9959999918937683,0.6746000051498413
YDR331W,YPL183W-A,0,-0.41880682,0.1286323070526123,0.9959999918937683,0.6747000217437744
YDL132W,YGL151W,0,-0.41881123,0.12861570715904236,0.9959999918937683,0.6747999787330627
YHR143W-A,YIL056W,0,-0.41899303,0.12859909236431122,0.9959999918937683,0.6748999953269958
YGR208W,YJL149W,0,-0.41914216,0.12858249247074127,0.9959999918937683,0.675000011920929
YDL159W,YFL024C,0,-0.41928998,0.12856589257717133,0.9959999918937683,0.6751000285148621
YOR204W,YGL179C,0,-0.41940096,0.12854930758476257,0.9959999918937683,0.6751999855041504
YCL048W,YPR133W-A,0,-0.4195011,0.12853270769119263,0.9959999918937683,0.6753000020980835
YKL018W,YOR077W,0,-0.41950408,0.12851612269878387,0.9959999918937683,0.6754000186920166
YIL046W,YDR306C,0,-0.41964462,0.12849955260753632,0.9959999918937683,0.6754999756813049
YKL035W,YKL155C,0,-0.419982,0.12848296761512756,0.9959999918937683,0.675599992275238
YOR368W,YNL246W,0,-0.42008653,0.12846639752388,0.9959999918937683,0.6757000088691711
YIL037C,YIL064W,0,-0.4201376,0.12844982743263245,0.9959999918937683,0.6758000254631042
YDL045C,YOR091W,0,-0.42040327,0.12843327224254608,0.9959999918937683,0.6758999824523926
YML055W,YLR182W,0,-0.42072156,0.12841671705245972,0.9959999918937683,0.6759999990463257
YGR148C,YBR054W,0,-0.42109457,0.12840016186237335,0.9959999918937683,0.6761000156402588
YBR034C,YIL017C,0,-0.42118493,0.128383606672287,0.9959999918937683,0.6761999726295471
YLR336C,YDL126C,0,-0.4212797,0.12836705148220062,0.9959999918937683,0.6762999892234802
YMR065W,YAR033W,0,-0.42136356,0.12835051119327545,0.9959999918937683,0.6764000058174133
YEL020C,YPL147W,0,-0.42145672,0.12833397090435028,0.9959999918937683,0.6765000224113464
YPR068C,YKL134C,0,-0.42185095,0.1283174455165863,0.9959999918937683,0.6765999794006348
YPR106W,YIL064W,0,-0.42225304,0.12830092012882233,0.9959999918937683,0.6766999959945679
YDR043C,YOR010C,0,-0.42229584,0.12828439474105835,0.9959999918937683,0.676800012588501
YNL097C,YLR363C,0,-0.42232165,0.12826786935329437,0.9959999918937683,0.6769000291824341
YLL043W,YOR045W,0,-0.4223239,0.1282513588666916,0.9959999918937683,0.6769999861717224
YER178W,YLR388W,0,-0.42236826,0.1282348334789276,0.9959999918937683,0.6771000027656555
YIL148W,YLR300W,0,-0.42294016,0.12821833789348602,0.9959999918937683,0.6772000193595886
YPR003C,YKL144C,0,-0.4230084,0.12820182740688324,0.9959999918937683,0.677299976348877
YOR022C,YMR218C,0,-0.42342362,0.12818533182144165,0.9959999918937683,0.6773999929428101
YGR032W,YKL080W,0,-0.42365888,0.12816883623600006,0.9959999918937683,0.6775000095367432
YMR192W,YOL033W,0,-0.42379263,0.12815234065055847,0.9959999918937683,0.6776000261306763
YDR030C,YMR113W,0,-0.42406943,0.12813585996627808,0.9959999918937683,0.6776999831199646
YAL002W,YOR388C,0,-0.42441073,0.12811937928199768,0.9959999918937683,0.6777999997138977
YBR294W,YDR515W,0,-0.42484722,0.12810289859771729,0.9959999918937683,0.6779000163078308
YNL250W,YGL179C,0,-0.4248697,0.1280864179134369,0.9959999918937683,0.6779999732971191
YEL063C,YPL241C,0,-0.42510667,0.1280699521303177,0.9959999918937683,0.6780999898910522
YDL059C,YBR106W,0,-0.4255437,0.1280534863471985,0.9959999918937683,0.6782000064849854
YPR199C,YJR054W,0,-0.42560318,0.12803702056407928,0.9959999918937683,0.6783000230789185
YLL002W,YFL031W,0,-0.4257417,0.12802056968212128,0.9959999918937683,0.6783999800682068
YDL168W,YMR090W,0,-0.42597297,0.12800411880016327,0.9959999918937683,0.6784999966621399
YDR397C,YKR006C,0,-0.42605498,0.12798766791820526,0.9959999918937683,0.678600013256073
YAL055W,YMR225C,0,-0.42617056,0.12797121703624725,0.9959999918937683,0.6786999702453613
YBR235W,YBR054W,0,-0.4262915,0.12795478105545044,0.9959999918937683,0.6787999868392944
YLR249W,YDL020C,0,-0.4266999,0.12793834507465363,0.9959999918937683,0.6789000034332275
YJR006W,YOR301W,0,-0.42696002,0.1279219090938568,0.9959999918937683,0.6790000200271606
YMR115W,YDR080W,0,-0.42731777,0.1279054880142212,0.9959999918937683,0.679099977016449
YBR260C,YOR266W,0,-0.42736974,0.12788906693458557,0.9959999918937683,0.6791999936103821
YIR021W,YPL084W,0,-0.42738655,0.12787264585494995,0.9959999918937683,0.6793000102043152
YKL096W-A,YGL092W,0,-0.4276699,0.12785622477531433,0.9959999918937683,0.6794000267982483
YPR131C,YOL132W,0,-0.42767623,0.1278398185968399,0.9959999918937683,0.6794999837875366
YJL006C,YMR207C,0,-0.427758,0.12782341241836548,0.9959999918937683,0.6796000003814697
YLR309C,YDR470C,0,-0.42808136,0.12780700623989105,0.9959999918937683,0.6797000169754028
YLL055W,YGL043W,0,-0.4282556,0.12779061496257782,0.9959999918937683,0.6797999739646912
YOR158W,YPL047W,0,-0.42826483,0.1277742087841034,0.9959999918937683,0.6798999905586243
YNR015W,YLR362W,0,-0.42844096,0.12775781750679016,0.9959999918937683,0.6800000071525574
YLR386W,YDR304C,0,-0.42854056,0.12774144113063812,0.9959999918937683,0.6801000237464905
YIL131C,YNL321W,0,-0.42855188,0.12772506475448608,0.9959999918937683,0.6801999807357788
YNR044W,YGL063W,0,-0.42879453,0.12770867347717285,0.9959999918937683,0.6802999973297119
YOR197W,YPL105C,0,-0.4296774,0.127692312002182,0.9959999918937683,0.680400013923645
YIL143C,YER087C-B,0,-0.42987373,0.12767593562602997,0.9959999918937683,0.6804999709129333
YKL103C,YOR249C,0,-0.42990503,0.12765957415103912,0.9959999918937683,0.6805999875068665
YOR226C,YIL153W,0,-0.4303284,0.12764321267604828,0.9959999918937683,0.6807000041007996
YAL055W,YJL149W,0,-0.43120697,0.12762685120105743,0.9959999918937683,0.6808000206947327
YJR117W,YGL196W,0,-0.43177202,0.12761050462722778,0.9959999918937683,0.680899977684021
YNR074C,YHR193C,0,-0.4321076,0.12759415805339813,0.9959999918937683,0.6809999942779541
YOR251C,YCL039W,0,-0.43253538,0.12757781147956848,0.9959999918937683,0.6811000108718872
YNL084C,YNR052C,0,-0.43281195,0.12756147980690002,0.9959999918937683,0.6812000274658203
YIL105C,YNL156C,0,-0.43352905,0.12754513323307037,0.9959999918937683,0.6812999844551086
YBR253W,YPL181W,0,-0.43412676,0.1275288164615631,0.9959999918937683,0.6814000010490417
YCR026C,YOR028C,0,-0.4345331,0.12751248478889465,0.9959999918937683,0.6815000176429749
YLR440C,YHR211W,0,-0.4351507,0.1274961531162262,0.9959999918937683,0.6815999746322632
YPR167C,YIL131C,0,-0.43562332,0.12747983634471893,0.9959999918937683,0.6816999912261963
YGL156W,YAR071W,0,-0.43581268,0.12746351957321167,0.9959999918937683,0.6818000078201294
YLR183C,YOL082W,0,-0.43588117,0.1274472177028656,0.9959999918937683,0.6819000244140625
YDR150W,YBR295W,0,-0.4359561,0.12743091583251953,0.9959999918937683,0.6819999814033508
YJL006C,YLR234W,0,-0.43598315,0.12741461396217346,0.9959999918937683,0.6820999979972839
YOR256C,YBL087C,0,-0.43675485,0.1273983120918274,0.9959999918937683,0.682200014591217
YNL031C,YFR047C,0,-0.4370421,0.12738202512264252,0.9959999918937683,0.6822999715805054
YMR288W,YIL087C,0,-0.43749145,0.12736572325229645,0.9959999918937683,0.6823999881744385
YBR244W,YBL102W,0,-0.4377115,0.12734945118427277,0.9959999918937683,0.6825000047683716
YJR133W,YIR038C,0,-0.43789777,0.1273331642150879,0.9959999918937683,0.6826000213623047
YKR087C,YHR090C,0,-0.43797067,0.1273168921470642,0.9959999918937683,0.682699978351593
YMR309C,YBR212W,0,-0.43802544,0.12730062007904053,0.9959999918937683,0.6827999949455261
YCR042C,YMR293C,0,-0.43842378,0.12728434801101685,0.9959999918937683,0.6829000115394592
YMR267W,YDR287W,0,-0.43855658,0.12726807594299316,0.9959999918937683,0.6830000281333923
YCR083W,YML081W,0,-0.43916193,0.12725181877613068,0.9959999918937683,0.6830999851226807
YLR240W,YOR110W,0,-0.4391795,0.1272355616092682,0.9959999918937683,0.6832000017166138
YGL151W,YBR288C,0,-0.439374,0.1272193193435669,0.9959999918937683,0.6833000183105469
YDL139C,YBR045C,0,-0.43937823,0.1272030621767044,0.9959999918937683,0.6833999752998352
YDL022W,YGR133W,0,-0.43943432,0.1271868199110031,0.9959999918937683,0.6834999918937683
YOR196C,YAR033W,0,-0.43947127,0.12717057764530182,0.9959999918937683,0.6836000084877014
YNR060W,YER094C,0,-0.43952605,0.12715435028076172,0.9959999918937683,0.6837000250816345
YKL155C,YKL067W,0,-0.4401206,0.12713812291622162,0.9959999918937683,0.6837999820709229
YFL025C,YOL084W,0,-0.4407716,0.12712189555168152,0.9959999918937683,0.683899998664856
YIL158W,YER039C,0,-0.44087043,0.12710566818714142,0.9959999918937683,0.6840000152587891
YIL117C,YNL238W,0,-0.4409962,0.12708944082260132,0.9959999918937683,0.6840999722480774
YJL203W,YBL085W,0,-0.44120458,0.1270732283592224,0.9959999918937683,0.6841999888420105
YAL055W,YBL085W,0,-0.44132832,0.1270570158958435,0.9959999918937683,0.6843000054359436
YCL025C,YKR008W,0,-0.4414322,0.1270408183336258,0.9959999918937683,0.6844000220298767
YLR081W,YDR182W,0,-0.44201198,0.12702462077140808,0.9959999918937683,0.684499979019165
YEL020C,YBL038W,0,-0.4421635,0.12700842320919037,0.9959999918937683,0.6845999956130981
YOL090W,YJL210W,0,-0.4427512,0.12699222564697266,0.9959999918937683,0.6847000122070312
YDR328C,YDL230W,0,-0.442822,0.12697602808475494,0.9959999918937683,0.6848000288009644
YDR350C,YNL138W,0,-0.44321743,0.12695984542369843,0.9959999918937683,0.6848999857902527
YOL062C,YKR071C,0,-0.44347313,0.1269436627626419,0.9959999918937683,0.6850000023841858
YNL264C,YGR209C,0,-0.44366315,0.12692749500274658,0.9959999918937683,0.6851000189781189
YIL052C,YPL259C,0,-0.44376907,0.12691131234169006,0.9959999918937683,0.6851999759674072
YOR027W,YHR142W,0,-0.44437137,0.12689514458179474,0.9959999918937683,0.6852999925613403
YOR377W,YMR214W,0,-0.44450912,0.12687897682189941,0.9959999918937683,0.6854000091552734
YDR020C,YKL197C,0,-0.44477186,0.12686282396316528,0.9959999918937683,0.6855000257492065
YPR127W,YGR078C,0,-0.44485524,0.12684665620326996,0.9959999918937683,0.6855999827384949
YDR092W,YOL068C,0,-0.44564638,0.12683050334453583,0.9959999918937683,0.685699999332428
YJR051W,YGR208W,0,-0.4461402,0.1268143653869629,0.9959999918937683,0.6858000159263611
YLL051C,YBR268W,0,-0.44621447,0.12679821252822876,0.9959999918937683,0.6858999729156494
YKL210W,YBR161W,0,-0.44632253,0.12678207457065582,0.9959999918937683,0.6859999895095825
YCR052W,YLR329W,0,-0.44644073,0.12676593661308289,0.9959999918937683,0.6861000061035156
YGR082W,YNL025C,0,-0.4466546,0.12674981355667114,0.9959999918937683,0.6862000226974487
YLR061W,YKL026C,0,-0.44709268,0.1267336755990982,0.9959999918937683,0.6862999796867371
YGL241W,YKL086W,0,-0.44737378,0.12671755254268646,0.9959999918937683,0.6863999962806702
YCL001W,YDR373W,0,-0.4473981,0.1267014443874359,0.9959999918937683,0.6865000128746033
YPR120C,YNL315C,0,-0.4476166,0.12668532133102417,0.9959999918937683,0.6866000294685364
YDL076C,YOR125C,0,-0.44809547,0.12666921317577362,0.9959999918937683,0.6866999864578247
YHR165C,YGL167C,0,-0.44812492,0.12665310502052307,0.9959999918937683,0.6868000030517578
YNL202W,YDL150W,0,-0.44826415,0.12663699686527252,0.9959999918937683,0.6869000196456909
YBL016W,YGL054C,0,-0.44863966,0.12662090361118317,0.9959999918937683,0.6869999766349792
YCR107W,YKL046C,0,-0.44902554,0.1266048103570938,0.9959999918937683,0.6870999932289124
YPL249C,YMR133W,0,-0.44941226,0.12658871710300446,0.9959999918937683,0.6872000098228455
YJL154C,YDR415C,0,-0.44951376,0.1265726238489151,0.9959999918937683,0.6873000264167786
YML041C,YMR190C,0,-0.44985923,0.12655654549598694,0.9959999918937683,0.6873999834060669
YHR141C,YGL104C,0,-0.44986644,0.12654046714305878,0.9959999918937683,0.6875
YDL140C,YLR093C,0,-0.45018497,0.12652438879013062,0.9959999918937683,0.6876000165939331
YGR287C,YMR318C,0,-0.45075336,0.12650832533836365,0.9959999918937683,0.6876999735832214
YLR187W,YMR149W,0,-0.4508691,0.12649224698543549,0.9959999918937683,0.6877999901771545
YDL046W,YKL003C,0,-0.4513797,0.12647618353366852,0.9959999918937683,0.6879000067710876
YMR230W,YJR149W,0,-0.4517919,0.12646013498306274,0.9959999918937683,0.6880000233650208
YMR158W,YOR030W,0,-0.45215896,0.12644407153129578,0.9959999918937683,0.6880999803543091
YPR100W,YLR324W,0,-0.45228317,0.12642802298069,0.9959999918937683,0.6881999969482422
YPL133C,YLR033W,0,-0.45273122,0.12641197443008423,0.9959999918937683,0.6883000135421753
YNL071W,YJR050W,0,-0.45318964,0.12639594078063965,0.9959999918937683,0.6883999705314636
YML019W,YFR016C,0,-0.45336184,0.12637990713119507,0.9959999918937683,0.6884999871253967
YNR060W,YNL257C,0,-0.45377746,0.1263638734817505,0.9959999918937683,0.6886000037193298
YDR174W,YAL054C,0,-0.45380774,0.1263478398323059,0.9959999918937683,0.6887000203132629
YLR039C,YML067C,0,-0.45385012,0.12633180618286133,0.9959999918937683,0.6887999773025513
YLR115W,YGR172C,0,-0.45430806,0.12631578743457794,0.9959999918937683,0.6888999938964844
YBR023C,YBR146W,0,-0.45469913,0.12629976868629456,0.9959999918937683,0.6890000104904175
YLR164W,YKL125W,0,-0.45495406,0.12628376483917236,0.9959999918937683,0.6891000270843506
YDR414C,YBL013W,0,-0.455112,0.12626774609088898,0.9959999918937683,0.6891999840736389
YNL275W,YKR065C,0,-0.45513108,0.12625174224376678,0.9959999918937683,0.689300000667572
YGR142W,YOL113W,0,-0.45523623,0.1262357383966446,0.9959999918937683,0.6894000172615051
YAL002W,YOR153W,0,-0.45605198,0.1262197494506836,0.9959999918937683,0.6894999742507935
YNL250W,YGR296W,0,-0.45649996,0.1262037456035614,0.9959999918937683,0.6895999908447266
YMR262W,YMR263W,0,-0.45650962,0.1261877566576004,0.9959999918937683,0.6897000074386597
YCR086W,YBR278W,0,-0.45657185,0.1261717826128006,0.9959999918937683,0.6898000240325928
YLR166C,YOR297C,0,-0.45671967,0.1261557936668396,0.9959999918937683,0.6898999810218811
YOR312C,YMR304W,0,-0.45698014,0.1261398196220398,0.9959999918937683,0.6899999976158142
YDR180W,YHR175W,0,-0.457019,0.12612384557724,0.9959999918937683,0.6901000142097473
YAL024C,YGL156W,0,-0.45755824,0.12610787153244019,0.9959999918937683,0.6901999711990356
YMR273C,YDR017C,0,-0.45803848,0.12609191238880157,0.9959999918937683,0.6902999877929688
YJL118W,YBR272C,0,-0.45805076,0.12607595324516296,0.9959999918937683,0.6904000043869019
YLR070C,YBR216C,0,-0.4582639,0.12605999410152435,0.9959999918937683,0.690500020980835
YDR473C,YGR010W,0,-0.45844302,0.12604403495788574,0.9959999918937683,0.6905999779701233
YLR033W,YOR215C,0,-0.45858887,0.12602809071540833,0.9959999918937683,0.6906999945640564
YGL006W,YDR127W,0,-0.4587138,0.1260121464729309,0.9959999918937683,0.6908000111579895
YGR163W,YPR002W,0,-0.45880243,0.1259962022304535,0.9959999918937683,0.6909000277519226
YJL005W,YIL097W,0,-0.45882097,0.12598027288913727,0.9959999918937683,0.6909999847412109
YBR052C,YOR204W,0,-0.45921937,0.12596432864665985,0.9959999918937683,0.691100001335144
YNL053W,YHR216W,0,-0.45945117,0.12594839930534363,0.9959999918937683,0.6912000179290771
YOR316C,YCL064C,0,-0.45946154,0.1259324848651886,0.9959999918937683,0.6912999749183655
YER022W,YOR117W,0,-0.4594833,0.12591655552387238,0.9959999918937683,0.6913999915122986
YNL245C,YPL189W,0,-0.4596515,0.12590064108371735,0.9959999918937683,0.6915000081062317
YOR313C,YKL139W,0,-0.45999715,0.12588472664356232,0.9959999918937683,0.6916000247001648
YPR133C,YNL169C,0,-0.46015313,0.12586882710456848,0.9959999918937683,0.6916999816894531
YDR348C,YBR006W,0,-0.46038738,0.12585291266441345,0.9959999918937683,0.6917999982833862
YJL213W,YLL061W,0,-0.46042547,0.12583701312541962,0.9959999918937683,0.6919000148773193
YDL064W,YOR266W,0,-0.46075585,0.12582112848758698,0.9959999918937683,0.6919999718666077
YKR020W,YAL055W,0,-0.46135023,0.12580522894859314,0.9959999918937683,0.6920999884605408
YKL188C,YCL045C,0,-0.46149257,0.1257893443107605,0.9959999918937683,0.6922000050544739
YHR112C,YNL307C,0,-0.46221575,0.12577345967292786,0.9959999918937683,0.692300021648407
YGL220W,YGR070W,0,-0.46252385,0.12575757503509521,0.9959999918937683,0.6923999786376953
YOL057W,YNL243W,0,-0.46253833,0.12574170529842377,0.9959999918937683,0.6924999952316284
YPR037C,YDR359C,0,-0.4626781,0.12572582066059113,0.9959999918937683,0.6926000118255615
YOR260W,YDR516C,0,-0.46299723,0.12570995092391968,0.9959999918937683,0.6927000284194946
YKR028W,YOR197W,0,-0.46359292,0.12569409608840942,0.9959999918937683,0.692799985408783
YML128C,YOL141W,0,-0.4636018,0.12567822635173798,0.9959999918937683,0.6929000020027161
YJR056C,YOR034C,0,-0.46421948,0.12566237151622772,0.9959999918937683,0.6930000185966492
YNL186W,YGL180W,0,-0.46423045,0.12564653158187866,0.9959999918937683,0.6930999755859375
YER155C,YGL186C,0,-0.46473852,0.1256306767463684,0.9959999918937683,0.6931999921798706
YNL250W,YIL041W,0,-0.4651864,0.12561483681201935,0.9959999918937683,0.6933000087738037
YDR517W,YGL172W,0,-0.4658073,0.1255989968776703,0.9959999918937683,0.6934000253677368
YIL134W,YIL107C,0,-0.46615103,0.12558315694332123,0.9959999918937683,0.6934999823570251
YKL167C,YOL119C,0,-0.4662508,0.12556731700897217,0.9959999918937683,0.6935999989509583
YOR247W,YKL203C,0,-0.46641216,0.1255514919757843,0.9959999918937683,0.6937000155448914
YGR113W,YLL055W,0,-0.46643487,0.12553566694259644,0.9959999918937683,0.6937999725341797
YLR285W,YDR135C,0,-0.4665363,0.12551984190940857,0.9959999918937683,0.6938999891281128
YBL097W,YHR175W,0,-0.46675864,0.1255040317773819,0.9959999918937683,0.6940000057220459
YHR139C,YLR013W,0,-0.467185,0.12548822164535522,0.9959999918937683,0.694100022315979
YDR522C,YOL155C,0,-0.46731958,0.12547241151332855,0.9959999918937683,0.6941999793052673
YFL049W,YNL093W,0,-0.4674144,0.12545660138130188,0.9959999918937683,0.6942999958992004
YBR179C,YNR055C,0,-0.46753368,0.1254408061504364,0.9959999918937683,0.6944000124931335
YER040W,YGR070W,0,-0.4675807,0.12542501091957092,0.9959999918937683,0.6945000290870667
YIL105C,YNL236W,0,-0.46759322,0.12540921568870544,0.9959999918937683,0.694599986076355
YJR152W,YKL039W,0,-0.468123,0.12539343535900116,0.9959999918937683,0.6947000026702881
YLR423C,YLR136C,0,-0.46852937,0.12537764012813568,0.9959999918937683,0.6948000192642212
YLR393W,YDR408C,0,-0.46863833,0.1253618597984314,0.9959999918937683,0.6948999762535095
YOL034W,YEL069C,0,-0.468725,0.1253460794687271,0.9959999918937683,0.6949999928474426
YLR275W,YDL140C,0,-0.46882692,0.12533031404018402,0.9959999918937683,0.6951000094413757
YCL044C,YGR253C,0,-0.46895453,0.12531454861164093,0.9959999918937683,0.6952000260353088
YNL321W,YAL024C,0,-0.46898928,0.12529878318309784,0.9959999918937683,0.6952999830245972
YNL199C,YDR235W,0,-0.46955493,0.12528301775455475,0.9959999918937683,0.6953999996185303
YKL013C,YDR137W,0,-0.46958414,0.12526726722717285,0.9959999918937683,0.6955000162124634
YPL164C,YKL168C,0,-0.46968338,0.12525150179862976,0.9959999918937683,0.6955999732017517
YDR260C,YJL134W,0,-0.46975175,0.12523576617240906,0.9959999918937683,0.6956999897956848
YDL022W,YNL181W,0,-0.4698262,0.12522001564502716,0.9959999918937683,0.6958000063896179
YER167W,YOL108C,0,-0.47025654,0.12520428001880646,0.9959999918937683,0.695900022983551
YBR203W,YGL131C,0,-0.4703367,0.12518854439258575,0.9959999918937683,0.6959999799728394
YNL054W,YLR367W,0,-0.4704019,0.12517280876636505,0.9959999918937683,0.6960999965667725
YOR030W,YGL234W,0,-0.47088894,0.12515707314014435,0.9959999918937683,0.6962000131607056
YDR105C,YCL052C,0,-0.47106972,0.12514135241508484,0.9959999918937683,0.6963000297546387
YJL137C,YNL080C,0,-0.47110167,0.12512563169002533,0.9959999918937683,0.696399986743927
YOL045W,YML066C,0,-0.4711161,0.12510991096496582,0.9959999918937683,0.6965000033378601
YNL093W,YPL198W,0,-0.47134653,0.1250941902399063,0.9959999918937683,0.6966000199317932
YBL080C,YMR280C,0,-0.47152004,0.125078484416008,0.9959999918937683,0.6966999769210815
YPL163C,YIL062C,0,-0.47158322,0.12506277859210968,0.9959999918937683,0.6967999935150146
YDR261C,YBR114W,0,-0.47164717,0.12504708766937256,0.9959999918937683,0.6969000101089478
YNL121C,YCR021C,0,-0.47194937,0.12503138184547424,0.9959999918937683,0.6970000267028809
YGL162W,YLL005C,0,-0.47198322,0.12501569092273712,0.9959999918937683,0.6970999836921692
YPL248C,YAR042W,0,-0.47198787,0.125,0.9959999918937683,0.6972000002861023
YHL038C,YOL145C,0,-0.47210708,0.12498431652784348,0.9959999918937683,0.6973000168800354
YGR246C,YNL236W,0,-0.4721484,0.12496863305568695,0.9959999918937683,0.6973999738693237
YFL016C,YBR129C,0,-0.47254828,0.12495295703411102,0.9959999918937683,0.6974999904632568
YML066C,YLR118C,0,-0.4726796,0.1249372810125351,0.9959999918937683,0.6976000070571899
YER033C,YLR320W,0,-0.4727907,0.12492161244153976,0.9959999918937683,0.697700023651123
YBR121C,YIL046W,0,-0.47282776,0.12490594387054443,0.9959999918937683,0.6977999806404114
YJR119C,YJL051W,0,-0.4729989,0.1248902827501297,0.9959999918937683,0.6978999972343445
YBR227C,YLR034C,0,-0.47317448,0.12487462162971497,0.9959999918937683,0.6980000138282776
YLL034C,YLR295C,0,-0.47341147,0.12485896795988083,0.9959999918937683,0.6980999708175659
YOR162C,YGR240C,0,-0.47344705,0.12484332174062729,0.9959999918937683,0.698199987411499
YDL049C,YOR125C,0,-0.4735032,0.12482767552137375,0.9959999918937683,0.6983000040054321
YGR284C,YML001W,0,-0.4743497,0.12481202930212021,0.9959999918937683,0.6984000205993652
YNL073W,YNR013C,0,-0.4755678,0.12479639053344727,0.9959999918937683,0.6984999775886536
YDL100C,YKL079W,0,-0.47562745,0.12478075921535492,0.9959999918937683,0.6985999941825867
YPR100W,YIR022W,0,-0.4761972,0.12476512789726257,0.9959999918937683,0.6987000107765198
YDR310C,YGR249W,0,-0.4763818,0.12474949657917023,0.9959999918937683,0.6988000273704529
YML049C,YJR152W,0,-0.4777148,0.12473387271165848,0.9959999918937683,0.6988999843597412
YEL012W,YDR429C,0,-0.47794446,0.12471825629472733,0.9959999918937683,0.6990000009536743
YLL026W,YIL173W,0,-0.4782308,0.12470263987779617,0.9959999918937683,0.6991000175476074
YOR019W,YOR178C,0,-0.47824064,0.12468703091144562,0.9959999918937683,0.6991999745368958
YNL026W,YGR152C,0,-0.47828975,0.12467142194509506,0.9959999918937683,0.6992999911308289
YMR210W,YPL268W,0,-0.47860292,0.1246558204293251,0.9959999918937683,0.699400007724762
YPL207W,YDR164C,0,-0.47885087,0.12464021891355515,0.9959999918937683,0.6995000243186951
YOR313C,YGR247W,0,-0.47931936,0.12462462484836578,0.9959999918937683,0.6995999813079834
YIL130W,YLR337C,0,-0.47940388,0.12460903078317642,0.9959999918937683,0.6996999979019165
YDR382W,YHR202W,0,-0.47951105,0.12459344416856766,0.9959999918937683,0.6998000144958496
YOL068C,YPL240C,0,-0.479713,0.12457785755395889,0.9959999918937683,0.6998999714851379
YDR490C,YIL010W,0,-0.4797261,0.12456227838993073,0.9959999918937683,0.699999988079071
YGR172C,YFL003C,0,-0.47985134,0.12454670667648315,0.9959999918937683,0.7001000046730042
YDL059C,YIL030C,0,-0.48026946,0.12453113496303558,0.9959999918937683,0.7002000212669373
YJR017C,YDR359C,0,-0.48030016,0.12451556324958801,0.9959999918937683,0.7002999782562256
YMR154C,YEL069C,0,-0.48045805,0.12449999898672104,0.9959999918937683,0.7003999948501587
YPL110C,YPL128C,0,-0.48121324,0.12448444217443466,0.9959999918937683,0.7005000114440918
YML110C,YHR123W,0,-0.48141304,0.12446888536214828,0.9959999918937683,0.7006000280380249
YNR067C,YOR085W,0,-0.48178384,0.12445332854986191,0.9959999918937683,0.7006999850273132
YBR287W,YGL134W,0,-0.482731,0.12443777918815613,0.9959999918937683,0.7008000016212463
YGR260W,YHR111W,0,-0.4828457,0.12442223727703094,0.9959999918937683,0.7009000182151794
YML111W,YLR307W,0,-0.4829388,0.12440669536590576,0.9959999918937683,0.7009999752044678
YDL077C,YLL043W,0,-0.48321405,0.12439116090536118,0.9959999918937683,0.7010999917984009
YDR386W,YDR519W,0,-0.48354748,0.12437562644481659,0.9959999918937683,0.701200008392334
YMR076C,YPL047W,0,-0.4836929,0.124360091984272,0.9959999918937683,0.7013000249862671
YOR020C,YNL288W,0,-0.48376843,0.12434457242488861,0.9959999918937683,0.7013999819755554
YLL027W,YGL107C,0,-0.48398176,0.12432904541492462,0.9959999918937683,0.7014999985694885
YOR209C,YHR138C,0,-0.48415425,0.12431353330612183,0.9959999918937683,0.7016000151634216
YDR092W,YNL290W,0,-0.48446265,0.12429801374673843,0.9959999918937683,0.70169997215271
YNL186W,YLR164W,0,-0.48446324,0.12428250908851624,0.9959999918937683,0.7017999887466431
YDL245C,YMR301C,0,-0.48494616,0.12426699697971344,0.9959999918937683,0.7019000053405762
YKL146W,YDR147W,0,-0.48509446,0.12425149977207184,0.9959999918937683,0.7020000219345093
YPR121W,YGL068W,0,-0.4859014,0.12423599511384964,0.9959999918937683,0.7020999789237976
YPR034W,YNL037C,0,-0.48617354,0.12422050535678864,0.9959999918937683,0.7021999955177307
YLR368W,YMR300C,0,-0.48624328,0.12420501559972763,0.9959999918937683,0.7023000121116638
YBR003W,YNL065W,0,-0.4867684,0.12418952584266663,0.9959999918937683,0.7024000287055969
YAL009W,YOR008C,0,-0.48693278,0.12417404353618622,0.9959999918937683,0.7024999856948853
YGL002W,YJL094C,0,-0.48693553,0.12415856122970581,0.9959999918937683,0.7026000022888184
YDL066W,YBR114W,0,-0.4874719,0.124143086373806,0.9959999918937683,0.7027000188827515
YDR291W,YHR188C,0,-0.48754445,0.12412761896848679,0.9959999918937683,0.7027999758720398
YDR468C,YJL127C,0,-0.48766753,0.12411215156316757,0.9959999918937683,0.7028999924659729
YOL095C,YMR092C,0,-0.4877014,0.12409668415784836,0.9959999918937683,0.703000009059906
YBR061C,YOR380W,0,-0.48816803,0.12408122420310974,0.9959999918937683,0.7031000256538391
YER154W,YBR199W,0,-0.4885414,0.12406577169895172,0.9959999918937683,0.7031999826431274
YDL147W,YPL104W,0,-0.48857334,0.1240503191947937,0.9959999918937683,0.7032999992370605
YDR371W,YKL062W,0,-0.48881587,0.12403486669063568,0.9959999918937683,0.7034000158309937
YOR338W,YNL169C,0,-0.48904446,0.12401942163705826,0.9959999918937683,0.703499972820282
YOR368W,YLR382C,0,-0.4891884,0.12400398403406143,0.9959999918937683,0.7035999894142151
YOR030W,YPR180W,0,-0.4894208,0.1239885464310646,0.9959999918937683,0.7037000060081482
YDL097C,YLR103C,0,-0.48957482,0.12397311627864838,0.9959999918937683,0.7038000226020813
YLR336C,YHR037W,0,-0.48977056,0.12395768612623215,0.9959999918937683,0.7038999795913696
YGL134W,YDR468C,0,-0.4900985,0.12394226342439651,0.9959999918937683,0.7039999961853027
YHR112C,YGR109C,0,-0.49019483,0.12392684072256088,0.9959999918937683,0.7041000127792358
YPR149W,YFL017W-A,0,-0.49020788,0.12391141802072525,0.9959999918937683,0.704200029373169
YLR410W,YJL212C,0,-0.49241742,0.12389601022005081,0.9959999918937683,0.7042999863624573
YOR032C,YGL124C,0,-0.49243298,0.12388059496879578,0.9959999918937683,0.7044000029563904
YPL007C,YGR256W,0,-0.4930388,0.12386519461870193,0.9959999918937683,0.7045000195503235
YDR545W,YER005W,0,-0.4931033,0.1238497868180275,0.9959999918937683,0.7045999765396118
YDR385W,YJR083C,0,-0.49339607,0.12383438646793365,0.9959999918937683,0.7046999931335449
YDR490C,YPR169W,0,-0.4935532,0.12381899356842041,0.9959999918937683,0.704800009727478
YNL070W,YBR125C,0,-0.49362573,0.12380360811948776,0.9959999918937683,0.7049000263214111
YBR120C,YKL065C,0,-0.4942011,0.12378821521997452,0.9959999918937683,0.7049999833106995
YKL175W,YLR043C,0,-0.49449953,0.12377283722162247,0.9959999918937683,0.7050999999046326
YDR409W,YMR090W,0,-0.49483934,0.12375745177268982,0.9959999918937683,0.7052000164985657
YPR201W,YMR225C,0,-0.49524257,0.12374208122491837,0.9959999918937683,0.705299973487854
YDR284C,YLL005C,0,-0.49557176,0.12372671067714691,0.9959999918937683,0.7053999900817871
YJR004C,YGL053W,0,-0.49618372,0.12371134012937546,0.9959999918937683,0.7055000066757202
YLR426W,YBR086C,0,-0.49646893,0.1236959770321846,0.9959999918937683,0.7056000232696533
YMR005W,YJL174W,0,-0.49651852,0.12368061393499374,0.9959999918937683,0.7056999802589417
YNL095C,YDR404C,0,-0.49690405,0.12366525828838348,0.9959999918937683,0.7057999968528748
YLL051C,YDR497C,0,-0.49726096,0.12364991009235382,0.9959999918937683,0.7059000134468079
YJL002C,YLR377C,0,-0.49758235,0.12363455444574356,0.9959999918937683,0.7059999704360962
YOL101C,YDR460W,0,-0.4977713,0.1236192137002945,0.9959999918937683,0.7060999870300293
YLL034C,YGR258C,0,-0.49822465,0.12360387295484543,0.9959999918937683,0.7062000036239624
YDR392W,YMR146C,0,-0.49859563,0.12358853220939636,0.9959999918937683,0.7063000202178955
YKL006C-A,YBR119W,0,-0.49897876,0.1235731989145279,0.9959999918937683,0.7063999772071838
YNL328C,YKL090W,0,-0.49966273,0.12355787307024002,0.9959999918937683,0.7064999938011169
YOR311C,YDR221W,0,-0.49987152,0.12354254722595215,0.9959999918937683,0.70660001039505
YPL249C-A,YJL144W,0,-0.5002327,0.12352722138166428,0.9959999918937683,0.7067000269889832
YNL299W,YLR337C,0,-0.5002378,0.123511902987957,0.9959999918937683,0.7067999839782715
YPL072W,YML130C,0,-0.50049126,0.12349659204483032,0.9959999918937683,0.7069000005722046
YBR059C,YDR337W,0,-0.5005466,0.12348128110170364,0.9959999918937683,0.7070000171661377
YPL049C,YFL055W,0,-0.5007727,0.12346597015857697,0.9959999918937683,0.707099974155426
YHR115C,YHL001W,0,-0.50102496,0.12345066666603088,0.9959999918937683,0.7071999907493591
YPL030W,YGR044C,0,-0.5010922,0.1234353706240654,0.9959999918937683,0.7073000073432922
YGR247W,YMR274C,0,-0.50222325,0.12342007458209991,0.9959999918937683,0.7074000239372253
YKL095W,YNR035C,0,-0.5023997,0.12340478599071503,0.9959999918937683,0.7074999809265137
YLR426W,YLR369W,0,-0.5024463,0.12338949739933014,0.9959999918937683,0.7075999975204468
YNL093W,YBL040C,0,-0.50256455,0.12337420880794525,0.9959999918937683,0.7077000141143799
YDR437W,YKL012W,0,-0.5028117,0.12335892766714096,0.9959999918937683,0.7077999711036682
YCR024C,YLR274W,0,-0.5035387,0.12334365397691727,0.9959999918937683,0.7078999876976013
YBR179C,YOR045W,0,-0.5036887,0.12332838028669357,0.9959999918937683,0.7080000042915344
YKL093W,YHR014W,0,-0.50520587,0.12331311404705048,0.9959999918937683,0.7081000208854675
YGL050W,YDR173C,0,-0.5052663,0.12329784780740738,0.9959999918937683,0.7081999778747559
YGR258C,YNL111C,0,-0.50528383,0.12328258156776428,0.9959999918937683,0.708299994468689
YFR009W,YLR213C,0,-0.50540364,0.12326733022928238,0.9959999918937683,0.7084000110626221
YDR105C,YHR014W,0,-0.5055723,0.12325207144021988,0.9959999918937683,0.7085000276565552
YDR349C,YGL010W,0,-0.5059869,0.12323682010173798,0.9959999918937683,0.7085999846458435
YOR064C,YPR175W,0,-0.5060674,0.12322157621383667,0.9959999918937683,0.7087000012397766
YGR163W,YKL148C,0,-0.5064336,0.12320633232593536,0.9959999918937683,0.7088000178337097
YER144C,YPL122C,0,-0.5065752,0.12319109588861465,0.9959999918937683,0.708899974822998
YCL036W,YKL092C,0,-0.50674546,0.12317585945129395,0.9959999918937683,0.7089999914169312
YEL024W,YMR035W,0,-0.5067754,0.12316063046455383,0.9959999918937683,0.7091000080108643
YOR231W,YDR500C,0,-0.5074667,0.12314540147781372,0.9959999918937683,0.7092000246047974
YNR051C,YBR230C,0,-0.507697,0.1231301799416542,0.9959999918937683,0.7092999815940857
YJR147W,YGL183C,0,-0.50805795,0.12311495840549469,0.9959999918937683,0.7093999981880188
YLR380W,YOR371C,0,-0.50885797,0.12309973686933517,0.9959999918937683,0.7095000147819519
YNL073W,YGR172C,0,-0.5090513,0.12308453023433685,0.9959999918937683,0.7095999717712402
YMR190C,YLR003C,0,-0.5092603,0.12306931614875793,0.9959999918937683,0.7096999883651733
YPL063W,YMR089C,0,-0.50936294,0.12305411696434021,0.9959999918937683,0.7098000049591064
YMR172W,YLL042C,0,-0.5095514,0.12303891032934189,0.9959999918937683,0.7099000215530396
YOR123C,YBL058W,0,-0.5097823,0.12302371859550476,0.9959999918937683,0.7099999785423279
YKL018W,YMR210W,0,-0.50978565,0.12300851941108704,0.9959999918937683,0.710099995136261
YKR103W,YGR178C,0,-0.5100193,0.1229933351278305,0.9959999918937683,0.7102000117301941
YEL062W,YLR025W,0,-0.51004934,0.12297814339399338,0.9959999918937683,0.7103000283241272
YGL048C,YBR202W,0,-0.5102371,0.12296296656131744,0.9959999918937683,0.7103999853134155
YPR164W,YPL124W,0,-0.5109347,0.12294778227806091,0.9959999918937683,0.7105000019073486
YDR497C,YDR221W,0,-0.5110265,0.12293261289596558,0.9959999918937683,0.7106000185012817
YKL080W,YOL028C,0,-0.51175416,0.12291743606328964,0.9959999918937683,0.7106999754905701
YMR161W,YBR162W-A,0,-0.51179147,0.1229022741317749,0.9959999918937683,0.7107999920845032
YDL179W,YPR180W,0,-0.5120007,0.12288710474967957,0.9959999918937683,0.7109000086784363
YBL019W,YHR002W,0,-0.5122503,0.12287195026874542,0.9959999918937683,0.7110000252723694
YOR226C,YKL005C,0,-0.5134064,0.12285678833723068,0.9959999918937683,0.7110999822616577
YPR175W,YER157W,0,-0.5134921,0.12284164130687714,0.9959999918937683,0.7111999988555908
YPL221W,YJL024C,0,-0.51388943,0.122826486825943,0.9959999918937683,0.7113000154495239
YMR065W,YGR080W,0,-0.51400685,0.12281134724617004,0.9959999918937683,0.7113999724388123
YPL156C,YOR099W,0,-0.51512265,0.1227962002158165,0.9959999918937683,0.7114999890327454
YMR083W,YFR009W,0,-0.5154629,0.12278106808662415,0.9959999918937683,0.7116000056266785
YBR112C,YER038C,0,-0.51553285,0.1227659285068512,0.9959999918937683,0.7117000222206116
YJR064W,YHR202W,0,-0.51587963,0.12275080382823944,0.9959999918937683,0.7117999792098999
YLR223C,YML086C,0,-0.5160266,0.12273567169904709,0.9959999918937683,0.711899995803833
YPL140C,YJL060W,0,-0.5160489,0.12272055447101593,0.9959999918937683,0.7120000123977661
YML021C,YGR044C,0,-0.516731,0.12270542979240417,0.9959999918937683,0.7121000289916992
YPR152C,YPL233W,0,-0.5169084,0.12269032001495361,0.9959999918937683,0.7121999859809875
YEL051W,YGL196W,0,-0.51766944,0.12267520278692245,0.9959999918937683,0.7123000025749207
YNL131W,YOR338W,0,-0.51790357,0.12266010046005249,0.9959999918937683,0.7124000191688538
YNL134C,YKR026C,0,-0.5180906,0.12264499813318253,0.9959999918937683,0.7124999761581421
YPR068C,YNL180C,0,-0.51812816,0.12262989580631256,0.9959999918937683,0.7125999927520752
YGR171C,YNL265C,0,-0.518445,0.1226148009300232,0.9959999918937683,0.7127000093460083
YGR046W,YCR089W,0,-0.51885843,0.12259970605373383,0.9959999918937683,0.7128000259399414
YDR492W,YLR206W,0,-0.5189111,0.12258461862802505,0.9959999918937683,0.7128999829292297
YKL124W,YPL198W,0,-0.5190134,0.12256953120231628,0.9959999918937683,0.7129999995231628
YPL086C,YNR059W,0,-0.51902986,0.12255445122718811,0.9959999918937683,0.713100016117096
YMR236W,YER139C,0,-0.51919127,0.12253937125205994,0.9959999918937683,0.7131999731063843
YOR195W,YPL188W,0,-0.5194795,0.12252429872751236,0.9959999918937683,0.7132999897003174
YIL108W,YDR194C,0,-0.51954126,0.12250922620296478,0.9959999918937683,0.7134000062942505
YNR023W,YML064C,0,-0.51961803,0.1224941611289978,0.9959999918937683,0.7135000228881836
YBL047C,YGR036C,0,-0.51996124,0.12247909605503082,0.9959999918937683,0.7135999798774719
YDL189W,YBR274W,0,-0.5202502,0.12246403843164444,0.9959999918937683,0.713699996471405
YER044C-A,YAL028W,0,-0.52081144,0.12244898080825806,0.9959999918937683,0.7138000130653381
YLR095C,YBR168W,0,-0.5211581,0.12243393063545227,0.9959999918937683,0.7139000296592712
YDR338C,YHR083W,0,-0.5215788,0.12241888046264648,0.9959999918937683,0.7139999866485596
YDR291W,YLR085C,0,-0.52173626,0.1224038377404213,0.9959999918937683,0.7141000032424927
YOR258W,YDL106C,0,-0.5222256,0.1223887950181961,0.9959999918937683,0.7142000198364258
YDL189W,YLR395C,0,-0.52255714,0.12237375229597092,0.9959999918937683,0.7142999768257141
YML075C,YNL103W,0,-0.5229349,0.12235872447490692,0.9959999918937683,0.7143999934196472
YER014W,YFR051C,0,-0.5229914,0.12234368920326233,0.9959999918937683,0.7145000100135803
YJL213W,YER008C,0,-0.5240586,0.12232866883277893,0.9959999918937683,0.7146000266075134
YGL098W,YMR234W,0,-0.5241927,0.12231364101171494,0.9959999918937683,0.7146999835968018
YDR244W,YBR118W,0,-0.52442026,0.12229862809181213,0.9959999918937683,0.7148000001907349
YLL053C,YOR283W,0,-0.5248754,0.12228360772132874,0.9959999918937683,0.714900016784668
YLR275W,YPR026W,0,-0.52498853,0.12226859480142593,0.9959999918937683,0.7149999737739563
YKL040C,YNL029C,0,-0.5250863,0.12225358933210373,0.9959999918937683,0.7150999903678894
YGL254W,YIL073C,0,-0.5252931,0.12223858386278152,0.9959999918937683,0.7152000069618225
YDR294C,YGR155W,0,-0.5256114,0.12222358584403992,0.9959999918937683,0.7153000235557556
YJL174W,YKR085C,0,-0.5257603,0.12220858782529831,0.9959999918937683,0.715399980545044
YNL093W,YDR156W,0,-0.52608836,0.1221935972571373,0.9959999918937683,0.715499997138977
YPL075W,YBR060C,0,-0.52615845,0.12217860668897629,0.9959999918937683,0.7156000137329102
YEL048C,YML004C,0,-0.52674353,0.12216362357139587,0.9959999918937683,0.7156999707221985
YBR125C,YOR383C,0,-0.52684355,0.12214864045381546,0.9959999918937683,0.7157999873161316
YGR163W,YJR105W,0,-0.5270761,0.12213365733623505,0.9959999918937683,0.7159000039100647
YGL131C,YGL055W,0,-0.5270822,0.12211868911981583,0.9959999918937683,0.7160000205039978
YGR211W,YIL042C,0,-0.5273799,0.12210371345281601,0.9959999918937683,0.7160999774932861
YJL171C,YNL145W,0,-0.5277443,0.12208874523639679,0.9959999918937683,0.7161999940872192
YIR011C,YMR260C,0,-0.52887344,0.12207378447055817,0.9959999918937683,0.7163000106811523
YJL094C,YDR225W,0,-0.52898836,0.12205882370471954,0.9959999918937683,0.7164000272750854
YDL154W,YOL130W,0,-0.5292767,0.12204387038946152,0.9959999918937683,0.7164999842643738
YKL093W,YKR008W,0,-0.5296428,0.12202891707420349,0.9959999918937683,0.7166000008583069
YDR530C,YMR167W,0,-0.5300374,0.12201396375894547,0.9959999918937683,0.71670001745224
YNL153C,YJL210W,0,-0.5303035,0.12199901789426804,0.9959999918937683,0.7167999744415283
YBR152W,YOR003W,0,-0.530452,0.1219840794801712,0.9959999918937683,0.7168999910354614
YGR142W,YDR205W,0,-0.5304953,0.12196914106607437,0.9959999918937683,0.7170000076293945
YPR060C,YDR314C,0,-0.53059363,0.12195420265197754,0.9959999918937683,0.7171000242233276
YER060W-A,YJL078C,0,-0.5307447,0.1219392716884613,0.9959999918937683,0.717199981212616
YKL112W,YDR258C,0,-0.53098595,0.12192434817552567,0.9959999918937683,0.7172999978065491
YPL099C,YKL176C,0,-0.5316253,0.12190942466259003,0.9959999918937683,0.7174000144004822
YGR046W,YJL003W,0,-0.531698,0.12189450860023499,0.9959999918937683,0.7174999713897705
YOR162C,YOL124C,0,-0.5320066,0.12187959253787994,0.9959999918937683,0.7175999879837036
YDR129C,YOL011W,0,-0.53223395,0.1218646764755249,0.9959999918937683,0.7177000045776367
YOR261C,YJL117W,0,-0.5326897,0.12184976786375046,0.9959999918937683,0.7178000211715698
YNL326C,YOL135C,0,-0.5328218,0.12183485925197601,0.9959999918937683,0.7178999781608582
YOR351C,YDR202C,0,-0.5333433,0.12181995809078217,0.9959999918937683,0.7179999947547913
YIL066C,YHR077C,0,-0.5340669,0.12180506438016891,0.9959999918937683,0.7181000113487244
YPL115C,YDR337W,0,-0.53420115,0.12179017066955566,0.9959999918937683,0.7182000279426575
YIL118W,YER101C,0,-0.5342516,0.12177527695894241,0.9959999918937683,0.7182999849319458
YGL244W,YOL107W,0,-0.5345272,0.12176039069890976,0.9959999918937683,0.7184000015258789
YDR434W,YDR122W,0,-0.53456557,0.1217455044388771,0.9959999918937683,0.718500018119812
YNL300W,YIL042C,0,-0.53456867,0.12173062562942505,0.9959999918937683,0.7185999751091003
YNL262W,YPL069C,0,-0.5346048,0.12171575427055359,0.9959999918937683,0.7186999917030334
YJR153W,YGR057C,0,-0.534791,0.12170088291168213,0.9959999918937683,0.7188000082969666
YGL259W,YCR046C,0,-0.53506637,0.12168601155281067,0.9959999918937683,0.7189000248908997
YHL006C,YGR252W,0,-0.53513384,0.1216711476445198,0.9959999918937683,0.718999981880188
YMR019W,YHL009C,0,-0.53541625,0.12165628373622894,0.9959999918937683,0.7190999984741211
YDR214W,YPR018W,0,-0.5355903,0.12164142727851868,0.9959999918937683,0.7192000150680542
YKR035W-A,YHR059W,0,-0.5358317,0.12162657082080841,0.9959999918937683,0.7192999720573425
YIR010W,YLR421C,0,-0.5358645,0.12161172181367874,0.9959999918937683,0.7193999886512756
YDR119W,YPL066W,0,-0.53647983,0.12159687280654907,0.9959999918937683,0.7195000052452087
YCR003W,YMR097C,0,-0.5366361,0.12158203125,0.9959999918937683,0.7196000218391418
YJL115W,YDR268W,0,-0.5367389,0.12156718969345093,0.9959999918937683,0.7196999788284302
YDR017C,YJR090C,0,-0.53701365,0.12155235558748245,0.9959999918937683,0.7197999954223633
YGL170C,YJL078C,0,-0.53701556,0.12153752148151398,0.9959999918937683,0.7199000120162964
YDL139C,YPR200C,0,-0.5372937,0.1215226948261261,0.9959999918937683,0.7200000286102295
YBR261C,YLR189C,0,-0.5377557,0.12150786817073822,0.9959999918937683,0.7200999855995178
YML024W,YBR260C,0,-0.5386263,0.12149304896593094,0.9959999918937683,0.7202000021934509
YPL024W,YBL051C,0,-0.5391289,0.12147822976112366,0.9959999918937683,0.720300018787384
YMR202W,YDR127W,0,-0.53922904,0.12146341800689697,0.9959999918937683,0.7203999757766724
YHR134W,YLR289W,0,-0.53969276,0.12144860625267029,0.9959999918937683,0.7204999923706055
YNL078W,YPR094W,0,-0.5398822,0.1214337944984436,0.9959999918937683,0.7206000089645386
YLR017W,YMR162C,0,-0.5404122,0.12141899019479752,0.9959999918937683,0.7207000255584717
YJR152W,YNR059W,0,-0.54044676,0.12140419334173203,0.9959999918937683,0.72079998254776
YBL035C,YBR204C,0,-0.54057634,0.12138939648866653,0.9959999918937683,0.7208999991416931
YML099C,YKR049C,0,-0.5405812,0.12137460708618164,0.9959999918937683,0.7210000157356262
YER013W,YFR025C,0,-0.54096365,0.12135981768369675,0.9959999918937683,0.7210999727249146
YJR052W,YDR530C,0,-0.54117787,0.12134502828121185,0.9959999918937683,0.7211999893188477
YGR105W,YOR362C,0,-0.54123807,0.12133024632930756,0.9959999918937683,0.7213000059127808
YPR133C,YPR008W,0,-0.5412421,0.12131547182798386,0.9959999918937683,0.7214000225067139
YBR112C,YNL056W,0,-0.5422013,0.12130069732666016,0.9959999918937683,0.7214999794960022
YCR097W,YBR049C,0,-0.5422975,0.12128592282533646,0.9959999918937683,0.7215999960899353
YBR183W,YLR410W,0,-0.54250145,0.12127115577459335,0.9959999918937683,0.7217000126838684
YBR061C,YPL280W,0,-0.5425662,0.12125638872385025,0.9959999918937683,0.7218000292778015
YDR229W,YBR119W,0,-0.5429771,0.12124162912368774,0.9959999918937683,0.7218999862670898
YIL162W,YGL133W,0,-0.543146,0.12122687697410583,0.9959999918937683,0.722000002861023
YNL230C,YIL014W,0,-0.54343545,0.12121212482452393,0.9959999918937683,0.722100019454956
YNL287W,YIL066C,0,-0.5441071,0.12119737267494202,0.9959999918937683,0.7221999764442444
YMR002W,YER103W,0,-0.5442064,0.1211826279759407,0.9959999918937683,0.7222999930381775
YEL062W,YGR181W,0,-0.54452646,0.12116788327693939,0.9959999918937683,0.7224000096321106
YIL014W,YGL010W,0,-0.5447686,0.12115314602851868,0.9959999918937683,0.7225000262260437
YDR243C,YNL270C,0,-0.5448724,0.12113840878009796,0.9959999918937683,0.722599983215332
YOR336W,YGR169C,0,-0.5461129,0.12112367898225784,0.9959999918937683,0.7226999998092651
YNL059C,YIL107C,0,-0.5469465,0.12110894918441772,0.9959999918937683,0.7228000164031982
YGL032C,YFR042W,0,-0.54744434,0.1210942268371582,0.9959999918937683,0.7228999733924866
YOR115C,YDR262W,0,-0.5477878,0.12107950448989868,0.9959999918937683,0.7229999899864197
YOL059W,YCR008W,0,-0.5482168,0.12106478959321976,0.9959999918937683,0.7231000065803528
YHR156C,YER023W,0,-0.5482273,0.12105007469654083,0.9959999918937683,0.7232000231742859
YML099C,YAR035W,0,-0.5482578,0.12103535979986191,0.9959999918937683,0.7232999801635742
YJL166W,YIR013C,0,-0.5483713,0.12102065980434418,0.9959999918937683,0.7233999967575073
YGR288W,YNL048W,0,-0.5487342,0.12100595235824585,0.9959999918937683,0.7235000133514404
YOR256C,YGR065C,0,-0.5489384,0.12099125236272812,0.9959999918937683,0.7235999703407288
YNL078W,YMR081C,0,-0.5489757,0.12097655981779099,0.9959999918937683,0.7236999869346619
YOR339C,YOR049C,0,-0.549798,0.12096186727285385,0.9959999918937683,0.723800003528595
YHL021C,YLR429W,0,-0.5499432,0.12094717472791672,0.9959999918937683,0.7239000201225281
YDL154W,YDR454C,0,-0.5505928,0.12093248963356018,0.9959999918937683,0.7239999771118164
YAL060W,YBL071W-A,0,-0.55144525,0.12091781198978424,0.9959999918937683,0.7240999937057495
YPR119W,YJL071W,0,-0.551507,0.1209031343460083,0.9959999918937683,0.7242000102996826
YDR162C,YIL122W,0,-0.5516627,0.12088845670223236,0.9959999918937683,0.7243000268936157
YLR004C,YDR377W,0,-0.55223274,0.12087378650903702,0.9959999918937683,0.724399983882904
YKR056W,YLR377C,0,-0.5522522,0.12085911631584167,0.9959999918937683,0.7245000004768372
YDR100W,YLR390W,0,-0.55256987,0.12084445357322693,0.9959999918937683,0.7246000170707703
YCR011C,YCR087C-A,0,-0.55260015,0.12082979828119278,0.9959999918937683,0.7246999740600586
YDR353W,YLR135W,0,-0.55274546,0.12081513553857803,0.9959999918937683,0.7247999906539917
YKL046C,YKL062W,0,-0.5537729,0.12080048769712448,0.9959999918937683,0.7249000072479248
YNL139C,YKR067W,0,-0.5538552,0.12078583240509033,0.9959999918937683,0.7250000238418579
YFL016C,YGR198W,0,-0.5540143,0.12077119201421738,0.9959999918937683,0.7250999808311462
YDR343C,YKR036C,0,-0.5546752,0.12075654417276382,0.9959999918937683,0.7251999974250793
YNR002C,YGL145W,0,-0.5550766,0.12074191123247147,0.9959999918937683,0.7253000140190125
YLR263W,YIL075C,0,-0.5553677,0.12072727084159851,0.9959999918937683,0.7253999710083008
YJR140C,YOR357C,0,-0.5557318,0.12071263790130615,0.9959999918937683,0.7254999876022339
YGL226C-A,YIL080W,0,-0.555912,0.12069801241159439,0.9959999918937683,0.725600004196167
YOR363C,YOL144W,0,-0.5560672,0.12068338692188263,0.9959999918937683,0.7257000207901001
YPR164W,YOR028C,0,-0.55614173,0.12066876888275146,0.9959999918937683,0.7257999777793884
YGR040W,YOR099W,0,-0.5563034,0.1206541508436203,0.9959999918937683,0.7258999943733215
YKL045W,YML051W,0,-0.5565151,0.12063953280448914,0.9959999918937683,0.7260000109672546
YKR064W,YGL257C,0,-0.557788,0.12062492221593857,0.9959999918937683,0.7261000275611877
YGR082W,YOR368W,0,-0.55836165,0.1206103190779686,0.9959999918937683,0.7261999845504761
YLR345W,YOR283W,0,-0.5584016,0.12059571593999863,0.9959999918937683,0.7263000011444092
YMR230W,YJL137C,0,-0.55841744,0.12058111280202866,0.9959999918937683,0.7264000177383423
YDL022W,YLR060W,0,-0.5588188,0.12056651711463928,0.9959999918937683,0.7264999747276306
YLR376C,YIL135C,0,-0.5594864,0.12055192142724991,0.9959999918937683,0.7265999913215637
YMR077C,YKL125W,0,-0.5597564,0.12053733319044113,0.9959999918937683,0.7267000079154968
YGL001C,YLR360W,0,-0.56031835,0.12052275240421295,0.9959999918937683,0.7268000245094299
YOR144C,YHR164C,0,-0.5603223,0.12050816416740417,0.9959999918937683,0.7268999814987183
YCL024W,YHR030C,0,-0.5605978,0.12049359083175659,0.9959999918937683,0.7269999980926514
YMR040W,YBR118W,0,-0.56063306,0.12047901004552841,0.9959999918937683,0.7271000146865845
YOL001W,YOR271C,0,-0.56076515,0.12046444416046143,0.9959999918937683,0.7271999716758728
YHR066W,YJL172W,0,-0.56160307,0.12044987082481384,0.9959999918937683,0.7272999882698059
YAL014C,YKL054C,0,-0.5617312,0.12043530493974686,0.9959999918937683,0.727400004863739
YAL060W,YIL079C,0,-0.56204116,0.12042074650526047,0.9959999918937683,0.7275000214576721
YNL107W,YOR195W,0,-0.5622362,0.12040618807077408,0.9959999918937683,0.7275999784469604
YBR034C,YNR002C,0,-0.5623152,0.12039163708686829,0.9959999918937683,0.7276999950408936
YKL074C,YER039C,0,-0.5629765,0.1203770861029625,0.9959999918937683,0.7278000116348267
YOR250C,YPL015C,0,-0.5633329,0.1203625351190567,0.9959999918937683,0.7279000282287598
YPR188C,YPL053C,0,-0.56340456,0.1203479915857315,0.9959999918937683,0.7279999852180481
YJR153W,YPL098C,0,-0.56347907,0.12033345550298691,0.9959999918937683,0.7281000018119812
YKL041W,YJL194W,0,-0.5636797,0.12031891942024231,0.9959999918937683,0.7282000184059143
YDR309C,YHL002W,0,-0.5637572,0.12030438333749771,0.9959999918937683,0.7282999753952026
YLR003C,YHR188C,0,-0.56421065,0.12028985470533371,0.9959999918937683,0.7283999919891357
YNL010W,YJR151C,0,-0.5642462,0.12027532607316971,0.9959999918937683,0.7285000085830688
YDL047W,YLR345W,0,-0.5650717,0.1202608048915863,0.9959999918937683,0.728600025177002
YGR005C,YGR057C,0,-0.5656388,0.1202462911605835,0.9959999918937683,0.7286999821662903
YJL020C,YGL068W,0,-0.56609714,0.12023176997900009,0.9959999918937683,0.7287999987602234
YDR371W,YLR382C,0,-0.566967,0.12021726369857788,0.9959999918937683,0.7289000153541565
YOL089C,YGL076C,0,-0.5670872,0.12020274996757507,0.9959999918937683,0.7289999723434448
YBR095C,YJL078C,0,-0.5671114,0.12018824368715286,0.9959999918937683,0.7290999889373779
YJL005W,YBL007C,0,-0.5672958,0.12017374485731125,0.9959999918937683,0.729200005531311
YHR001W,YNL127W,0,-0.56735265,0.12015924602746964,0.9959999918937683,0.7293000221252441
YPR171W,YPL242C,0,-0.5675101,0.12014475464820862,0.9959999918937683,0.7293999791145325
YNL025C,YHR079C-A,0,-0.5676857,0.1201302632689476,0.9959999918937683,0.7294999957084656
YPR164W,YBL025W,0,-0.5677949,0.12011577188968658,0.9959999918937683,0.7296000123023987
YMR114C,YMR032W,0,-0.5678277,0.12010128796100616,0.9959999918937683,0.7297000288963318
YIL080W,YNL315C,0,-0.5678903,0.12008681148290634,0.9959999918937683,0.7297999858856201
YDR023W,YPR075C,0,-0.5678985,0.12007233500480652,0.9959999918937683,0.7299000024795532
YFR021W,YOL108C,0,-0.5687865,0.1200578585267067,0.9959999918937683,0.7300000190734863
YCR005C,YJL042W,0,-0.5687971,0.12004338949918747,0.9959999918937683,0.7300999760627747
YMR277W,YGL184C,0,-0.5691608,0.12002892047166824,0.9959999918937683,0.7301999926567078
YDR148C,YEL062W,0,-0.569312,0.12001445889472961,0.9959999918937683,0.7303000092506409
YLR350W,YOL141W,0,-0.5694705,0.11999999731779099,0.9959999918937683,0.730400025844574
YPL042C,YEL024W,0,-0.56973684,0.11998554319143295,0.9959999918937683,0.7304999828338623
YPL072W,YDL240W,0,-0.57008207,0.11997108906507492,0.9959999918937683,0.7305999994277954
YDR020C,YMR119W,0,-0.5702878,0.11995664238929749,0.9959999918937683,0.7307000160217285
YDR261C,YPR095C,0,-0.5713614,0.11994219571352005,0.9959999918937683,0.7307999730110168
YKL002W,YKL095W,0,-0.571692,0.11992775648832321,0.9959999918937683,0.73089998960495
YNL006W,YHR039C,0,-0.5731242,0.11991331726312637,0.9959999918937683,0.7310000061988831
YDR462W,YOL128C,0,-0.5731361,0.11989887803792953,0.9959999918937683,0.7311000227928162
YIL006W,YPL010W,0,-0.57418823,0.1198844462633133,0.9959999918937683,0.7311999797821045
YIL131C,YDL217C,0,-0.57485914,0.11987002193927765,0.9959999918937683,0.7312999963760376
YPL196W,YLR344W,0,-0.57487655,0.119855597615242,0.9959999918937683,0.7314000129699707
YPL065W,YBR095C,0,-0.5751318,0.11984117329120636,0.9959999918937683,0.7315000295639038
YHL033C,YPR030W,0,-0.5757549,0.11982675641775131,0.9959999918937683,0.7315999865531921
YLR181C,YIL106W,0,-0.575807,0.11981233954429626,0.9959999918937683,0.7317000031471252
YKL201C,YOR026W,0,-0.5760472,0.11979793012142181,0.9959999918937683,0.7318000197410583
YLL029W,YHR004C,0,-0.5761162,0.11978352069854736,0.9959999918937683,0.7318999767303467
YNL118C,YJL154C,0,-0.5761335,0.11976911872625351,0.9959999918937683,0.7319999933242798
YEL030W,YIR034C,0,-0.5764735,0.11975471675395966,0.9959999918937683,0.7321000099182129
YLR423C,YDR226W,0,-0.5768783,0.1197403222322464,0.9959999918937683,0.732200026512146
YFR030W,YER050C,0,-0.5769776,0.11972592771053314,0.9959999918937683,0.7322999835014343
YMR172W,YNL148C,0,-0.57749975,0.11971154063940048,0.9959999918937683,0.7324000000953674
YLR285W,YKL092C,0,-0.577538,0.11969715356826782,0.9959999918937683,0.7325000166893005
YOR192C,YJR090C,0,-0.57783294,0.11968276649713516,0.9959999918937683,0.7325999736785889
YJR017C,YPL248C,0,-0.57783353,0.1196683868765831,0.9959999918937683,0.732699990272522
YMR213W,YPL240C,0,-0.57783544,0.11965401470661163,0.9959999918937683,0.7328000068664551
YDL245C,YMR019W,0,-0.57811224,0.11963964253664017,0.9959999918937683,0.7329000234603882
YML046W,YDR515W,0,-0.5782101,0.1196252703666687,0.9959999918937683,0.7329999804496765
YBR104W,YLR259C,0,-0.57911277,0.11961090564727783,0.9959999918937683,0.7330999970436096
YDR175C,YPR138C,0,-0.5792663,0.11959654092788696,0.9959999918937683,0.7332000136375427
YMR319C,YIR021W,0,-0.58016276,0.11958218365907669,0.9959999918937683,0.733299970626831
YHR187W,YGR161C,0,-0.5802077,0.11956782639026642,0.9959999918937683,0.7333999872207642
YBL101C,YIL123W,0,-0.5802666,0.11955347657203674,0.9959999918937683,0.7335000038146973
YPL181W,YGL017W,0,-0.5803561,0.11953912675380707,0.9959999918937683,0.7336000204086304
YER028C,YIL020C,0,-0.5804286,0.11952478438615799,0.9959999918937683,0.7336999773979187
YMR048W,YBR089C-A,0,-0.5805229,0.11951044201850891,0.9959999918937683,0.7337999939918518
YPR152C,YMR207C,0,-0.5805402,0.11949609965085983,0.9959999918937683,0.7339000105857849
YLR442C,YDR306C,0,-0.58095765,0.11948176473379135,0.9959999918937683,0.734000027179718
YDR522C,YDL220C,0,-0.58104527,0.11946743726730347,0.9959999918937683,0.7340999841690063
YLR299W,YLR432W,0,-0.58125687,0.11945310980081558,0.9959999918937683,0.7342000007629395
YHR205W,YNL005C,0,-0.58129084,0.1194387823343277,0.9959999918937683,0.7343000173568726
YMR001C,YKR029C,0,-0.58204985,0.11942446231842041,0.9959999918937683,0.7343999743461609
YFR046C,YJL099W,0,-0.5830257,0.11941014230251312,0.9959999918937683,0.734499990940094
YML049C,YLR398C,0,-0.58317053,0.11939582973718643,0.9959999918937683,0.7346000075340271
YHR012W,YOL004W,0,-0.5831995,0.11938151717185974,0.9959999918937683,0.7347000241279602
YER124C,YHR142W,0,-0.58340764,0.11936721205711365,0.9959999918937683,0.7347999811172485
YGL180W,YGR046W,0,-0.58349943,0.11935290694236755,0.9959999918937683,0.7348999977111816
YGR013W,YNL239W,0,-0.5836133,0.11933860182762146,0.9959999918937683,0.7350000143051147
YLR284C,YGR185C,0,-0.58393466,0.11932431161403656,0.9959999918937683,0.7350999712944031
YER014W,YDR016C,0,-0.58396447,0.11931001394987106,0.9959999918937683,0.7351999878883362
YBR081C,YDR079C-A,0,-0.5842254,0.11929572373628616,0.9959999918937683,0.7353000044822693
YMR067C,YDL239C,0,-0.5843171,0.11928143352270126,0.9959999918937683,0.7354000210762024
YPL127C,YNL286W,0,-0.5845952,0.11926715075969696,0.9959999918937683,0.7354999780654907
YML130C,YOL135C,0,-0.5847446,0.11925287544727325,0.9959999918937683,0.7355999946594238
YJR153W,YIL048W,0,-0.585714,0.11923860013484955,0.9959999918937683,0.7357000112533569
YCR083W,YDR285W,0,-0.58609676,0.11922432482242584,0.9959999918937683,0.73580002784729
YHR124W,YOR249C,0,-0.5861484,0.11921005696058273,0.9959999918937683,0.7358999848365784
YML046W,YKR052C,0,-0.58682215,0.11919578909873962,0.9959999918937683,0.7360000014305115
YDR051C,YHR004C,0,-0.58728886,0.11918152123689651,0.9959999918937683,0.7361000180244446
YDL084W,YHR188C,0,-0.5873761,0.1191672682762146,0.9959999918937683,0.7361999750137329
YPR155C,YER058W,0,-0.58751833,0.11915300786495209,0.9959999918937683,0.736299991607666
YAR042W,YML132W,0,-0.58774924,0.11913875490427017,0.9959999918937683,0.7364000082015991
YGR048W,YGL144C,0,-0.58777595,0.11912450939416885,0.9959999918937683,0.7365000247955322
YDR020C,YNL055C,0,-0.58838713,0.11911026388406754,0.9959999918937683,0.7365999817848206
YKL124W,YKL180W,0,-0.5886228,0.11909601837396622,0.9959999918937683,0.7366999983787537
YLR011W,YGR252W,0,-0.58889115,0.1190817803144455,0.9959999918937683,0.7368000149726868
YOL144W,YNL271C,0,-0.5889727,0.11906754225492477,0.9959999918937683,0.7368999719619751
YML006C,YGL245W,0,-0.5894575,0.11905331164598465,0.9959999918937683,0.7369999885559082
YBR139W,YDR527W,0,-0.5896281,0.11903908103704453,0.9959999918937683,0.7371000051498413
YKL193C,YNL220W,0,-0.59001446,0.119024857878685,0.9959999918937683,0.7372000217437744
YGR023W,YOR084W,0,-0.5901761,0.11901063472032547,0.9959999918937683,0.7372999787330627
YLR320W,YHL003C,0,-0.59026825,0.11899641901254654,0.9959999918937683,0.7373999953269958
YLR209C,YGR217W,0,-0.5905882,0.11898220330476761,0.9959999918937683,0.737500011920929
YDR328C,YHR114W,0,-0.59140575,0.11896798759698868,0.9959999918937683,0.7376000285148621
YIL061C,YJR151C,0,-0.5914805,0.11895377933979034,0.9959999918937683,0.7376999855041504
YOR101W,YOR292C,0,-0.59165144,0.11893957853317261,0.9959999918937683,0.7378000020980835
YER046W,YDL117W,0,-0.59260154,0.11892537027597427,0.9959999918937683,0.7379000186920166
YOR363C,YOR383C,0,-0.5932872,0.11891117691993713,0.9959999918937683,0.7379999756813049
YGL013C,YDR206W,0,-0.5934999,0.1188969761133194,0.9959999918937683,0.738099992275238
YIL097W,YNR055C,0,-0.59357107,0.11888279020786285,0.9959999918937683,0.7382000088691711
YKR049C,YOL095C,0,-0.5938786,0.11886859685182571,0.9959999918937683,0.7383000254631042
YLR080W,YOL116W,0,-0.5939121,0.11885441839694977,0.9959999918937683,0.7383999824523926
YNL278W,YEL027W,0,-0.59451485,0.11884023249149323,0.9959999918937683,0.7384999990463257
YOR247W,YPL228W,0,-0.59453166,0.11882605403661728,0.9959999918937683,0.7386000156402588
YFR030W,YPR173C,0,-0.59453905,0.11881188303232193,0.9959999918937683,0.7386999726295471
YGL105W,YKL087C,0,-0.5954499,0.11879771202802658,0.9959999918937683,0.7387999892234802
YJR051W,YBR015C,0,-0.5955744,0.11878354102373123,0.9959999918937683,0.7389000058174133
YER118C,YBR293W,0,-0.59607637,0.11876937747001648,0.9959999918937683,0.7390000224113464
YPL008W,YPR182W,0,-0.59651923,0.11875521391630173,0.9959999918937683,0.7390999794006348
YJR147W,YBL085W,0,-0.596537,0.11874105781316757,0.9959999918937683,0.7391999959945679
YJR127C,YCR023C,0,-0.5969949,0.11872690171003342,0.9959999918937683,0.739300012588501
YKL045W,YOL054W,0,-0.59768105,0.11871275305747986,0.9959999918937683,0.7394000291824341
YDL212W,YDL066W,0,-0.59787035,0.1186986044049263,0.9959999918937683,0.7394999861717224
YCL024W,YPL049C,0,-0.5984781,0.11868446320295334,0.9959999918937683,0.7396000027656555
YPL163C,YDL193W,0,-0.59877384,0.11867032200098038,0.9959999918937683,0.7397000193595886
YPR175W,YOL011W,0,-0.599295,0.11865618079900742,0.9959999918937683,0.739799976348877
YLR035C,YOR122C,0,-0.59952414,0.11864204704761505,0.9959999918937683,0.7398999929428101
YLR309C,YBR168W,0,-0.5995563,0.11862792074680328,0.9959999918937683,0.7400000095367432
YHR005C-A,YOL055C,0,-0.6000395,0.11861378699541092,0.9959999918937683,0.7401000261306763
YKR042W,YMR261C,0,-0.60075235,0.11859966814517975,0.9959999918937683,0.7401999831199646
YBR077C,YGL207W,0,-0.60088706,0.11858554929494858,0.9959999918937683,0.7402999997138977
YLR240W,YLR077W,0,-0.60103,0.11857143044471741,0.9959999918937683,0.7404000163078308
YIR019C,YBL052C,0,-0.60129356,0.11855731159448624,0.9959999918937683,0.7404999732971191
YJR093C,YBR258C,0,-0.6013584,0.11854320764541626,0.9959999918937683,0.7405999898910522
YDR517W,YOR153W,0,-0.6014527,0.11852909624576569,0.9959999918937683,0.7407000064849854
YFR034C,YLR390W,0,-0.6014565,0.11851499229669571,0.9959999918937683,0.7408000230789185
YMR078C,YHR135C,0,-0.6021372,0.11850089579820633,0.9959999918937683,0.7408999800682068
YCR042C,YGR199W,0,-0.6022662,0.11848679184913635,0.9959999918937683,0.7409999966621399
YMR284W,YNL078W,0,-0.60277605,0.11847270280122757,0.9959999918937683,0.741100013256073
YOR363C,YGL196W,0,-0.6030452,0.11845861375331879,0.9959999918937683,0.7411999702453613
YPL189W,YNL087W,0,-0.6032182,0.11844452470541,0.9959999918937683,0.7412999868392944
YJL011C,YLR284C,0,-0.6033002,0.11843044310808182,0.9959999918937683,0.7414000034332275
YIL114C,YDR392W,0,-0.60427713,0.11841636151075363,0.9959999918937683,0.7415000200271606
YLR242C,YPR134W,0,-0.6047604,0.11840227991342545,0.9959999918937683,0.741599977016449
YBL089W,YPL156C,0,-0.60498095,0.11838820576667786,0.9959999918937683,0.7416999936103821
YLR404W,YLR095C,0,-0.60503185,0.11837413907051086,0.9959999918937683,0.7418000102043152
YCR106W,YIL041W,0,-0.60508645,0.11836007237434387,0.9959999918937683,0.7419000267982483
YDR407C,YER150W,0,-0.60538733,0.11834600567817688,0.9959999918937683,0.7419999837875366
YPR189W,YDL161W,0,-0.6058881,0.11833194643259048,0.9959999918937683,0.7421000003814697
YKL201C,YOL042W,0,-0.6061175,0.11831788718700409,0.9959999918937683,0.7422000169754028
YMR072W,YNR069C,0,-0.60616875,0.11830383539199829,0.9959999918937683,0.7422999739646912
YGL076C,YGL184C,0,-0.60637176,0.11828978359699249,0.9959999918937683,0.7423999905586243
YDL028C,YFL025C,0,-0.6063744,0.11827573925256729,0.9959999918937683,0.7425000071525574
YKL084W,YCR024C,0,-0.6064825,0.11826169490814209,0.9959999918937683,0.7426000237464905
YPL192C,YGR260W,0,-0.60650444,0.11824765801429749,0.9959999918937683,0.7426999807357788
YMR220W,YDR148C,0,-0.60687625,0.11823362112045288,0.9959999918937683,0.7427999973297119
YMR182C,YOL054W,0,-0.6072514,0.11821958422660828,0.9959999918937683,0.742900013923645
YHL007C,YKL079W,0,-0.60780966,0.11820555478334427,0.9959999918937683,0.7429999709129333
YLR228C,YLR382C,0,-0.6078696,0.11819152534008026,0.9959999918937683,0.7430999875068665
YJL003W,YMR013C,0,-0.6081531,0.11817750334739685,0.9959999918937683,0.7432000041007996
YBR109C,YDL044C,0,-0.6081964,0.11816348135471344,0.9959999918937683,0.7433000206947327
YML064C,YER087C-B,0,-0.608256,0.11814946681261063,0.9959999918937683,0.743399977684021
YLR116W,YOR299W,0,-0.6082976,0.11813545227050781,0.9959999918937683,0.7434999942779541
YNL261W,YGL133W,0,-0.6083138,0.1181214451789856,0.9959999918937683,0.7436000108718872
YFL062W,YAL047C,0,-0.6084064,0.11810743808746338,0.9959999918937683,0.7437000274658203
YPR100W,YLR025W,0,-0.6091422,0.11809343099594116,0.9959999918937683,0.7437999844551086
YLR117C,YGR256W,0,-0.60941386,0.11807943135499954,0.9959999918937683,0.7439000010490417
YIL130W,YFL005W,0,-0.6095588,0.11806543171405792,0.9959999918937683,0.7440000176429749
YGL238W,YCR088W,0,-0.6101918,0.1180514395236969,0.9959999918937683,0.7440999746322632
YLR023C,YNL030W,0,-0.61051106,0.11803744733333588,0.9959999918937683,0.7441999912261963
YNL335W,YDR359C,0,-0.6109004,0.11802346259355545,0.9959999918937683,0.7443000078201294
YGR247W,YMR225C,0,-0.61091995,0.11800947785377502,0.9959999918937683,0.7444000244140625
YDR264C,YOR030W,0,-0.6119927,0.1179955005645752,0.9959999918937683,0.7444999814033508
YLL026W,YPR175W,0,-0.6120051,0.11798152327537537,0.9959999918937683,0.7445999979972839
YLL031C,YHR072W,0,-0.61209226,0.11796754598617554,0.9959999918937683,0.744700014591217
YIL014W,YER166W,0,-0.6121727,0.1179535761475563,0.9959999918937683,0.7447999715805054
YJL066C,YLR376C,0,-0.61227286,0.11793960630893707,0.9959999918937683,0.7448999881744385
YDR276C,YIL030C,0,-0.6127851,0.11792564392089844,0.9959999918937683,0.7450000047683716
YMR182C,YOR158W,0,-0.61289334,0.1179116815328598,0.9959999918937683,0.7451000213623047
YIL128W,YFL055W,0,-0.6131979,0.11789772659540176,0.9959999918937683,0.745199978351593
YGR285C,YCR008W,0,-0.6135807,0.11788377165794373,0.9959999918937683,0.7452999949455261
YBR098W,YOR324C,0,-0.6136563,0.11786982417106628,0.9959999918937683,0.7454000115394592
YNL025C,YEL019C,0,-0.6142186,0.11785587668418884,0.9959999918937683,0.7455000281333923
YDR410C,YER016W,0,-0.61461604,0.1178419291973114,0.9959999918937683,0.7455999851226807
YJL214W,YGR010W,0,-0.61461973,0.11782798916101456,0.9959999918937683,0.7457000017166138
YJL057C,YFR046C,0,-0.6148863,0.11781404912471771,0.9959999918937683,0.7458000183105469
YMR145C,YDR294C,0,-0.61490643,0.11780011653900146,0.9959999918937683,0.7458999752998352
YLR115W,YLR033W,0,-0.61493146,0.11778618395328522,0.9959999918937683,0.7459999918937683
YMR158W,YDR148C,0,-0.6154189,0.11777225881814957,0.9959999918937683,0.7461000084877014
YGR048W,YOR188W,0,-0.6164732,0.11775833368301392,0.9959999918937683,0.7462000250816345
YGL096W,YGL243W,0,-0.61701345,0.11774441599845886,0.9959999918937683,0.7462999820709229
YBR046C,YGL038C,0,-0.61702216,0.11773049831390381,0.9959999918937683,0.746399998664856
YPL013C,YJL149W,0,-0.6174835,0.11771658062934875,0.9959999918937683,0.7465000152587891
YGR057C,YNR037C,0,-0.61749136,0.1177026703953743,0.9959999918937683,0.7465999722480774
YKR095W,YJR057W,0,-0.61810684,0.11768876016139984,0.9959999918937683,0.7466999888420105
YKL189W,YOL060C,0,-0.61818004,0.11767485737800598,0.9959999918937683,0.7468000054359436
YLR377C,YGR224W,0,-0.6184579,0.11766095459461212,0.9959999918937683,0.7469000220298767
YOR241W,YPL015C,0,-0.6186029,0.11764705926179886,0.9959999918937683,0.746999979019165
YBR126C,YNL041C,0,-0.6187669,0.1176331639289856,0.9959999918937683,0.7470999956130981
YNL048W,YOL060C,0,-0.6192659,0.11761927604675293,0.9959999918937683,0.7472000122070312
YPR075C,YHR185C,0,-0.6193613,0.11760538071393967,0.9959999918937683,0.7473000288009644
YBR126C,YMR240C,0,-0.6193855,0.1175915002822876,0.9959999918937683,0.7473999857902527
YLL031C,YMR105C,0,-0.6195221,0.11757761985063553,0.9959999918937683,0.7475000023841858
YDR076W,YGR249W,0,-0.6195471,0.11756373941898346,0.9959999918937683,0.7476000189781189
YHR063C,YGL208W,0,-0.61982787,0.11754986643791199,0.9959999918937683,0.7476999759674072
YPL230W,YNL133C,0,-0.62049365,0.11753599345684052,0.9959999918937683,0.7477999925613403
YDR051C,YPL094C,0,-0.6216358,0.11752212047576904,0.9959999918937683,0.7479000091552734
YGL150C,YNL273W,0,-0.6218951,0.11750825494527817,0.9959999918937683,0.7480000257492065
YDR369C,YKR046C,0,-0.6221261,0.11749439686536789,0.9959999918937683,0.7480999827384949
YJL214W,YBR095C,0,-0.622136,0.11748053878545761,0.9959999918937683,0.748199999332428
YOL009C,YLR071C,0,-0.6221967,0.11746668070554733,0.9959999918937683,0.7483000159263611
YNR074C,YDR075W,0,-0.6223489,0.11745283007621765,0.9959999918937683,0.7483999729156494
YBR227C,YDL245C,0,-0.62296987,0.11743897944688797,0.9959999918937683,0.7484999895095825
YJR113C,YBR095C,0,-0.623075,0.11742513626813889,0.9959999918937683,0.7486000061035156
YJR127C,YDR419W,0,-0.62318563,0.1174112930893898,0.9959999918937683,0.7487000226974487
YJR070C,YGL156W,0,-0.6232476,0.11739745736122131,0.9959999918937683,0.7487999796867371
YKL022C,YOL115W,0,-0.62349916,0.11738362163305283,0.9959999918937683,0.7488999962806702
YJL078C,YNL083W,0,-0.623803,0.11736978590488434,0.9959999918937683,0.7490000128746033
YNL025C,YJL210W,0,-0.62380874,0.11735595762729645,0.9959999918937683,0.7491000294685364
YLR329W,YOR362C,0,-0.62388027,0.11734212934970856,0.9959999918937683,0.7491999864578247
YDR073W,YKL067W,0,-0.6240498,0.11732830852270126,0.9959999918937683,0.7493000030517578
YGL045W,YBR015C,0,-0.62411404,0.11731448769569397,0.9959999918937683,0.7494000196456909
YDL247W,YIL016W,0,-0.62439096,0.11730067431926727,0.9959999918937683,0.7494999766349792
YDL140C,YGL061C,0,-0.6247785,0.11728686094284058,0.9959999918937683,0.7495999932289124
YPL167C,YOR034C,0,-0.6251497,0.11727304756641388,0.9959999918937683,0.7497000098228455
YDR256C,YNR059W,0,-0.6252172,0.11725924164056778,0.9959999918937683,0.7498000264167786
YEL053C,YLR382C,0,-0.6255014,0.11724543571472168,0.9959999918937683,0.7498999834060669
YKL022C,YOR003W,0,-0.62590563,0.11723163723945618,0.9959999918937683,0.75
YAL024C,YPL193W,0,-0.62669206,0.11721783876419067,0.9959999918937683,0.7501000165939331
YDL212W,YGL011C,0,-0.62704504,0.11720404773950577,0.9959999918937683,0.7501999735832214
YDR214W,YOL115W,0,-0.6270493,0.11719025671482086,0.9959999918937683,0.7502999901771545
YNL053W,YBR026C,0,-0.62709355,0.11717647314071655,0.9959999918937683,0.7504000067710876
YMR081C,YOR328W,0,-0.62732315,0.11716268956661224,0.9959999918937683,0.7505000233650208
YDR411C,YHR141C,0,-0.6276207,0.11714890599250793,0.9959999918937683,0.7505999803543091
YBR112C,YGR155W,0,-0.62773514,0.11713512986898422,0.9959999918937683,0.7506999969482422
YOL130W,YGL196W,0,-0.62778187,0.11712135374546051,0.9959999918937683,0.7508000135421753
YNL309W,YDR404C,0,-0.62797046,0.1171075850725174,0.9959999918937683,0.7508999705314636
YPR030W,YLR274W,0,-0.6285598,0.11709381639957428,0.9959999918937683,0.7509999871253967
YJL178C,YPR140W,0,-0.6292149,0.11708005517721176,0.9959999918937683,0.7511000037193298
YHR205W,YCL016C,0,-0.62935495,0.11706629395484924,0.9959999918937683,0.7512000203132629
YOR256C,YJR095W,0,-0.6293886,0.11705253273248672,0.9959999918937683,0.7512999773025513
YOR123C,YIL041W,0,-0.62993205,0.1170387789607048,0.9959999918937683,0.7513999938964844
YOR035C,YPL268W,0,-0.63003016,0.11702502518892288,0.9959999918937683,0.7515000104904175
YNL031C,YDR304C,0,-0.63037515,0.11701127886772156,0.9959999918937683,0.7516000270843506
YBR244W,YBR114W,0,-0.630968,0.11699753254652023,0.9959999918937683,0.7516999840736389
YJL087C,YOR049C,0,-0.63144016,0.1169837936758995,0.9959999918937683,0.751800000667572
YIL087C,YML011C,0,-0.6314565,0.11697005480527878,0.9959999918937683,0.7519000172615051
YAL017W,YLR359W,0,-0.63161194,0.11695631593465805,0.9959999918937683,0.7519999742507935
YOR312C,YPR135W,0,-0.6320635,0.11694258451461792,0.9959999918937683,0.7520999908447266
YCL048W,YPL072W,0,-0.6323252,0.11692885309457779,0.9959999918937683,0.7522000074386597
YIL107C,YPL079W,0,-0.6326723,0.11691512912511826,0.9959999918937683,0.7523000240325928
YKL145W,YLR020C,0,-0.6330056,0.11690140515565872,0.9959999918937683,0.7523999810218811
YLR372W,YDR208W,0,-0.6331649,0.11688768863677979,0.9959999918937683,0.7524999976158142
YOR177C,YLR200W,0,-0.6339021,0.11687397211790085,0.9959999918937683,0.7526000142097473
YNL093W,YKR025W,0,-0.6341059,0.11686026304960251,0.9959999918937683,0.7526999711990356
YHR123W,YLL026W,0,-0.63416004,0.11684655398130417,0.9959999918937683,0.7527999877929688
YOL144W,YOR099W,0,-0.6345483,0.11683284491300583,0.9959999918937683,0.7529000043869019
YDR171W,YEL042W,0,-0.6350616,0.11681914329528809,0.9959999918937683,0.753000020980835
YFL021W,YBL056W,0,-0.635079,0.11680544167757034,0.9959999918937683,0.7530999779701233
YPR058W,YBR018C,0,-0.63510716,0.1167917475104332,0.9959999918937683,0.7531999945640564
YDR522C,YPR152C,0,-0.635728,0.11677805334329605,0.9959999918937683,0.7533000111579895
YGR212W,YHR002W,0,-0.636055,0.1167643591761589,0.9959999918937683,0.7534000277519226
YIL073C,YJR035W,0,-0.63608885,0.11675067245960236,0.9959999918937683,0.7534999847412109
YIR032C,YML036W,0,-0.6362157,0.1167369931936264,0.9959999918937683,0.753600001335144
YPR068C,YOL111C,0,-0.63678646,0.11672330647706985,0.9959999918937683,0.7537000179290771
YPL086C,YPL225W,0,-0.63691056,0.1167096346616745,0.9959999918937683,0.7537999749183655
YDR079W,YDR067C,0,-0.6372225,0.11669595539569855,0.9959999918937683,0.7538999915122986
YGL194C,YGL201C,0,-0.63765025,0.11668228358030319,0.9959999918937683,0.7540000081062317
YCL029C,YMR136W,0,-0.6378795,0.11666861921548843,0.9959999918937683,0.7541000247001648
YNL194C,YML073C,0,-0.6382532,0.11665495485067368,0.9959999918937683,0.7541999816894531
YGR254W,YOL078W,0,-0.6383755,0.11664129048585892,0.9959999918937683,0.7542999982833862
YMR156C,YGR202C,0,-0.6387365,0.11662763357162476,0.9959999918937683,0.7544000148773193
YKR019C,YOR349W,0,-0.6387832,0.1166139766573906,0.9959999918937683,0.7544999718666077
YAL042W,YKR052C,0,-0.6389034,0.11660032719373703,0.9959999918937683,0.7545999884605408
YBL091C,YBR054W,0,-0.63925683,0.11658667773008347,0.9959999918937683,0.7547000050544739
YBR211C,YLR324W,0,-0.63998246,0.1165730357170105,0.9959999918937683,0.754800021648407
YHR012W,YJL149W,0,-0.6400857,0.11655939370393753,0.9959999918937683,0.7548999786376953
YLR026C,YJL194W,0,-0.64017653,0.11654575169086456,0.9959999918937683,0.7549999952316284
YIL046W,YNL298W,0,-0.6403966,0.11653211712837219,0.9959999918937683,0.7551000118255615
YPL130W,YBR068C,0,-0.6407691,0.11651848256587982,0.9959999918937683,0.7552000284194946
YHR045W,YKR003W,0,-0.6413164,0.11650485545396805,0.9959999918937683,0.755299985408783
YPR128C,YLR362W,0,-0.6414089,0.11649122834205627,0.9959999918937683,0.7554000020027161
YPR180W,YPL045W,0,-0.64201343,0.1164776086807251,0.9959999918937683,0.7555000185966492
YMR199W,YPL207W,0,-0.6426474,0.11646398156881332,0.9959999918937683,0.7555999755859375
YLR035C,YER042W,0,-0.64287996,0.11645036935806274,0.9959999918937683,0.7556999921798706
YOL112W,YML066C,0,-0.642954,0.11643675714731216,0.9959999918937683,0.7558000087738037
YJL194W,YHL022C,0,-0.64323235,0.11642314493656158,0.9959999918937683,0.7559000253677368
YMR105C,YML082W,0,-0.64364016,0.1164095401763916,0.9959999918937683,0.7559999823570251
YOR298C-A,YDR410C,0,-0.6440401,0.11639593541622162,0.9959999918937683,0.7560999989509583
YBL014C,YMR009W,0,-0.6445277,0.11638233065605164,0.9959999918937683,0.7562000155448914
YAL056W,YKL054C,0,-0.6447766,0.11636873334646225,0.9959999918937683,0.7562999725341797
YKR035W-A,YBR278W,0,-0.64497566,0.11635514348745346,0.9959999918937683,0.7563999891281128
YKL124W,YLR043C,0,-0.64541185,0.11634154617786407,0.9959999918937683,0.7565000057220459
YDR244W,YHR077C,0,-0.6456678,0.11632796376943588,0.9959999918937683,0.756600022315979
YPR104C,YER146W,1,-0.6458318,0.11643115431070328,0.996999979019165,0.756600022315979
YDR375C,YIL021W,0,-0.64597416,0.11641756445169449,0.996999979019165,0.7566999793052673
YNL192W,YBR118W,0,-0.6463671,0.1164039671421051,0.996999979019165,0.7567999958992004
YFR034C,YEL012W,0,-0.6465609,0.11639037728309631,0.996999979019165,0.7569000124931335
YLR258W,YDR206W,0,-0.6467366,0.11637679487466812,0.996999979019165,0.7570000290870667
YOL040C,YDR317W,0,-0.6472877,0.11636321246623993,0.996999979019165,0.757099986076355
YNL318C,YDR098C,0,-0.64764786,0.11634963005781174,0.996999979019165,0.7572000026702881
YPR121W,YBR008C,0,-0.64766693,0.11633605509996414,0.996999979019165,0.7573000192642212
YEL051W,YHR200W,0,-0.6477251,0.11632248014211655,0.996999979019165,0.7573999762535095
YNL312W,YJL204C,0,-0.64791226,0.11630891263484955,0.996999979019165,0.7574999928474426
YPL138C,YLR119W,0,-0.6482935,0.11629534512758255,0.996999979019165,0.7576000094413757
YDL015C,YGL142C,0,-0.64842296,0.11628178507089615,0.996999979019165,0.7577000260353088
YOL130W,YHR098C,0,-0.6484394,0.11626822501420975,0.996999979019165,0.7577999830245972
YMR008C,YNL283C,0,-0.64900446,0.11625466495752335,0.996999979019165,0.7578999996185303
YDL079C,YNL130C,0,-0.6492822,0.11624111235141754,0.996999979019165,0.7580000162124634
YGL224C,YFR040W,0,-0.6497178,0.11622755974531174,0.996999979019165,0.7580999732017517
YGR163W,YOL095C,0,-0.65034246,0.11621401458978653,0.996999979019165,0.7581999897956848
YGR133W,YLR136C,0,-0.6504203,0.11620046943426132,0.996999979019165,0.7583000063896179
YKR095W,YFL011W,0,-0.6504631,0.11618692427873611,0.996999979019165,0.758400022983551
YFL049W,YOR018W,0,-0.6505233,0.1161733865737915,0.996999979019165,0.7584999799728394
YKL006W,YNL045W,0,-0.65057445,0.1161598488688469,0.996999979019165,0.7585999965667725
YDR405W,YOR264W,0,-0.6505983,0.11614631861448288,0.996999979019165,0.7587000131607056
YML029W,YER176W,0,-0.65090096,0.11613278836011887,0.996999979019165,0.7588000297546387
YPR008W,YNL231C,0,-0.6510713,0.11611926555633545,0.996999979019165,0.758899986743927
YOL141W,YGR249W,0,-0.65138745,0.11610574275255203,0.996999979019165,0.7590000033378601
YOR255W,YLR183C,0,-0.6515745,0.11609221994876862,0.996999979019165,0.7591000199317932
YBR094W,YER060W,0,-0.65190864,0.1160787045955658,0.996999979019165,0.7591999769210815
YDR212W,YLR410W,0,-0.6520971,0.11606518924236298,0.996999979019165,0.7592999935150146
YJL013C,YDR452W,0,-0.6522498,0.11605168133974075,0.996999979019165,0.7594000101089478
YMR176W,YML030W,0,-0.6528076,0.11603817343711853,0.996999979019165,0.7595000267028809
YOR359W,YGR258C,0,-0.6529181,0.1160246729850769,0.996999979019165,0.7595999836921692
YDR392W,YDL128W,0,-0.6529466,0.11601117253303528,0.996999979019165,0.7597000002861023
YDL245C,YIL153W,0,-0.65302527,0.11599767208099365,0.996999979019165,0.7598000168800354
YLR039C,YCR017C,0,-0.6532575,0.11598417907953262,0.996999979019165,0.7598999738693237
YBL101C,YHR152W,0,-0.65341103,0.1159706860780716,0.996999979019165,0.7599999904632568
YLR380W,YEL056W,0,-0.65346336,0.11595720052719116,0.996999979019165,0.7601000070571899
YOR298C-A,YER032W,0,-0.6534964,0.11594371497631073,0.996999979019165,0.760200023651123
YLL045C,YGL037C,0,-0.65371466,0.1159302294254303,0.996999979019165,0.7602999806404114
YDR027C,YNR052C,0,-0.65406954,0.11591675132513046,0.996999979019165,0.7603999972343445
YDR406W,YKR053C,0,-0.65409803,0.11590328067541122,0.996999979019165,0.7605000138282776
YGL129C,YML021C,0,-0.6544024,0.11588980257511139,0.996999979019165,0.7605999708175659
YML110C,YIL148W,0,-0.65446997,0.11587633937597275,0.996999979019165,0.760699987411499
YOR316C,YBR233W-A,0,-0.6553588,0.11586286872625351,0.996999979019165,0.7608000040054321
YDR435C,YJR092W,0,-0.65544593,0.11584940552711487,0.996999979019165,0.7609000205993652
YJR127C,YDR179C,0,-0.6555276,0.11583594977855682,0.996999979019165,0.7609999775886536
YBR162C,YCL043C,0,-0.65566456,0.11582249402999878,0.996999979019165,0.7610999941825867
YJR125C,YLR398C,0,-0.65586174,0.11580903828144073,0.996999979019165,0.7612000107765198
YCL044C,YIL148W,0,-0.65629077,0.11579558998346329,0.996999979019165,0.7613000273704529
YNL192W,YOL055C,0,-0.6563473,0.11578214168548584,0.996999979019165,0.7613999843597412
YML025C,YDL214C,0,-0.65644944,0.11576869338750839,0.996999979019165,0.7615000009536743
YHR012W,YDR041W,0,-0.65673995,0.11575525254011154,0.996999979019165,0.7616000175476074
YIL009W,YDL216C,0,-0.65693355,0.11574181914329529,0.996999979019165,0.7616999745368958
YKL150W,YOR153W,0,-0.65745807,0.11572837829589844,0.996999979019165,0.7617999911308289
YLR155C,YLR393W,0,-0.65755296,0.11571495234966278,0.996999979019165,0.761900007724762
YOR255W,YOL115W,0,-0.65769446,0.11570151895284653,0.996999979019165,0.7620000243186951
YPL183W-A,YPL248C,0,-0.65776646,0.11568809300661087,0.996999979019165,0.7620999813079834
YOL026C,YLR128W,0,-0.65803194,0.11567467451095581,0.996999979019165,0.7621999979019165
YCR023C,YLR382C,0,-0.65863633,0.11566125601530075,0.996999979019165,0.7623000144958496
YHR205W,YML092C,0,-0.65873945,0.11564783751964569,0.996999979019165,0.7623999714851379
YNL156C,YGL131C,0,-0.65895855,0.11563442647457123,0.996999979019165,0.762499988079071
YNR030W,YDR142C,0,-0.65965664,0.11562101542949677,0.996999979019165,0.7626000046730042
YGR261C,YGR252W,0,-0.65969396,0.1156076043844223,0.996999979019165,0.7627000212669373
YPL086C,YKL003C,0,-0.66003823,0.11559420078992844,0.996999979019165,0.7627999782562256
YML025C,YBR260C,0,-0.66013145,0.11558080464601517,0.996999979019165,0.7628999948501587
YCL057W,YBR106W,0,-0.66043067,0.1155674010515213,0.996999979019165,0.7630000114440918
YLR369W,YPR121W,0,-0.6610323,0.11555401235818863,0.996999979019165,0.7631000280380249
YOR232W,YJL172W,0,-0.66206646,0.11554061621427536,0.996999979019165,0.7631999850273132
YGL158W,YNL037C,0,-0.66217446,0.11552722752094269,0.996999979019165,0.7633000016212463
YBR146W,YLL002W,0,-0.6626148,0.11551384627819061,0.996999979019165,0.7634000182151794
YKL203C,YMR075W,0,-0.66357327,0.11550046503543854,0.996999979019165,0.7634999752044678
YOR311C,YGL172W,0,-0.66358435,0.11548708379268646,0.996999979019165,0.7635999917984009
YMR230W,YML132W,0,-0.6638942,0.11547371000051498,0.996999979019165,0.763700008392334
YMR179W,YJL172W,0,-0.66390824,0.1154603362083435,0.996999979019165,0.7638000249862671
YOL006C,YER145C,0,-0.66396105,0.11544696986675262,0.996999979019165,0.7638999819755554
YDL020C,YOL108C,0,-0.66442657,0.11543359607458115,0.996999979019165,0.7639999985694885
YNL328C,YER005W,0,-0.6644945,0.11542023718357086,0.996999979019165,0.7641000151634216
YFL056C,YGR109C,0,-0.6648766,0.11540687829256058,0.996999979019165,0.76419997215271
YDR113C,YDR067C,0,-0.6654475,0.11539351940155029,0.996999979019165,0.7642999887466431
YEL011W,YKL084W,0,-0.66632235,0.1153801679611206,0.996999979019165,0.7644000053405762
YDR397C,YOR245C,0,-0.6670095,0.11536681652069092,0.996999979019165,0.7645000219345093
YGL194C,YOR222W,0,-0.667254,0.11535346508026123,0.996999979019165,0.7645999789237976
YAL030W,YNR013C,0,-0.6677666,0.11534012109041214,0.996999979019165,0.7646999955177307
YKL016C,YBR210W,0,-0.66807175,0.11532677710056305,0.996999979019165,0.7648000121116638
YPR131C,YFR004W,0,-0.66882896,0.11531344056129456,0.996999979019165,0.7649000287055969
YHR152W,YDL243C,0,-0.6688696,0.11530010402202606,0.996999979019165,0.7649999856948853
YOR025W,YLR128W,0,-0.66965806,0.11528677493333817,0.996999979019165,0.7651000022888184
YPR188C,YLR208W,0,-0.6697873,0.11527343839406967,0.996999979019165,0.7652000188827515
YOR317W,YBR154C,0,-0.6699487,0.11526011675596237,0.996999979019165,0.7652999758720398
YFL016C,YOR180C,0,-0.67023623,0.11524679511785507,0.996999979019165,0.7653999924659729
YDL193W,YPL046C,0,-0.6704843,0.11523347347974777,0.996999979019165,0.765500009059906
YOL062C,YDR490C,0,-0.6705688,0.11522015184164047,0.996999979019165,0.7656000256538391
YLL029W,YBR218C,0,-0.6706511,0.11520683765411377,0.996999979019165,0.7656999826431274
YIL132C,YOR060C,0,-0.6707444,0.11519353091716766,0.996999979019165,0.7657999992370605
YEL047C,YFL010W-A,0,-0.6710557,0.11518022418022156,0.996999979019165,0.7659000158309937
YMR275C,YER166W,0,-0.671149,0.11516691744327545,0.996999979019165,0.765999972820282
YGR033C,YML102W,0,-0.67137575,0.11515361815690994,0.996999979019165,0.7660999894142151
YKL039W,YOR283W,0,-0.6717925,0.11514031887054443,0.996999979019165,0.7662000060081482
YFR010W,YIR026C,0,-0.67209196,0.11512701958417892,0.996999979019165,0.7663000226020813
YNL254C,YDL243C,0,-0.67271686,0.11511372774839401,0.996999979019165,0.7663999795913696
YJL210W,YGL049C,0,-0.6735314,0.1151004359126091,0.996999979019165,0.7664999961853027
YEL036C,YBR278W,0,-0.6735678,0.11508715152740479,0.996999979019165,0.7666000127792358
YIL105C,YGL077C,0,-0.6740701,0.11507386714220047,0.996999979019165,0.766700029373169
YNL134C,YGR098C,0,-0.67464375,0.11506059020757675,0.996999979019165,0.7667999863624573
YKR054C,YJL051W,0,-0.6748626,0.11504731327295303,0.996999979019165,0.7669000029563904
YNL297C,YNL225C,0,-0.67501616,0.11503403633832932,0.996999979019165,0.7670000195503235
YGL241W,YLR247C,0,-0.67540455,0.1150207668542862,0.996999979019165,0.7670999765396118
YDL028C,YOR074C,0,-0.67562175,0.11500749737024307,0.996999979019165,0.7671999931335449
YOR162C,YGL005C,0,-0.6758113,0.11499423533678055,0.996999979019165,0.767300009727478
YIL167W,YNL079C,0,-0.67649484,0.11498097330331802,0.996999979019165,0.7674000263214111
YOR274W,YKL197C,0,-0.67662144,0.1149677112698555,0.996999979019165,0.7674999833106995
YER162C,YOR054C,0,-0.6772022,0.11495445668697357,0.996999979019165,0.7675999999046326
YCL014W,YLR020C,0,-0.67772806,0.11494120210409164,0.996999979019165,0.7677000164985657
YLR223C,YPL099C,0,-0.67803717,0.11492795497179031,0.996999979019165,0.767799973487854
YIL017C,YDL045W-A,0,-0.67823815,0.11491470783948898,0.996999979019165,0.7678999900817871
YPR003C,YGR172C,0,-0.67830014,0.11490146070718765,0.996999979019165,0.7680000066757202
YHR073W,YLR215C,0,-0.67855227,0.11488822102546692,0.996999979019165,0.7681000232696533
YLL039C,YPL273W,0,-0.6786369,0.11487498879432678,0.996999979019165,0.7681999802589417
YOL155C,YHR090C,0,-0.67873967,0.11486174911260605,0.996999979019165,0.7682999968528748
YER183C,YML092C,0,-0.6788248,0.11484851688146591,0.996999979019165,0.7684000134468079
YJL171C,YMR207C,0,-0.678854,0.11483529210090637,0.996999979019165,0.7684999704360962
YOR363C,YGR170W,0,-0.6790117,0.11482206732034683,0.996999979019165,0.7685999870300293
YGL025C,YNL252C,0,-0.6792712,0.11480884253978729,0.996999979019165,0.7687000036239624
YKL167C,YOR003W,0,-0.6792942,0.11479562520980835,0.996999979019165,0.7688000202178955
YDR301W,YOL052C-A,0,-0.67932034,0.1147824078798294,0.996999979019165,0.7688999772071838
YIL020C,YDL216C,0,-0.6793928,0.11476919800043106,0.996999979019165,0.7689999938011169
YDL240W,YIL050W,0,-0.67979753,0.11475598812103271,0.996999979019165,0.76910001039505
YLR095C,YKL065C,0,-0.68013954,0.11474277824163437,0.996999979019165,0.7692000269889832
YAL024C,YHR132C,0,-0.6802485,0.11472957581281662,0.996999979019165,0.7692999839782715
YJL166W,YOR312C,0,-0.680261,0.11471637338399887,0.996999979019165,0.7694000005722046
YDR175C,YOL121C,0,-0.68047786,0.11470317840576172,0.996999979019165,0.7695000171661377
YFR010W,YDR142C,0,-0.6805444,0.11468998342752457,0.996999979019165,0.769599974155426
YJR051W,YCL067C,0,-0.6805923,0.11467678844928741,0.996999979019165,0.7696999907493591
YHR202W,YDR113C,0,-0.68069255,0.11466360092163086,0.996999979019165,0.7698000073432922
YJL091C,YMR173W,0,-0.6807693,0.1146504133939743,0.996999979019165,0.7699000239372253
YER052C,YKL026C,0,-0.68080163,0.11463723331689835,0.996999979019165,0.7699999809265137
YNR019W,YMR183C,0,-0.680853,0.11462405323982239,0.996999979019165,0.7700999975204468
YNL192W,YJL145W,0,-0.6810533,0.11461087316274643,0.996999979019165,0.7702000141143799
YKL213C,YBR182C,0,-0.6813036,0.11459770053625107,0.996999979019165,0.7702999711036682
YFL025C,YNL336W,0,-0.681411,0.1145845279097557,0.996999979019165,0.7703999876976013
YMR321C,YNL194C,0,-0.6815951,0.11457136273384094,0.996999979019165,0.7705000042915344
YCR034W,YBR272C,0,-0.68261266,0.11455819755792618,0.996999979019165,0.7706000208854675
YMR156C,YIL020C,0,-0.6826694,0.11454503983259201,0.996999979019165,0.7706999778747559
YNL063W,YBR114W,0,-0.68269634,0.11453187465667725,0.996999979019165,0.770799994468689
YML061C,YLR417W,0,-0.6828153,0.11451872438192368,0.996999979019165,0.7709000110626221
YGL163C,YOL113W,0,-0.6829808,0.11450556665658951,0.996999979019165,0.7710000276565552
YEL070W,YPL050C,0,-0.6830003,0.11449242383241653,0.996999979019165,0.7710999846458435
YLR451W,YKL013C,0,-0.68437266,0.11447927355766296,0.996999979019165,0.7712000012397766
YOR227W,YNL068C,0,-0.6848985,0.11446613073348999,0.996999979019165,0.7713000178337097
YLL051C,YMR313C,0,-0.6851462,0.11445298790931702,0.996999979019165,0.771399974822998
YCL008C,YBR118W,0,-0.685212,0.11443985253572464,0.996999979019165,0.7714999914169312
YPL183W-A,YOR253W,0,-0.6854428,0.11442671716213226,0.996999979019165,0.7716000080108643
YNL051W,YDR148C,0,-0.68649054,0.11441358923912048,0.996999979019165,0.7717000246047974
YDR256C,YHR146W,0,-0.6866858,0.1144004613161087,0.996999979019165,0.7717999815940857
YOL009C,YPL083C,0,-0.68668604,0.11438733339309692,0.996999979019165,0.7718999981880188
YBR150C,YMR162C,0,-0.68757033,0.11437421292066574,0.996999979019165,0.7720000147819519
YLR044C,YPR196W,0,-0.68758225,0.11436109244823456,0.996999979019165,0.7720999717712402
YPR152C,YIL122W,0,-0.68780136,0.11434797197580338,0.996999979019165,0.7721999883651733
YOR209C,YAL030W,0,-0.6882973,0.11433485895395279,0.996999979019165,0.7723000049591064
YJR125C,YER023W,0,-0.6883955,0.1143217533826828,0.996999979019165,0.7724000215530396
YER101C,YOR098C,0,-0.6885555,0.11430864781141281,0.996999979019165,0.7724999785423279
YLR054C,YGL107C,0,-0.68903553,0.11429554224014282,0.996999979019165,0.772599995136261
YIL075C,YPL002C,0,-0.68914056,0.11428243666887283,0.996999979019165,0.7727000117301941
YLR332W,YJL137C,0,-0.6891525,0.11426933854818344,0.996999979019165,0.7728000283241272
YDL097C,YIR011C,0,-0.68947315,0.11425624787807465,0.996999979019165,0.7728999853134155
YGR166W,YOR377W,0,-0.69000494,0.11424314975738525,0.996999979019165,0.7730000019073486
YER175C,YBL097W,0,-0.69017434,0.11423006653785706,0.996999979019165,0.7731000185012817
YNL197C,YNL183C,0,-0.690891,0.11421697586774826,0.996999979019165,0.7731999754905701
YEL052W,YDR082W,0,-0.6911551,0.11420389264822006,0.996999979019165,0.7732999920845032
YIL085C,YER081W,0,-0.6920041,0.11419081687927246,0.996999979019165,0.7734000086784363
YCR091W,YOL124C,0,-0.692191,0.11417773365974426,0.996999979019165,0.7735000252723694
YOL132W,YCL004W,0,-0.69241166,0.11416466534137726,0.996999979019165,0.7735999822616577
YDR108W,YER005W,0,-0.69271684,0.11415158957242966,0.996999979019165,0.7736999988555908
YPL078C,YFL008W,0,-0.6928499,0.11413852125406265,0.996999979019165,0.7738000154495239
YDR260C,YDL220C,0,-0.6937115,0.11412546038627625,0.996999979019165,0.7738999724388123
YLR361C,YJL187C,0,-0.6939635,0.11411239206790924,0.996999979019165,0.7739999890327454
YJL042W,YMR038C,0,-0.6942961,0.11409933865070343,0.996999979019165,0.7741000056266785
YBR222C,YHR175W,0,-0.694299,0.11408627778291702,0.996999979019165,0.7742000222206116
YER049W,YJL196C,0,-0.69479537,0.11407322436571121,0.996999979019165,0.7742999792098999
YDR240C,YDR488C,0,-0.69562066,0.114060178399086,0.996999979019165,0.774399995803833
YPL049C,YPL079W,0,-0.6960708,0.11404713243246078,0.996999979019165,0.7745000123977661
YGL113W,YIL010W,0,-0.6966877,0.11403408646583557,0.996999979019165,0.7746000289916992
YAR002C-A,YFL018C,0,-0.69776845,0.11402104049921036,0.996999979019165,0.7746999859809875
YOR253W,YHR057C,0,-0.6982608,0.11400800198316574,0.996999979019165,0.7748000025749207
YOR363C,YNL148C,0,-0.6984774,0.11399497091770172,0.996999979019165,0.7749000191688538
YBR065C,YOL070C,0,-0.69864523,0.1139819398522377,0.996999979019165,0.7749999761581421
YKL196C,YDL232W,0,-0.6988642,0.11396890878677368,0.996999979019165,0.7750999927520752
YMR153W,YNL214W,0,-0.69892216,0.11395587772130966,0.996999979019165,0.7752000093460083
YGR174C,YLL036C,0,-0.6994953,0.11394285410642624,0.996999979019165,0.7753000259399414
YLR191W,YPL176C,0,-0.69960284,0.11392983794212341,0.996999979019165,0.7753999829292297
YNR021W,YMR110C,0,-0.7004682,0.11391682177782059,0.996999979019165,0.7754999995231628
YBR093C,YGL226W,0,-0.7017677,0.11390380561351776,0.996999979019165,0.775600016117096
YGR133W,YBR006W,0,-0.702013,0.11389078944921494,0.996999979019165,0.7756999731063843
YKR042W,YNL274C,0,-0.7023685,0.1138777807354927,0.996999979019165,0.7757999897003174
YOR316C,YDR287W,0,-0.70257294,0.11386477947235107,0.996999979019165,0.7759000062942505
YKR007W,YLR092W,0,-0.7026373,0.11385177820920944,0.996999979019165,0.7760000228881836
YKR068C,YHR158C,0,-0.7027203,0.11383877694606781,0.996999979019165,0.7760999798774719
YEL056W,YBR120C,0,-0.7030773,0.11382577568292618,0.996999979019165,0.776199996471405
YLL034C,YGR244C,0,-0.7036096,0.11381278187036514,0.996999979019165,0.7763000130653381
YIL130W,YLL015W,0,-0.703786,0.1137997955083847,0.996999979019165,0.7764000296592712
YIL049W,YHL009C,0,-0.7040392,0.11378680914640427,0.996999979019165,0.7764999866485596
YPL145C,YPL104W,0,-0.7042465,0.11377382278442383,0.996999979019165,0.7766000032424927
YHL001W,YML013W,0,-0.7044991,0.11376083642244339,0.996999979019165,0.7767000198364258
YLR315W,YHR047C,0,-0.7046077,0.11374785751104355,0.996999979019165,0.7767999768257141
YPR173C,YBR145W,0,-0.70469046,0.1137348860502243,0.996999979019165,0.7768999934196472
YLR240W,YNL245C,0,-0.7048882,0.11372191458940506,0.996999979019165,0.7770000100135803
YJR137C,YMR263W,0,-0.7050799,0.11370894312858582,0.996999979019165,0.7771000266075134
YBR203W,YJL104W,0,-0.7051008,0.11369597166776657,0.996999979019165,0.7771999835968018
YFL056C,YMR220W,0,-0.7052164,0.11368300765752792,0.996999979019165,0.7773000001907349
YPR175W,YDR168W,0,-0.7053244,0.11367005109786987,0.996999979019165,0.777400016784668
YPL175W,YFR040W,0,-0.7057855,0.11365708708763123,0.996999979019165,0.7774999737739563
YER093C,YKR025W,0,-0.70652175,0.11364413797855377,0.996999979019165,0.7775999903678894
YBR236C,YFL024C,0,-0.70679,0.11363118141889572,0.996999979019165,0.7777000069618225
YMR167W,YOL146W,0,-0.70688045,0.11361823230981827,0.996999979019165,0.7778000235557556
YOL052C-A,YNL315C,0,-0.7069571,0.11360529065132141,0.996999979019165,0.777899980545044
YLR309C,YOR132W,0,-0.707376,0.11359234154224396,0.996999979019165,0.777999997138977
YFL016C,YGL027C,0,-0.7073786,0.1135793998837471,0.996999979019165,0.7781000137329102
YDR292C,YBR056W,0,-0.70787084,0.11356646567583084,0.996999979019165,0.7781999707221985
YKR101W,YER005W,0,-0.7081995,0.11355353146791458,0.996999979019165,0.7782999873161316
YPR024W,YGR296W,0,-0.7084539,0.11354059725999832,0.996999979019165,0.7784000039100647
YPL132W,YER065C,0,-0.70872295,0.11352767050266266,0.996999979019165,0.7785000205039978
YLL061W,YHR090C,0,-0.70875955,0.113514743745327,0.996999979019165,0.7785999774932861
YGR198W,YOR173W,0,-0.70921135,0.11350182443857193,0.996999979019165,0.7786999940872192
YMR117C,YKR067W,0,-0.7098079,0.11348890513181686,0.996999979019165,0.7788000106811523
YNL250W,YKL129C,0,-0.70985985,0.1134759858250618,0.996999979019165,0.7789000272750854
YDR246W,YHR047C,0,-0.71018326,0.11346307396888733,0.996999979019165,0.7789999842643738
YDL243C,YLR069C,0,-0.71018684,0.11345016211271286,0.996999979019165,0.7791000008583069
YDR346C,YJL130C,0,-0.7102803,0.11343725025653839,0.996999979019165,0.77920001745224
YBR223C,YHR072W,0,-0.7105454,0.11342434585094452,0.996999979019165,0.7792999744415283
YML078W,YJR053W,0,-0.710647,0.11341144144535065,0.996999979019165,0.7793999910354614
YJR057W,YCR088W,0,-0.7109475,0.11339854449033737,0.996999979019165,0.7795000076293945
YGL067W,YDR530C,0,-0.7109728,0.1133856475353241,0.996999979019165,0.7796000242233276
YLL057C,YML078W,0,-0.71099114,0.11337275058031082,0.996999979019165,0.779699981212616
YOR141C,YNL239W,0,-0.7114246,0.11335986107587814,0.996999979019165,0.7797999978065491
YDR028C,YDL142C,0,-0.7115325,0.11334697902202606,0.996999979019165,0.7799000144004822
YLR005W,YBR196C,0,-0.71181905,0.11333408951759338,0.996999979019165,0.7799999713897705
YAL015C,YPL180W,0,-0.71198535,0.1133212074637413,0.996999979019165,0.7800999879837036
YIL014W,YJL196C,0,-0.7123393,0.11330833286046982,0.996999979019165,0.7802000045776367
YMR304W,YNL048W,0,-0.7126324,0.11329545825719833,0.996999979019165,0.7803000211715698
YBL084C,YDL087C,0,-0.7126874,0.11328258365392685,0.996999979019165,0.7803999781608582
YOR100C,YER032W,0,-0.712847,0.11326970905065536,0.996999979019165,0.7804999947547913
YDR145W,YIL134W,0,-0.71319485,0.11325684189796448,0.996999979019165,0.7806000113487244
YMR161W,YDR506C,0,-0.7132474,0.11324398219585419,0.996999979019165,0.7807000279426575
YNL099C,YDR200C,0,-0.71348286,0.1132311150431633,0.996999979019165,0.7807999849319458
YOR192C,YLR388W,0,-0.71395254,0.1132182627916336,0.996999979019165,0.7809000015258789
YBR279W,YLR382C,0,-0.71408725,0.11320540308952332,0.996999979019165,0.781000018119812
YGR215W,YGR221C,0,-0.71439195,0.11319255083799362,0.996999979019165,0.7810999751091003
YLR144C,YDL046W,0,-0.71466947,0.11317970603704453,0.996999979019165,0.7811999917030334
YBR023C,YJL103C,0,-0.7151308,0.11316685378551483,0.996999979019165,0.7813000082969666
YDL084W,YPR075C,0,-0.7157508,0.11315400898456573,0.996999979019165,0.7814000248908997
YDL024C,YOR159C,0,-0.7161981,0.11314117163419724,0.996999979019165,0.781499981880188
YGR183C,YKL190W,0,-0.71649396,0.11312833428382874,0.996999979019165,0.7815999984741211
YNL148C,YGL153W,0,-0.71690035,0.11311549693346024,0.996999979019165,0.7817000150680542
YMR060C,YJL197W,0,-0.7172133,0.11310266703367233,0.996999979019165,0.7817999720573425
YJL059W,YDR477W,0,-0.7172451,0.11308983713388443,0.996999979019165,0.7818999886512756
YMR275C,YOR330C,0,-0.718117,0.11307700723409653,0.996999979019165,0.7820000052452087
YJR095W,YKL012W,0,-0.7182933,0.11306418478488922,0.996999979019165,0.7821000218391418
YNL270C,YPL007C,0,-0.7184553,0.11305136978626251,0.996999979019165,0.7821999788284302
YHR002W,YOL058W,0,-0.71849656,0.1130385473370552,0.996999979019165,0.7822999954223633
YOL158C,YBR279W,0,-0.7185544,0.1130257323384285,0.996999979019165,0.7824000120162964
YMR159C,YOL104C,0,-0.71869135,0.11301292479038239,0.996999979019165,0.7825000286102295
YGL096W,YJR117W,0,-0.718704,0.11300010979175568,0.996999979019165,0.7825999855995178
YCR026C,YBR127C,0,-0.71871924,0.11298730969429016,0.996999979019165,0.7827000021934509
YCR107W,YDR137W,0,-0.7189188,0.11297450214624405,0.996999979019165,0.782800018787384
YDL046W,YJL187C,0,-0.7190571,0.11296170204877853,0.996999979019165,0.7828999757766724
YDR264C,YEL019C,0,-0.71949196,0.11294890940189362,0.996999979019165,0.7829999923706055
YEL036C,YLR189C,0,-0.7200562,0.1129361093044281,0.996999979019165,0.7831000089645386
YGL002W,YCL057W,0,-0.72043514,0.11292332410812378,0.996999979019165,0.7832000255584717
YKL190W,YNL284C,0,-0.7206671,0.11291053146123886,0.996999979019165,0.78329998254776
YEL024W,YPL190C,0,-0.72069967,0.11289774626493454,0.996999979019165,0.7833999991416931
YCL052C,YBR085W,0,-0.7208328,0.11288496106863022,0.996999979019165,0.7835000157356262
YBL007C,YML025C,0,-0.72122943,0.1128721833229065,0.996999979019165,0.7835999727249146
YHR174W,YNL273W,0,-0.7213142,0.11285940557718277,0.996999979019165,0.7836999893188477
YMR065W,YOR245C,0,-0.72161233,0.11284663528203964,0.996999979019165,0.7838000059127808
YER129W,YJR102C,0,-0.7223835,0.11283386498689651,0.996999979019165,0.7839000225067139
YNL202W,YOL136C,0,-0.72243285,0.11282109469175339,0.996999979019165,0.7839999794960022
YLR017W,YGR278W,0,-0.7230284,0.11280832439661026,0.996999979019165,0.7840999960899353
YDR150W,YGR183C,0,-0.72311425,0.11279556155204773,0.996999979019165,0.7842000126838684
YPL259C,YPL252C,0,-0.7233262,0.1127828061580658,0.996999979019165,0.7843000292778015
YBR155W,YDR338C,0,-0.7234384,0.11277005076408386,0.996999979019165,0.7843999862670898
YOR204W,YDR221W,0,-0.7238779,0.11275729537010193,0.996999979019165,0.784500002861023
YBR281C,YML062C,0,-0.72399616,0.11274454742670059,0.996999979019165,0.784600019454956
YKL058W,YNL230C,0,-0.72426426,0.11273179203271866,0.996999979019165,0.7846999764442444
YDR480W,YJR096W,0,-0.7243748,0.11271905153989792,0.996999979019165,0.7847999930381775
YBR281C,YMR077C,0,-0.7247808,0.11270631104707718,0.996999979019165,0.7849000096321106
YOR229W,YIL087C,0,-0.7252414,0.11269357055425644,0.996999979019165,0.7850000262260437
YGL212W,YBL009W,0,-0.725317,0.1126808300614357,0.996999979019165,0.785099983215332
YNL202W,YPR052C,0,-0.72550046,0.11266809701919556,0.996999979019165,0.7851999998092651
YGR109C,YBR046C,0,-0.72635376,0.11265536397695541,0.996999979019165,0.7853000164031982
YNL279W,YKL093W,0,-0.72638667,0.11264263838529587,0.996999979019165,0.7853999733924866
YPR121W,YHR090C,0,-0.72667265,0.11262991279363632,0.996999979019165,0.7854999899864197
YHR091C,YCR079W,0,-0.726918,0.11261719465255737,0.996999979019165,0.7856000065803528
YLR368W,YML098W,0,-0.72695684,0.11260446906089783,0.996999979019165,0.7857000231742859
YPL117C,YHR183W,0,-0.7269987,0.11259175837039948,0.996999979019165,0.7857999801635742
YGL014W,YBR201W,0,-0.72744775,0.11257904022932053,0.996999979019165,0.7858999967575073
YKL012W,YJL099W,0,-0.727677,0.11256632953882217,0.996999979019165,0.7860000133514404
YBR003W,YMR309C,0,-0.7279241,0.11255362629890442,0.996999979019165,0.7860999703407288
YJR125C,YFR019W,0,-0.7291572,0.11254091560840607,0.996999979019165,0.7861999869346619
YER060W-A,YJL042W,0,-0.7301339,0.11252821981906891,0.996999979019165,0.786300003528595
YLR299W,YLR389C,0,-0.7302784,0.11251551657915115,0.996999979019165,0.7864000201225281
YBR098W,YPL004C,0,-0.7307017,0.112502820789814,0.996999979019165,0.7864999771118164
YOR323C,YFR053C,0,-0.731053,0.11249012500047684,0.996999979019165,0.7865999937057495
YBR004C,YGR231C,0,-0.7312393,0.11247743666172028,0.996999979019165,0.7867000102996826
YNR060W,YNL300W,0,-0.73153377,0.11246474832296371,0.996999979019165,0.7868000268936157
YDR480W,YNL045W,0,-0.7324381,0.11245206743478775,0.996999979019165,0.786899983882904
YHR043C,YHR079C,0,-0.73293936,0.11243937909603119,0.996999979019165,0.7870000004768372
YEL004W,YJR055W,0,-0.7331561,0.11242670565843582,0.996999979019165,0.7871000170707703
YIL018W,YDR148C,0,-0.7333423,0.11241402477025986,0.996999979019165,0.7871999740600586
YGR036C,YOL052C-A,0,-0.73353124,0.11240135133266449,0.996999979019165,0.7872999906539917
YJL137C,YKL025C,0,-0.73363614,0.11238868534564972,0.996999979019165,0.7874000072479248
YHR091C,YIL107C,0,-0.7341647,0.11237601190805435,0.996999979019165,0.7875000238418579
YNL118C,YER168C,0,-0.73451054,0.11236334592103958,0.996999979019165,0.7875999808311462
YDR530C,YER081W,0,-0.735152,0.11235068738460541,0.996999979019165,0.7876999974250793
YOL101C,YHR178W,0,-0.73555505,0.11233802884817123,0.996999979019165,0.7878000140190125
YPR191W,YHR128W,0,-0.73625267,0.11232537031173706,0.996999979019165,0.7878999710083008
YHR109W,YNL231C,0,-0.7363008,0.11231271922588348,0.996999979019165,0.7879999876022339
YKR100C,YNL231C,0,-0.737447,0.11230006814002991,0.996999979019165,0.788100004196167
YKL074C,YLR035C,0,-0.73753643,0.11228741705417633,0.996999979019165,0.7882000207901001
YOR129C,YBR131W,0,-0.7378868,0.11227477341890335,0.996999979019165,0.7882999777793884
YJR034W,YML069W,0,-0.73817503,0.11226212978363037,0.996999979019165,0.7883999943733215
YGL116W,YJL137C,0,-0.7381996,0.11224949359893799,0.996999979019165,0.7885000109672546
YKL065C,YJL184W,0,-0.73849154,0.1122368574142456,0.996999979019165,0.7886000275611877
YIL044C,YMR029C,0,-0.7385225,0.11222422122955322,0.996999979019165,0.7886999845504761
YJL026W,YNL223W,0,-0.7396369,0.11221159249544144,0.996999979019165,0.7888000011444092
YNL106C,YPL072W,0,-0.73970556,0.11219896376132965,0.996999979019165,0.7889000177383423
YJR034W,YBL085W,0,-0.7398704,0.11218634247779846,0.996999979019165,0.7889999747276306
YER171W,YNL321W,0,-0.74013376,0.11217371374368668,0.996999979019165,0.7890999913215637
YMR030W,YNL176C,0,-0.7404703,0.11216109991073608,0.996999979019165,0.7892000079154968
YPL055C,YFR027W,0,-0.74052,0.1121484786272049,0.996999979019165,0.7893000245094299
YBR014C,YFR014C,0,-0.7407819,0.1121358647942543,0.996999979019165,0.7893999814987183
YJL045W,YHR191C,0,-0.74123275,0.11212325841188431,0.996999979019165,0.7894999980926514
YNL139C,YKL062W,0,-0.7416012,0.11211065202951431,0.996999979019165,0.7896000146865845
YNL072W,YEL039C,0,-0.7417128,0.11209804564714432,0.996999979019165,0.7896999716758728
YLL034C,YMR262W,0,-0.7417939,0.11208543926477432,0.996999979019165,0.7897999882698059
YLR163C,YHR077C,0,-0.74182534,0.11207284033298492,0.996999979019165,0.789900004863739
YDL003W,YPL020C,0,-0.74233365,0.11206024140119553,0.996999979019165,0.7900000214576721
YNL194C,YOR236W,0,-0.74261427,0.11204764991998672,0.996999979019165,0.7900999784469604
YOR187W,YPR182W,0,-0.7436689,0.11203505843877792,0.996999979019165,0.7901999950408936
YJR084W,YJR092W,0,-0.7436769,0.11202247440814972,0.996999979019165,0.7903000116348267
YMR304W,YGR055W,0,-0.74391925,0.11200988292694092,0.996999979019165,0.7904000282287598
YLR394W,YJL194W,0,-0.7441745,0.11199730634689331,0.996999979019165,0.7904999852180481
YNL139C,YJR151C,0,-0.7446418,0.1119847223162651,0.996999979019165,0.7906000018119812
YNL262W,YIL087C,0,-0.74469423,0.1119721457362175,0.996999979019165,0.7907000184059143
YKL148C,YIL168W,0,-0.7446976,0.11195957660675049,0.996999979019165,0.7907999753952026
YKL103C,YEL040W,0,-0.7448753,0.11194700002670288,0.996999979019165,0.7908999919891357
YMR117C,YKR102W,0,-0.7448777,0.11193443089723587,0.996999979019165,0.7910000085830688
YMR168C,YLR313C,0,-0.7451283,0.11192186921834946,0.996999979019165,0.791100025177002
YKL052C,YBR045C,0,-0.7464776,0.11190930753946304,0.996999979019165,0.7911999821662903
YER021W,YLR213C,0,-0.74651086,0.11189674586057663,0.996999979019165,0.7912999987602234
YEL024W,YPR018W,0,-0.7473352,0.11188419163227081,0.996999979019165,0.7914000153541565
YKL217W,YBL105C,0,-0.7477579,0.111871637403965,0.996999979019165,0.7914999723434448
YOR133W,YLR113W,0,-0.74863863,0.11185908317565918,0.996999979019165,0.7915999889373779
YNR056C,YLL036C,0,-0.7487149,0.11184653639793396,0.996999979019165,0.791700005531311
YLR033W,YGL208W,0,-0.74873376,0.11183398962020874,0.996999979019165,0.7918000221252441
YNL197C,YMR065W,0,-0.748734,0.11182144284248352,0.996999979019165,0.7918999791145325
YLL029W,YLR275W,0,-0.7487614,0.1118089035153389,0.996999979019165,0.7919999957084656
YDL245C,YFR040W,0,-0.74879694,0.11179636418819427,0.996999979019165,0.7921000123023987
YOR073W,YDR394W,0,-0.74897027,0.11178383231163025,0.996999979019165,0.7922000288963318
YKL018W,YJR151C,0,-0.7506232,0.11177130043506622,0.996999979019165,0.7922999858856201
YOR079C,YNL180C,0,-0.75096154,0.1117587685585022,0.996999979019165,0.7924000024795532
YGR172C,YMR286W,0,-0.7511579,0.11174624413251877,0.996999979019165,0.7925000190734863
YDR006C,YOR375C,0,-0.75132346,0.11173371970653534,0.996999979019165,0.7925999760627747
YOR232W,YFL031W,0,-0.7519617,0.11172120273113251,0.996999979019165,0.7926999926567078
YPL016W,YLL026W,0,-0.7522943,0.11170868575572968,0.996999979019165,0.7928000092506409
YDR392W,YCR086W,0,-0.7525008,0.11169616878032684,0.996999979019165,0.792900025844574
YER122C,YOR192C,0,-0.7527629,0.11168365925550461,0.996999979019165,0.7929999828338623
YER100W,YNL130C,0,-0.7528801,0.11167114973068237,0.996999979019165,0.7930999994277954
YEL063C,YDR371W,0,-0.75339377,0.11165864020586014,0.996999979019165,0.7932000160217285
YGL079W,YDR129C,0,-0.75365925,0.1116461381316185,0.996999979019165,0.7932999730110168
YDL134C,YMR268C,0,-0.75391936,0.11163363605737686,0.996999979019165,0.79339998960495
YKL150W,YGL163C,0,-0.75399303,0.11162113398313522,0.996999979019165,0.7935000061988831
YKL112W,YEL024W,0,-0.75412786,0.11160863935947418,0.996999979019165,0.7936000227928162
YML052W,YOL045W,0,-0.75590765,0.11159615218639374,0.996999979019165,0.7936999797821045
YNL169C,YBR026C,0,-0.7564087,0.1115836575627327,0.996999979019165,0.7937999963760376
YER048C,YLR328W,0,-0.7568332,0.11157117038965225,0.996999979019165,0.7939000129699707
YKL220C,YBL091C,0,-0.75820327,0.1115586906671524,0.996999979019165,0.7940000295639038
YDR407C,YKR001C,0,-0.7583921,0.11154620349407196,0.996999979019165,0.7940999865531921
YLR005W,YLR342W,0,-0.758754,0.11153373122215271,0.996999979019165,0.7942000031471252
YNR030W,YMR068W,0,-0.75896263,0.11152125149965286,0.996999979019165,0.7943000197410583
YDL107W,YPL244C,0,-0.7589706,0.11150877922773361,0.996999979019165,0.7943999767303467
YGL201C,YNL241C,0,-0.7590971,0.11149630695581436,0.996999979019165,0.7944999933242798
YMR159C,YER055C,0,-0.75917315,0.11148384213447571,0.996999979019165,0.7946000099182129
YPL254W,YJR086W,0,-0.7595308,0.11147137731313705,0.996999979019165,0.794700026512146
YBR125C,YIL068C,0,-0.7597697,0.1114589124917984,0.996999979019165,0.7947999835014343
YML041C,YFL022C,0,-0.76015365,0.11144645512104034,0.996999979019165,0.7949000000953674
YPL086C,YPR100W,0,-0.76043427,0.11143399775028229,0.996999979019165,0.7950000166893005
YDR073W,YDR392W,0,-0.7606573,0.11142154783010483,0.996999979019165,0.7950999736785889
YPR023C,YDR202C,0,-0.76071763,0.11140909790992737,0.996999979019165,0.795199990272522
YIL014W,YMR076C,0,-0.7608335,0.11139664798974991,0.996999979019165,0.7953000068664551
YNL148C,YOR383C,0,-0.76143456,0.11138420552015305,0.996999979019165,0.7954000234603882
YDL049C,YGR181W,0,-0.7615353,0.11137176305055618,0.996999979019165,0.7954999804496765
YBL025W,YKL132C,0,-0.76167226,0.11135932058095932,0.996999979019165,0.7955999970436096
YDR367W,YKL197C,0,-0.76167345,0.11134688556194305,0.996999979019165,0.7957000136375427
YKL175W,YPL064C,0,-0.7618365,0.11133445054292679,0.996999979019165,0.795799970626831
YLR447C,YER018C,0,-0.7622144,0.11132201552391052,0.996999979019165,0.7958999872207642
YGL220W,YOR362C,0,-0.7624719,0.11130958795547485,0.996999979019165,0.7960000038146973
YMR154C,YMR059W,0,-0.76352715,0.11129716783761978,0.996999979019165,0.7961000204086304
YNL314W,YDR350C,0,-0.76359105,0.11128474026918411,0.996999979019165,0.7961999773979187
YHR183W,YGL212W,0,-0.76363647,0.11127232015132904,0.996999979019165,0.7962999939918518
YPR024W,YEL062W,0,-0.7637795,0.11125990748405457,0.996999979019165,0.7964000105857849
YGR099W,YBL066C,0,-0.76404345,0.1112474873661995,0.996999979019165,0.796500027179718
YLR449W,YDL149W,0,-0.76424766,0.11123507469892502,0.996999979019165,0.7965999841690063
YDL047W,YMR072W,0,-0.7643,0.11122266948223114,0.996999979019165,0.7967000007629395
YDR289C,YBR120C,0,-0.76435816,0.11121026426553726,0.996999979019165,0.7968000173568726
YHR073W,YOR368W,0,-0.76509523,0.11119785904884338,0.996999979019165,0.7968999743461609
YEL012W,YLR264W,0,-0.7654841,0.1111854612827301,0.996999979019165,0.796999990940094
YGR142W,YNL090W,0,-0.7657101,0.11117305606603622,0.996999979019165,0.7971000075340271
YPL072W,YAL054C,0,-0.76582205,0.11116066575050354,0.996999979019165,0.7972000241279602
YDR291W,YHR079C-A,0,-0.76596975,0.11114827543497086,0.996999979019165,0.7972999811172485
YOR176W,YHR121W,0,-0.76728606,0.11113588511943817,0.996999979019165,0.7973999977111816
YOL095C,YHR037W,0,-0.76774085,0.11112349480390549,0.996999979019165,0.7975000143051147
YLR256W,YJR055W,0,-0.7679577,0.1111111119389534,0.996999979019165,0.7975999712944031
YGL098W,YDR225W,0,-0.768126,0.11109872907400131,0.996999979019165,0.7976999878883362
YKL161C,YML055W,0,-0.7681651,0.11108635365962982,0.996999979019165,0.7978000044822693
YML014W,YJR159W,0,-0.76845074,0.11107397824525833,0.996999979019165,0.7979000210762024
YJL013C,YNL126W,0,-0.76858974,0.11106160283088684,0.996999979019165,0.7979999780654907
YPR006C,YLR363C,0,-0.7695339,0.11104923486709595,0.996999979019165,0.7980999946594238
YKL185W,YHR102W,0,-0.77026737,0.11103686690330505,0.996999979019165,0.7982000112533569
YHR205W,YLR360W,0,-0.7703241,0.11102449893951416,0.996999979019165,0.79830002784729
YBR128C,YKR077W,0,-0.7706443,0.11101213842630386,0.996999979019165,0.7983999848365784
YBR037C,YCR020W-B,0,-0.7707697,0.11099977791309357,0.996999979019165,0.7985000014305115
YDR005C,YIL002C,0,-0.77119994,0.11098741739988327,0.996999979019165,0.7986000180244446
YDR419W,YMR032W,0,-0.77160764,0.11097506433725357,0.996999979019165,0.7986999750137329
YNL106C,YPR121W,0,-0.771961,0.11096271872520447,0.996999979019165,0.798799991607666
YDR309C,YDL107W,0,-0.7721597,0.11095036566257477,0.996999979019165,0.7989000082015991
YEL041W,YBR135W,0,-0.77228665,0.11093802005052567,0.996999979019165,0.7990000247955322
YHR205W,YDR218C,0,-0.77261806,0.11092568188905716,0.996999979019165,0.7990999817848206
YKL094W,YLR026C,0,-0.77273405,0.11091333627700806,0.996999979019165,0.7991999983787537
YOL095C,YCR046C,0,-0.7727467,0.11090099811553955,0.996999979019165,0.7993000149726868
YLR442C,YAL015C,0,-0.77283454,0.11088866740465164,0.996999979019165,0.7993999719619751
YNL094W,YAL029C,0,-0.77308226,0.11087633669376373,0.996999979019165,0.7994999885559082
YCR091W,YOR371C,0,-0.7732556,0.11086400598287582,0.996999979019165,0.7996000051498413
YLR208W,YHR096C,0,-0.7732817,0.11085167527198792,0.996999979019165,0.7997000217437744
YBL005W,YIL107C,0,-0.77363133,0.1108393520116806,0.996999979019165,0.7997999787330627
YCR020W-B,YNL138W,0,-0.7737341,0.11082703620195389,0.996999979019165,0.7998999953269958
YLR028C,YBR154C,0,-0.77394676,0.11081471294164658,0.996999979019165,0.800000011920929
YIR010W,YDR175C,0,-0.7744429,0.11080239713191986,0.996999979019165,0.8001000285148621
YJL013C,YBR083W,0,-0.77455115,0.11079008877277374,0.996999979019165,0.8001999855041504
YMR170C,YDL209C,0,-0.7746059,0.11077778041362762,0.996999979019165,0.8003000020980835
YKL052C,YKR103W,0,-0.7748096,0.1107654720544815,0.996999979019165,0.8004000186920166
YDR350C,YGR245C,0,-0.77499366,0.11075316369533539,0.996999979019165,0.8004999756813049
YDL046W,YPL118W,0,-0.77516603,0.11074086278676987,0.996999979019165,0.800599992275238
YJL187C,YER143W,0,-0.7755772,0.11072856187820435,0.996999979019165,0.8007000088691711
YLR406C,YOR059C,0,-0.77583075,0.11071626842021942,0.996999979019165,0.8008000254631042
YKL087C,YHR119W,0,-0.77585816,0.1107039749622345,0.996999979019165,0.8008999824523926
YLL033W,YOR328W,0,-0.7763307,0.11069168150424957,0.996999979019165,0.8009999990463257
YGL187C,YKL073W,0,-0.7767559,0.11067939549684525,0.996999979019165,0.8011000156402588
YDR058C,YJR147W,0,-0.776847,0.11066710948944092,0.996999979019165,0.8011999726295471
YKL150W,YKR069W,0,-0.7774317,0.11065483093261719,0.996999979019165,0.8012999892234802
YKR068C,YOL051W,0,-0.7780459,0.11064254492521286,0.996999979019165,0.8014000058174133
YPR024W,YNR049C,0,-0.77908707,0.11063027381896973,0.996999979019165,0.8015000224113464
YGL125W,YDL220C,0,-0.7791196,0.110617995262146,0.996999979019165,0.8015999794006348
YEL011W,YJL186W,0,-0.77954865,0.11060572415590286,0.996999979019165,0.8016999959945679
YKL189W,YMR054W,0,-0.7800106,0.11059345304965973,0.996999979019165,0.801800012588501
YMR154C,YKL192C,0,-0.7805289,0.11058118939399719,0.996999979019165,0.8019000291824341
YDL240W,YJL082W,0,-0.7808621,0.11056892573833466,0.996999979019165,0.8019999861717224
YDR463W,YHL003C,0,-0.78115845,0.11055666208267212,0.996999979019165,0.8021000027656555
YNL290W,YHR188C,0,-0.7825484,0.11054440587759018,0.996999979019165,0.8022000193595886
YER019C-A,YKL079W,0,-0.7827108,0.11053214967250824,0.996999979019165,0.802299976348877
YJL203W,YDR214W,0,-0.7827871,0.1105199009180069,0.996999979019165,0.8023999929428101
YMR089C,YGR193C,0,-0.7828752,0.11050764471292496,0.996999979019165,0.8025000095367432
YDR411C,YGR140W,0,-0.7830771,0.11049540340900421,0.996999979019165,0.8026000261306763
YKL137W,YML086C,0,-0.7838141,0.11048315465450287,0.996999979019165,0.8026999831199646
YLR166C,YER117W,0,-0.78425777,0.11047091335058212,0.996999979019165,0.8027999997138977
YPL151C,YOR192C,0,-0.7851429,0.11045867204666138,0.996999979019165,0.8029000163078308
YHR029C,YBR112C,0,-0.78517663,0.11044643819332123,0.996999979019165,0.8029999732971191
YDR517W,YPL011C,0,-0.7860433,0.11043420433998108,0.996999979019165,0.8030999898910522
YBR004C,YGL243W,0,-0.78645015,0.11042197048664093,0.996999979019165,0.8032000064849854
YOR115C,YNL080C,0,-0.7867116,0.11040974408388138,0.996999979019165,0.8033000230789185
YKL080W,YPL240C,0,-0.7867441,0.11039751768112183,0.996999979019165,0.8033999800682068
YJR125C,YDR337W,0,-0.78798044,0.11038529872894287,0.996999979019165,0.8034999966621399
YLR006C,YDR375C,0,-0.78867984,0.11037307977676392,0.996999979019165,0.803600013256073
YJL074C,YDL021W,0,-0.78888977,0.11036086082458496,0.996999979019165,0.8036999702453613
YBR068C,YER031C,0,-0.7890949,0.110348641872406,0.996999979019165,0.8037999868392944
YNL079C,YDR202C,0,-0.7891743,0.11033643037080765,0.996999979019165,0.8039000034332275
YER149C,YPL040C,0,-0.78920174,0.11032422631978989,0.996999979019165,0.8040000200271606
YNL267W,YLR116W,0,-0.7893832,0.11031201481819153,0.996999979019165,0.804099977016449
YDR097C,YKL092C,0,-0.7898836,0.11029981076717377,0.996999979019165,0.8041999936103821
YCR028C-A,YFL016C,0,-0.78994346,0.1102876141667366,0.996999979019165,0.8043000102043152
YMR164C,YOL049W,0,-0.7899983,0.11027541011571884,0.996999979019165,0.8044000267982483
YOR118W,YHR152W,0,-0.79122317,0.11026321351528168,0.996999979019165,0.8044999837875366
YML110C,YNL053W,0,-0.791224,0.11025102436542511,0.996999979019165,0.8046000003814697
YLR440C,YGL018C,0,-0.79272795,0.11023883521556854,0.996999979019165,0.8047000169754028
YGL130W,YFL049W,0,-0.7928014,0.11022664606571198,0.996999979019165,0.8047999739646912
YKL110C,YFR040W,0,-0.79301727,0.11021445691585541,0.996999979019165,0.8048999905586243
YER048C,YPL024W,0,-0.7932496,0.11020227521657944,0.996999979019165,0.8050000071525574
YOR197W,YML025C,0,-0.7952719,0.11019010096788406,0.996999979019165,0.8051000237464905
YLR223C,YFR024C-A,0,-0.7953788,0.1101779192686081,0.996999979019165,0.8051999807357788
YNL088W,YKL203C,0,-0.79538894,0.11016574501991272,0.996999979019165,0.8052999973297119
YMR180C,YBR218C,0,-0.79563046,0.11015357077121735,0.996999979019165,0.805400013923645
YKL208W,YCR018C,1,-0.7956432,0.11025188118219376,0.9980000257492065,0.805400013923645
YCR005C,YLR277C,0,-0.7958143,0.11023969948291779,0.9980000257492065,0.8054999709129333
YOR118W,YBR132C,0,-0.79611564,0.11022752523422241,0.9980000257492065,0.8055999875068665
YPL255W,YEL012W,0,-0.7961955,0.11021535098552704,0.9980000257492065,0.8057000041007996
YDR281C,YJL174W,0,-0.79673743,0.11020317673683167,0.9980000257492065,0.8058000206947327
YGR129W,YJR019C,0,-0.79686403,0.11019100993871689,0.9980000257492065,0.805899977684021
YLR006C,YKL046C,0,-0.79766285,0.11017885059118271,0.9980000257492065,0.8059999942779541
YOR129C,YMR035W,0,-0.7977567,0.11016668379306793,0.9980000257492065,0.8061000108718872
YDR346C,YJR096W,0,-0.79876673,0.11015452444553375,0.9980000257492065,0.8062000274658203
YLL015W,YOL045W,0,-0.7989032,0.11014236509799957,0.9980000257492065,0.8062999844551086
YMR236W,YHL038C,0,-0.79920745,0.11013021320104599,0.9980000257492065,0.8064000010490417
YPL083C,YDL214C,0,-0.8002567,0.11011806130409241,0.9980000257492065,0.8065000176429749
YHR003C,YLL023C,0,-0.8007014,0.11010591685771942,0.9980000257492065,0.8065999746322632
YOR140W,YLR093C,0,-0.8009,0.11009376496076584,0.9980000257492065,0.8066999912261963
YIR021W,YOL091W,0,-0.80111754,0.11008162051439285,0.9980000257492065,0.8068000078201294
YKR055W,YPL001W,0,-0.80222654,0.11006948351860046,0.9980000257492065,0.8069000244140625
YBR091C,YCR106W,0,-0.80237997,0.11005734652280807,0.9980000257492065,0.8069999814033508
YDR028C,YJL051W,0,-0.803287,0.11004520952701569,0.9980000257492065,0.8070999979972839
YOL049W,YHR079C,0,-0.80399346,0.1100330725312233,0.9980000257492065,0.807200014591217
YBR088C,YMR133W,0,-0.80422294,0.1100209429860115,0.9980000257492065,0.8072999715805054
YAL005C,YJL122W,0,-0.80439353,0.11000882089138031,0.9980000257492065,0.8073999881744385
YNL044W,YPR030W,0,-0.8047917,0.10999669134616852,0.9980000257492065,0.8075000047683716
YDR437W,YPL241C,0,-0.8050196,0.10998456925153732,0.9980000257492065,0.8076000213623047
YNL173C,YCL026C-A,0,-0.80586743,0.10997245460748672,0.9980000257492065,0.807699978351593
YLR066W,YOL069W,0,-0.80632114,0.10996033251285553,0.9980000257492065,0.8077999949455261
YOR312C,YNR033W,0,-0.80668414,0.10994821786880493,0.9980000257492065,0.8079000115394592
YOR180C,YMR059W,0,-0.80691695,0.10993611067533493,0.9980000257492065,0.8080000281333923
YDR162C,YNL005C,0,-0.8069432,0.10992400348186493,0.9980000257492065,0.8080999851226807
YNL202W,YPR025C,0,-0.80694413,0.10991189628839493,0.9980000257492065,0.8082000017166138
YLR193C,YGL233W,0,-0.80702996,0.10989978909492493,0.9980000257492065,0.8083000183105469
YER078C,YBR239C,0,-0.8072393,0.10988768935203552,0.9980000257492065,0.8083999752998352
YIL066C,YER144C,0,-0.80728376,0.10987558960914612,0.9980000257492065,0.8084999918937683
YNL243W,YOL013C,0,-0.8082547,0.10986349731683731,0.9980000257492065,0.8086000084877014
YML072C,YIR034C,0,-0.80896795,0.1098514050245285,0.9980000257492065,0.8087000250816345
YMR313C,YKL006C-A,0,-0.809242,0.1098393127322197,0.9980000257492065,0.8087999820709229
YKR085C,YPL242C,0,-0.8092592,0.10982722789049149,0.9980000257492065,0.808899998664856
YMR106C,YHR124W,0,-0.8105295,0.10981514304876328,0.9980000257492065,0.8090000152587891
YBR002C,YOR264W,0,-0.8107245,0.10980305820703506,0.9980000257492065,0.8090999722480774
YOR329C,YJL180C,0,-0.8108845,0.10979098081588745,0.9980000257492065,0.8091999888420105
YDR145W,YIL076W,0,-0.8112297,0.10977890342473984,0.9980000257492065,0.8093000054359436
YJR052W,YOR273C,0,-0.81173015,0.10976682603359222,0.9980000257492065,0.8094000220298767
YJR052W,YHR037W,0,-0.81196046,0.10975475609302521,0.9980000257492065,0.809499979019165
YNL078W,YBR046C,0,-0.81197286,0.10974268615245819,0.9980000257492065,0.8095999956130981
YEL053C,YJL099W,0,-0.81206965,0.10973062366247177,0.9980000257492065,0.8097000122070312
YGL044C,YBL019W,0,-0.8126123,0.10971856117248535,0.9980000257492065,0.8098000288009644
YLR019W,YGR239C,0,-0.8126379,0.10970649868249893,0.9980000257492065,0.8098999857902527
YPL232W,YER042W,0,-0.8127396,0.10969443619251251,0.9980000257492065,0.8100000023841858
YDR309C,YAL060W,0,-0.8128735,0.10968238115310669,0.9980000257492065,0.8101000189781189
YLR319C,YML130C,0,-0.81293356,0.10967032611370087,0.9980000257492065,0.8101999759674072
YGL112C,YOR208W,0,-0.8135234,0.10965827852487564,0.9980000257492065,0.8102999925613403
YER072W,YGL167C,0,-0.81398594,0.10964623093605042,0.9980000257492065,0.8104000091552734
YOR003W,YDR441C,0,-0.81404734,0.10963418334722519,0.9980000257492065,0.8105000257492065
YMR060C,YDR170C,0,-0.81407356,0.10962214320898056,0.9980000257492065,0.8105999827384949
YOL115W,YER124C,0,-0.8144772,0.10961010307073593,0.9980000257492065,0.810699999332428
YGL254W,YJR095W,0,-0.81451404,0.1095980703830719,0.9980000257492065,0.8108000159263611
YLR115W,YJR049C,0,-0.8146479,0.10958603024482727,0.9980000257492065,0.8108999729156494
YKL139W,YER042W,0,-0.81565964,0.10957399755716324,0.9980000257492065,0.8109999895095825
YIL013C,YER005W,0,-0.81572664,0.1095619723200798,0.9980000257492065,0.8111000061035156
YDR104C,YKL114C,0,-0.8162961,0.10954994708299637,0.9980000257492065,0.8112000226974487
YNL084C,YKR007W,0,-0.81692564,0.10953792184591293,0.9980000257492065,0.8112999796867371
YGR082W,YMR067C,0,-0.8171288,0.1095258966088295,0.9980000257492065,0.8113999962806702
YLR116W,YFR047C,0,-0.817173,0.10951387882232666,0.9980000257492065,0.8115000128746033
YNL173C,YGR179C,0,-0.81724656,0.10950186848640442,0.9980000257492065,0.8116000294685364
YIR008C,YBR006W,0,-0.8182955,0.10948985069990158,0.9980000257492065,0.8116999864578247
YOR273C,YNL047C,0,-0.81876755,0.10947784036397934,0.9980000257492065,0.8118000030517578
YJR140C,YJL047C,0,-0.81938505,0.1094658300280571,0.9980000257492065,0.8119000196456909
YMR180C,YLL061W,0,-0.8212178,0.10945382714271545,0.9980000257492065,0.8119999766349792
YHR149C,YIR039C,0,-0.8223077,0.10944182425737381,0.9980000257492065,0.8120999932289124
YKL124W,YER072W,0,-0.82257545,0.10942982137203217,0.9980000257492065,0.8122000098228455
YDL247W,YDL161W,0,-0.8227469,0.10941782593727112,0.9980000257492065,0.8123000264167786
YOL068C,YDR189W,0,-0.8227664,0.10940583050251007,0.9980000257492065,0.8123999834060669
YLR067C,YPR164W,0,-0.82330275,0.10939384251832962,0.9980000257492065,0.8125
YFR010W,YCL067C,0,-0.8239517,0.10938184708356857,0.9980000257492065,0.8126000165939331
YDR041W,YOR030W,0,-0.8241079,0.10936986654996872,0.9980000257492065,0.8126999735832214
YFR010W,YBR173C,0,-0.8247614,0.10935787856578827,0.9980000257492065,0.8127999901771545
YLR144C,YOR234C,0,-0.8251083,0.10934589803218842,0.9980000257492065,0.8129000067710876
YDL045C,YBR193C,0,-0.82608485,0.10933391749858856,0.9980000257492065,0.8130000233650208
YEL022W,YDR373W,0,-0.826246,0.1093219444155693,0.9980000257492065,0.8130999803543091
YJR131W,YML067C,0,-0.8262893,0.10930996388196945,0.9980000257492065,0.8131999969482422
YFL001W,YEL041W,0,-0.82748127,0.10929799824953079,0.9980000257492065,0.8133000135421753
YKL220C,YKL053C-A,0,-0.82769895,0.10928602516651154,0.9980000257492065,0.8133999705314636
YJL014W,YPL176C,0,-0.8277848,0.10927405953407288,0.9980000257492065,0.8134999871253967
YKL120W,YDL142C,0,-0.8278394,0.10926210135221481,0.9980000257492065,0.8136000037193298
YDR100W,YML032C,0,-0.8278694,0.10925013571977615,0.9980000257492065,0.8137000203132629
YPR190C,YKL091C,0,-0.828302,0.10923817753791809,0.9980000257492065,0.8137999773025513
YDL121C,YLR251W,0,-0.8286543,0.10922621935606003,0.9980000257492065,0.8138999938964844
YMR234W,YBR268W,0,-0.82883596,0.10921426862478256,0.9980000257492065,0.8140000104904175
YHR074W,YLR272C,0,-0.8299154,0.1092023178935051,0.9980000257492065,0.8141000270843506
YER177W,YGL167C,0,-0.83011496,0.10919037461280823,0.9980000257492065,0.8141999840736389
YNL278W,YJR082C,0,-0.8303281,0.10917842388153076,0.9980000257492065,0.814300000667572
YDR416W,YBR070C,0,-0.8306116,0.10916648805141449,0.9980000257492065,0.8144000172615051
YBR201W,YOL146W,0,-0.8307278,0.10915454477071762,0.9980000257492065,0.8144999742507935
YAL005C,YJL207C,0,-0.8314904,0.10914260894060135,0.9980000257492065,0.8145999908447266
YHL009C,YER058W,0,-0.83159184,0.10913067311048508,0.9980000257492065,0.8147000074386597
YNL225C,YLR027C,0,-0.8322098,0.1091187372803688,0.9980000257492065,0.8148000240325928
YPR199C,YLR329W,0,-0.8322207,0.10910680890083313,0.9980000257492065,0.8148999810218811
YPL042C,YHR016C,0,-0.8331417,0.10909488052129745,0.9980000257492065,0.8149999976158142
YGL207W,YER142C,0,-0.83324087,0.10908295959234238,0.9980000257492065,0.8151000142097473
YMR105C,YNR046W,0,-0.8336024,0.1090710386633873,0.9980000257492065,0.8151999711990356
YJL124C,YER033C,0,-0.8336394,0.10905911773443222,0.9980000257492065,0.8152999877929688
YBL042C,YIL107C,0,-0.83396924,0.10904720425605774,0.9980000257492065,0.8154000043869019
YLR389C,YPL104W,0,-0.8341224,0.10903529077768326,0.9980000257492065,0.815500020980835
YKL126W,YPL032C,0,-0.8345138,0.10902337729930878,0.9980000257492065,0.8155999779701233
YOR362C,YMR305C,0,-0.8350384,0.10901147127151489,0.9980000257492065,0.8156999945640564
YKR054C,YDR191W,0,-0.83527565,0.10899956524372101,0.9980000257492065,0.8158000111579895
YKL002W,YDL042C,0,-0.83551216,0.10898765921592712,0.9980000257492065,0.8159000277519226
YBR221C,YBR193C,0,-0.83689976,0.10897576063871384,0.9980000257492065,0.8159999847412109
YFL034C-B,YAL028W,0,-0.8370346,0.10896386206150055,0.9980000257492065,0.816100001335144
YOR245C,YGR275W,0,-0.8374634,0.10895196348428726,0.9980000257492065,0.8162000179290771
YGR144W,YMR268C,0,-0.83833444,0.10894007235765457,0.9980000257492065,0.8162999749183655
YPR135W,YNL219C,0,-0.83862495,0.10892818123102188,0.9980000257492065,0.8163999915122986
YPR105C,YDR170C,0,-0.83914244,0.10891629010438919,0.9980000257492065,0.8165000081062317
YGL201C,YBR173C,0,-0.8392532,0.1089044064283371,0.9980000257492065,0.8166000247001648
YER048C,YBR218C,0,-0.8392687,0.108892522752285,0.9980000257492065,0.8166999816894531
YJL183W,YPL015C,0,-0.8393631,0.10888064652681351,0.9980000257492065,0.8167999982833862
YGL226W,YNL097C,0,-0.83996844,0.10886877030134201,0.9980000257492065,0.8169000148773193
YKL203C,YFL050C,0,-0.8412144,0.10885689407587051,0.9980000257492065,0.8169999718666077
YOR141C,YPL122C,0,-0.84203196,0.10884501785039902,0.9980000257492065,0.8170999884605408
YJL029C,YPR006C,0,-0.84214413,0.10883314907550812,0.9980000257492065,0.8172000050544739
YPL016W,YLR052W,0,-0.8433764,0.10882128775119781,0.9980000257492065,0.817300021648407
YNL020C,YER017C,0,-0.8434465,0.10880941897630692,0.9980000257492065,0.8173999786376953
YNL076W,YMR213W,0,-0.8436606,0.10879755765199661,0.9980000257492065,0.8174999952316284
YBR008C,YOR149C,0,-0.8436717,0.10878569632768631,0.9980000257492065,0.8176000118255615
YIL120W,YPR135W,0,-0.8437966,0.1087738424539566,0.9980000257492065,0.8177000284194946
YDR073W,YJL060W,0,-0.84397197,0.1087619885802269,0.9980000257492065,0.817799985408783
YIR021W,YER101C,0,-0.8442433,0.10875013470649719,0.9980000257492065,0.8179000020027161
YNL314W,YLR006C,0,-0.84478414,0.10873828828334808,0.9980000257492065,0.8180000185966492
YMR078C,YOR330C,0,-0.84491503,0.10872644186019897,0.9980000257492065,0.8180999755859375
YGR246C,YPL163C,0,-0.84542894,0.10871459543704987,0.9980000257492065,0.8181999921798706
YKL051W,YOR222W,0,-0.8455906,0.10870275646448135,0.9980000257492065,0.8183000087738037
YPR094W,YPL029W,0,-0.8458966,0.10869091749191284,0.9980000257492065,0.8184000253677368
YML110C,YBR171W,0,-0.84649336,0.10867907851934433,0.9980000257492065,0.8184999823570251
YAL042W,YIR034C,0,-0.8468566,0.10866724699735641,0.9980000257492065,0.8185999989509583
YLR088W,YKR034W,0,-0.84734535,0.1086554154753685,0.9980000257492065,0.8187000155448914
YHR209W,YDR113C,0,-0.8473979,0.10864359140396118,0.9980000257492065,0.8187999725341797
YLL002W,YHR185C,0,-0.8476267,0.10863175988197327,0.9980000257492065,0.8188999891281128
YNL107W,YDR345C,0,-0.8484583,0.10861993581056595,0.9980000257492065,0.8190000057220459
YHR091C,YLR220W,0,-0.8484628,0.10860811918973923,0.9980000257492065,0.819100022315979
YDR296W,YDR437W,0,-0.8491709,0.1085963025689125,0.9980000257492065,0.8191999793052673
YBR223C,YGR238C,0,-0.84969425,0.10858448594808578,0.9980000257492065,0.8192999958992004
YDR150W,YHR030C,0,-0.84994817,0.10857266932725906,0.9980000257492065,0.8194000124931335
YJL124C,YBL045C,0,-0.849972,0.10856086015701294,0.9980000257492065,0.8195000290870667
YGR129W,YBR234C,0,-0.8503566,0.10854905098676682,0.9980000257492065,0.819599986076355
YJR082C,YNR013C,0,-0.8507385,0.10853724926710129,0.9980000257492065,0.8197000026702881
YMR237W,YMR207C,0,-0.8509091,0.10852544754743576,0.9980000257492065,0.8198000192642212
YGR225W,YDR404C,0,-0.8511305,0.10851364582777023,0.9980000257492065,0.8198999762535095
YKL203C,YDL179W,0,-0.8514068,0.1085018515586853,0.9980000257492065,0.8199999928474426
YDR496C,YER035W,0,-0.8522334,0.10849004983901978,0.9980000257492065,0.8201000094413757
YBR180W,YDL123W,0,-0.8523464,0.10847826302051544,0.9980000257492065,0.8202000260353088
YOL034W,YGL058W,0,-0.85237646,0.10846646875143051,0.9980000257492065,0.8202999830245972
YLR052W,YIL066C,0,-0.8530904,0.10845468193292618,0.9980000257492065,0.8203999996185303
YOR109W,YIL013C,0,-0.8531412,0.10844290256500244,0.9980000257492065,0.8205000162124634
YDL064W,YGL004C,0,-0.8531463,0.10843111574649811,0.9980000257492065,0.8205999732017517
YPL179W,YNL083W,0,-0.854571,0.10841933637857437,0.9980000257492065,0.8206999897956848
YCL010C,YBR054W,0,-0.8548384,0.10840755701065063,0.9980000257492065,0.8208000063896179
YOR195W,YGR096W,0,-0.8549683,0.1083957850933075,0.9980000257492065,0.820900022983551
YKR002W,YDR080W,0,-0.8556309,0.10838401317596436,0.9980000257492065,0.8209999799728394
YDL010W,YLR141W,0,-0.8559561,0.10837224125862122,0.9980000257492065,0.8210999965667725
YDR159W,YCR017C,0,-0.8561548,0.10836047679185867,0.9980000257492065,0.8212000131607056
YKL061W,YBR073W,0,-0.85780764,0.10834871232509613,0.9980000257492065,0.8213000297546387
YHR149C,YIL048W,0,-0.8593643,0.10833695530891418,0.9980000257492065,0.821399986743927
YMR277W,YER142C,0,-0.8603034,0.10832519084215164,0.9980000257492065,0.8215000033378601
YJR017C,YLR148W,0,-0.86094475,0.1083134338259697,0.9980000257492065,0.8216000199317932
YJL081C,YEL031W,0,-0.86124015,0.10830168426036835,0.9980000257492065,0.8216999769210815
YML024W,YPL087W,0,-0.8616382,0.1082899272441864,0.9980000257492065,0.8217999935150146
YEL022W,YNR032W,0,-0.8616439,0.10827818512916565,0.9980000257492065,0.8219000101089478
YNL071W,YBR278W,0,-0.8622236,0.1082664355635643,0.9980000257492065,0.8220000267028809
YER149C,YNL052W,0,-0.86226296,0.10825469344854355,0.9980000257492065,0.8220999836921692
YDL022W,YGL058W,0,-0.8623102,0.1082429513335228,0.9980000257492065,0.8222000002861023
YPL072W,YBR215W,0,-0.86266375,0.10823120921850204,0.9980000257492065,0.8223000168800354
YNL335W,YDL093W,0,-0.8629415,0.10821947455406189,0.9980000257492065,0.8223999738693237
YPL249C,YDL045C,0,-0.86342263,0.10820773988962173,0.9980000257492065,0.8224999904632568
YJL151C,YER075C,0,-0.8634441,0.10819601267576218,0.9980000257492065,0.8226000070571899
YER122C,YPR103W,0,-0.8639748,0.10818428546190262,0.9980000257492065,0.822700023651123
YOR368W,YDR113C,0,-0.8640746,0.10817255824804306,0.9980000257492065,0.8227999806404114
YMR203W,YPL248C,0,-0.86456084,0.1081608310341835,0.9980000257492065,0.8228999972343445
YBR128C,YMR146C,0,-0.86470675,0.10814911127090454,0.9980000257492065,0.8230000138282776
YKL201C,YLR368W,0,-0.8647274,0.10813739150762558,0.9980000257492065,0.8230999708175659
YDR416W,YBR203W,0,-0.86478317,0.10812567919492722,0.9980000257492065,0.823199987411499
YLR144C,YHR110W,0,-0.8648448,0.10811396688222885,0.9980000257492065,0.8233000040054321
YML128C,YNL273W,0,-0.8652084,0.10810225456953049,0.9980000257492065,0.8234000205993652
YDR057W,YJL112W,0,-0.86549604,0.10809054225683212,0.9980000257492065,0.8234999775886536
YLR110C,YDR067C,0,-0.8654984,0.10807883739471436,0.9980000257492065,0.8235999941825867
YOL059W,YPR052C,0,-0.86580575,0.10806713253259659,0.9980000257492065,0.8237000107765198
YLR070C,YLR274W,0,-0.86619925,0.10805543512105942,0.9980000257492065,0.8238000273704529
YGR215W,YPR026W,0,-0.866467,0.10804373770952225,0.9980000257492065,0.8238999843597412
YDR145W,YBR018C,0,-0.8665521,0.10803204029798508,0.9980000257492065,0.8240000009536743
YDR171W,YDR308C,0,-0.86669934,0.1080203503370285,0.9980000257492065,0.8241000175476074
YOR209C,YLR284C,0,-0.8669703,0.10800866037607193,0.9980000257492065,0.8241999745368958
YOR060C,YIL002C,0,-0.8672495,0.10799697041511536,0.9980000257492065,0.8242999911308289
YKL101W,YIR018W,0,-0.8677366,0.10798528790473938,0.9980000257492065,0.824400007724762
YJL203W,YFR044C,0,-0.8679284,0.1079735979437828,0.9980000257492065,0.8245000243186951
YLR019W,YAL047C,0,-0.86854315,0.10796192288398743,0.9980000257492065,0.8245999813079834
YPL151C,YJL093C,0,-0.86858904,0.10795024037361145,0.9980000257492065,0.8246999979019165
YDR408C,YFL003C,0,-0.86862123,0.10793856531381607,0.9980000257492065,0.8248000144958496
YGR036C,YOR156C,0,-0.8694868,0.10792689770460129,0.9980000257492065,0.8248999714851379
YPR175W,YAL015C,0,-0.8695352,0.10791522264480591,0.9980000257492065,0.824999988079071
YNL021W,YBR222C,0,-0.8705578,0.10790355503559113,0.9980000257492065,0.8251000046730042
YLR431C,YMR243C,0,-0.8707087,0.10789189487695694,0.9980000257492065,0.8252000212669373
YDR332W,YNL133C,0,-0.8710065,0.10788022726774216,0.9980000257492065,0.8252999782562256
YMR039C,YMR200W,0,-0.87109554,0.10786856710910797,0.9980000257492065,0.8253999948501587
YOL017W,YLL006W,0,-0.8713138,0.10785691440105438,0.9980000257492065,0.8255000114440918
YFR024C-A,YKL095W,0,-0.8714682,0.1078452542424202,0.9980000257492065,0.8256000280380249
YLR249W,YDR304C,0,-0.8719368,0.10783360153436661,0.9980000257492065,0.8256999850273132
YDL174C,YML004C,0,-0.8719648,0.10782195627689362,0.9980000257492065,0.8258000016212463
YER033C,YPL023C,0,-0.87202966,0.10781030356884003,0.9980000257492065,0.8259000182151794
YPL057C,YLR088W,0,-0.8720914,0.10779865831136703,0.9980000257492065,0.8259999752044678
YAL039C,YMR323W,0,-0.87231755,0.10778702050447464,0.9980000257492065,0.8260999917984009
YDL128W,YLL018C,0,-0.8726474,0.10777537524700165,0.9980000257492065,0.826200008392334
YPL230W,YCL011C,0,-0.8728148,0.10776373744010925,0.9980000257492065,0.8263000249862671
YLR070C,YJL047C,0,-0.87297845,0.10775210708379745,0.9980000257492065,0.8263999819755554
YGL113W,YIR018W,0,-0.87300587,0.10774046927690506,0.9980000257492065,0.8264999985694885
YJL183W,YBR279W,0,-0.8739536,0.10772884637117386,0.9980000257492065,0.8266000151634216
YLR026C,YPL016W,0,-0.8741739,0.10771721601486206,0.9980000257492065,0.82669997215271
YDL128W,YKL073W,0,-0.8747375,0.10770559310913086,0.9980000257492065,0.8267999887466431
YNL153C,YMR280C,0,-0.87481236,0.10769397020339966,0.9980000257492065,0.8269000053405762
YLR203C,YDR519W,0,-0.87487483,0.10768234729766846,0.9980000257492065,0.8270000219345093
YDR034C,YDR373W,0,-0.8759508,0.10767073184251785,0.9980000257492065,0.8270999789237976
YCR091W,YDR395W,0,-0.8760598,0.10765911638736725,0.9980000257492065,0.8271999955177307
YOR032C,YOR371C,0,-0.87622976,0.10764750093221664,0.9980000257492065,0.8273000121116638
YKL058W,YBR230C,0,-0.87623036,0.10763589292764664,0.9980000257492065,0.8274000287055969
YNL073W,YDL171C,0,-0.87648916,0.10762428492307663,0.9980000257492065,0.8274999856948853
YBR217W,YML118W,0,-0.8769841,0.10761267691850662,0.9980000257492065,0.8276000022888184
YOR106W,YMR060C,0,-0.8782995,0.10760107636451721,0.9980000257492065,0.8277000188827515
YFR001W,YLR423C,0,-0.87850225,0.1075894758105278,0.9980000257492065,0.8277999758720398
YDR163W,YBR085W,0,-0.8790755,0.10757788270711899,0.9980000257492065,0.8278999924659729
YNL177C,YBR216C,0,-0.87958026,0.10756628215312958,0.9980000257492065,0.828000009059906
YBR295W,YPR029C,0,-0.88003135,0.10755469650030136,0.9980000257492065,0.8281000256538391
YLR210W,YDL181W,0,-0.8807703,0.10754310339689255,0.9980000257492065,0.8281999826431274
YPL163C,YGL051W,0,-0.8809625,0.10753151774406433,0.9980000257492065,0.8282999992370605
YGR028W,YNL066W,0,-0.88101625,0.10751993209123611,0.9980000257492065,0.8284000158309937
YPR067W,YJR067C,0,-0.8811703,0.1075083464384079,0.9980000257492065,0.828499972820282
YDL214C,YDL105W,0,-0.88117695,0.10749676823616028,0.9980000257492065,0.8285999894142151
YLR150W,YER101C,0,-0.8814349,0.10748519003391266,0.9980000257492065,0.8287000060081482
YCL014W,YPR171W,0,-0.8814434,0.10747361928224564,0.9980000257492065,0.8288000226020813
YGL186C,YBR196C,0,-0.8814522,0.10746204107999802,0.9980000257492065,0.8288999795913696
YDR135C,YDR113C,0,-0.881618,0.107450470328331,0.9980000257492065,0.8289999961853027
YDR145W,YIL075C,0,-0.8817837,0.10743890702724457,0.9980000257492065,0.8291000127792358
YNL125C,YOL141W,0,-0.8820095,0.10742734372615814,0.9980000257492065,0.829200029373169
YAL030W,YKL205W,0,-0.8829069,0.10741578042507172,0.9980000257492065,0.8292999863624573
YKL058W,YJR131W,0,-0.882956,0.10740421712398529,0.9980000257492065,0.8294000029563904
YBR083W,YIL033C,0,-0.8838775,0.10739266127347946,0.9980000257492065,0.8295000195503235
YGR258C,YPR095C,0,-0.8841424,0.10738110542297363,0.9980000257492065,0.8295999765396118
YGR005C,YGR224W,0,-0.8847933,0.1073695570230484,0.9980000257492065,0.8296999931335449
YGL062W,YPL190C,0,-0.88533115,0.10735800117254257,0.9980000257492065,0.829800009727478
YIL006W,YJL183W,0,-0.88552904,0.10734645277261734,0.9980000257492065,0.8299000263214111
YDL052C,YER014W,0,-0.8860215,0.1073349118232727,0.9980000257492065,0.8299999833106995
YDL198C,YHR090C,0,-0.8860347,0.10732337087392807,0.9980000257492065,0.8300999999046326
YGR225W,YKL092C,0,-0.88619614,0.10731182992458344,0.9980000257492065,0.8302000164985657
YOR264W,YCL043C,0,-0.8864913,0.1073002889752388,0.9980000257492065,0.830299973487854
YIL014W,YLR270W,0,-0.8865026,0.10728875547647476,0.9980000257492065,0.8303999900817871
YLL034C,YIL107C,0,-0.8869257,0.10727722197771072,0.9980000257492065,0.8305000066757202
YPR075C,YGR192C,0,-0.8870928,0.10726568847894669,0.9980000257492065,0.8306000232696533
YOR329C,YKR044W,0,-0.88712585,0.10725416243076324,0.9980000257492065,0.8306999802589417
YLR337C,YGR034W,0,-0.88718534,0.1072426363825798,0.9980000257492065,0.8307999968528748
YDR392W,YNL287W,0,-0.8873142,0.10723111778497696,0.9980000257492065,0.8309000134468079
YMR194W,YBR003W,0,-0.88747287,0.10721959918737411,0.9980000257492065,0.8309999704360962
YDR416W,YPR121W,0,-0.8875048,0.10720808058977127,0.9980000257492065,0.8310999870300293
YPR163C,YNL241C,0,-0.8877231,0.10719656199216843,0.9980000257492065,0.8312000036239624
YJR050W,YPR165W,0,-0.8882121,0.10718505084514618,0.9980000257492065,0.8313000202178955
YMR250W,YMR260C,0,-0.88857746,0.10717353969812393,0.9980000257492065,0.8313999772071838
YDR389W,YOR377W,0,-0.8888676,0.10716202855110168,0.9980000257492065,0.8314999938011169
YPL175W,YKL210W,0,-0.8893211,0.10715052485466003,0.9980000257492065,0.83160001039505
YKR103W,YMR055C,0,-0.88986325,0.10713902115821838,0.9980000257492065,0.8317000269889832
YDR268W,YFR046C,0,-0.8903241,0.10712752491235733,0.9980000257492065,0.8317999839782715
YBR295W,YMR276W,0,-0.89051986,0.10711602121591568,0.9980000257492065,0.8319000005722046
YEL011W,YJR082C,0,-0.8912864,0.10710453242063522,0.9980000257492065,0.8320000171661377
YKL058W,YDR214W,0,-0.89156103,0.10709303617477417,0.9980000257492065,0.832099974155426
YOR147W,YNL160W,0,-0.8918574,0.10708154737949371,0.9980000257492065,0.8321999907493591
YOL082W,YLR264W,0,-0.8921056,0.10707005858421326,0.9980000257492065,0.8323000073432922
YLR070C,YDR460W,0,-0.8924782,0.1070585697889328,0.9980000257492065,0.8324000239372253
YER018C,YOR180C,0,-0.89252925,0.10704708844423294,0.9980000257492065,0.8324999809265137
YJL128C,YGR284C,0,-0.8926997,0.10703560709953308,0.9980000257492065,0.8325999975204468
YPL167C,YER038C,0,-0.8938756,0.10702412575483322,0.9980000257492065,0.8327000141143799
YPL270W,YPL110C,0,-0.89407,0.10701265186071396,0.9980000257492065,0.8327999711036682
YPL253C,YKR022C,0,-0.8951621,0.1070011779665947,0.9980000257492065,0.8328999876976013
YBR295W,YOR122C,0,-0.8957541,0.10698971152305603,0.9980000257492065,0.8330000042915344
YBL066C,YNL263C,0,-0.8957839,0.10697823762893677,0.9980000257492065,0.8331000208854675
YKL045W,YHR135C,0,-0.89592063,0.1069667711853981,0.9980000257492065,0.8331999778747559
YIL038C,YDR284C,0,-0.8959695,0.10695531219244003,0.9980000257492065,0.833299994468689
YCR033W,YPL046C,0,-0.89673007,0.10694384574890137,0.9980000257492065,0.8334000110626221
YOR241W,YNL258C,0,-0.89752233,0.1069323867559433,0.9980000257492065,0.8335000276565552
YMR048W,YDR485C,0,-0.8975916,0.10692093521356583,0.9980000257492065,0.8335999846458435
YBR038W,YJR052W,0,-0.89763165,0.10690948367118835,0.9980000257492065,0.8337000012397766
YHR114W,YJL110C,0,-0.8979666,0.10689803212881088,0.9980000257492065,0.8338000178337097
YJR144W,YGL104C,0,-0.89800847,0.10688658058643341,0.9980000257492065,0.833899974822998
YPR106W,YKR055W,0,-0.89816296,0.10687513649463654,0.9980000257492065,0.8339999914169312
YLL027W,YOR245C,0,-0.89848876,0.10686369240283966,0.9980000257492065,0.8341000080108643
YOR256C,YJR117W,0,-0.89851296,0.10685224831104279,0.9980000257492065,0.8342000246047974
YOL066C,YPL203W,0,-0.89945006,0.10684081166982651,0.9980000257492065,0.8342999815940857
YMR048W,YGL158W,0,-0.8998165,0.10682937502861023,0.9980000257492065,0.8343999981880188
YOL043C,YKL025C,0,-0.9000683,0.10681793838739395,0.9980000257492065,0.8345000147819519
YOR279C,YGL163C,0,-0.90018964,0.10680650919675827,0.9980000257492065,0.8345999717712402
YPL179W,YIL033C,0,-0.90027905,0.10679508000612259,0.9980000257492065,0.8346999883651733
YDL135C,YAL038W,0,-0.90058684,0.10678365081548691,0.9980000257492065,0.8348000049591064
YKR087C,YNL064C,0,-0.90168643,0.10677222907543182,0.9980000257492065,0.8349000215530396
YIL106W,YFR040W,0,-0.901832,0.10676080733537674,0.9980000257492065,0.8349999785423279
YJL174W,YDR545W,0,-0.9021139,0.10674938559532166,0.9980000257492065,0.835099995136261
YDL040C,YNR037C,0,-0.90215683,0.10673797130584717,0.9980000257492065,0.8352000117301941
YOR275C,YBL038W,0,-0.9022796,0.10672655701637268,0.9980000257492065,0.8353000283241272
YKR068C,YER104W,0,-0.9026331,0.1067151427268982,0.9980000257492065,0.8353999853134155
YKR055W,YGR121C,0,-0.90269613,0.1067037284374237,0.9980000257492065,0.8355000019073486
YOR222W,YDR100W,0,-0.9028214,0.10669232159852982,0.9980000257492065,0.8356000185012817
YDL103C,YJL012C,0,-0.90360725,0.10668092221021652,0.9980000257492065,0.8356999754905701
YER168C,YHR057C,0,-0.9038441,0.10666951537132263,0.9980000257492065,0.8357999920845032
YOR284W,YMR021C,0,-0.9045074,0.10665811598300934,0.9980000257492065,0.8359000086784363
YIL088C,YDL135C,0,-0.9048116,0.10664671659469604,0.9980000257492065,0.8360000252723694
YJR102C,YJL078C,0,-0.9048704,0.10663532465696335,0.9980000257492065,0.8360999822616577
YIL120W,YMR048W,0,-0.90517867,0.10662393271923065,0.9980000257492065,0.8361999988555908
YLR328W,YNR010W,0,-0.9053929,0.10661254078149796,0.9980000257492065,0.8363000154495239
YMR237W,YJL081C,0,-0.9061525,0.10660115629434586,0.9980000257492065,0.8363999724388123
YNR012W,YMR175W,0,-0.9061942,0.10658977180719376,0.9980000257492065,0.8364999890327454
YAL009W,YLR423C,0,-0.9062606,0.10657838732004166,0.9980000257492065,0.8366000056266785
YLR312W-A,YER119C,0,-0.9063504,0.10656700283288956,0.9980000257492065,0.8367000222206116
YKL188C,YGR252W,0,-0.9063506,0.10655562579631805,0.9980000257492065,0.8367999792098999
YJR004C,YHR077C,0,-0.9066982,0.10654424875974655,0.9980000257492065,0.836899995803833
YGR023W,YDR198C,0,-0.90686107,0.10653287917375565,0.9980000257492065,0.8370000123977661
YGR258C,YGR152C,0,-0.90728796,0.10652150958776474,0.9980000257492065,0.8371000289916992
YMR246W,YJL212C,0,-0.90806305,0.10651014000177383,0.9980000257492065,0.8371999859809875
YNL051W,YDL045C,0,-0.9082155,0.10649877041578293,0.9980000257492065,0.8373000025749207
YGL006W,YNR039C,0,-0.9082513,0.10648740828037262,0.9980000257492065,0.8374000191688538
YKR088C,YBR043C,0,-0.90854955,0.10647604614496231,0.9980000257492065,0.8374999761581421
YDL155W,YKL211C,0,-0.9096198,0.1064646914601326,0.9980000257492065,0.8375999927520752
YDR129C,YDR143C,0,-0.9098408,0.10645333677530289,0.9980000257492065,0.8377000093460083
YLR320W,YKR003W,0,-0.91029346,0.10644198209047318,0.9980000257492065,0.8378000259399414
YDR304C,YGL212W,0,-0.9105227,0.10643062740564346,0.9980000257492065,0.8378999829292297
YDR384C,YMR293C,0,-0.9105402,0.10641928017139435,0.9980000257492065,0.8379999995231628
YDR129C,YDL212W,0,-0.91072285,0.10640793293714523,0.9980000257492065,0.838100016117096
YLR240W,YDL235C,0,-0.9112227,0.10639658570289612,0.9980000257492065,0.8381999731063843
YNL041C,YDR337W,0,-0.9115946,0.1063852459192276,0.9980000257492065,0.8382999897003174
YKL003C,YML032C,0,-0.91167736,0.10637390613555908,0.9980000257492065,0.8384000062942505
YEL030W,YMR202W,0,-0.9118515,0.10636257380247116,0.9980000257492065,0.8385000228881836
YBR180W,YNR010W,0,-0.9119921,0.10635123401880264,0.9980000257492065,0.8385999798774719
YER122C,YLR256W,0,-0.9122124,0.10633990168571472,0.9980000257492065,0.838699996471405
YPR171W,YGR033C,0,-0.91260517,0.1063285768032074,0.9980000257492065,0.8388000130653381
YBR152W,YDR519W,0,-0.9133041,0.10631724447011948,0.9980000257492065,0.8389000296592712
YGL187C,YGR178C,0,-0.91537035,0.10630591958761215,0.9980000257492065,0.8389999866485596
YGL190C,YEL019C,0,-0.91557384,0.10629460215568542,0.9980000257492065,0.8391000032424927
YGL166W,YDR167W,0,-0.91568184,0.1062832772731781,0.9980000257492065,0.8392000198364258
YDR039C,YMR060C,0,-0.91591334,0.10627195984125137,0.9980000257492065,0.8392999768257141
YGL172W,YDR392W,0,-0.91593456,0.10626064985990524,0.9980000257492065,0.8393999934196472
YOL119C,YNL256W,0,-0.9161248,0.10624933242797852,0.9980000257492065,0.8395000100135803
YPL208W,YOR011W,0,-0.9161391,0.10623802244663239,0.9980000257492065,0.8396000266075134
YOR081C,YKR019C,0,-0.91622937,0.10622671991586685,0.9980000257492065,0.8396999835968018
YDR351W,YOL129W,0,-0.9166031,0.10621540993452072,0.9980000257492065,0.8398000001907349
YLR182W,YKR052C,0,-0.9181076,0.10620410740375519,0.9980000257492065,0.839900016784668
YGL023C,YPL011C,0,-0.9182378,0.10619280487298965,0.9980000257492065,0.8399999737739563
YPR124W,YDR354W,0,-0.91825247,0.10618150979280472,0.9980000257492065,0.8400999903678894
YLR378C,YER098W,0,-0.9183991,0.10617021471261978,0.9980000257492065,0.8402000069618225
YIL128W,YNL321W,0,-0.918736,0.10615891963243484,0.9980000257492065,0.8403000235557556
YNL059C,YGL053W,0,-0.91946626,0.10614762455224991,0.9980000257492065,0.840399980545044
YBL035C,YDR082W,0,-0.919696,0.10613633692264557,0.9980000257492065,0.840499997138977
YBR179C,YIL049W,0,-0.9201666,0.10612505674362183,0.9980000257492065,0.8406000137329102
YJR006W,YDL117W,0,-0.92023396,0.10611376911401749,0.9980000257492065,0.8406999707221985
YER104W,YLR369W,0,-0.92079294,0.10610248893499374,0.9980000257492065,0.8407999873161316
YER050C,YPL244C,0,-0.9209422,0.10609120875597,0.9980000257492065,0.8409000039100647
YOR327C,YMR261C,0,-0.92104113,0.10607992857694626,0.9980000257492065,0.8410000205039978
YNL078W,YDL194W,0,-0.92126,0.10606865584850311,0.9980000257492065,0.8410999774932861
YKR027W,YHL002W,0,-0.92146873,0.10605738312005997,0.9980000257492065,0.8411999940872192
YDL077C,YOR129C,0,-0.9217386,0.10604611784219742,0.9980000257492065,0.8413000106811523
YDL188C,YCL033C,0,-0.922325,0.10603485256433487,0.9980000257492065,0.8414000272750854
YIL159W,YER021W,0,-0.922807,0.10602358728647232,0.9980000257492065,0.8414999842643738
YOR049C,YDR217C,0,-0.922896,0.10601232200860977,0.9980000257492065,0.8416000008583069
YJL110C,YGL186C,0,-0.9229851,0.10600106418132782,0.9980000257492065,0.84170001745224
YGL060W,YGL037C,0,-0.9231633,0.10598980635404587,0.9980000257492065,0.8417999744415283
YDR028C,YEL022W,0,-0.9233004,0.10597854852676392,0.9980000257492065,0.8418999910354614
YDL102W,YMR075W,0,-0.9241643,0.10596729815006256,0.9980000257492065,0.8420000076293945
YPL075W,YFR042W,0,-0.9242432,0.1059560477733612,0.9980000257492065,0.8421000242233276
YGR004W,YGL125W,0,-0.92447543,0.10594479739665985,0.9980000257492065,0.842199981212616
YNR017W,YKL168C,0,-0.924611,0.10593355447053909,0.9980000257492065,0.8422999978065491
YNR046W,YDL035C,0,-0.9246894,0.10592231154441833,0.9980000257492065,0.8424000144004822
YPL096W,YER143W,0,-0.9249513,0.10591106861829758,0.9980000257492065,0.8424999713897705
YOR157C,YLR393W,0,-0.92522144,0.10589983314275742,0.9980000257492065,0.8425999879837036
YAL040C,YNL251C,0,-0.92526674,0.10588859766721725,0.9980000257492065,0.8427000045776367
YIL087C,YLL036C,0,-0.925449,0.1058773621916771,0.9980000257492065,0.8428000211715698
YNL288W,YDL135C,0,-0.92574406,0.10586612671613693,0.9980000257492065,0.8428999781608582
YPL223C,YMR193W,0,-0.9257567,0.10585489869117737,0.9980000257492065,0.8429999947547913
YBR253W,YKL093W,0,-0.9265126,0.1058436706662178,0.9980000257492065,0.8431000113487244
YDR497C,YML004C,0,-0.9267752,0.10583245009183884,0.9980000257492065,0.8432000279426575
YMR159C,YDR328C,0,-0.9269507,0.10582122951745987,0.9980000257492065,0.8432999849319458
YDR377W,YJR031C,0,-0.9269941,0.1058100089430809,0.9980000257492065,0.8434000015258789
YBR059C,YPL210C,0,-0.92708576,0.10579878836870193,0.9980000257492065,0.843500018119812
YKL006C-A,YCL039W,0,-0.9278388,0.10578757524490356,0.9980000257492065,0.8435999751091003
YKR100C,YBR114W,0,-0.92789984,0.1057763621211052,0.9980000257492065,0.8436999917030334
YMR030W,YJR040W,0,-0.92851615,0.10576515644788742,0.9980000257492065,0.8438000082969666
YML097C,YBR026C,0,-0.9288939,0.10575395077466965,0.9980000257492065,0.8439000248908997
YIL088C,YHR201C,0,-0.9290861,0.10574274510145187,0.9980000257492065,0.843999981880188
YLR220W,YGL151W,0,-0.9294642,0.1057315394282341,0.9980000257492065,0.8440999984741211
YDL004W,YKL149C,0,-0.93004346,0.10572034120559692,0.9980000257492065,0.8442000150680542
YMR055C,YLR345W,0,-0.93025684,0.10570914298295975,0.9980000257492065,0.8442999720573425
YJR082C,YKL012W,0,-0.9305841,0.10569794476032257,0.9980000257492065,0.8443999886512756
YLR052W,YJL127C,0,-0.93083405,0.10568675398826599,0.9980000257492065,0.8445000052452087
YKR099W,YJL042W,0,-0.93149436,0.10567556321620941,0.9980000257492065,0.8446000218391418
YKL005C,YDR127W,0,-0.93172884,0.10566437244415283,0.9980000257492065,0.8446999788284302
YFL034C-B,YPR111W,0,-0.93295705,0.10565318912267685,0.9980000257492065,0.8447999954223633
YBR094W,YGR044C,0,-0.9331658,0.10564200580120087,0.9980000257492065,0.8449000120162964
YJL210W,YJL127C,0,-0.93488455,0.10563082247972488,0.9980000257492065,0.8450000286102295
YBR298C,YOL145C,0,-0.93506336,0.1056196391582489,0.9980000257492065,0.8450999855995178
YHR119W,YGL104C,0,-0.9352807,0.10560846328735352,0.9980000257492065,0.8452000021934509
YDL168W,YLR128W,0,-0.93587315,0.10559729486703873,0.9980000257492065,0.845300018787384
YGL051W,YJR040W,0,-0.9359547,0.10558611899614334,0.9980000257492065,0.8453999757766724
YML028W,YER172C,0,-0.93640184,0.10557495057582855,0.9980000257492065,0.8454999923706055
YGR082W,YLL003W,0,-0.9369856,0.10556378215551376,0.9980000257492065,0.8456000089645386
YJR112W,YNL183C,0,-0.93710124,0.10555262118577957,0.9980000257492065,0.8457000255584717
YEL069C,YNL318C,0,-0.9372345,0.10554145276546478,0.9980000257492065,0.84579998254776
YGL226W,YGR040W,0,-0.9374249,0.10553029179573059,0.9980000257492065,0.8458999991416931
YDR204W,YER032W,0,-0.9376167,0.105519138276577,0.9980000257492065,0.8460000157356262
YOR193W,YFR028C,0,-0.9384048,0.1055079847574234,0.9980000257492065,0.8460999727249146
YJL184W,YLR259C,0,-0.9390981,0.1054968312382698,0.9980000257492065,0.8461999893188477
YHL033C,YMR118C,0,-0.9392302,0.10548567771911621,0.9980000257492065,0.8463000059127808
YNL079C,YPR075C,0,-0.9397105,0.10547453165054321,0.9980000257492065,0.8464000225067139
YGR097W,YKL025C,0,-0.93983984,0.10546338558197021,0.9980000257492065,0.8464999794960022
YFR036W,YPR154W,0,-0.9405464,0.10545223951339722,0.9980000257492065,0.8465999960899353
YGR161C,YKL145W,0,-0.9425528,0.10544110089540482,0.9980000257492065,0.8467000126838684
YOR340C,YFR052W,0,-0.942595,0.10542996227741241,0.9980000257492065,0.8468000292778015
YML118W,YPL046C,0,-0.94260955,0.10541882365942001,0.9980000257492065,0.8468999862670898
YNR046W,YAL015C,0,-0.9427645,0.10540769249200821,0.9980000257492065,0.847000002861023
YPR082C,YJR084W,0,-0.94302917,0.10539655387401581,0.9980000257492065,0.847100019454956
YKR026C,YOR273C,0,-0.9433913,0.1053854301571846,0.9980000257492065,0.8471999764442444
YMR216C,YHR004C,0,-0.9434308,0.1053742989897728,0.9980000257492065,0.8472999930381775
YLR071C,YOL108C,0,-0.94384694,0.10536317527294159,0.9980000257492065,0.8474000096321106
YHR191C,YJL083W,0,-0.9440862,0.10535205155611038,0.9980000257492065,0.8475000262260437
YGR082W,YDR264C,0,-0.94512856,0.10534093528985977,0.9980000257492065,0.847599983215332
YDR397C,YDR085C,0,-0.9451635,0.10532981902360916,0.9980000257492065,0.8476999998092651
YOR158W,YNL117W,0,-0.945802,0.10531870275735855,0.9980000257492065,0.8478000164031982
YOR358W,YBR202W,0,-0.94653475,0.10530758649110794,0.9980000257492065,0.8478999733924866
YJR046W,YER008C,0,-0.94678855,0.10529647767543793,0.9980000257492065,0.8479999899864197
YDL028C,YBR103W,0,-0.94694066,0.10528536885976791,0.9980000257492065,0.8481000065803528
YOR361C,YBR212W,0,-0.94751203,0.1052742600440979,0.9980000257492065,0.8482000231742859
YGL257C,YIR039C,0,-0.94782054,0.10526315867900848,0.9980000257492065,0.8482999801635742
YML008C,YJL057C,0,-0.94783187,0.10525205731391907,0.9980000257492065,0.8483999967575073
YDR316W,YDR472W,0,-0.9483869,0.10524095594882965,0.9980000257492065,0.8485000133514404
YBR042C,YNR031C,0,-0.9489609,0.10522986203432083,0.9980000257492065,0.8485999703407288
YGR231C,YDL028C,0,-0.9499161,0.10521876811981201,0.9980000257492065,0.8486999869346619
YBR008C,YEL062W,0,-0.95000803,0.10520767420530319,0.9980000257492065,0.848800003528595
YDR512C,YGL022W,0,-0.9501231,0.10519658774137497,0.9980000257492065,0.8489000201225281
YJL057C,YPL047W,0,-0.95100045,0.10518549382686615,0.9980000257492065,0.8489999771118164
YDL097C,YNR012W,0,-0.9511472,0.10517441481351852,0.9980000257492065,0.8490999937057495
YEL011W,YMR123W,0,-0.9514576,0.1051633283495903,0.9980000257492065,0.8492000102996826
YJR119C,YER042W,0,-0.9522661,0.10515224933624268,0.9980000257492065,0.8493000268936157
YAL060W,YKR044W,0,-0.9524423,0.10514117032289505,0.9980000257492065,0.849399983882904
YDR411C,YDL020C,0,-0.9526694,0.10513009876012802,0.9980000257492065,0.8495000004768372
YGR284C,YJL197W,0,-0.9528115,0.1051190197467804,0.9980000257492065,0.8496000170707703
YGL064C,YOR083W,0,-0.9533198,0.10510794818401337,0.9980000257492065,0.8496999740600586
YKR042W,YJR005W,0,-0.95333886,0.10509688407182693,0.9980000257492065,0.8497999906539917
YOR059C,YHR001W-A,0,-0.95338845,0.1050858199596405,0.9980000257492065,0.8499000072479248
YOR126C,YJR093C,0,-0.9537163,0.10507475584745407,0.9980000257492065,0.8500000238418579
YDL049C,YDL040C,0,-0.95382154,0.10506369173526764,0.9980000257492065,0.8500999808311462
YBR287W,YPL013C,0,-0.95414114,0.1050526350736618,0.9980000257492065,0.8501999974250793
YMR083W,YOL108C,0,-0.95444477,0.10504157096147537,0.9980000257492065,0.8503000140190125
YDR182W,YLR200W,0,-0.9549539,0.10503052175045013,0.9980000257492065,0.8503999710083008
YNL314W,YDR168W,0,-0.9559196,0.1050194650888443,0.9980000257492065,0.8504999876022339
YOR157C,YHR004C,0,-0.9561548,0.10500841587781906,0.9980000257492065,0.850600004196167
YKR064W,YOL108C,0,-0.9566548,0.10499736666679382,0.9980000257492065,0.8507000207901001
YEL070W,YLR183C,0,-0.9576771,0.10498632490634918,0.9980000257492065,0.8507999777793884
YMR167W,YGL257C,0,-0.958004,0.10497528314590454,0.9980000257492065,0.8508999943733215
YBL089W,YPL002C,0,-0.95801556,0.1049642413854599,0.9980000257492065,0.8510000109672546
YMR115W,YLR359W,0,-0.9582467,0.10495319962501526,0.9980000257492065,0.8511000275611877
YGL226W,YIL056W,0,-0.95847297,0.10494216531515121,0.9980000257492065,0.8511999845504761
YER041W,YPL047W,0,-0.95884335,0.10493113100528717,0.9980000257492065,0.8513000011444092
YOR360C,YAR035W,0,-0.96034765,0.10492010414600372,0.9980000257492065,0.8514000177383423
YBR200W,YNR023W,0,-0.96133316,0.10490906983613968,0.9980000257492065,0.8514999747276306
YGR028W,YPL167C,0,-0.9616296,0.10489804297685623,0.9980000257492065,0.8515999913215637
YJL100W,YJR112W,0,-0.96190095,0.10488702356815338,0.9980000257492065,0.8517000079154968
YLR328W,YBL016W,0,-0.9621322,0.10487599670886993,0.9980000257492065,0.8518000245094299
YOR361C,YJL036W,0,-0.96298075,0.10486497730016708,0.9980000257492065,0.8518999814987183
YJR125C,YPL036W,0,-0.96330285,0.10485395789146423,0.9980000257492065,0.8519999980926514
YHL028W,YEL001C,0,-0.9641286,0.10484294593334198,0.9980000257492065,0.8521000146865845
YNL267W,YDR164C,0,-0.964134,0.10483193397521973,0.9980000257492065,0.8521999716758728
YJR113C,YOL078W,0,-0.964237,0.10482092201709747,0.9980000257492065,0.8522999882698059
YLR383W,YML011C,0,-0.964455,0.10480991750955582,0.9980000257492065,0.852400004863739
YER040W,YGR284C,0,-0.9655267,0.10479890555143356,0.9980000257492065,0.8525000214576721
YOL042W,YBL046W,0,-0.9663167,0.1047879010438919,0.9980000257492065,0.8525999784469604
YDR331W,YOR357C,0,-0.9664453,0.10477690398693085,0.9980000257492065,0.8526999950408936
YHR166C,YDR153C,0,-0.96709037,0.10476590692996979,0.9980000257492065,0.8528000116348267
YDL018C,YLR190W,0,-0.967221,0.10475490987300873,0.9980000257492065,0.8529000282287598
YNR030W,YER003C,0,-0.9672774,0.10474391281604767,0.9980000257492065,0.8529999852180481
YFR040W,YER090W,0,-0.9681208,0.1047329232096672,0.9980000257492065,0.8531000018119812
YNL084C,YKL092C,0,-0.9687165,0.10472193360328674,0.9980000257492065,0.8532000184059143
YMR044W,YLR390W,0,-0.9693233,0.10471094399690628,0.9980000257492065,0.8532999753952026
YGL010W,YGL243W,0,-0.9701214,0.10469995439052582,0.9980000257492065,0.8533999919891357
YLR421C,YOR264W,0,-0.970803,0.10468897223472595,0.9980000257492065,0.8535000085830688
YDL178W,YCL004W,0,-0.97228813,0.10467799752950668,0.9980000257492065,0.853600025177002
YGR085C,YKL124W,0,-0.97266865,0.10466701537370682,0.9980000257492065,0.8536999821662903
YKL130C,YMR231W,0,-0.9743216,0.10465604066848755,0.9980000257492065,0.8537999987602234
YLL039C,YOR133W,0,-0.9743843,0.10464506596326828,0.9980000257492065,0.8539000153541565
YNL286W,YOR219C,0,-0.97506094,0.10463409870862961,0.9980000257492065,0.8539999723434448
YMR158W,YBR129C,0,-0.9752089,0.10462312400341034,0.9980000257492065,0.8540999889373779
YDR382W,YJL053W,0,-0.9753525,0.10461215674877167,0.9980000257492065,0.854200005531311
YDR104C,YOR231W,0,-0.97692347,0.10460119694471359,0.9980000257492065,0.8543000221252441
YDR316W,YOR258W,0,-0.9771277,0.10459022969007492,0.9980000257492065,0.8543999791145325
YGR199W,YKR052C,0,-0.97768664,0.10457926988601685,0.9980000257492065,0.8544999957084656
YJL154C,YBR258C,0,-0.979203,0.10456831753253937,0.9980000257492065,0.8546000123023987
YDR287W,YDR373W,0,-0.97968936,0.10455735772848129,0.9980000257492065,0.8547000288963318
YDR237W,YDR423C,0,-0.9797392,0.10454640537500381,0.9980000257492065,0.8547999858856201
YGL071W,YEL051W,0,-0.98030686,0.10453545302152634,0.9980000257492065,0.8549000024795532
YDR409W,YOR273C,0,-0.98031926,0.10452450811862946,0.9980000257492065,0.8550000190734863
YBR217W,YMR020W,0,-0.9810649,0.10451356321573257,0.9980000257492065,0.8550999760627747
YDR009W,YMR274C,0,-0.9817989,0.1045026183128357,0.9980000257492065,0.8551999926567078
YIL143C,YPL259C,0,-0.98250806,0.10449167340993881,0.9980000257492065,0.8553000092506409
YNL153C,YOR071C,0,-0.98284674,0.10448073595762253,0.9980000257492065,0.855400025844574
YDL155W,YDR148C,0,-0.9832934,0.10446979850530624,0.9980000257492065,0.8554999828338623
YKR002W,YMR192W,0,-0.98363185,0.10445886850357056,0.9980000257492065,0.8555999994277954
YKR003W,YIL041W,0,-0.9836395,0.10444793105125427,0.9980000257492065,0.8557000160217285
YDR030C,YPL057C,0,-0.9840903,0.10443700104951859,0.9980000257492065,0.8557999730110168
YJR006W,YNL317W,0,-0.9843092,0.1044260784983635,0.9980000257492065,0.85589998960495
YNL118C,YNL093W,0,-0.98455215,0.10441514849662781,0.9980000257492065,0.8560000061988831
YOL017W,YGL131C,0,-0.9847219,0.10440422594547272,0.9980000257492065,0.8561000227928162
YJL187C,YLR242C,0,-0.98568213,0.10439330339431763,0.9980000257492065,0.8561999797821045
YNL094W,YBR086C,0,-0.98594236,0.10438238829374313,0.9980000257492065,0.8562999963760376
YBR215W,YGL121C,0,-0.98671424,0.10437147319316864,0.9980000257492065,0.8564000129699707
YOR304W,YMR205C,0,-0.9876213,0.10436055809259415,0.9980000257492065,0.8565000295639038
YLL043W,YPR052C,0,-0.9876232,0.10434964299201965,0.9980000257492065,0.8565999865531921
YBL092W,YFL009W,0,-0.9877597,0.10433873534202576,0.9980000257492065,0.8567000031471252
YER033C,YOR335C,0,-0.9877939,0.10432782769203186,0.9980000257492065,0.8568000197410583
YIL079C,YMR119W,0,-0.98798966,0.10431692004203796,0.9980000257492065,0.8568999767303467
YHR194W,YNR048W,0,-0.9881778,0.10430601984262466,0.9980000257492065,0.8569999933242798
YDR369C,YGL167C,0,-0.98824394,0.10429511964321136,0.9980000257492065,0.8571000099182129
YBR216C,YOL028C,0,-0.98926365,0.10428421944379807,0.9980000257492065,0.857200026512146
YOR227W,YPL007C,0,-0.9897288,0.10427332669496536,0.9980000257492065,0.8572999835014343
YMR227C,YML086C,0,-0.99121594,0.10426243394613266,0.9980000257492065,0.8574000000953674
YDR079W,YLL027W,0,-0.9917122,0.10425154119729996,0.9980000257492065,0.8575000166893005
YJL029C,YKL190W,0,-0.99275565,0.10424064844846725,0.9980000257492065,0.8575999736785889
YJR153W,YJR005W,0,-0.9931396,0.10422976315021515,0.9980000257492065,0.857699990272522
YBR278W,YIL156W,0,-0.9933367,0.10421887785196304,0.9980000257492065,0.8578000068664551
YPL042C,YGL131C,0,-0.9938015,0.10420800000429153,0.9980000257492065,0.8579000234603882
YGR084C,YNL239W,0,-0.9940678,0.10419711470603943,0.9980000257492065,0.8579999804496765
YPR075C,YBR085W,0,-0.995404,0.10418624430894852,0.9980000257492065,0.8580999970436096
YNL044W,YPL259C,0,-0.99574757,0.10417536646127701,0.9980000257492065,0.8582000136375427
YLR449W,YMR090W,0,-0.9965061,0.1041644886136055,0.9980000257492065,0.858299970626831
YDR144C,YLR258W,0,-0.99662113,0.10415361821651459,0.9980000257492065,0.8583999872207642
YGR183C,YOR197W,0,-0.9967532,0.10414275527000427,0.9980000257492065,0.8585000038146973
YAL030W,YPL083C,0,-0.99760854,0.10413188487291336,0.9980000257492065,0.8586000204086304
YHR150W,YLR116W,0,-0.997882,0.10412102192640305,0.9980000257492065,0.8586999773979187
YPR149W,YLR361C,0,-0.9982225,0.10411015897989273,0.9980000257492065,0.8587999939918518
YER048C,YER019C-A,0,-0.9989381,0.10409930348396301,0.9980000257492065,0.8589000105857849
YNL239W,YLR347C,0,-0.99896395,0.1040884405374527,0.9980000257492065,0.859000027179718
YML008C,YFL018C,0,-0.99913883,0.10407759249210358,0.9980000257492065,0.8590999841690063
YPL196W,YNL263C,0,-0.9992064,0.10406673699617386,0.9980000257492065,0.8592000007629395
YBR211C,YBR212W,0,-0.99925244,0.10405588895082474,0.9980000257492065,0.8593000173568726
YPL196W,YKL160W,0,-0.9994333,0.10404504090547562,0.9980000257492065,0.8593999743461609
YGL166W,YHR154W,0,-0.9995494,0.1040341928601265,0.9980000257492065,0.859499990940094
YCL017C,YDL005C,0,-0.99957156,0.10402334481477737,0.9980000257492065,0.8596000075340271
YDR395W,YOL111C,0,-1.0002785,0.10401250422000885,0.9980000257492065,0.8597000241279602
YBR008C,YPL176C,0,-1.0012292,0.10400167107582092,0.9980000257492065,0.8597999811172485
YLR240W,YNL173C,0,-1.0013279,0.1039908304810524,0.9980000257492065,0.8598999977111816
YPL171C,YML096W,0,-1.0017414,0.10397999733686447,0.9980000257492065,0.8600000143051147
YIR004W,YER015W,0,-1.0027847,0.10396916419267654,0.9980000257492065,0.8600999712944031
YGL125W,YOL055C,0,-1.002837,0.10395833104848862,0.9980000257492065,0.8601999878883362
YDR141C,YPL112C,0,-1.0035999,0.10394750535488129,0.9980000257492065,0.8603000044822693
YGL071W,YGR038W,0,-1.0038917,0.10393667966127396,0.9980000257492065,0.8604000210762024
YIL131C,YGR222W,0,-1.0042124,0.10392585396766663,0.9980000257492065,0.8604999780654907
YJL047C,YNL238W,0,-1.0042803,0.10391503572463989,0.9980000257492065,0.8605999946594238
YMR170C,YDR331W,0,-1.004361,0.10390421748161316,0.9980000257492065,0.8607000112533569
YGR144W,YAL016W,0,-1.0046276,0.10389339923858643,0.9980000257492065,0.86080002784729
YDL092W,YGR121C,0,-1.0051769,0.10388258844614029,0.9980000257492065,0.8608999848365784
YBR130C,YPR002W,0,-1.0052311,0.10387177020311356,0.9980000257492065,0.8610000014305115
YBR199W,YNL133C,0,-1.0055428,0.10386096686124802,0.9980000257492065,0.8611000180244446
YNL239W,YGR134W,0,-1.0057927,0.10385015606880188,0.9980000257492065,0.8611999750137329
YBL105C,YML004C,0,-1.006177,0.10383935272693634,0.9980000257492065,0.861299991607666
YBR188C,YOR321W,0,-1.006609,0.1038285493850708,0.9980000257492065,0.8614000082015991
YMR106C,YBL099W,0,-1.0078274,0.10381774604320526,0.9980000257492065,0.8615000247955322
YJR021C,YER087C-B,0,-1.008534,0.10380695015192032,0.9980000257492065,0.8615999817848206
YKR054C,YMR040W,0,-1.0087802,0.10379615426063538,0.9980000257492065,0.8616999983787537
YMR068W,YKR079C,0,-1.0091124,0.10378535836935043,0.9980000257492065,0.8618000149726868
YPR128C,YOR358W,0,-1.0094141,0.10377456247806549,0.9980000257492065,0.8618999719619751
YGR171C,YPR058W,0,-1.0094433,0.10376377403736115,0.9980000257492065,0.8619999885559082
YHR166C,YBL041W,0,-1.0098155,0.1037529855966568,0.9980000257492065,0.8621000051498413
YGR096W,YIL135C,0,-1.0101423,0.10374220460653305,0.9980000257492065,0.8622000217437744
YOR279C,YER058W,0,-1.01082,0.1037314236164093,0.9980000257492065,0.8622999787330627
YDR530C,YOR156C,0,-1.0109074,0.10372064262628555,0.9980000257492065,0.8623999953269958
YCL017C,YGR271W,0,-1.0109367,0.1037098616361618,0.9980000257492065,0.862500011920929
YER100W,YDL047W,0,-1.0114405,0.10369908809661865,0.9980000257492065,0.8626000285148621
YMR323W,YML102W,0,-1.0114607,0.1036883145570755,0.9980000257492065,0.8626999855041504
YAL026C,YLR424W,0,-1.0122142,0.10367754101753235,0.9980000257492065,0.8628000020980835
YEL051W,YOR299W,0,-1.0124247,0.1036667674779892,0.9980000257492065,0.8629000186920166
YDR202C,YJL184W,0,-1.0124589,0.10365600138902664,0.9980000257492065,0.8629999756813049
YLR136C,YDR477W,0,-1.01274,0.10364523530006409,0.9980000257492065,0.863099992275238
YER122C,YDR235W,0,-1.0131537,0.10363447666168213,0.9980000257492065,0.8632000088691711
YOR035C,YBR288C,0,-1.0136487,0.10362371802330017,0.9980000257492065,0.8633000254631042
YAL024C,YDL209C,0,-1.0138214,0.10361295938491821,0.9980000257492065,0.8633999824523926
YJL004C,YDL045C,0,-1.0138389,0.10360220074653625,0.9980000257492065,0.8634999990463257
YHR205W,YLL042C,0,-1.0139313,0.1035914495587349,0.9980000257492065,0.8636000156402588
YKL193C,YHR041C,0,-1.0145185,0.10358069837093353,0.9980000257492065,0.8636999726295471
YPL230W,YHR060W,0,-1.0145226,0.10356994718313217,0.9980000257492065,0.8637999892234802
YNL113W,YML013W,0,-1.0152539,0.10355919599533081,0.9980000257492065,0.8639000058174133
YDR001C,YML073C,0,-1.0157709,0.10354845225811005,0.9980000257492065,0.8640000224113464
YHR106W,YDR034C,0,-1.0163571,0.10353770852088928,0.9980000257492065,0.8640999794006348
YBR179C,YHR111W,0,-1.0171283,0.10352697223424911,0.9980000257492065,0.8641999959945679
YML065W,YPR200C,0,-1.0174437,0.10351623594760895,0.9980000257492065,0.864300012588501
YMR269W,YHR051W,0,-1.018677,0.10350549966096878,0.9980000257492065,0.8644000291824341
YLR155C,YIL066C,0,-1.0187652,0.10349476337432861,0.9980000257492065,0.8644999861717224
YPL119C,YMR192W,0,-1.0195335,0.10348403453826904,0.9980000257492065,0.8646000027656555
YEL031W,YKR087C,0,-1.0195998,0.10347330570220947,0.9980000257492065,0.8647000193595886
YNL076W,YGL203C,0,-1.020318,0.1034625768661499,0.9980000257492065,0.864799976348877
YHR178W,YNL083W,0,-1.0204325,0.10345184803009033,0.9980000257492065,0.8648999929428101
YJR082C,YKL091C,0,-1.0204587,0.10344112664461136,0.9980000257492065,0.8650000095367432
YNL142W,YIL023C,0,-1.020655,0.10343040525913239,0.9980000257492065,0.8651000261306763
YHR124W,YKL194C,0,-1.0234396,0.10341969132423401,0.9980000257492065,0.8651999831199646
YNL297C,YOR090C,0,-1.0237427,0.10340896993875504,0.9980000257492065,0.8652999997138977
YFR050C,YNL258C,0,-1.0245311,0.10339825600385666,0.9980000257492065,0.8654000163078308
YNL251C,YDR182W,0,-1.0247437,0.10338754951953888,0.9980000257492065,0.8654999732971191
YOL044W,YDR100W,0,-1.024935,0.1033768355846405,0.9980000257492065,0.8655999898910522
YOR388C,YDR439W,0,-1.0251856,0.10336612910032272,0.9980000257492065,0.8657000064849854
YOR367W,YNL294C,0,-1.0255097,0.10335543006658554,0.9980000257492065,0.8658000230789185
YDR471W,YHR190W,0,-1.0257697,0.10334472358226776,0.9980000257492065,0.8658999800682068
YER101C,YJR092W,0,-1.0260923,0.10333402454853058,0.9980000257492065,0.8659999966621399
YBR077C,YNL094W,0,-1.0266397,0.1033233255147934,0.9980000257492065,0.866100013256073
YDR385W,YDL243C,0,-1.027042,0.10331262648105621,0.9980000257492065,0.8661999702453613
YKL035W,YKL029C,0,-1.027091,0.10330193489789963,0.9980000257492065,0.8662999868392944
YOR363C,YNR010W,0,-1.0274427,0.10329124331474304,0.9980000257492065,0.8664000034332275
YPL129W,YFR047C,0,-1.028039,0.10328055173158646,0.9980000257492065,0.8665000200271606
YDR043C,YCL036W,0,-1.028363,0.10326986759901047,0.9980000257492065,0.866599977016449
YLR166C,YMR180C,0,-1.0288208,0.10325918346643448,0.9980000257492065,0.8666999936103821
YNL023C,YDL022W,0,-1.0294175,0.10324849933385849,0.9980000257492065,0.8668000102043152
YFR042W,YOL004W,0,-1.0294622,0.1032378226518631,0.9980000257492065,0.8669000267982483
YNL299W,YOR299W,0,-1.029608,0.10322713851928711,0.9980000257492065,0.8669999837875366
YNL138W,YGR134W,0,-1.0300102,0.10321646183729172,0.9980000257492065,0.8671000003814697
YOR083W,YPL001W,0,-1.030177,0.10320579260587692,0.9980000257492065,0.8672000169754028
YKL193C,YLR033W,0,-1.0304061,0.10319511592388153,0.9980000257492065,0.8672999739646912
YJR102C,YOR030W,0,-1.0304329,0.10318444669246674,0.9980000257492065,0.8673999905586243
YPR006C,YDR135C,0,-1.0315967,0.10317378491163254,0.9980000257492065,0.8675000071525574
YDR160W,YKL041W,0,-1.0316689,0.10316311568021774,0.9980000257492065,0.8676000237464905
YLR103C,YPR121W,0,-1.032423,0.10315245389938354,0.9980000257492065,0.8676999807357788
YPL118W,YPR072W,0,-1.0324483,0.10314179211854935,0.9980000257492065,0.8677999973297119
YCL052C,YLR262C,0,-1.0324521,0.10313113778829575,0.9980000257492065,0.867900013923645
YDR204W,YKL032C,0,-1.0326934,0.10312047600746155,0.9980000257492065,0.8679999709129333
YDR332W,YDR195W,0,-1.0333095,0.10310982167720795,0.9980000257492065,0.8680999875068665
YML007W,YGL243W,0,-1.0341959,0.10309917479753494,0.9980000257492065,0.8682000041007996
YIL008W,YOR089C,0,-1.0348201,0.10308852046728134,0.9980000257492065,0.8683000206947327
YJL098W,YGL181W,0,-1.0348648,0.10307787358760834,0.9980000257492065,0.868399977684021
YDR111C,YGL237C,0,-1.0354894,0.10306723415851593,0.9980000257492065,0.8684999942779541
YLR039C,YOR362C,0,-1.0355673,0.10305658727884293,0.9980000257492065,0.8686000108718872
YDR518W,YIR025W,0,-1.0357637,0.10304594784975052,0.9980000257492065,0.8687000274658203
YBR221C,YPR182W,0,-1.0358025,0.10303530842065811,0.9980000257492065,0.8687999844551086
YPR025C,YPL069C,0,-1.0365741,0.1030246689915657,0.9980000257492065,0.8689000010490417
YLR233C,YCR093W,0,-1.0370467,0.1030140370130539,0.9980000257492065,0.8690000176429749
YJL128C,YGR186W,0,-1.038152,0.10300340503454208,0.9980000257492065,0.8690999746322632
YPL233W,YER008C,0,-1.0382466,0.10299277305603027,0.9980000257492065,0.8691999912261963
YBL011W,YBR150C,0,-1.0383456,0.10298214852809906,0.9980000257492065,0.8693000078201294
YGR281W,YGL192W,0,-1.0389216,0.10297152400016785,0.9980000257492065,0.8694000244140625
YER123W,YBR215W,0,-1.0392716,0.10296089947223663,0.9980000257492065,0.8694999814033508
YOR227W,YDL104C,0,-1.0393591,0.10295027494430542,0.9980000257492065,0.8695999979972839
YOL095C,YGL018C,0,-1.039413,0.1029396578669548,0.9980000257492065,0.869700014591217
YOR064C,YNL038W,0,-1.0406108,0.10292904078960419,0.9980000257492065,0.8697999715805054
YDR244W,YCR027C,0,-1.0408369,0.10291843116283417,0.9980000257492065,0.8698999881744385
YER104W,YOL009C,0,-1.0424068,0.10290781408548355,0.9980000257492065,0.8700000047683716
YDR522C,YOL110W,0,-1.0427036,0.10289720445871353,0.9980000257492065,0.8701000213623047
YNR012W,YNR006W,0,-1.0434443,0.10288659483194351,0.9980000257492065,0.870199978351593
YGL125W,YDR113C,0,-1.044008,0.10287599265575409,0.9980000257492065,0.8702999949455261
YLR284C,YLR200W,0,-1.0442257,0.10286539047956467,0.9980000257492065,0.8704000115394592
YBL089W,YBR216C,0,-1.0451894,0.10285478830337524,0.9980000257492065,0.8705000281333923
YBR077C,YMR231W,0,-1.045447,0.10284418612718582,0.9980000257492065,0.8705999851226807
YDL207W,YDL243C,0,-1.0456295,0.102833591401577,0.9980000257492065,0.8707000017166138
YPL192C,YNL083W,0,-1.0476303,0.10282299667596817,0.9980000257492065,0.8708000183105469
YBR180W,YBL038W,0,-1.04774,0.10281240195035934,0.9980000257492065,0.8708999752998352
YHR135C,YFL003C,0,-1.0478866,0.10280181467533112,0.9980000257492065,0.8709999918937683
YHR124W,YGR038W,0,-1.0482049,0.10279122740030289,0.9980000257492065,0.8711000084877014
YMR207C,YGR044C,0,-1.0485196,0.10278064012527466,0.9980000257492065,0.8712000250816345
YEL070W,YLR453C,0,-1.0489073,0.10277005285024643,0.9980000257492065,0.8712999820709229
YCR008W,YPL046C,0,-1.0490446,0.1027594730257988,0.9980000257492065,0.871399998664856
YFL033C,YGR227W,0,-1.0498276,0.10274889320135117,0.9980000257492065,0.8715000152587891
YJL003W,YBR228W,0,-1.0499918,0.10273831337690353,0.9980000257492065,0.8715999722480774
YBR301W,YML067C,0,-1.0507002,0.1027277410030365,0.9980000257492065,0.8716999888420105
YDR148C,YBR172C,0,-1.05152,0.10271716862916946,0.9980000257492065,0.8718000054359436
YGL098W,YLR228C,0,-1.0518563,0.10270659625530243,0.9980000257492065,0.8719000220298767
YOR038C,YIL014W,0,-1.0534298,0.10269603133201599,0.9980000257492065,0.871999979019165
YDR085C,YNR039C,0,-1.0534856,0.10268545895814896,0.9980000257492065,0.8720999956130981
YKR066C,YGR216C,0,-1.0538176,0.10267489403486252,0.9980000257492065,0.8722000122070312
YPR149W,YOR274W,0,-1.0538219,0.10266433656215668,0.9980000257492065,0.8723000288009644
YLR027C,YLR077W,0,-1.0538605,0.10265377163887024,0.9980000257492065,0.8723999857902527
YLL019C,YER176W,0,-1.0538847,0.1026432141661644,0.9980000257492065,0.8725000023841858
YNL267W,YLR026C,0,-1.0539999,0.10263266414403915,0.9980000257492065,0.8726000189781189
YIL137C,YKL134C,0,-1.0542328,0.10262210667133331,0.9980000257492065,0.8726999759674072
YPR131C,YLL042C,0,-1.054314,0.10261155664920807,0.9980000257492065,0.8727999925613403
YGL047W,YKL211C,0,-1.0544134,0.10260100662708282,0.9980000257492065,0.8729000091552734
YPL016W,YDR394W,0,-1.05461,0.10259046405553818,0.9980000257492065,0.8730000257492065
YKL144C,YOL052C-A,0,-1.0548568,0.10257991403341293,0.9980000257492065,0.8730999827384949
YOL068C,YDR383C,0,-1.0551958,0.10256937146186829,0.9980000257492065,0.873199999332428
YDR530C,YLL036C,0,-1.0553676,0.10255882889032364,0.9980000257492065,0.8733000159263611
YER109C,YNL183C,0,-1.0560347,0.10254829376935959,0.9980000257492065,0.8733999729156494
YNR053C,YDR255C,0,-1.0567528,0.10253775864839554,0.9980000257492065,0.8734999895095825
YNL025C,YER039C,0,-1.0570059,0.10252722352743149,0.9980000257492065,0.8736000061035156
YKL003C,YDL223C,0,-1.05737,0.10251669585704803,0.9980000257492065,0.8737000226974487
YMR200W,YOR357C,0,-1.0577452,0.10250616073608398,0.9980000257492065,0.8737999796867371
YOR098C,YIR038C,0,-1.0582565,0.10249563306570053,0.9980000257492065,0.8738999962806702
YBR004C,YJL057C,0,-1.0582769,0.10248511284589767,0.9980000257492065,0.8740000128746033
YDL227C,YDL072C,0,-1.0591826,0.10247458517551422,0.9980000257492065,0.8741000294685364
YFL009W,YLR313C,0,-1.0599093,0.10246406495571136,0.9980000257492065,0.8741999864578247
YGR166W,YLR310C,0,-1.0616714,0.10245354473590851,0.9980000257492065,0.8743000030517578
YGR161C,YHR060W,0,-1.0617625,0.10244303196668625,0.9980000257492065,0.8744000196456909
YKL160W,YGR193C,0,-1.0623509,0.10243251919746399,0.9980000257492065,0.8744999766349792
YDR176W,YMR173W,0,-1.0626298,0.10242200642824173,0.9980000257492065,0.8745999932289124
YML008C,YBR298C,0,-1.0640512,0.10241149365901947,0.9980000257492065,0.8747000098228455
YBR120C,YIL002C,0,-1.0643361,0.10240098834037781,0.9980000257492065,0.8748000264167786
YDR302W,YLR047C,0,-1.0644934,0.10239047557115555,0.9980000257492065,0.8748999834060669
YHR200W,YGL133W,0,-1.0645957,0.10237997770309448,0.9980000257492065,0.875
YPL008W,YLR077W,0,-1.0648282,0.10236947238445282,0.9980000257492065,0.8751000165939331
YPR082C,YLR383W,0,-1.0651109,0.10235897451639175,0.9980000257492065,0.8751999735832214
YHR106W,YLR069C,0,-1.0656168,0.10234847664833069,0.9980000257492065,0.8752999901771545
YKR056W,YER141W,0,-1.065935,0.10233797878026962,0.9980000257492065,0.8754000067710876
YKR080W,YFR014C,0,-1.0666531,0.10232748836278915,0.9980000257492065,0.8755000233650208
YNL148C,YPL007C,0,-1.0672917,0.10231699794530869,0.9980000257492065,0.8755999803543091
YOR177C,YML069W,0,-1.0674123,0.10230650752782822,0.9980000257492065,0.8756999969482422
YBL050W,YIL137C,0,-1.0678763,0.10229602456092834,0.9980000257492065,0.8758000135421753
YOR126C,YKL005C,0,-1.0681443,0.10228554159402847,0.9980000257492065,0.8758999705314636
YFR044C,YBR129C,0,-1.0686351,0.1022750586271286,0.9980000257492065,0.8759999871253967
YHL022C,YOL033W,0,-1.069299,0.10226457566022873,0.9980000257492065,0.8761000037193298
YHR133C,YJL123C,0,-1.0697436,0.10225410014390945,0.9980000257492065,0.8762000203132629
YLR034C,YLR113W,0,-1.0699048,0.10224362462759018,0.9980000257492065,0.8762999773025513
YGR140W,YDR460W,0,-1.0700991,0.1022331491112709,0.9980000257492065,0.8763999938964844
YOL102C,YDR451C,0,-1.0701756,0.10222268104553223,0.9980000257492065,0.8765000104904175
YJR086W,YER101C,0,-1.0706546,0.10221220552921295,0.9980000257492065,0.8766000270843506
YDR200C,YBL016W,0,-1.0706613,0.10220173746347427,0.9980000257492065,0.8766999840736389
YLR362W,YPR068C,0,-1.0708988,0.10219127684831619,0.9980000257492065,0.876800000667572
YKL067W,YLR033W,0,-1.071949,0.10218081623315811,0.9980000257492065,0.8769000172615051
YKL073W,YGR080W,0,-1.0722067,0.10217035561800003,0.9980000257492065,0.8769999742507935
YPR100W,YPL175W,0,-1.0722357,0.10215989500284195,0.9980000257492065,0.8770999908447266
YOL028C,YJL099W,0,-1.0723413,0.10214943438768387,0.9980000257492065,0.8772000074386597
YGR171C,YBL102W,0,-1.0724599,0.10213898122310638,0.9980000257492065,0.8773000240325928
YGL134W,YKL087C,0,-1.0724763,0.1021285280585289,0.9980000257492065,0.8773999810218811
YBR052C,YLR190W,0,-1.0727553,0.10211808234453201,0.9980000257492065,0.8774999976158142
YDR150W,YGL017W,0,-1.0735617,0.10210762917995453,0.9980000257492065,0.8776000142097473
YGR113W,YMR089C,0,-1.0746946,0.10209718346595764,0.9980000257492065,0.8776999711990356
YOR359W,YGR278W,0,-1.0761546,0.10208674520254135,0.9980000257492065,0.8777999877929688
YDL052C,YJR083C,0,-1.0763,0.10207629948854446,0.9980000257492065,0.8779000043869019
YGR206W,YDR119W,0,-1.0763105,0.10206586122512817,0.9980000257492065,0.878000020980835
YGR040W,YMR214W,0,-1.0763671,0.10205542296171188,0.9980000257492065,0.8780999779701233
YDR469W,YLR395C,0,-1.0764693,0.10204499214887619,0.9980000257492065,0.8781999945640564
YGR282C,YNL103W,0,-1.077173,0.1020345538854599,0.9980000257492065,0.8783000111579895
YDR369C,YPL104W,0,-1.0771986,0.1020241230726242,0.9980000257492065,0.8784000277519226
YDR080W,YOR275C,0,-1.0773994,0.10201369971036911,0.9980000257492065,0.8784999847412109
YLR028C,YMR113W,0,-1.0775969,0.10200326889753342,0.9980000257492065,0.878600001335144
YHR124W,YNL030W,0,-1.0778008,0.10199284553527832,0.9980000257492065,0.8787000179290771
YCL029C,YGL037C,0,-1.07796,0.10198242217302322,0.9980000257492065,0.8787999749183655
YDR328C,YPL223C,0,-1.0781081,0.10197200626134872,0.9980000257492065,0.8788999915122986
YOR071C,YPL180W,0,-1.080272,0.10196158289909363,0.9980000257492065,0.8790000081062317
YPL188W,YNR048W,0,-1.0806494,0.10195116698741913,0.9980000257492065,0.8791000247001648
YLR256W,YBR234C,0,-1.0812219,0.10194075852632523,0.9980000257492065,0.8791999816894531
YKL048C,YPL083C,0,-1.081279,0.10193034261465073,0.9980000257492065,0.8792999982833862
YFR024C-A,YOR197W,0,-1.0824937,0.10191993415355682,0.9980000257492065,0.8794000148773193
YNL005C,YER042W,0,-1.0831702,0.10190952569246292,0.9980000257492065,0.8794999718666077
YEL030W,YNL118C,0,-1.0833981,0.10189912468194962,0.9980000257492065,0.8795999884605408
YGL226C-A,YKL007W,0,-1.0836743,0.10188871622085571,0.9980000257492065,0.8797000050544739
YBR093C,YKL012W,0,-1.0845675,0.10187831521034241,0.9980000257492065,0.879800021648407
YML008C,YMR137C,0,-1.0847341,0.1018679216504097,0.9980000257492065,0.8798999786376953
YDL076C,YHL020C,0,-1.0847405,0.10185752063989639,0.9980000257492065,0.8799999952316284
YDL198C,YOR132W,0,-1.0849807,0.10184712707996368,0.9980000257492065,0.8801000118255615
YNL278W,YLR405W,0,-1.0852294,0.10183673352003098,0.9980000257492065,0.8802000284194946
YBR281C,YMR286W,0,-1.0858023,0.10182634741067886,0.9980000257492065,0.880299985408783
YPR189W,YFL038C,0,-1.0860155,0.10181595385074615,0.9980000257492065,0.8804000020027161
YER123W,YCR088W,0,-1.0860882,0.10180556774139404,0.9980000257492065,0.8805000185966492
YDR438W,YOR295W,0,-1.0861243,0.10179518908262253,0.9980000257492065,0.8805999755859375
YOL089C,YDR302W,0,-1.0863464,0.10178480297327042,0.9980000257492065,0.8806999921798706
YMR195W,YMR005W,0,-1.0869656,0.1017744243144989,0.9980000257492065,0.8808000087738037
YGL107C,YHR057C,0,-1.0870367,0.10176404565572739,0.9980000257492065,0.8809000253677368
YLR431C,YML021C,0,-1.0872118,0.10175366699695587,0.9980000257492065,0.8809999823570251
YIL144W,YER124C,0,-1.0888271,0.10174329578876495,0.9980000257492065,0.8810999989509583
YMR092C,YKR085C,0,-1.0888937,0.10173292458057404,0.9980000257492065,0.8812000155448914
YLR163C,YLL004W,0,-1.0896225,0.10172255337238312,0.9980000257492065,0.8812999725341797
YMR078C,YDL147W,0,-1.0896482,0.1017121896147728,0.9980000257492065,0.8813999891281128
YDR201W,YBR046C,0,-1.0897878,0.10170182585716248,0.9980000257492065,0.8815000057220459
YHR146W,YOR140W,0,-1.0899775,0.10169146209955215,0.9980000257492065,0.881600022315979
YER022W,YPR009W,0,-1.0900352,0.10168109834194183,0.9980000257492065,0.8816999793052673
YBL089W,YOR353C,0,-1.0902239,0.10167074203491211,0.9980000257492065,0.8817999958992004
YLR023C,YOR371C,0,-1.0906185,0.10166038572788239,0.9980000257492065,0.8819000124931335
YKL022C,YPL215W,0,-1.0908847,0.10165002942085266,0.9980000257492065,0.8820000290870667
YHR178W,YPL104W,0,-1.0909202,0.10163968056440353,0.9980000257492065,0.882099986076355
YIR033W,YJR084W,0,-1.0918553,0.10162932425737381,0.9980000257492065,0.8822000026702881
YPR034W,YEL019C,0,-1.0920401,0.10161898285150528,0.9980000257492065,0.8823000192642212
YPL255W,YPL004C,0,-1.092073,0.10160863399505615,0.9980000257492065,0.8823999762535095
YLL052C,YIL041W,0,-1.0924098,0.10159829258918762,0.9980000257492065,0.8824999928474426
YCL008C,YFR050C,0,-1.0933088,0.10158795118331909,0.9980000257492065,0.8826000094413757
YIR010W,YIR018W,0,-1.09444,0.10157760977745056,0.9980000257492065,0.8827000260353088
YLR080W,YKL079W,0,-1.0944464,0.10156726837158203,0.9980000257492065,0.8827999830245972
YOR241W,YBL011W,0,-1.094456,0.1015569344162941,0.9980000257492065,0.8828999996185303
YNL123W,YGR278W,0,-1.094605,0.10154660046100616,0.9980000257492065,0.8830000162124634
YIR011C,YBR103W,0,-1.0946445,0.10153626650571823,0.9980000257492065,0.8830999732017517
YNL037C,YFL048C,0,-1.0952346,0.1015259400010109,0.9980000257492065,0.8831999897956848
YDR528W,YDR267C,0,-1.0955588,0.10151561349630356,0.9980000257492065,0.8833000063896179
YIL143C,YOR219C,0,-1.0959623,0.10150528699159622,0.9980000257492065,0.883400022983551
YCL029C,YDR142C,0,-1.0960448,0.10149496793746948,0.9980000257492065,0.8834999799728394
YBR281C,YOR324C,0,-1.0976739,0.10148464143276215,0.9980000257492065,0.8835999965667725
YLR285W,YNL192W,0,-1.0982285,0.101474329829216,0.9980000257492065,0.8837000131607056
YLR066W,YDR323C,0,-1.0988894,0.10146401077508926,0.9980000257492065,0.8838000297546387
YGL172W,YHR057C,0,-1.0993576,0.10145369172096252,0.9980000257492065,0.883899986743927
YER122C,YMR159C,0,-1.0993769,0.10144338011741638,0.9980000257492065,0.8840000033378601
YOR141C,YBR004C,0,-1.0997525,0.10143307596445084,0.9980000257492065,0.8841000199317932
YGL226C-A,YER143W,0,-1.1000524,0.1014227643609047,0.9980000257492065,0.8841999769210815
YKR068C,YDR085C,0,-1.1021173,0.10141246020793915,0.9980000257492065,0.8842999935150146
YLR080W,YPR161C,0,-1.103125,0.1014021560549736,0.9980000257492065,0.8844000101089478
YBR008C,YGL020C,0,-1.1031497,0.10139185190200806,0.9980000257492065,0.8845000267028809
YML046W,YOR267C,0,-1.1039383,0.10138155519962311,0.9980000257492065,0.8845999836921692
YNL224C,YLR305C,0,-1.1040776,0.10137125104665756,0.9980000257492065,0.8847000002861023
YPL040C,YLR423C,0,-1.1048658,0.10136096179485321,0.9980000257492065,0.8848000168800354
YKR022C,YDR168W,0,-1.1054983,0.10135066509246826,0.9980000257492065,0.8848999738693237
YER109C,YLR289W,0,-1.1058965,0.10134037584066391,0.9980000257492065,0.8849999904632568
YIL046W,YLR312W-A,0,-1.1061406,0.10133008658885956,0.9980000257492065,0.8851000070571899
YOL023W,YKR046C,0,-1.1065872,0.1013197973370552,0.9980000257492065,0.885200023651123
YKL126W,YLR386W,0,-1.1079907,0.10130950808525085,0.9980000257492065,0.8852999806404114
YNR069C,YMR225C,0,-1.1082613,0.1012992262840271,0.9980000257492065,0.8853999972343445
YNL312W,YJL078C,0,-1.1084092,0.10128894448280334,0.9980000257492065,0.8855000138282776
YJR140C,YJR082C,0,-1.1085265,0.10127867013216019,0.9980000257492065,0.8855999708175659
YNL233W,YLL033W,0,-1.1085653,0.10126838833093643,0.9980000257492065,0.885699987411499
YLR026C,YDR498C,0,-1.1087203,0.10125811398029327,0.9980000257492065,0.8858000040054321
YEL051W,YNL239W,0,-1.109643,0.10124784708023071,0.9980000257492065,0.8859000205993652
YDL010W,YNL082W,0,-1.1097283,0.10123757272958755,0.9980000257492065,0.8859999775886536
YAL014C,YGR172C,0,-1.109787,0.101227305829525,0.9980000257492065,0.8860999941825867
YMR117C,YJL036W,0,-1.1103532,0.10121703892946243,0.9980000257492065,0.8862000107765198
YKL020C,YBL056W,0,-1.110466,0.10120677202939987,0.9980000257492065,0.8863000273704529
YFL008W,YML013W,0,-1.1105756,0.10119651257991791,0.9980000257492065,0.8863999843597412
YMR020W,YGL058W,0,-1.1112559,0.10118625313043594,0.9980000257492065,0.8865000009536743
YOL009C,YMR035W,0,-1.1126516,0.10117599368095398,0.9980000257492065,0.8866000175476074
YJL154C,YLR272C,0,-1.1129128,0.10116573423147202,0.9980000257492065,0.8866999745368958
YLR039C,YOR180C,0,-1.1135619,0.10115548223257065,0.9980000257492065,0.8867999911308289
YDL092W,YCR036W,0,-1.1141572,0.10114523023366928,0.9980000257492065,0.886900007724762
YDR244W,YJL012C,0,-1.11498,0.10113497823476791,0.9980000257492065,0.8870000243186951
YJL035C,YPL147W,0,-1.1150068,0.10112473368644714,0.9980000257492065,0.8870999813079834
YOR377W,YBR260C,0,-1.1159658,0.10111448913812637,0.9980000257492065,0.8871999979019165
YPL190C,YJL197W,0,-1.1164389,0.1011042445898056,0.9980000257492065,0.8873000144958496
YHR109W,YNL317W,0,-1.1164443,0.10109400004148483,0.9980000257492065,0.8873999714851379
YOR162C,YMR197C,0,-1.1171179,0.10108376294374466,0.9980000257492065,0.887499988079071
YAL026C,YLR190W,0,-1.1176381,0.10107352584600449,0.9980000257492065,0.8876000046730042
YKL002W,YLR017W,0,-1.1178927,0.10106328874826431,0.9980000257492065,0.8877000212669373
YLL019C,YFR027W,0,-1.1183523,0.10105305910110474,0.9980000257492065,0.8877999782562256
YBL007C,YHR152W,0,-1.1196859,0.10104282945394516,0.9980000257492065,0.8878999948501587
YBR217W,YML086C,0,-1.1199512,0.10103259980678558,0.9980000257492065,0.8880000114440918
YNL328C,YOL045W,0,-1.1212595,0.10102237015962601,0.9980000257492065,0.8881000280380249
YDL201W,YMR280C,0,-1.1213332,0.10101214796304703,0.9980000257492065,0.8881999850273132
YGR271W,YNL258C,0,-1.1226355,0.10100192576646805,0.9980000257492065,0.8883000016212463
YJL167W,YFR052W,0,-1.1227189,0.10099170356988907,0.9980000257492065,0.8884000182151794
YBR290W,YDL058W,0,-1.1228702,0.10098148137331009,0.9980000257492065,0.8884999752044678
YNL082W,YFL050C,0,-1.1228828,0.1009712666273117,0.9980000257492065,0.8885999917984009
YNL037C,YDL087C,0,-1.1231914,0.10096105188131332,0.9980000257492065,0.888700008392334
YNR053C,YGL121C,0,-1.1242001,0.10095083713531494,0.9980000257492065,0.8888000249862671
YGR271W,YMR225C,0,-1.1242261,0.10094062983989716,0.9980000257492065,0.8888999819755554
YOL051W,YOR086C,0,-1.1244013,0.10093042254447937,0.9980000257492065,0.8889999985694885
YNL102W,YIL017C,0,-1.1248026,0.10092021524906158,0.9980000257492065,0.8891000151634216
YDR452W,YGL212W,0,-1.1251911,0.1009100079536438,0.9980000257492065,0.88919997215271
YOR101W,YDL025C,0,-1.1255459,0.10089980810880661,0.9980000257492065,0.8892999887466431
YPL053C,YOR194C,0,-1.1256653,0.10088960826396942,0.9980000257492065,0.8894000053405762
YML059C,YDL059C,0,-1.1264147,0.10087940841913223,0.9980000257492065,0.8895000219345093
YDL079C,YJR014W,0,-1.1270444,0.10086921602487564,0.9980000257492065,0.8895999789237976
YBR078W,YMR113W,0,-1.1272241,0.10085901618003845,0.9980000257492065,0.8896999955177307
YJL085W,YDR498C,0,-1.1274277,0.10084883123636246,0.9980000257492065,0.8898000121116638
YGR084C,YFR050C,0,-1.1275784,0.10083863884210587,0.9980000257492065,0.8899000287055969
YLR451W,YBR216C,0,-1.1280997,0.10082845389842987,0.9980000257492065,0.8899999856948853
YOR149C,YDR268W,0,-1.1282578,0.10081826150417328,0.9980000257492065,0.8901000022888184
YMR121C,YDL230W,0,-1.1289093,0.10080808401107788,0.9980000257492065,0.8902000188827515
YJR082C,YDL243C,0,-1.1289825,0.10079789906740189,0.9980000257492065,0.8902999758720398
YDL232W,YFL061W,0,-1.1303308,0.10078772157430649,0.9980000257492065,0.8903999924659729
YFR019W,YMR268C,0,-1.1308708,0.10077754408121109,0.9980000257492065,0.890500009059906
YOR016C,YCL017C,0,-1.1310917,0.10076736658811569,0.9980000257492065,0.8906000256538391
YLR119W,YBR182C,0,-1.132111,0.10075719654560089,0.9980000257492065,0.8906999826431274
YLR376C,YDL149W,0,-1.1322669,0.1007470190525055,0.9980000257492065,0.8907999992370605
YMR117C,YLR117C,0,-1.1335686,0.10073684900999069,0.9980000257492065,0.8909000158309937
YCR067C,YKL002W,0,-1.1335794,0.10072668641805649,0.9980000257492065,0.890999972820282
YJL162C,YGR174C,0,-1.133631,0.10071652382612228,0.9980000257492065,0.8910999894142151
YKL167C,YDR411C,0,-1.1341562,0.10070635378360748,0.9980000257492065,0.8912000060081482
YER149C,YML051W,0,-1.1347127,0.10069619864225388,0.9980000257492065,0.8913000226020813
YHR001W,YGL017W,0,-1.13487,0.10068603605031967,0.9980000257492065,0.8913999795913696
YGL067W,YMR275C,0,-1.1349149,0.10067588090896606,0.9980000257492065,0.8914999961853027
YKL045W,YOL045W,0,-1.1355516,0.10066572576761246,0.9980000257492065,0.8916000127792358
YGR258C,YJL184W,0,-1.1360266,0.10065557062625885,0.9980000257492065,0.891700029373169
YMR182C,YBL066C,0,-1.1361419,0.10064542293548584,0.9980000257492065,0.8917999863624573
YOL095C,YMR025W,0,-1.1362712,0.10063527524471283,0.9980000257492065,0.8919000029563904
YAL005C,YLR138W,0,-1.1365607,0.10062512755393982,0.9980000257492065,0.8920000195503235
YNL069C,YKR067W,0,-1.1369207,0.10061497986316681,0.9980000257492065,0.8920999765396118
YLR080W,YIL128W,0,-1.1370095,0.1006048396229744,0.9980000257492065,0.8921999931335449
YOL148C,YJL099W,0,-1.1379936,0.10059469938278198,0.9980000257492065,0.892300009727478
YBR005W,YMR273C,0,-1.1382222,0.10058455914258957,0.9980000257492065,0.8924000263214111
YBR081C,YDR171W,0,-1.1385313,0.10057442635297775,0.9980000257492065,0.8924999833106995
YBL052C,YIL030C,0,-1.1392677,0.10056428611278534,0.9980000257492065,0.8925999999046326
YMR067C,YGR221C,0,-1.1398575,0.10055415332317352,0.9980000257492065,0.8927000164985657
YLR353W,YBR101C,0,-1.1399769,0.1005440279841423,0.9980000257492065,0.892799973487854
YKL065C,YMR192W,0,-1.1407052,0.10053389519453049,0.9980000257492065,0.8928999900817871
YMR172W,YNL160W,0,-1.140763,0.10052376985549927,0.9980000257492065,0.8930000066757202
YBL099W,YPR162C,0,-1.1410024,0.10051364451646805,0.9980000257492065,0.8931000232696533
YMR079W,YDR208W,0,-1.1417658,0.10050352662801743,0.9980000257492065,0.8931999802589417
YMR156C,YLL010C,0,-1.1427679,0.1004934012889862,0.9980000257492065,0.8932999968528748
YOL026C,YDL214C,0,-1.1430749,0.10048328340053558,0.9980000257492065,0.8934000134468079
YKL161C,YGR215W,0,-1.1433139,0.10047317296266556,0.9980000257492065,0.8934999704360962
YDL227C,YFR010W,0,-1.1433731,0.10046305507421494,0.9980000257492065,0.8935999870300293
YOR329C,YER041W,0,-1.1446197,0.10045294463634491,0.9980000257492065,0.8937000036239624
YCL032W,YBR095C,0,-1.1448722,0.10044283419847488,0.9980000257492065,0.8938000202178955
YLR095C,YBL046W,0,-1.1455283,0.10043272376060486,0.9980000257492065,0.8938999772071838
YMR269W,YPL015C,0,-1.1458033,0.10042262077331543,0.9980000257492065,0.8939999938011169
YOR190W,YOL060C,0,-1.1459475,0.100412517786026,0.9980000257492065,0.89410001039505
YDR464W,YJR044C,0,-1.1460471,0.10040241479873657,0.9980000257492065,0.8942000269889832
YPL016W,YPL046C,0,-1.1463197,0.10039231181144714,0.9980000257492065,0.8942999839782715
YKL201C,YNL154C,0,-1.1463877,0.10038221627473831,0.9980000257492065,0.8944000005722046
YPR075C,YML011C,0,-1.1465771,0.10037212073802948,0.9980000257492065,0.8945000171661377
YLR136C,YNL103W,0,-1.1473322,0.10036202520132065,0.9980000257492065,0.894599974155426
YNL008C,YER023W,0,-1.1474396,0.10035193711519241,0.9980000257492065,0.8946999907493591
YGR052W,YLR292C,0,-1.1474901,0.10034184902906418,0.9980000257492065,0.8948000073432922
YLR362W,YOR231W,0,-1.1477349,0.10033176094293594,0.9980000257492065,0.8949000239372253
YNR012W,YBR177C,0,-1.1481961,0.10032167285680771,0.9980000257492065,0.8949999809265137
YOR081C,YKL033W,0,-1.1484737,0.10031159222126007,0.9980000257492065,0.8950999975204468
YLR421C,YKL168C,0,-1.1485611,0.10030150413513184,0.9980000257492065,0.8952000141143799
YML118W,YJL059W,0,-1.1506327,0.1002914309501648,0.9980000257492065,0.8952999711036682
YLR336C,YKR066C,0,-1.1511801,0.10028135031461716,0.9980000257492065,0.8953999876976013
YJR140C,YDR067C,0,-1.1512394,0.10027127712965012,0.9980000257492065,0.8955000042915344
YCR071C,YDR081C,0,-1.1516087,0.10026120394468307,0.9980000257492065,0.8956000208854675
YPR017C,YOL111C,0,-1.1516328,0.10025113075971603,0.9980000257492065,0.8956999778747559
YMR288W,YGR013W,0,-1.151664,0.10024105757474899,0.9980000257492065,0.895799994468689
YPR061C,YER003C,0,-1.1526594,0.10023099184036255,0.9980000257492065,0.8959000110626221
YGR020C,YKR001C,0,-1.1548166,0.1002209261059761,0.9980000257492065,0.8960000276565552
YNL183C,YDL232W,0,-1.1549866,0.10021086782217026,0.9980000257492065,0.8960999846458435
YAL032C,YBL007C,0,-1.1556094,0.10020080208778381,0.9980000257492065,0.8962000012397766
YPR120C,YLR178C,0,-1.1559216,0.10019074380397797,0.9980000257492065,0.8963000178337097
YHR079C,YAL016W,0,-1.156434,0.10018068552017212,0.9980000257492065,0.896399974822998
YKL145W,YLL036C,0,-1.1577477,0.10017063468694687,0.9980000257492065,0.8964999914169312
YOR195W,YBR201W,0,-1.1581204,0.10016057640314102,0.9980000257492065,0.8966000080108643
YOL062C,YMR077C,0,-1.1583288,0.10015052556991577,0.9980000257492065,0.8967000246047974
YOL155C,YBR188C,0,-1.1584111,0.10014047473669052,0.9980000257492065,0.8967999815940857
YOL104C,YNL076W,0,-1.159945,0.10013043135404587,0.9980000257492065,0.8968999981880188
YNL199C,YER142C,0,-1.1599892,0.10012038797140121,0.9980000257492065,0.8970000147819519
YDL079C,YLR209C,0,-1.1606886,0.10011034458875656,0.9980000257492065,0.8970999717712402
YLR119W,YDR080W,0,-1.1617155,0.10010030120611191,0.9980000257492065,0.8971999883651733
YJL183W,YKL091C,0,-1.1623307,0.10009026527404785,0.9980000257492065,0.8973000049591064
YNL142W,YOL060C,0,-1.1627554,0.1000802218914032,0.9980000257492065,0.8974000215530396
YPR104C,YNL222W,1,-1.1628308,0.10017046332359314,0.9990000128746033,0.8974000215530396
YMR053C,YHR205W,0,-1.1635786,0.10016041994094849,0.9990000128746033,0.8974999785423279
YGR247W,YNL133C,0,-1.1650372,0.10015037655830383,0.9990000128746033,0.897599995136261
YDL194W,YOL113W,0,-1.165104,0.10014033317565918,0.9990000128746033,0.8977000117301941
YKL148C,YOR148C,0,-1.165329,0.10013029724359512,0.9990000128746033,0.8978000283241272
YJL020C,YDL247W,0,-1.1653945,0.10012026131153107,0.9990000128746033,0.8978999853134155
YDR453C,YPL268W,0,-1.1656421,0.10011023283004761,0.9990000128746033,0.8980000019073486
YJL074C,YCR068W,0,-1.1658132,0.10010019689798355,0.9990000128746033,0.8981000185012817
YGR258C,YOL006C,0,-1.1660289,0.10009016841650009,0.9990000128746033,0.8981999754905701
YDR058C,YMR014W,0,-1.1662645,0.10008014738559723,0.9990000128746033,0.8982999920845032
YJR108W,YLR272C,0,-1.1664385,0.10007011890411377,0.9990000128746033,0.8984000086784363
YIL007C,YDR206W,0,-1.1666963,0.10006009787321091,0.9990000128746033,0.8985000252723694
YKL090W,YDR097C,0,-1.1672426,0.10005007684230804,0.9990000128746033,0.8985999822616577
YDR162C,YOR118W,0,-1.1672938,0.10004005581140518,0.9990000128746033,0.8986999988555908
YDL134C,YKL041W,0,-1.1673431,0.10003004223108292,0.9990000128746033,0.8988000154495239
YMR182C,YLR047C,0,-1.1685531,0.10002002120018005,0.9990000128746033,0.8988999724388123
YHR008C,YBR260C,0,-1.1686275,0.10001000761985779,0.9990000128746033,0.8989999890327454
YPR075C,YLR025W,0,-1.1690798,0.10000000149011612,0.9990000128746033,0.8991000056266785
YNR012W,YMR262W,0,-1.1692649,0.09998998790979385,0.9990000128746033,0.8992000222206116
YGL254W,YLR425W,0,-1.1695385,0.09997998178005219,0.9990000128746033,0.8992999792098999
YOR335C,YGL196W,0,-1.1702263,0.09996997565031052,0.9990000128746033,0.899399995803833
YPL164C,YPL233W,0,-1.1711631,0.09995997697114944,0.9990000128746033,0.8995000123977661
YPR018W,YIR038C,0,-1.1714354,0.09994997829198837,0.9990000128746033,0.8996000289916992
YKL167C,YOL095C,0,-1.1715401,0.0999399796128273,0.9990000128746033,0.8996999859809875
YBR227C,YKL168C,0,-1.1716791,0.09992998093366623,0.9990000128746033,0.8998000025749207
YFL009W,YBL008W,0,-1.1716987,0.09991998225450516,0.9990000128746033,0.8999000191688538
YDR328C,YNL298W,0,-1.1722679,0.09990999102592468,0.9990000128746033,0.8999999761581421
YOR279C,YIR028W,0,-1.1723516,0.09989999979734421,0.9990000128746033,0.9000999927520752
YNL288W,YBR112C,0,-1.1728716,0.09989000856876373,0.9990000128746033,0.9002000093460083
YBR287W,YML064C,0,-1.1732235,0.09988002479076385,0.9990000128746033,0.9003000259399414
YNR002C,YOL115W,0,-1.173533,0.09987004101276398,0.9990000128746033,0.9003999829292297
YER129W,YOL051W,0,-1.1739726,0.0998600572347641,0.9990000128746033,0.9004999995231628
YPR199C,YBL005W,0,-1.1743876,0.09985007345676422,0.9990000128746033,0.900600016117096
YNL038W,YCL039W,0,-1.1746063,0.09984009712934494,0.9990000128746033,0.9006999731063843
YCL044C,YOL054W,0,-1.1746775,0.09983012080192566,0.9990000128746033,0.9007999897003174
YKL090W,YHR079C,0,-1.1766132,0.09982014447450638,0.9990000128746033,0.9009000062942505
YBL031W,YMR322C,0,-1.1766874,0.0998101681470871,0.9990000128746033,0.9010000228881836
YNL037C,YNL167C,0,-1.1770355,0.09980019927024841,0.9990000128746033,0.9010999798774719
YMR231W,YJR005W,0,-1.1771016,0.09979023039340973,0.9990000128746033,0.901199996471405
YMR039C,YKR067W,0,-1.1775973,0.09978026151657104,0.9990000128746033,0.9013000130653381
YGL049C,YGR199W,0,-1.1777961,0.09977030009031296,0.9990000128746033,0.9014000296592712
YLR039C,YGL071W,0,-1.1786506,0.09976033866405487,0.9990000128746033,0.9014999866485596
YJL187C,YPR046W,0,-1.1796438,0.09975037723779678,0.9990000128746033,0.9016000032424927
YNL025C,YBL063W,0,-1.1800072,0.0997404158115387,0.9990000128746033,0.9017000198364258
YKL139W,YKL190W,0,-1.180045,0.0997304618358612,0.9990000128746033,0.9017999768257141
YGL200C,YMR040W,0,-1.1803968,0.09972050040960312,0.9990000128746033,0.9018999934196472
YLL026W,YLR017W,0,-1.1808357,0.09971054643392563,0.9990000128746033,0.9020000100135803
YPL072W,YDL091C,0,-1.181668,0.09970059990882874,0.9990000128746033,0.9021000266075134
YIL106W,YMR041C,0,-1.1818825,0.09969064593315125,0.9990000128746033,0.9021999835968018
YFR031C,YOL148C,0,-1.1822503,0.09968069940805435,0.9990000128746033,0.9023000001907349
YER123W,YDL093W,0,-1.1829083,0.09967076033353806,0.9990000128746033,0.902400016784668
YGL219C,YJL212C,0,-1.183376,0.09966081380844116,0.9990000128746033,0.9024999737739563
YLR368W,YGR013W,0,-1.1845828,0.09965087473392487,0.9990000128746033,0.9025999903678894
YDL236W,YKL079W,0,-1.1849465,0.09964093565940857,0.9990000128746033,0.9027000069618225
YIL064W,YMR090W,0,-1.1853831,0.09963099658489227,0.9990000128746033,0.9028000235557556
YER048C,YNR059W,0,-1.1868105,0.09962105751037598,0.9990000128746033,0.902899980545044
YGR084C,YEL006W,0,-1.1868929,0.09961112588644028,0.9990000128746033,0.902999997138977
YMR232W,YDL105W,0,-1.1871965,0.09960119426250458,0.9990000128746033,0.9031000137329102
YDL054C,YBL105C,0,-1.1879932,0.09959127008914948,0.9990000128746033,0.9031999707221985
YMR284W,YLR193C,0,-1.1886806,0.09958133846521378,0.9990000128746033,0.9032999873161316
YPR188C,YGL098W,0,-1.1903474,0.09957141429185867,0.9990000128746033,0.9034000039100647
YOR329C,YDL104C,0,-1.1904097,0.09956149011850357,0.9990000128746033,0.9035000205039978
YPL045W,YGR044C,0,-1.1907687,0.09955156594514847,0.9990000128746033,0.9035999774932861
YKL055C,YGL038C,0,-1.1909398,0.09954164922237396,0.9990000128746033,0.9036999940872192
YMR169C,YKR071C,0,-1.1912441,0.09953173249959946,0.9990000128746033,0.9038000106811523
YLR324W,YER003C,0,-1.1916502,0.09952181577682495,0.9990000128746033,0.9039000272750854
YLR223C,YCR030C,0,-1.1919228,0.09951190650463104,0.9990000128746033,0.9039999842643738
YDL197C,YPL007C,0,-1.193111,0.09950198978185654,0.9990000128746033,0.9041000008583069
YPR024W,YDR323C,0,-1.1945593,0.09949208050966263,0.9990000128746033,0.90420001745224
YHR166C,YMR133W,0,-1.1946455,0.09948217123746872,0.9990000128746033,0.9042999744415283
YJL138C,YMR041C,0,-1.1946784,0.09947226941585541,0.9990000128746033,0.9043999910354614
YNL094W,YDR190C,0,-1.1951154,0.0994623675942421,0.9990000128746033,0.9045000076293945
YGL219C,YGL068W,0,-1.195693,0.09945246577262878,0.9990000128746033,0.9046000242233276
YGR260W,YDL098C,0,-1.1956937,0.09944256395101547,0.9990000128746033,0.904699981212616
YHL002W,YHR120W,0,-1.1964189,0.09943266957998276,0.9990000128746033,0.9047999978065491
YIL066C,YOR132W,0,-1.1964977,0.09942276775836945,0.9990000128746033,0.9049000144004822
YAL026C,YBL031W,0,-1.1979804,0.09941287338733673,0.9990000128746033,0.9049999713897705
YLR130C,YDR058C,0,-1.1981454,0.09940298646688461,0.9990000128746033,0.9050999879837036
YPR017C,YBR102C,0,-1.1981739,0.0993930920958519,0.9990000128746033,0.9052000045776367
YBL066C,YDL225W,0,-1.1990665,0.09938320517539978,0.9990000128746033,0.9053000211715698
YKL208W,YPL178W,1,-1.1995797,0.09947279095649719,1.0,0.9053000211715698
YGL241W,YLL027W,0,-1.2000097,0.09946290403604507,1.0,0.9053999781608582
YPR082C,YPL215W,0,-1.201431,0.09945300966501236,1.0,0.9054999947547913
YBR079C,YGL121C,0,-1.2014496,0.09944311529397964,1.0,0.9056000113487244
YMR117C,YCR079W,0,-1.2035444,0.09943322837352753,1.0,0.9057000279426575
YGL166W,YIL085C,0,-1.2040322,0.09942334145307541,1.0,0.9057999849319458
YOL089C,YAL022C,0,-1.2041953,0.09941346198320389,1.0,0.9059000015258789
YLR011W,YOR190W,0,-1.2043718,0.09940357506275177,1.0,0.906000018119812
YPL015C,YLR262C,0,-1.204705,0.09939369559288025,1.0,0.9060999751091003
YMR199W,YFL049W,0,-1.2053182,0.09938382357358932,1.0,0.9061999917030334
YIL144W,YKL119C,0,-1.2053187,0.0993739441037178,1.0,0.9063000082969666
YLL027W,YDL220C,0,-1.2056134,0.09936407208442688,1.0,0.9064000248908997
YNL087W,YML004C,0,-1.2067242,0.09935420006513596,1.0,0.906499981880188
YBR221C,YMR186W,0,-1.2068534,0.09934432804584503,1.0,0.9065999984741211
YCR060W,YDR406W,0,-1.2072742,0.09933445602655411,1.0,0.9067000150680542
YCR011C,YKL176C,0,-1.2074033,0.09932459145784378,1.0,0.9067999720573425
YOR329C,YGL145W,0,-1.2074759,0.09931472688913345,1.0,0.9068999886512756
YCR052W,YOL042W,0,-1.2075043,0.09930486232042313,1.0,0.9070000052452087
YGL130W,YPL209C,0,-1.2083974,0.0992950052022934,1.0,0.9071000218391418
YNL006W,YJR049C,0,-1.208705,0.09928514808416367,1.0,0.9071999788284302
YGL254W,YOL034W,0,-1.2097938,0.09927529096603394,1.0,0.9072999954223633
YFR036W,YOL110W,0,-1.2098918,0.0992654338479042,1.0,0.9074000120162964
YPR067W,YGL086W,0,-1.2104344,0.09925558418035507,1.0,0.9075000286102295
YMR076C,YHR057C,0,-1.2112683,0.09924573451280594,1.0,0.9075999855995178
YIL006W,YNL326C,0,-1.2114526,0.0992358848452568,1.0,0.9077000021934509
YJL137C,YIL035C,0,-1.2118897,0.09922603517770767,1.0,0.907800018787384
YJL174W,YLR028C,0,-1.2119688,0.09921619296073914,1.0,0.9078999757766724
YLR067C,YDR072C,0,-1.2134283,0.0992063507437706,1.0,0.9079999923706055
YOL112W,YNL064C,0,-1.2134942,0.09919650852680206,1.0,0.9081000089645386
YKL146W,YJL138C,0,-1.2135578,0.09918666630983353,1.0,0.9082000255584717
YDR240C,YOR117W,0,-1.213713,0.09917683154344559,1.0,0.90829998254776
YOR189W,YHR079C,0,-1.2143843,0.09916699677705765,1.0,0.9083999991416931
YDR422C,YJR050W,0,-1.215048,0.09915716201066971,1.0,0.9085000157356262
YDL045W-A,YGL065C,0,-1.2160614,0.09914733469486237,1.0,0.9085999727249146
YHR106W,YKR079C,0,-1.2163434,0.09913750737905502,1.0,0.9086999893188477
YDR416W,YIL154C,0,-1.2171357,0.09912768006324768,1.0,0.9088000059127808
YPL061W,YOR272W,0,-1.2179395,0.09911785274744034,1.0,0.9089000225067139
YNL107W,YGR239C,0,-1.2183797,0.099108025431633,1.0,0.9089999794960022
YGL181W,YBL071W-A,0,-1.2183973,0.09909820556640625,1.0,0.9090999960899353
YAL005C,YPR111W,0,-1.2189602,0.0990883857011795,1.0,0.9092000126838684
YPL120W,YDR216W,0,-1.2211871,0.09907856583595276,1.0,0.9093000292778015
YHR082C,YFL050C,0,-1.2220769,0.09906875342130661,1.0,0.9093999862670898
YMR202W,YDR530C,0,-1.2221344,0.09905894100666046,1.0,0.909500002861023
YIR013C,YBR170C,0,-1.2221665,0.09904912859201431,1.0,0.909600019454956
YIL062C,YOR074C,0,-1.222219,0.09903931617736816,1.0,0.9096999764442444
YJL128C,YDR498C,0,-1.223961,0.09902951121330261,1.0,0.9097999930381775
YHR205W,YJL095W,0,-1.2240384,0.09901970624923706,1.0,0.9099000096321106
YNL026W,YKL175W,0,-1.2240525,0.09900990128517151,1.0,0.9100000262260437
YKL045W,YKL015W,0,-1.2265607,0.09900009632110596,1.0,0.910099983215332
YOL096C,YOR189W,0,-1.2267414,0.098990298807621,1.0,0.9101999998092651
YAL039C,YML013W,0,-1.2267647,0.09898050129413605,1.0,0.9103000164031982
YKL220C,YJR133W,0,-1.2275226,0.09897070378065109,1.0,0.9103999733924866
YHR001W,YJL174W,0,-1.2275676,0.09896091371774673,1.0,0.9104999899864197
YOR261C,YJL112W,0,-1.2280465,0.09895111620426178,1.0,0.9106000065803528
YJR102C,YML071C,0,-1.2280916,0.09894132614135742,1.0,0.9107000231742859
YGR082W,YKL126W,0,-1.2288098,0.09893153607845306,1.0,0.9107999801635742
YJL178C,YBR081C,0,-1.2291491,0.0989217534661293,1.0,0.9108999967575073
YKL205W,YJL003W,0,-1.2295878,0.09891197085380554,1.0,0.9110000133514404
YDR350C,YBR103W,0,-1.2298414,0.09890218824148178,1.0,0.9110999703407288
YPL117C,YBR070C,0,-1.2299907,0.09889240562915802,1.0,0.9111999869346619
YDL159W,YER058W,0,-1.2302603,0.09888262301683426,1.0,0.911300003528595
YBL099W,YNL062C,0,-1.2314777,0.0988728478550911,1.0,0.9114000201225281
YER050C,YDR489W,0,-1.2315649,0.09886307269334793,1.0,0.9114999771118164
YHR141C,YIL036W,0,-1.2316866,0.09885330498218536,1.0,0.9115999937057495
YBR081C,YJR131W,0,-1.2317972,0.0988435298204422,1.0,0.9117000102996826
YKL138C,YOR011W,0,-1.2319348,0.09883376210927963,1.0,0.9118000268936157
YKL113C,YPR001W,0,-1.2326468,0.09882399439811707,1.0,0.911899983882904
YJR118C,YLR027C,0,-1.2329775,0.0988142266869545,1.0,0.9120000004768372
YDR287W,YNL020C,0,-1.2338889,0.09880446642637253,1.0,0.9121000170707703
YFR042W,YIL068C,0,-1.2339145,0.09879470616579056,1.0,0.9121999740600586
YBR060C,YJL078C,0,-1.2353272,0.09878494590520859,1.0,0.9122999906539917
YDL134C,YNL054W,0,-1.2355813,0.09877518564462662,1.0,0.9124000072479248
YML126C,YDR482C,0,-1.2360489,0.09876543283462524,1.0,0.9125000238418579
YIR011C,YDL198C,0,-1.2368453,0.09875568002462387,1.0,0.9125999808311462
YKL049C,YDL054C,0,-1.2376138,0.0987459272146225,1.0,0.9126999974250793
YFL009W,YGL129C,0,-1.2378588,0.09873617440462112,1.0,0.9128000140190125
YNL116W,YMR035W,0,-1.2381067,0.09872642904520035,1.0,0.9128999710083008
YOR059C,YNL284C,0,-1.2388837,0.09871668368577957,1.0,0.9129999876022339
YOR301W,YCR008W,0,-1.2392948,0.0987069383263588,1.0,0.913100004196167
YGR216C,YDL149W,0,-1.2397853,0.09869720041751862,1.0,0.9132000207901001
YNL029C,YHR008C,0,-1.2399383,0.09868745505809784,1.0,0.9132999777793884
YNL102W,YDR079W,0,-1.2412935,0.09867771714925766,1.0,0.9133999943733215
YBR155W,YPR149W,0,-1.2415742,0.09866797924041748,1.0,0.9135000109672546
YNL073W,YJL179W,0,-1.2426803,0.0986582487821579,1.0,0.9136000275611877
YJL091C,YGL216W,0,-1.2434356,0.09864851832389832,1.0,0.9136999845504761
YDR264C,YLR229C,0,-1.2436638,0.09863878786563873,1.0,0.9138000011444092
YOR323C,YNR031C,0,-1.2441484,0.09862905740737915,1.0,0.9139000177383423
YOL113W,YMR270C,0,-1.2447131,0.09861932694911957,1.0,0.9139999747276306
YMR271C,YGR199W,0,-1.2454621,0.09860960394144058,1.0,0.9140999913215637
YOR353C,YOR054C,0,-1.2457898,0.0985998809337616,1.0,0.9142000079154968
YOR064C,YHR185C,0,-1.2466191,0.09859015792608261,1.0,0.9143000245094299
YMR053C,YNL231C,0,-1.2467271,0.09858044236898422,1.0,0.9143999814987183
YIR028W,YPL187W,0,-1.2479851,0.09857072681188583,1.0,0.9144999980926514
YOR227W,YFL009W,0,-1.2483871,0.09856101125478745,1.0,0.9146000146865845
YLR251W,YDL102W,0,-1.2485831,0.09855129569768906,1.0,0.9146999716758728
YNL297C,YPL209C,0,-1.2487671,0.09854158759117126,1.0,0.9147999882698059
YKR055W,YFL061W,0,-1.2490358,0.09853187203407288,1.0,0.914900004863739
YKR052C,YJR099W,0,-1.2492495,0.09852216392755508,1.0,0.9150000214576721
YLR229C,YNL192W,0,-1.2493676,0.09851246327161789,1.0,0.9150999784469604
YJR117W,YMR097C,0,-1.2499017,0.0985027551651001,1.0,0.9151999950408936
YOL088C,YLR431C,0,-1.2505815,0.0984930545091629,1.0,0.9153000116348267
YMR180C,YNL142W,0,-1.2511307,0.09848335385322571,1.0,0.9154000282287598
YLR039C,YML032C,0,-1.2513765,0.09847366064786911,1.0,0.9154999852180481
YNR036C,YGR040W,0,-1.2517868,0.09846395999193192,1.0,0.9156000018119812
YLR102C,YML010W,0,-1.2520134,0.09845426678657532,1.0,0.9157000184059143
YLR080W,YDR078C,0,-1.2522694,0.09844457358121872,1.0,0.9157999753952026
YLR431C,YBR260C,0,-1.2534864,0.09843488782644272,1.0,0.9158999919891357
YPR100W,YNL258C,0,-1.2535115,0.09842519462108612,1.0,0.9160000085830688
YLL027W,YNL216W,0,-1.2542062,0.09841550886631012,1.0,0.916100025177002
YDR411C,YMR097C,0,-1.2547957,0.09840582311153412,1.0,0.9161999821662903
YDL076C,YJR034W,0,-1.2549245,0.09839614480733871,1.0,0.9162999987602234
YOL124C,YMR029C,0,-1.2550975,0.09838645905256271,1.0,0.9164000153541565
YPR199C,YKL175W,0,-1.2557876,0.09837678074836731,1.0,0.9164999723434448
YBR302C,YML071C,0,-1.2564058,0.0983671024441719,1.0,0.9165999889373779
YKL148C,YDL225W,0,-1.2571841,0.0983574315905571,1.0,0.916700005531311
YOL104C,YIR022W,0,-1.2578044,0.09834776073694229,1.0,0.9168000221252441
YML100W,YDR429C,0,-1.2579286,0.09833808988332748,1.0,0.9168999791145325
YPR009W,YNL241C,0,-1.2583723,0.09832841902971268,1.0,0.9169999957084656
YOR138C,YML032C,0,-1.258423,0.09831874817609787,1.0,0.9171000123023987
YOL045W,YBR170C,0,-1.258637,0.09830908477306366,1.0,0.9172000288963318
YKL051W,YPL139C,0,-1.2591321,0.09829942137002945,1.0,0.9172999858856201
YKL167C,YDR189W,0,-1.2601871,0.09828975796699524,1.0,0.9174000024795532
YMR061W,YLR421C,0,-1.2606139,0.09828009456396103,1.0,0.9175000190734863
YDL178W,YPR182W,0,-1.2609892,0.09827043861150742,1.0,0.9175999760627747
YBR008C,YGR193C,0,-1.2613027,0.0982607826590538,1.0,0.9176999926567078
YGR171C,YNL192W,0,-1.261318,0.09825112670660019,1.0,0.9178000092506409
YDR076W,YIL154C,0,-1.262356,0.09824147820472717,1.0,0.917900025844574
YJL137C,YKL012W,0,-1.2624962,0.09823182970285416,1.0,0.9179999828338623
YBR199W,YIL120W,0,-1.2625699,0.09822218120098114,1.0,0.9180999994277954
YJR118C,YOR197W,0,-1.2625926,0.09821253269910812,1.0,0.9182000160217285
YBR128C,YLR272C,0,-1.2627202,0.09820288419723511,1.0,0.9182999730110168
YKL016C,YGR227W,0,-1.2632047,0.09819324314594269,1.0,0.91839998960495
YLR006C,YMR075W,0,-1.2635951,0.09818360209465027,1.0,0.9185000061988831
YGL013C,YHR059W,0,-1.2659324,0.09817396104335785,1.0,0.9186000227928162
YER022W,YBR170C,0,-1.2659376,0.09816432744264603,1.0,0.9186999797821045
YDR017C,YNL272C,0,-1.2674592,0.0981546938419342,1.0,0.9187999963760376
YBL050W,YDL070W,0,-1.2696432,0.09814506024122238,1.0,0.9189000129699707
YLR151C,YDR409W,0,-1.2700387,0.09813542664051056,1.0,0.9190000295639038
YJR102C,YBR115C,0,-1.2706741,0.09812580049037933,1.0,0.9190999865531921
YDL004W,YBL025W,0,-1.2726173,0.09811616688966751,1.0,0.9192000031471252
YNL116W,YAL061W,0,-1.2727485,0.09810654073953629,1.0,0.9193000197410583
YIL007C,YOR099W,0,-1.27286,0.09809692203998566,1.0,0.9193999767303467
YDR143C,YBL056W,0,-1.2734872,0.09808729588985443,1.0,0.9194999933242798
YJL029C,YOR298W,0,-1.2738957,0.0980776771903038,1.0,0.9196000099182129
YJL096W,YDR373W,0,-1.2740856,0.09806805849075317,1.0,0.919700026512146
YOL017W,YJR119C,0,-1.277314,0.09805843979120255,1.0,0.9197999835014343
YDR207C,YGR224W,0,-1.2773843,0.09804882854223251,1.0,0.9199000000953674
YBR081C,YOL148C,0,-1.2780457,0.09803921729326248,1.0,0.9200000166893005
YPL248C,YMR110C,0,-1.2784113,0.09802960604429245,1.0,0.9200999736785889
YML078W,YNL257C,0,-1.2804167,0.09801999479532242,1.0,0.920199990272522
YDR464W,YOL052C-A,0,-1.2804394,0.09801039099693298,1.0,0.9203000068664551
YMR269W,YLR203C,0,-1.2813838,0.09800078719854355,1.0,0.9204000234603882
YDL139C,YPR103W,0,-1.281951,0.09799118340015411,1.0,0.9204999804496765
YCR066W,YHR114W,0,-1.2830143,0.09798157960176468,1.0,0.9205999970436096
YML072C,YER008C,0,-1.2836752,0.09797198325395584,1.0,0.9207000136375427
YBL006C,YDR148C,0,-1.2860183,0.0979623794555664,1.0,0.920799970626831
YDL104C,YER166W,0,-1.2862628,0.09795278310775757,1.0,0.9208999872207642
YNL281W,YLR113W,0,-1.2866914,0.09794319421052933,1.0,0.9210000038146973
YCL016C,YDR268W,0,-1.2868924,0.09793359786272049,1.0,0.9211000204086304
YHR002W,YGR275W,0,-1.2870841,0.09792400896549225,1.0,0.9211999773979187
YBR086C,YDR468C,0,-1.2872806,0.09791442006826401,1.0,0.9212999939918518
YDR167W,YPR094W,0,-1.2877269,0.09790483862161636,1.0,0.9214000105857849
YLR362W,YLR355C,0,-1.2879364,0.09789524972438812,1.0,0.921500027179718
YER117W,YBR103W,0,-1.2886481,0.09788566827774048,1.0,0.9215999841690063
YLR353W,YOR178C,0,-1.288877,0.09787608683109283,1.0,0.9217000007629395
YBR127C,YDR427W,0,-1.2900968,0.09786651283502579,1.0,0.9218000173568726
YML051W,YGL208W,0,-1.2901844,0.09785693138837814,1.0,0.9218999743461609
YER129W,YNR037C,0,-1.2904639,0.0978473573923111,1.0,0.921999990940094
YKR055W,YNL047C,0,-1.290551,0.09783778339624405,1.0,0.9221000075340271
YMR154C,YIL118W,0,-1.2918453,0.0978282168507576,1.0,0.9222000241279602
YJL178C,YJL094C,0,-1.2922825,0.09781864285469055,1.0,0.9222999811172485
YMR158W,YLR220W,0,-1.2925229,0.0978090763092041,1.0,0.9223999977111816
YML029W,YNR023W,0,-1.2940028,0.09779950976371765,1.0,0.9225000143051147
YJR006W,YLR377C,0,-1.2940257,0.0977899506688118,1.0,0.9225999712944031
YFL025C,YPL259C,0,-1.294101,0.09778038412332535,1.0,0.9226999878883362
YIL030C,YFL008W,0,-1.2949456,0.0977708250284195,1.0,0.9228000044822693
YDR150W,YDR113C,0,-1.2954836,0.09776126593351364,1.0,0.9229000210762024
YHR123W,YKL134C,0,-1.2959771,0.09775171428918839,1.0,0.9229999780654907
YLL004W,YNL223W,0,-1.2960408,0.09774215519428253,1.0,0.9230999946594238
YLR166C,YLR310C,0,-1.2966446,0.09773260354995728,1.0,0.9232000112533569
YDR137W,YJL012C,0,-1.2967656,0.09772305190563202,1.0,0.92330002784729
YAL048C,YPR067W,0,-1.297011,0.09771350771188736,1.0,0.9233999848365784
YDR468C,YBR015C,0,-1.2970469,0.0977039560675621,1.0,0.9235000014305115
YGL061C,YDR427W,0,-1.2974548,0.09769441187381744,1.0,0.9236000180244446
YLR166C,YOR157C,0,-1.2977884,0.09768486768007278,1.0,0.9236999750137329
YLR383W,YDR067C,0,-1.2993407,0.09767533093690872,1.0,0.923799991607666
YBR059C,YMR214W,0,-1.299569,0.09766578674316406,1.0,0.9239000082015991
YMR044W,YHR051W,0,-1.3004987,0.09765625,1.0,0.9240000247955322
YOR156C,YNL263C,0,-1.3005369,0.09764671325683594,1.0,0.9240999817848206
YJL003W,YML102W,0,-1.3006835,0.09763717651367188,1.0,0.9241999983787537
YDR386W,YNL231C,0,-1.3013124,0.09762764722108841,1.0,0.9243000149726868
YDR293C,YPL255W,0,-1.3013434,0.09761811792850494,1.0,0.9243999719619751
YCL032W,YGR170W,0,-1.3018721,0.09760858863592148,1.0,0.9244999885559082
YCR021C,YDR468C,0,-1.301978,0.09759905934333801,1.0,0.9246000051498413
YDL154W,YBR276C,0,-1.3023794,0.09758953750133514,1.0,0.9247000217437744
YER048C,YIL056W,0,-1.302639,0.09758001565933228,1.0,0.9247999787330627
YER115C,YLR206W,0,-1.3027343,0.0975704938173294,1.0,0.9248999953269958
YDR092W,YMR158W,0,-1.3028262,0.09756097197532654,1.0,0.925000011920929
YKL184W,YMR035W,0,-1.3031368,0.09755145758390427,1.0,0.9251000285148621
YGR167W,YOL113W,0,-1.3034871,0.097541943192482,1.0,0.9251999855041504
YKR068C,YMR024W,0,-1.3040853,0.09753242880105972,1.0,0.9253000020980835
YJL100W,YPL145C,0,-1.3042337,0.09752291440963745,1.0,0.9254000186920166
YGL148W,YDL149W,0,-1.306251,0.09751340746879578,1.0,0.9254999756813049
YKL137W,YJR082C,0,-1.3066342,0.0975039005279541,1.0,0.925599992275238
YLR034C,YCR002C,0,-1.3069993,0.09749439358711243,1.0,0.9257000088691711
YOR109W,YNL183C,0,-1.3070233,0.09748488664627075,1.0,0.9258000254631042
YDL155W,YJR082C,0,-1.3071635,0.09747538715600967,1.0,0.9258999824523926
YDR105C,YHR164C,0,-1.3073149,0.0974658876657486,1.0,0.9259999990463257
YER052C,YGL011C,0,-1.3075526,0.09745638817548752,1.0,0.9261000156402588
YBL047C,YPR082C,0,-1.30828,0.09744688868522644,1.0,0.9261999726295471
YOR227W,YDR464W,0,-1.3084466,0.09743739664554596,1.0,0.9262999892234802
YFR013W,YDR244W,0,-1.3110529,0.09742790460586548,1.0,0.9264000058174133
YJL093C,YIL076W,0,-1.3111016,0.097418412566185,1.0,0.9265000224113464
YKR066C,YHL013C,0,-1.3118131,0.09740892052650452,1.0,0.9265999794006348
YGL150C,YOL055C,0,-1.3118784,0.09739943593740463,1.0,0.9266999959945679
YNL116W,YHL009C,0,-1.3124726,0.09738995134830475,1.0,0.926800012588501
YDR104C,YKL112W,0,-1.312875,0.09738046675920486,1.0,0.9269000291824341
YOR255W,YBR265W,0,-1.3135294,0.09737098217010498,1.0,0.9269999861717224
YNL063W,YPR082C,0,-1.3143072,0.0973615050315857,1.0,0.9271000027656555
YDR292C,YCL014W,0,-1.3145483,0.0973520278930664,1.0,0.9272000193595886
YDR490C,YLR043C,0,-1.3145663,0.09734255075454712,1.0,0.927299976348877
YKR103W,YBR276C,0,-1.3151546,0.09733307361602783,1.0,0.9273999929428101
YER155C,YBR045C,0,-1.316098,0.09732360392808914,1.0,0.9275000095367432
YPL259C,YDR482C,0,-1.3178756,0.09731412678956985,1.0,0.9276000261306763
YHR041C,YMR040W,0,-1.3178769,0.09730466455221176,1.0,0.9276999831199646
YBL092W,YDR530C,0,-1.3179129,0.09729519486427307,1.0,0.9277999997138977
YOL082W,YBL009W,0,-1.3179395,0.09728572517633438,1.0,0.9279000163078308
YDR200C,YML078W,0,-1.3189073,0.09727626293897629,1.0,0.9279999732971191
YFR028C,YNL083W,0,-1.3189273,0.0972668007016182,1.0,0.9280999898910522
YBL058W,YDR153C,0,-1.3194067,0.0972573459148407,1.0,0.9282000064849854
YFR042W,YFL013C,0,-1.3198848,0.0972478836774826,1.0,0.9283000230789185
YKL051W,YMR033W,0,-1.3203881,0.09723842889070511,1.0,0.9283999800682068
YBR068C,YBR109C,0,-1.320509,0.09722897410392761,1.0,0.9284999966621399
YKR055W,YBR234C,0,-1.3206348,0.09721951931715012,1.0,0.928600013256073
YNL183C,YLR118C,0,-1.3207047,0.09721007198095322,1.0,0.9286999702453613
YKL161C,YGL086W,0,-1.3207651,0.09720062464475632,1.0,0.9287999868392944
YAL031C,YDR235W,0,-1.3213084,0.09719117730855942,1.0,0.9289000034332275
YNL118C,YOL089C,0,-1.3216178,0.09718172997236252,1.0,0.9290000200271606
YIR033W,YDL002C,0,-1.3218875,0.09717229008674622,1.0,0.929099977016449
YKL213C,YMR021C,0,-1.3237506,0.09716284275054932,1.0,0.9291999936103821
YJL210W,YPL053C,0,-1.3243785,0.09715340286493301,1.0,0.9293000102043152
YOL042W,YNL300W,0,-1.3260667,0.09714397042989731,1.0,0.9294000267982483
YIL095W,YFR021W,0,-1.327528,0.097134530544281,1.0,0.9294999837875366
YML121W,YNL081C,0,-1.3278639,0.0971250981092453,1.0,0.9296000003814697
YMR179W,YKL041W,0,-1.3283231,0.0971156656742096,1.0,0.9297000169754028
YOR158W,YGL127C,0,-1.3284292,0.09710623323917389,1.0,0.9297999739646912
YJR082C,YDR350C,0,-1.329104,0.09709680825471878,1.0,0.9298999905586243
YOR249C,YMR278W,0,-1.3291703,0.09708737581968307,1.0,0.9300000071525574
YFR034C,YJL085W,0,-1.3294079,0.09707795083522797,1.0,0.9301000237464905
YNL045W,YKR079C,0,-1.3294355,0.09706853330135345,1.0,0.9301999807357788
YDL155W,YNL118C,0,-1.3296949,0.09705910831689835,1.0,0.9302999973297119
YFL038C,YMR047C,0,-1.3304659,0.09704969078302383,1.0,0.930400013923645
YKL052C,YOL110W,0,-1.3309349,0.09704027324914932,1.0,0.9304999709129333
YGR033C,YGL004C,0,-1.3314565,0.09703085571527481,1.0,0.9305999875068665
YCR071C,YFR046C,0,-1.3319004,0.0970214381814003,1.0,0.9307000041007996
YEL011W,YKL113C,0,-1.3331501,0.09701202809810638,1.0,0.9308000206947327
YNL192W,YMR047C,0,-1.3361928,0.09700261801481247,1.0,0.930899977684021
YDR165W,YPL004C,0,-1.3368394,0.09699320793151855,1.0,0.9309999942779541
YOR327C,YMR159C,0,-1.3375653,0.09698380529880524,1.0,0.9311000108718872
YEL044W,YDL149W,0,-1.3385706,0.09697439521551132,1.0,0.9312000274658203
YOL044W,YNR037C,0,-1.3386145,0.096964992582798,1.0,0.9312999844551086
YDL077C,YJL047C,0,-1.3394761,0.09695559740066528,1.0,0.9314000010490417
YOR327C,YDL077C,0,-1.3407569,0.09694619476795197,1.0,0.9315000176429749
YMR135C,YNL080C,0,-1.3408338,0.09693679958581924,1.0,0.9315999746322632
YCR003W,YBL046W,0,-1.3411808,0.09692740440368652,1.0,0.9316999912261963
YJL058C,YDL045C,0,-1.3422879,0.0969180092215538,1.0,0.9318000078201294
YKL093W,YBL091C,0,-1.3434103,0.09690861403942108,1.0,0.9319000244140625
YDR332W,YDR462W,0,-1.3438902,0.09689922630786896,1.0,0.9319999814033508
YBR120C,YBR073W,0,-1.3445635,0.09688983857631683,1.0,0.9320999979972839
YHR119W,YMR278W,0,-1.3458778,0.09688045084476471,1.0,0.932200014591217
YLR024C,YNL216W,0,-1.3463349,0.09687106311321259,1.0,0.9322999715805054
YCR030C,YPL227C,0,-1.3464487,0.09686168283224106,1.0,0.9323999881744385
YML049C,YNL314W,0,-1.3488288,0.09685230255126953,1.0,0.9325000047683716
YAL024C,YKL065C,0,-1.3496027,0.096842922270298,1.0,0.9326000213623047
YOR367W,YER039C,0,-1.3506107,0.09683354198932648,1.0,0.932699978351593
YML101C,YDL078C,0,-1.3511617,0.09682416915893555,1.0,0.9327999949455261
YKL039W,YIL068C,0,-1.3520756,0.09681479632854462,1.0,0.9329000115394592
YMR169C,YJL145W,0,-1.3523309,0.09680542349815369,1.0,0.9330000281333923
YDR296W,YLL019C,0,-1.3525302,0.09679605066776276,1.0,0.9330999851226807
YGR257C,YML112W,0,-1.3528272,0.09678668528795242,1.0,0.9332000017166138
YHR166C,YDR168W,0,-1.3531889,0.09677731245756149,1.0,0.9333000183105469
YGR027C,YDL020C,0,-1.353244,0.09676794707775116,1.0,0.9333999752998352
YOR360C,YJL141C,0,-1.3545403,0.09675858914852142,1.0,0.9334999918937683
YDL215C,YPL120W,0,-1.3555243,0.09674922376871109,1.0,0.9336000084877014
YDL079C,YGR068C,0,-1.3564937,0.09673986583948135,1.0,0.9337000250816345
YNL121C,YDL134C,0,-1.3568536,0.09673050791025162,1.0,0.9337999820709229
YBR081C,YKR055W,0,-1.3568913,0.09672114998102188,1.0,0.933899998664856
YDR513W,YER019C-A,0,-1.357377,0.09671179950237274,1.0,0.9340000152587891
YNL239W,YGL212W,0,-1.3576949,0.0967024490237236,1.0,0.9340999722480774
YOR363C,YGL236C,0,-1.3584602,0.09669309854507446,1.0,0.9341999888420105
YMR284W,YGL020C,0,-1.3607984,0.09668374806642532,1.0,0.9343000054359436
YNL113W,YOR267C,0,-1.3616014,0.09667439758777618,1.0,0.9344000220298767
YDL245C,YPL064C,0,-1.3619119,0.09666505455970764,1.0,0.934499979019165
YER035W,YML001W,0,-1.3621383,0.0966557115316391,1.0,0.9345999956130981
YMR179W,YGL017W,0,-1.3625169,0.09664636850357056,1.0,0.9347000122070312
YBR223C,YPL246C,0,-1.3625194,0.09663703292608261,1.0,0.9348000288009644
YPR135W,YDR163W,0,-1.3631104,0.09662768989801407,1.0,0.9348999857902527
YEL030W,YBR254C,0,-1.3634555,0.09661835432052612,1.0,0.9350000023841858
YDR005C,YDR404C,0,-1.3666016,0.09660902619361877,1.0,0.9351000189781189
YBL047C,YPL209C,0,-1.3671482,0.09659969061613083,1.0,0.9351999759674072
YMR213W,YNL117W,0,-1.3680868,0.09659036248922348,1.0,0.9352999925613403
YOL038W,YDR119W,0,-1.3683914,0.09658103436231613,1.0,0.9354000091552734
YKR065C,YIL097W,0,-1.3688221,0.09657170623540878,1.0,0.9355000257492065
YBR287W,YDR528W,0,-1.369308,0.09656237810850143,1.0,0.9355999827384949
YGR005C,YGL087C,0,-1.3696514,0.09655305743217468,1.0,0.935699999332428
YKL058W,YNL103W,0,-1.3700026,0.09654373675584793,1.0,0.9358000159263611
YOR358W,YBR293W,0,-1.3700839,0.09653441607952118,1.0,0.9358999729156494
YLR102C,YGL200C,0,-1.3701441,0.09652509540319443,1.0,0.9359999895095825
YDR517W,YFR038W,0,-1.3702137,0.09651578217744827,1.0,0.9361000061035156
YHR006W,YBR095C,0,-1.3708627,0.09650646895170212,1.0,0.9362000226974487
YMR202W,YLR028C,0,-1.3711162,0.09649715572595596,1.0,0.9362999796867371
YPR083W,YDL123W,0,-1.3715613,0.09648784250020981,1.0,0.9363999962806702
YPL127C,YAL032C,0,-1.373961,0.09647853672504425,1.0,0.9365000128746033
YOR144C,YLR118C,0,-1.3747082,0.0964692234992981,1.0,0.9366000294685364
YLL039C,YDR167W,0,-1.3748108,0.09645991772413254,1.0,0.9366999864578247
YDR073W,YMR135C,0,-1.3750424,0.09645061939954758,1.0,0.9368000030517578
YOL045W,YBR094W,0,-1.3752954,0.09644131362438202,1.0,0.9369000196456909
YDR353W,YPL270W,0,-1.3759472,0.09643201529979706,1.0,0.9369999766349792
YOL034W,YKL007W,0,-1.3764187,0.0964227169752121,1.0,0.9370999932289124
YLR285W,YOR086C,0,-1.3766811,0.09641341865062714,1.0,0.9372000098228455
YPL246C,YNR069C,0,-1.3770797,0.09640412777662277,1.0,0.9373000264167786
YLR085C,YKR003W,0,-1.377387,0.09639483690261841,1.0,0.9373999834060669
YPL151C,YHR051W,0,-1.378181,0.09638553857803345,1.0,0.9375
YGL181W,YGR217W,0,-1.3792756,0.09637625515460968,1.0,0.9376000165939331
YOR295W,YOL032W,0,-1.3795872,0.09636696428060532,1.0,0.9376999735832214
YBL085W,YDR246W,0,-1.3805187,0.09635768085718155,1.0,0.9377999901771545
YBL050W,YOL006C,0,-1.3808831,0.09634839743375778,1.0,0.9379000067710876
YER109C,YBR046C,0,-1.381263,0.09633911401033401,1.0,0.9380000233650208
YDL207W,YMR231W,0,-1.3816909,0.09632983058691025,1.0,0.9380999803543091
YBR125C,YML011C,0,-1.3831325,0.09632055461406708,1.0,0.9381999969482422
YJR021C,YOR156C,0,-1.3832831,0.09631127864122391,1.0,0.9383000135421753
YOR312C,YDR513W,0,-1.384412,0.09630200266838074,1.0,0.9383999705314636
YPL152W,YOL027C,0,-1.384583,0.09629272669553757,1.0,0.9384999871253967
YDR201W,YLR128W,0,-1.386418,0.096283458173275,1.0,0.9386000037193298
YDR162C,YJR138W,0,-1.3870323,0.09627418965101242,1.0,0.9387000203132629
YMR030W,YJL054W,0,-1.3874002,0.09626492112874985,1.0,0.9387999773025513
YBR107C,YJL134W,0,-1.3888953,0.09625565260648727,1.0,0.9388999938964844
YPR121W,YHR158C,0,-1.3916858,0.0962463915348053,1.0,0.9390000104904175
YJL092W,YCL004W,0,-1.3923845,0.09623713046312332,1.0,0.9391000270843506
YMR153W,YBR150C,0,-1.3926189,0.09622786939144135,1.0,0.9391999840736389
YOR312C,YIL036W,0,-1.3938875,0.09621860831975937,1.0,0.939300000667572
YAL024C,YBR279W,0,-1.3943018,0.09620935469865799,1.0,0.9394000172615051
YLR077W,YOL012C,0,-1.3957071,0.09620009362697601,1.0,0.9394999742507935
YHL002W,YML014W,0,-1.3974227,0.09619084000587463,1.0,0.9395999908447266
YKL175W,YJL214W,0,-1.3981946,0.09618159383535385,1.0,0.9397000074386597
YLR268W,YDR484W,0,-1.3984137,0.09617234021425247,1.0,0.9398000240325928
YDR207C,YJR119C,0,-1.3985816,0.09616309404373169,1.0,0.9398999810218811
YLL019C,YGR264C,0,-1.399913,0.09615384787321091,1.0,0.9399999976158142
YKR027W,YLR117C,0,-1.4001735,0.09614460170269012,1.0,0.9401000142097473
YBR230C,YOL137W,0,-1.4004515,0.09613535553216934,1.0,0.9401999711990356
YFR051C,YFL003C,0,-1.4005498,0.09612611681222916,1.0,0.9402999877929688
YDL084W,YLL019C,0,-1.4005814,0.09611687809228897,1.0,0.9404000043869019
YGR231C,YBL079W,0,-1.4025596,0.09610763937234879,1.0,0.940500020980835
YGL073W,YCL011C,0,-1.4031317,0.0960984081029892,1.0,0.9405999779701233
YMR115W,YNL223W,0,-1.404621,0.09608916938304901,1.0,0.9406999945640564
YER139C,YNL290W,0,-1.4046891,0.09607993811368942,1.0,0.9408000111579895
YJL155C,YER032W,0,-1.4063333,0.09607070684432983,1.0,0.9409000277519226
YML041C,YJR133W,0,-1.4065745,0.09606148302555084,1.0,0.9409999847412109
YHR108W,YDR403W,0,-1.4073541,0.09605225175619125,1.0,0.941100001335144
YCL008C,YML109W,0,-1.4074421,0.09604302793741226,1.0,0.9412000179290771
YOR227W,YBR093C,0,-1.4075534,0.09603380411863327,1.0,0.9412999749183655
YLL061W,YDL193W,0,-1.4076388,0.09602458029985428,1.0,0.9413999915122986
YGL116W,YFR021W,0,-1.4090725,0.09601536393165588,1.0,0.9415000081062317
YER046W,YOL023W,0,-1.4111179,0.09600614756345749,1.0,0.9416000247001648
YAL009W,YDR285W,0,-1.4112802,0.0959969311952591,1.0,0.9416999816894531
YBL092W,YDR294C,0,-1.4112823,0.0959877148270607,1.0,0.9417999982833862
YIR025W,YJL196C,0,-1.4118792,0.0959784984588623,1.0,0.9419000148773193
YMR164C,YLR077W,0,-1.4121779,0.0959692895412445,1.0,0.9419999718666077
YER129W,YLL019C,0,-1.4129298,0.09596008062362671,1.0,0.9420999884605408
YNL088W,YDR373W,0,-1.4129581,0.09595087170600891,1.0,0.9422000050544739
YGL208W,YLR105C,0,-1.4130723,0.09594167023897171,1.0,0.942300021648407
YDR350C,YBR268W,0,-1.4146687,0.09593246132135391,1.0,0.9423999786376953
YBL080C,YCR060W,0,-1.4154727,0.09592325985431671,1.0,0.9424999952316284
YNL030W,YPL087W,0,-1.4167442,0.09591405838727951,1.0,0.9426000118255615
YNL164C,YBR020W,0,-1.4169087,0.0959048643708229,1.0,0.9427000284194946
YNR033W,YML067C,0,-1.4177742,0.0958956629037857,1.0,0.942799985408783
YCR003W,YDR164C,0,-1.4177932,0.0958864688873291,1.0,0.9429000020027161
YDR104C,YMR193W,0,-1.4181607,0.0958772748708725,1.0,0.9430000185966492
YBR153W,YOL052C-A,0,-1.4181833,0.09586808830499649,1.0,0.9430999755859375
YHL020C,YPL099C,0,-1.4181939,0.09585889428853989,1.0,0.9431999921798706
YDL079C,YLR088W,0,-1.4199121,0.09584970772266388,1.0,0.9433000087738037
YBR295W,YPL007C,0,-1.4211648,0.09584052115678787,1.0,0.9434000253677368
YJL059W,YBR293W,0,-1.4212279,0.09583133459091187,1.0,0.9434999823570251
YNL224C,YJL194W,0,-1.4218047,0.09582215547561646,1.0,0.9435999989509583
YOL094C,YEL041W,0,-1.4219201,0.09581297636032104,1.0,0.9437000155448914
YKL110C,YER162C,0,-1.4219258,0.09580379724502563,1.0,0.9437999725341797
YLL026W,YCR024C-A,0,-1.4220065,0.09579461812973022,1.0,0.9438999891281128
YDR167W,YBR132C,0,-1.4224713,0.09578543901443481,1.0,0.9440000057220459
YAL047C,YBR073W,0,-1.4225527,0.09577626734972,1.0,0.944100022315979
YOL060C,YDR211W,0,-1.4241695,0.09576709568500519,1.0,0.9441999793052673
YOL043C,YGR231C,0,-1.424284,0.09575792402029037,1.0,0.9442999958992004
YPR105C,YLR362W,0,-1.4246817,0.09574875235557556,1.0,0.9444000124931335
YDL097C,YKR013W,0,-1.4285198,0.09573958814144135,1.0,0.9445000290870667
YGR034W,YGR268C,0,-1.4288458,0.09573042392730713,1.0,0.944599986076355
YNL131W,YNL103W,0,-1.4292574,0.09572125971317291,1.0,0.9447000026702881
YLR093C,YAL047C,0,-1.4293325,0.0957120954990387,1.0,0.9448000192642212
YFR031C,YBR290W,0,-1.4299206,0.09570293873548508,1.0,0.9448999762535095
YKL170W,YDR464W,0,-1.4319932,0.09569378197193146,1.0,0.9449999928474426
YDR438W,YLR410W,0,-1.4340208,0.09568462520837784,1.0,0.9451000094413757
YNL032W,YPL270W,0,-1.4352922,0.09567546844482422,1.0,0.9452000260353088
YKL093W,YLR272C,0,-1.4357637,0.0956663191318512,1.0,0.9452999830245972
YHL021C,YMR283C,0,-1.4362772,0.09565716236829758,1.0,0.9453999996185303
YIL144W,YLR115W,0,-1.4363151,0.09564801305532455,1.0,0.9455000162124634
YGL198W,YNL088W,0,-1.436672,0.09563887119293213,1.0,0.9455999732017517
YGR084C,YKL022C,0,-1.4375153,0.0956297218799591,1.0,0.9456999897956848
YAL051W,YPL215W,0,-1.4375193,0.09562058001756668,1.0,0.9458000063896179
YOR329C,YBR243C,0,-1.440249,0.09561143815517426,1.0,0.945900022983551
YLR447C,YOR327C,0,-1.4412296,0.09560229629278183,1.0,0.9459999799728394
YKL064W,YER075C,0,-1.4412336,0.0955931544303894,1.0,0.9460999965667725
YDR423C,YLR313C,0,-1.4413879,0.09558402001857758,1.0,0.9462000131607056
YOR316C,YDR389W,0,-1.4426355,0.09557488560676575,1.0,0.9463000297546387
YDR073W,YFR013W,0,-1.4427364,0.09556575119495392,1.0,0.946399986743927
YHR205W,YHR057C,0,-1.4444246,0.09555661678314209,1.0,0.9465000033378601
YLR138W,YER139C,0,-1.4451708,0.09554748982191086,1.0,0.9466000199317932
YPL065W,YIL006W,0,-1.4455867,0.09553835541009903,1.0,0.9466999769210815
YPR067W,YIL131C,0,-1.4458438,0.0955292284488678,1.0,0.9467999935150146
YHR074W,YDR057W,0,-1.446693,0.09552010893821716,1.0,0.9469000101089478
YOL059W,YDR058C,0,-1.4478548,0.09551098197698593,1.0,0.9470000267028809
YBR073W,YBR045C,0,-1.4478886,0.0955018624663353,1.0,0.9470999836921692
YJL172W,YLR182W,0,-1.4522305,0.09549274295568466,1.0,0.9472000002861023
YPR083W,YPR068C,0,-1.453054,0.09548362344503403,1.0,0.9473000168800354
YER094C,YGR199W,0,-1.45312,0.09547451138496399,1.0,0.9473999738693237
YIL142W,YCL004W,0,-1.4541115,0.09546539187431335,1.0,0.9474999904632568
YLR067C,YBR222C,0,-1.454272,0.09545627981424332,1.0,0.9476000070571899
YJR044C,YKL015W,0,-1.4544482,0.09544716775417328,1.0,0.947700023651123
YGL259W,YDR081C,0,-1.4545119,0.09543806314468384,1.0,0.9477999806404114
YFL018C,YNR039C,0,-1.4558852,0.0954289510846138,1.0,0.9478999972343445
YBR275C,YDL087C,0,-1.4565082,0.09541984647512436,1.0,0.9480000138282776
YNL312W,YPL047W,0,-1.4592874,0.09541074186563492,1.0,0.9480999708175659
YER060W-A,YMR197C,0,-1.4594991,0.09540163725614548,1.0,0.948199987411499
YNL240C,YLR069C,0,-1.4607308,0.09539254009723663,1.0,0.9483000040054321
YLR203C,YJL184W,0,-1.4607637,0.09538344293832779,1.0,0.9484000205993652
YLR251W,YDL074C,0,-1.4607832,0.09537434577941895,1.0,0.9484999775886536
YKL126W,YOL006C,0,-1.4615011,0.0953652486205101,1.0,0.9485999941825867
YDR453C,YGL054C,0,-1.46179,0.09535615891218185,1.0,0.9487000107765198
YIL154C,YBR265W,0,-1.4620798,0.09534706175327301,1.0,0.9488000273704529
YML031W,YDL059C,0,-1.4622626,0.09533797204494476,1.0,0.9488999843597412
YOR162C,YJL004C,0,-1.4629822,0.09532888233661652,1.0,0.9490000009536743
YNL085W,YDL070W,0,-1.463012,0.09531980007886887,1.0,0.9491000175476074
YPL007C,YEL034W,0,-1.4636725,0.09531071037054062,1.0,0.9491999745368958
YFR029W,YPL228W,0,-1.4644756,0.09530162811279297,1.0,0.9492999911308289
YFL009W,YDL018C,0,-1.4680324,0.09529254585504532,1.0,0.949400007724762
YKR027W,YOR219C,0,-1.468303,0.09528347104787827,1.0,0.9495000243186951
YBR199W,YLR071C,0,-1.4683316,0.09527438879013062,1.0,0.9495999813079834
YKL016C,YDR414C,0,-1.4683456,0.09526531398296356,1.0,0.9496999979019165
YNL173C,YML109W,0,-1.469222,0.09525623917579651,1.0,0.9498000144958496
YNL076W,YFR010W,0,-1.470406,0.09524716436862946,1.0,0.9498999714851379
YPR181C,YPL156C,0,-1.4711552,0.095238097012043,1.0,0.949999988079071
YOL004W,YOL115W,0,-1.4714948,0.09522902220487595,1.0,0.9501000046730042
YBR234C,YLR226W,0,-1.4715513,0.09521995484828949,1.0,0.9502000212669373
YIL159W,YLR025W,0,-1.4718194,0.09521089494228363,1.0,0.9502999782562256
YBL091C,YKL046C,0,-1.4746382,0.09520182758569717,1.0,0.9503999948501587
YMR156C,YJL186W,0,-1.4746387,0.09519276767969131,1.0,0.9505000114440918
YOL096C,YER075C,0,-1.4747522,0.09518370777368546,1.0,0.9506000280380249
YMR068W,YGL068W,0,-1.475643,0.0951746478676796,1.0,0.9506999850273132
YBR179C,YML064C,0,-1.4757895,0.09516558796167374,1.0,0.9508000016212463
YPR018W,YDR409W,0,-1.4763069,0.09515653550624847,1.0,0.9509000182151794
YKL048C,YGL212W,0,-1.4768242,0.09514747560024261,1.0,0.9509999752044678
YMR199W,YBR103W,0,-1.4772432,0.09513842314481735,1.0,0.9510999917984009
YJR093C,YGL073W,0,-1.477316,0.09512937813997269,1.0,0.951200008392334
YGL163C,YGL053W,0,-1.4780692,0.09512032568454742,1.0,0.9513000249862671
YMR167W,YNR039C,0,-1.4804027,0.09511128067970276,1.0,0.9513999819755554
YDR180W,YJR049C,0,-1.4807918,0.0951022356748581,1.0,0.9514999985694885
YNL044W,YKL160W,0,-1.4808145,0.09509319067001343,1.0,0.9516000151634216
YHL002W,YOR074C,0,-1.4812124,0.09508415311574936,1.0,0.95169997215271
YDL076C,YMR021C,0,-1.4815192,0.0950751081109047,1.0,0.9517999887466431
YPR034W,YER094C,0,-1.4826908,0.09506607055664062,1.0,0.9519000053405762
YGR057C,YPR079W,0,-1.4845694,0.09505703300237656,1.0,0.9520000219345093
YGR092W,YGR040W,0,-1.4852097,0.09504800289869308,1.0,0.9520999789237976
YDR407C,YHR146W,0,-1.4855165,0.09503896534442902,1.0,0.9521999955177307
YBR212W,YJL115W,0,-1.4883138,0.09502993524074554,1.0,0.9523000121116638
YKL049C,YDR337W,0,-1.4886957,0.09502090513706207,1.0,0.9524000287055969
YOR035C,YML001W,0,-1.4887135,0.0950118750333786,1.0,0.9524999856948853
YKL035W,YPR169W,0,-1.4889503,0.09500285238027573,1.0,0.9526000022888184
YNL246W,YDL126C,0,-1.4899012,0.09499382227659225,1.0,0.9527000188827515
YAR014C,YDL126C,0,-1.4902819,0.09498479962348938,1.0,0.9527999758720398
YML019W,YER081W,0,-1.4902999,0.0949757844209671,1.0,0.9528999924659729
YDL132W,YER144C,0,-1.4904871,0.09496676176786423,1.0,0.953000009059906
YKL020C,YPL181W,0,-1.4905686,0.09495774656534195,1.0,0.9531000256538391
YOR261C,YER176W,0,-1.4905927,0.09494873136281967,1.0,0.9531999826431274
YKL150W,YGR033C,0,-1.4908595,0.0949397161602974,1.0,0.9532999992370605
YCL039W,YNL123W,0,-1.4913898,0.09493070095777512,1.0,0.9534000158309937
YPL239W,YJL103C,0,-1.4921253,0.09492169320583344,1.0,0.953499972820282
YJL154C,YEL044W,0,-1.4924018,0.09491267800331116,1.0,0.9535999894142151
YOR363C,YEL030W,0,-1.4930022,0.09490367025136948,1.0,0.9537000060081482
YCL017C,YHR043C,0,-1.4934192,0.09489466995000839,1.0,0.9538000226020813
YJL203W,YIL037C,0,-1.49364,0.09488566219806671,1.0,0.9538999795913696
YMR029C,YFL022C,0,-1.4942873,0.09487666189670563,1.0,0.9539999961853027
YBL035C,YDR293C,0,-1.494969,0.09486766159534454,1.0,0.9541000127792358
YLL042C,YPL119C,0,-1.4957538,0.09485866129398346,1.0,0.954200029373169
YDR058C,YLR007W,0,-1.4967837,0.09484966099262238,1.0,0.9542999863624573
YBR073W,YPL145C,0,-1.497586,0.09484066814184189,1.0,0.9544000029563904
YCL052C,YJR082C,0,-1.4979675,0.0948316752910614,1.0,0.9545000195503235
YJL059W,YJR049C,0,-1.5006442,0.09482268244028091,1.0,0.9545999765396118
YGR281W,YNL326C,0,-1.5008172,0.09481368958950043,1.0,0.9546999931335449
YLR027C,YLR189C,0,-1.5018682,0.09480470418930054,1.0,0.954800009727478
YMR052W,YAL022C,0,-1.502525,0.09479571878910065,1.0,0.9549000263214111
YDR416W,YLR028C,0,-1.5033903,0.09478673338890076,1.0,0.9549999833106995
YCL033C,YEL003W,0,-1.5048567,0.09477774798870087,1.0,0.9550999999046326
YOR177C,YDL040C,0,-1.5050104,0.09476876258850098,1.0,0.9552000164985657
YOR126C,YOL049W,0,-1.5051268,0.09475978463888168,1.0,0.955299973487854
YNL025C,YLR272C,0,-1.5056777,0.09475080668926239,1.0,0.9553999900817871
YPL046C,YDR434W,0,-1.5063386,0.0947418287396431,1.0,0.9555000066757202
YKL012W,YLR077W,0,-1.5064738,0.0947328507900238,1.0,0.9556000232696533
YLL039C,YKL112W,0,-1.5065017,0.09472388029098511,1.0,0.9556999802589417
YKL067W,YDR422C,0,-1.5067786,0.09471490979194641,1.0,0.9557999968528748
YDR257C,YJL057C,0,-1.5085788,0.09470593929290771,1.0,0.9559000134468079
YGL181W,YNL245C,0,-1.5090461,0.09469696879386902,1.0,0.9559999704360962
YKL058W,YIR033W,0,-1.5102117,0.09468800574541092,1.0,0.9560999870300293
YAR008W,YIL017C,0,-1.5111438,0.09467903524637222,1.0,0.9562000036239624
YNL312W,YCL016C,0,-1.5114243,0.09467007219791412,1.0,0.9563000202178955
YOR059C,YNL118C,0,-1.5117213,0.09466111660003662,1.0,0.9563999772071838
YDL202W,YER101C,0,-1.5118432,0.09465215355157852,1.0,0.9564999938011169
YCL033C,YDR485C,0,-1.5131819,0.09464319795370102,1.0,0.95660001039505
YGL113W,YKL168C,0,-1.5143297,0.09463424235582352,1.0,0.9567000269889832
YKL146W,YGL192W,0,-1.5157726,0.09462528675794601,1.0,0.9567999839782715
YBL007C,YNL006W,0,-1.5167127,0.09461633116006851,1.0,0.9569000005722046
YHR066W,YBR052C,0,-1.5178243,0.0946073830127716,1.0,0.9570000171661377
YHR209W,YEL044W,0,-1.5179662,0.0945984274148941,1.0,0.957099974155426
YBR086C,YPL193W,0,-1.519233,0.0945894792675972,1.0,0.9571999907493591
YKR066C,YJR133W,0,-1.5199516,0.09458053857088089,1.0,0.9573000073432922
YMR179W,YDR208W,0,-1.5201782,0.09457159042358398,1.0,0.9574000239372253
YPL161C,YJL093C,0,-1.5205524,0.09456264972686768,1.0,0.9574999809265137
YGL250W,YDR469W,0,-1.5212765,0.09455370903015137,1.0,0.9575999975204468
YJL103C,YMR227C,0,-1.5213647,0.09454476833343506,1.0,0.9577000141143799
YNL138W,YJL085W,0,-1.5214074,0.09453582763671875,1.0,0.9577999711036682
YOR148C,YMR173W,0,-1.5253338,0.09452689439058304,1.0,0.9578999876976013
YDL165W,YMR110C,0,-1.5255628,0.09451796114444733,1.0,0.9580000042915344
YNL262W,YPL249C,0,-1.5260906,0.09450902789831161,1.0,0.9581000208854675
YKR089C,YLR200W,0,-1.526736,0.0945000946521759,1.0,0.9581999778747559
YCR003W,YOR258W,0,-1.527299,0.09449116140604019,1.0,0.958299994468689
YAL017W,YAR008W,0,-1.5281008,0.09448223561048508,1.0,0.9584000110626221
YKL039W,YJL054W,0,-1.5286915,0.09447330981492996,1.0,0.9585000276565552
YGL071W,YLR163C,0,-1.5295265,0.09446438401937485,1.0,0.9585999846458435
YLR088W,YGL038C,0,-1.5316631,0.09445546567440033,1.0,0.9587000012397766
YIR021W,YOR138C,0,-1.5336244,0.09444653987884521,1.0,0.9588000178337097
YOR259C,YJL014W,0,-1.5338097,0.0944376215338707,1.0,0.958899974822998
YMR005W,YOL078W,0,-1.534543,0.09442870318889618,1.0,0.9589999914169312
YGL093W,YOR130C,0,-1.5355058,0.09441979229450226,1.0,0.9591000080108643
YLR006C,YDR301W,0,-1.5360934,0.09441087394952774,1.0,0.9592000246047974
YLR384C,YLR251W,0,-1.5361187,0.09440196305513382,1.0,0.9592999815940857
YNL262W,YFR014C,0,-1.5364633,0.0943930521607399,1.0,0.9593999981880188
YPR106W,YOL089C,0,-1.5368481,0.09438414126634598,1.0,0.9595000147819519
YLR423C,YGR217W,0,-1.5370854,0.09437523782253265,1.0,0.9595999717712402
YOR180C,YKL139W,0,-1.5385027,0.09436632692813873,1.0,0.9596999883651733
YBR008C,YFR052W,0,-1.5392795,0.09435742348432541,1.0,0.9598000049591064
YGL250W,YJR067C,0,-1.5395263,0.09434852004051208,1.0,0.9599000215530396
YKL045W,YOR117W,0,-1.5398628,0.09433962404727936,1.0,0.9599999785423279
YHR205W,YFL033C,0,-1.5402998,0.09433072060346603,1.0,0.960099995136261
YPR034W,YKL194C,0,-1.541136,0.0943218246102333,1.0,0.9602000117301941
YJR017C,YHR090C,0,-1.5415454,0.09431292861700058,1.0,0.9603000283241272
YBL008W,YGR225W,0,-1.5458221,0.09430403262376785,1.0,0.9603999853134155
YDL052C,YPL064C,0,-1.5465125,0.09429514408111572,1.0,0.9605000019073486
YKR054C,YDR285W,0,-1.546682,0.09428625553846359,1.0,0.9606000185012817
YPL253C,YLR219W,0,-1.5471904,0.09427736699581146,1.0,0.9606999754905701
YHL002W,YOL137W,0,-1.5490911,0.09426847845315933,1.0,0.9607999920845032
YJR021C,YBR102C,0,-1.5491472,0.0942595899105072,1.0,0.9609000086784363
YLR323C,YMR207C,0,-1.54917,0.09425070881843567,1.0,0.9610000252723694
YGR028W,YGL174W,0,-1.5515149,0.09424182772636414,1.0,0.9610999822616577
YGL093W,YJR083C,0,-1.5519382,0.0942329466342926,1.0,0.9611999988555908
YMR078C,YIL037C,0,-1.5529114,0.09422406554222107,1.0,0.9613000154495239
YDL097C,YPL064C,0,-1.5534554,0.09421518445014954,1.0,0.9613999724388123
YKL126W,YOR074C,0,-1.5542893,0.0942063108086586,1.0,0.9614999890327454
YBL031W,YDR419W,0,-1.556149,0.09419743716716766,1.0,0.9616000056266785
YGR271W,YOR362C,0,-1.5568893,0.09418856352567673,1.0,0.9617000222206116
YBR177C,YDR098C,0,-1.5570881,0.09417969733476639,1.0,0.9617999792098999
YHR091C,YOL070C,0,-1.5572937,0.09417082369327545,1.0,0.961899995803833
YHR146W,YBR234C,0,-1.5574495,0.09416195750236511,1.0,0.9620000123977661
YGL005C,YKL064W,0,-1.5582532,0.09415309131145477,1.0,0.9621000289916992
YJL141C,YGL112C,0,-1.5609909,0.09414423257112503,1.0,0.9621999859809875
YOR339C,YML109W,0,-1.5616462,0.09413536638021469,1.0,0.9623000025749207
YJL203W,YKL124W,0,-1.5638295,0.09412650763988495,1.0,0.9624000191688538
YOL124C,YIL087C,0,-1.5642152,0.0941176488995552,1.0,0.9624999761581421
YPR033C,YNL160W,0,-1.5670717,0.09410879015922546,1.0,0.9625999927520752
YBL008W,YGR222W,0,-1.5706862,0.09409993141889572,1.0,0.9627000093460083
YIL036W,YMR283C,0,-1.5709331,0.09409108012914658,1.0,0.9628000259399414
YKL046C,YML064C,0,-1.5728645,0.09408222883939743,1.0,0.9628999829292297
YPL249C,YMR309C,0,-1.5735444,0.09407337754964828,1.0,0.9629999995231628
YMR271C,YFL001W,0,-1.5739232,0.09406452625989914,1.0,0.963100016117096
YCL052C,YDR004W,0,-1.5752522,0.09405568242073059,1.0,0.9631999731063843
YKL213C,YMR241W,0,-1.5752964,0.09404683858156204,1.0,0.9632999897003174
YBL035C,YGR070W,0,-1.5756521,0.0940379947423935,1.0,0.9634000062942505
YNL053W,YLR069C,0,-1.5756612,0.09402915090322495,1.0,0.9635000228881836
YLR206W,YLR272C,0,-1.5760043,0.0940203070640564,1.0,0.9635999798774719
YPL064C,YMR293C,0,-1.5773108,0.09401147067546844,1.0,0.963699996471405
YNL172W,YJL134W,0,-1.5794091,0.0940026342868805,1.0,0.9638000130653381
YJL029C,YBR254C,0,-1.5806887,0.09399379789829254,1.0,0.9639000296592712
YGR143W,YMR011W,0,-1.5807648,0.09398496150970459,1.0,0.9639999866485596
YOR123C,YBL056W,0,-1.5808728,0.09397613257169724,1.0,0.9641000032424927
YPL135W,YNL272C,0,-1.5815413,0.09396729618310928,1.0,0.9642000198364258
YKL094W,YPL064C,0,-1.5832539,0.09395846724510193,1.0,0.9642999768257141
YBR052C,YMR283C,0,-1.5837896,0.09394964575767517,1.0,0.9643999934196472
YPR199C,YLR410W,0,-1.5859444,0.09394081681966782,1.0,0.9645000100135803
YNL262W,YIL005W,0,-1.5864997,0.09393199533224106,1.0,0.9646000266075134
YDR291W,YGR231C,0,-1.5868833,0.0939231738448143,1.0,0.9646999835968018
YBR234C,YKL055C,0,-1.5872068,0.09391435235738754,1.0,0.9648000001907349
YOL112W,YKL090W,0,-1.5881873,0.09390553086996078,1.0,0.964900016784668
YPL078C,YGL257C,0,-1.5884405,0.09389671683311462,1.0,0.9649999737739563
YOR195W,YGR260W,0,-1.5910811,0.09388789534568787,1.0,0.9650999903678894
YDL046W,YDR140W,0,-1.59121,0.0938790813088417,1.0,0.9652000069618225
YCR030C,YNL216W,0,-1.5912516,0.09387027472257614,1.0,0.9653000235557556
YOR231W,YJR090C,0,-1.5920634,0.09386146068572998,1.0,0.965399980545044
YIL154C,YBL027W,0,-1.5921254,0.09385265409946442,1.0,0.965499997138977
YKL211C,YGL049C,0,-1.5925834,0.09384384751319885,1.0,0.9656000137329102
YNL131W,YOL108C,0,-1.5927017,0.09383504092693329,1.0,0.9656999707221985
YCR066W,YKR077W,0,-1.5927811,0.09382623434066772,1.0,0.9657999873161316
YAR027W,YOR074C,0,-1.5943736,0.09381742775440216,1.0,0.9659000039100647
YPL203W,YML023C,0,-1.5962908,0.0938086286187172,1.0,0.9660000205039978
YJR151C,YGL083W,0,-1.5967464,0.09379982948303223,1.0,0.9660999774932861
YNL281W,YJR049C,0,-1.5975637,0.09379103034734726,1.0,0.9661999940872192
YLR268W,YDR494W,0,-1.5984902,0.09378223866224289,1.0,0.9663000106811523
YHR057C,YKR087C,0,-1.598764,0.09377344697713852,1.0,0.9664000272750854
YPL127C,YJR084W,0,-1.5999061,0.09376464784145355,1.0,0.9664999842643738
YOR354C,YBR274W,0,-1.5999418,0.09375585615634918,1.0,0.9666000008583069
YDR030C,YOR002W,0,-1.6027191,0.09374707192182541,1.0,0.96670001745224
YDR028C,YBR125C,0,-1.60274,0.09373828023672104,1.0,0.9667999744415283
YKL015W,YJR099W,0,-1.6030128,0.09372949600219727,1.0,0.9668999910354614
YPR008W,YOL078W,0,-1.6034521,0.09372071176767349,1.0,0.9670000076293945
YOR187W,YKR029C,0,-1.6045177,0.09371192753314972,1.0,0.9671000242233276
YJL095W,YJL103C,0,-1.6059501,0.09370315074920654,1.0,0.967199981212616
YDL139C,YBL025W,0,-1.6085317,0.09369436651468277,1.0,0.9672999978065491
YKR029C,YER101C,0,-1.6109201,0.0936855897307396,1.0,0.9674000144004822
YKL094W,YBR272C,0,-1.6122767,0.09367681294679642,1.0,0.9674999713897705
YLL043W,YJR084W,0,-1.6141634,0.09366804361343384,1.0,0.9675999879837036
YIL042C,YGR245C,0,-1.6152544,0.09365926682949066,1.0,0.9677000045776367
YDR480W,YLR368W,0,-1.61561,0.09365049749612808,1.0,0.9678000211715698
YGL130W,YJL162C,0,-1.6160057,0.0936417281627655,1.0,0.9678999781608582
YNL312W,YDL002C,0,-1.6192982,0.09363295882940292,1.0,0.9679999947547913
YLR309C,YGR258C,0,-1.6218505,0.09362418949604034,1.0,0.9681000113487244
YLR011W,YJL194W,0,-1.624224,0.09361542761325836,1.0,0.9682000279426575
YMR135C,YDR519W,0,-1.6255438,0.09360666573047638,1.0,0.9682999849319458
YGR231C,YJL168C,0,-1.6266618,0.0935979038476944,1.0,0.9684000015258789
YGR183C,YHR066W,0,-1.6269099,0.09358914196491241,1.0,0.968500018119812
YML058W,YBR279W,0,-1.6282715,0.09358038753271103,1.0,0.9685999751091003
YKR055W,YOL122C,0,-1.6297649,0.09357162564992905,1.0,0.9686999917030334
YPR009W,YOL082W,0,-1.6309053,0.09356287121772766,1.0,0.9688000082969666
YGR161C,YPL139C,0,-1.6312747,0.09355412423610687,1.0,0.9689000248908997
YBR067C,YBR234C,0,-1.6314027,0.09354536980390549,1.0,0.968999981880188
YOR144C,YDR287W,0,-1.6318053,0.0935366228222847,1.0,0.9690999984741211
YGR183C,YBR119W,0,-1.6327646,0.09352786839008331,1.0,0.9692000150680542
YFL005W,YCR030C,0,-1.6334143,0.09351912140846252,1.0,0.9692999720573425
YIR011C,YDR237W,0,-1.6346517,0.09351038187742233,1.0,0.9693999886512756
YGL002W,YHR107C,0,-1.6348182,0.09350163489580154,1.0,0.9695000052452087
YAL026C,YCR030C,0,-1.6361289,0.09349289536476135,1.0,0.9696000218391418
YDR416W,YLR423C,0,-1.6366172,0.09348415583372116,1.0,0.9696999788284302
YPR106W,YBR200W,0,-1.6376612,0.09347541630268097,1.0,0.9697999954223633
YIL038C,YNR033W,0,-1.6376686,0.09346667677164078,1.0,0.9699000120162964
YBR130C,YPL002C,0,-1.6396441,0.09345794469118118,1.0,0.9700000286102295
YJL020C,YNL023C,0,-1.6405482,0.09344921261072159,1.0,0.9700999855995178
YLR275W,YDR255C,0,-1.6407888,0.093440480530262,1.0,0.9702000021934509
YHR176W,YHR090C,0,-1.6408439,0.0934317484498024,1.0,0.970300018787384
YNR010W,YIL033C,0,-1.6408546,0.0934230163693428,1.0,0.9703999757766724
YMR234W,YKR077W,0,-1.6409473,0.0934142917394638,1.0,0.9704999923706055
YGR048W,YPR141C,0,-1.6410174,0.09340556710958481,1.0,0.9706000089645386
YNL243W,YLR116W,0,-1.6413455,0.09339684247970581,1.0,0.9707000255584717
YPL196W,YOR367W,0,-1.6417389,0.09338811784982681,1.0,0.97079998254776
YKL040C,YPR155C,0,-1.6421416,0.09337940067052841,1.0,0.9708999991416931
YPL053C,YBL041W,0,-1.642869,0.09337068349123001,1.0,0.9710000157356262
YJR113C,YDR113C,0,-1.6446433,0.09336196631193161,1.0,0.9710999727249146
YLR417W,YKL138C,0,-1.6452928,0.09335324913263321,1.0,0.9711999893188477
YBR203W,YPL161C,0,-1.648674,0.09334453195333481,1.0,0.9713000059127808
YBL035C,YER119C,0,-1.6489115,0.093335822224617,1.0,0.9714000225067139
YJR084W,YIL147C,0,-1.6492171,0.0933271124958992,1.0,0.9714999794960022
YPL241C,YIL075C,0,-1.6503825,0.0933184027671814,1.0,0.9715999960899353
YHR001W,YKL190W,0,-1.6537483,0.09330969303846359,1.0,0.9717000126838684
YMR236W,YHR188C,0,-1.6553793,0.09330099076032639,1.0,0.9718000292778015
YDR328C,YKR089C,0,-1.6592965,0.09329228103160858,1.0,0.9718999862670898
YDR285W,YPL015C,0,-1.6594679,0.09328357875347137,1.0,0.972000002861023
YGL064C,YBR169C,0,-1.6631522,0.09327488392591476,1.0,0.972100019454956
YPL152W,YLR191W,0,-1.6647778,0.09326618164777756,1.0,0.9721999764442444
YOR336W,YIL050W,0,-1.6647785,0.09325748682022095,1.0,0.9722999930381775
YDR129C,YKL012W,0,-1.6650848,0.09324878454208374,1.0,0.9724000096321106
YNL167C,YGL243W,0,-1.6655746,0.09324008971452713,1.0,0.9725000262260437
YPR120C,YMR025W,0,-1.6656294,0.09323140233755112,1.0,0.972599983215332
YNL225C,YJL154C,0,-1.6675518,0.0932227075099945,1.0,0.9726999998092651
YML031W,YDL161W,0,-1.668561,0.0932140201330185,1.0,0.9728000164031982
YDR460W,YJL180C,0,-1.6687791,0.09320533275604248,1.0,0.9728999733924866
YIR033W,YBL056W,0,-1.6691599,0.09319664537906647,1.0,0.9729999899864197
YOR126C,YHR002W,0,-1.6718409,0.09318795800209045,1.0,0.9731000065803528
YBR067C,YBR103W,0,-1.6725421,0.09317927807569504,1.0,0.9732000231742859
YJR105W,YER162C,0,-1.6749754,0.09317059814929962,1.0,0.9732999801635742
YFR038W,YKL095W,0,-1.675075,0.0931619182229042,1.0,0.9733999967575073
YOR115C,YHR004C,0,-1.6762824,0.09315323829650879,1.0,0.9735000133514404
YOR016C,YJL001W,0,-1.6787667,0.09314455837011337,1.0,0.9735999703407288
YLR248W,YBR057C,0,-1.6789751,0.09313588589429855,1.0,0.9736999869346619
YNL271C,YPR198W,0,-1.6796584,0.09312721341848373,1.0,0.973800003528595
YDR205W,YML069W,0,-1.6806464,0.09311854094266891,1.0,0.9739000201225281
YBR236C,YJL137C,0,-1.6815453,0.0931098684668541,1.0,0.9739999771118164
YPL221W,YDR515W,0,-1.6818652,0.09310120344161987,1.0,0.9740999937057495
YKL206C,YDR100W,0,-1.6833472,0.09309253096580505,1.0,0.9742000102996826
YBR107C,YML025C,0,-1.6856549,0.09308386594057083,1.0,0.9743000268936157
YHR146W,YOR157C,0,-1.6880455,0.0930752083659172,1.0,0.974399983882904
YHR082C,YKR088C,0,-1.693461,0.09306654334068298,1.0,0.9745000004768372
YPL274W,YDR477W,0,-1.6945064,0.09305787831544876,1.0,0.9746000170707703
YJR118C,YGR040W,0,-1.6947231,0.09304922074079514,1.0,0.9746999740600586
YOR017W,YKR089C,0,-1.6950846,0.09304056316614151,1.0,0.9747999906539917
YOR141C,YLR085C,0,-1.6954753,0.09303191304206848,1.0,0.9749000072479248
YLL043W,YGL134W,0,-1.6964817,0.09302325546741486,1.0,0.9750000238418579
YOL129W,YNL273W,0,-1.6982603,0.09301460534334183,1.0,0.9750999808311462
YGL013C,YMR039C,0,-1.6989739,0.0930059552192688,1.0,0.9751999974250793
YJR044C,YDR468C,0,-1.702198,0.09299730509519577,1.0,0.9753000140190125
YNL023C,YKL026C,0,-1.703321,0.09298865497112274,1.0,0.9753999710083008
YPR006C,YDR201W,0,-1.7034857,0.09298001229763031,1.0,0.9754999876022339
YNL321W,YMR240C,0,-1.7073183,0.09297136217355728,1.0,0.975600004196167
YIR010W,YMR035W,0,-1.7074368,0.09296271950006485,1.0,0.9757000207901001
YLR017W,YIL042C,0,-1.7086082,0.09295408427715302,1.0,0.9757999777793884
YBR298C,YLL033W,0,-1.7088673,0.09294544160366058,1.0,0.9758999943733215
YNL025C,YMR301C,0,-1.7105653,0.09293680638074875,1.0,0.9760000109672546
YGL233W,YGR038W,0,-1.7108002,0.09292816370725632,1.0,0.9761000275611877
YMR025W,YDL178W,0,-1.7116644,0.09291952848434448,1.0,0.9761999845504761
YDR176W,YER050C,0,-1.7117987,0.09291090071201324,1.0,0.9763000011444092
YDR099W,YER109C,0,-1.7126443,0.09290226548910141,1.0,0.9764000177383423
YNL107W,YJL183W,0,-1.7154326,0.09289363771677017,1.0,0.9764999747276306
YDR350C,YER050C,0,-1.7154801,0.09288500994443893,1.0,0.9765999913215637
YBR211C,YAL055W,0,-1.7156937,0.0928763821721077,1.0,0.9767000079154968
YHR106W,YLR336C,0,-1.7218795,0.09286775439977646,1.0,0.9768000245094299
YBR199W,YML006C,0,-1.7233086,0.09285913407802582,1.0,0.9768999814987183
YLR299W,YCR052W,0,-1.7235317,0.09285051375627518,1.0,0.9769999980926514
YGR096W,YMR041C,0,-1.7249188,0.09284189343452454,1.0,0.9771000146865845
YJL074C,YLR337C,0,-1.7275448,0.0928332731127739,1.0,0.9771999716758728
YER149C,YKR067W,0,-1.7298782,0.09282465279102325,1.0,0.9772999882698059
YDR294C,YDR198C,0,-1.7313414,0.09281603991985321,1.0,0.977400004863739
YGR231C,YGL124C,0,-1.7346857,0.09280742704868317,1.0,0.9775000214576721
YLR442C,YBL011W,0,-1.7349482,0.09279881417751312,1.0,0.9775999784469604
YGR193C,YPL268W,0,-1.7373962,0.09279020130634308,1.0,0.9776999950408936
YIL007C,YNL290W,0,-1.7377555,0.09278158843517303,1.0,0.9778000116348267
YDR073W,YLR148W,0,-1.7381296,0.09277298301458359,1.0,0.9779000282287598
YMR020W,YFL038C,0,-1.7386932,0.09276437759399414,1.0,0.9779999852180481
YHR166C,YJR131W,0,-1.7391634,0.0927557721734047,1.0,0.9781000018119812
YJR095W,YNL315C,0,-1.7392683,0.09274717420339584,1.0,0.9782000184059143
YPR024W,YGR133W,0,-1.7411492,0.0927385687828064,1.0,0.9782999753952026
YPL096W,YML025C,0,-1.7425861,0.09272997081279755,1.0,0.9783999919891357
YGL113W,YGL004C,0,-1.7428849,0.0927213728427887,1.0,0.9785000085830688
YLR037C,YPL193W,0,-1.7430892,0.09271277487277985,1.0,0.978600025177002
YHR008C,YLR226W,0,-1.7466755,0.09270418435335159,1.0,0.9786999821662903
YLR310C,YER142C,0,-1.7468984,0.09269558638334274,1.0,0.9787999987602234
YDR148C,YMR112C,0,-1.7472041,0.09268699586391449,1.0,0.9789000153541565
YNL054W,YKL087C,0,-1.7482753,0.09267840534448624,1.0,0.9789999723434448
YDL126C,YGL243W,0,-1.7528539,0.09266981482505798,1.0,0.9790999889373779
YOR192C,YOR368W,0,-1.7563651,0.09266123175621033,1.0,0.979200005531311
YER129W,YBL066C,0,-1.7566395,0.09265264868736267,1.0,0.9793000221252441
YBR169C,YDL074C,0,-1.7591441,0.09264405816793442,1.0,0.9793999791145325
YHR123W,YOR194C,0,-1.7604725,0.09263548254966736,1.0,0.9794999957084656
YAR027W,YLR305C,0,-1.7641649,0.0926268994808197,1.0,0.9796000123023987
YKL092C,YDR430C,0,-1.7642226,0.09261831641197205,1.0,0.9797000288963318
YJL074C,YNL172W,0,-1.7650523,0.09260974079370499,1.0,0.9797999858856201
YJL029C,YKL203C,0,-1.7673817,0.09260116517543793,1.0,0.9799000024795532
YBR211C,YBR073W,0,-1.7704029,0.09259258955717087,1.0,0.9800000190734863
YDR246W,YML109W,0,-1.7735662,0.0925840213894844,1.0,0.9800999760627747
YIL044C,YER155C,0,-1.7786498,0.09257544577121735,1.0,0.9801999926567078
YEL055C,YOR227W,0,-1.7819252,0.09256687760353088,1.0,0.9803000092506409
YNR017W,YMR162C,0,-1.7829969,0.09255830943584442,1.0,0.980400025844574
YPL055C,YPR171W,0,-1.7838175,0.09254974871873856,1.0,0.9804999828338623
YJL128C,YKL046C,0,-1.7905898,0.0925411805510521,1.0,0.9805999994277954
YKR085C,YJR103W,0,-1.791014,0.09253261983394623,1.0,0.9807000160217285
YDR276C,YDR163W,0,-1.7915614,0.09252405911684036,1.0,0.9807999730110168
YML076C,YEL062W,0,-1.7920403,0.0925154983997345,1.0,0.98089998960495
YPL100W,YOR334W,0,-1.793397,0.09250693768262863,1.0,0.9810000061988831
YGL112C,YLR135W,0,-1.7943282,0.09249838441610336,1.0,0.9811000227928162
YOR256C,YNL099C,0,-1.7949245,0.0924898236989975,1.0,0.9811999797821045
YIL159W,YPR134W,0,-1.7961822,0.09248127043247223,1.0,0.9812999963760376
YIL007C,YOR354C,0,-1.7966585,0.09247271716594696,1.0,0.9814000129699707
YBR200W,YMR231W,0,-1.7974818,0.09246417135000229,1.0,0.9815000295639038
YJL139C,YKL145W,0,-1.8058212,0.09245561808347702,1.0,0.9815999865531921
YDR264C,YOR058C,0,-1.8066692,0.09244707226753235,1.0,0.9817000031471252
YPL100W,YAR014C,0,-1.8069661,0.09243852645158768,1.0,0.9818000197410583
YMR002W,YJL095W,0,-1.8073447,0.092429980635643,1.0,0.9818999767303467
YPL050C,YOR054C,0,-1.8103046,0.09242144227027893,1.0,0.9819999933242798
YPL086C,YBR230C,0,-1.8108165,0.09241290390491486,1.0,0.9821000099182129
YPL270W,YNL290W,0,-1.8126009,0.09240435808897018,1.0,0.982200026512146
YHR121W,YIL056W,0,-1.8140018,0.0923958271741867,1.0,0.9822999835014343
YOL008W,YKR008W,0,-1.8140502,0.09238728880882263,1.0,0.9824000000953674
YJL123C,YDR409W,0,-1.8147063,0.09237875044345856,1.0,0.9825000166893005
YLL048C,YDL174C,0,-1.8192816,0.09237021952867508,1.0,0.9825999736785889
YBR162W-A,YNL274C,0,-1.8205564,0.0923616886138916,1.0,0.982699990272522
YOL060C,YPL007C,0,-1.8215837,0.09235315769910812,1.0,0.9828000068664551
YMR077C,YPL057C,0,-1.8216543,0.09234462678432465,1.0,0.9829000234603882
YDL175C,YOL017W,0,-1.8246689,0.09233610332012177,1.0,0.9829999804496765
YFR042W,YMR072W,0,-1.8311768,0.09232757985591888,1.0,0.9830999970436096
YJL029C,YJL174W,0,-1.831347,0.092319056391716,1.0,0.9832000136375427
YMR030W,YPL241C,0,-1.8314781,0.09231053292751312,1.0,0.983299970626831
YLR119W,YJR049C,0,-1.8318839,0.09230200946331024,1.0,0.9833999872207642
YJL183W,YML007W,0,-1.8333511,0.09229349344968796,1.0,0.9835000038146973
YNL133C,YML001W,0,-1.8382452,0.09228497743606567,1.0,0.9836000204086304
YER050C,YNL047C,0,-1.8399439,0.09227646142244339,1.0,0.9836999773979187
YNL323W,YLR163C,0,-1.842133,0.0922679454088211,1.0,0.9837999939918518
YGR140W,YBR120C,0,-1.8427277,0.09225943684577942,1.0,0.9839000105857849
YER050C,YPL120W,0,-1.8437428,0.09225092083215714,1.0,0.984000027179718
YNR026C,YJL154C,0,-1.8497093,0.09224241226911545,1.0,0.9840999841690063
YDL175C,YJR091C,0,-1.849838,0.09223390370607376,1.0,0.9842000007629395
YKL186C,YNL073W,0,-1.850977,0.09222540259361267,1.0,0.9843000173568726
YIL143C,YPL011C,0,-1.8512154,0.09221689403057098,1.0,0.9843999743461609
YDR332W,YJL115W,0,-1.8528357,0.0922083929181099,1.0,0.984499990940094
YKL094W,YGL065C,0,-1.8537631,0.0921998918056488,1.0,0.9846000075340271
YHR170W,YBR230C,0,-1.8548222,0.09219139069318771,1.0,0.9847000241279602
YBR014C,YER142C,0,-1.8552201,0.09218288958072662,1.0,0.9847999811172485
YMR135C,YPR171W,0,-1.8557334,0.09217439591884613,1.0,0.9848999977111816
YIL144W,YNL167C,0,-1.8563576,0.09216590225696564,1.0,0.9850000143051147
YLR288C,YJR005W,0,-1.8583145,0.09215740114450455,1.0,0.9850999712944031
YLR431C,YDR194C,0,-1.8604815,0.09214891493320465,1.0,0.9851999878883362
YER144C,YJR090C,0,-1.8628831,0.09214042127132416,1.0,0.9853000044822693
YDR188W,YDR151C,0,-1.8634105,0.09213193506002426,1.0,0.9854000210762024
YBR217W,YBR094W,0,-1.8635223,0.09212344884872437,1.0,0.9854999780654907
YJL104W,YCR011C,0,-1.866859,0.09211496263742447,1.0,0.9855999946594238
YDR308C,YOR321W,0,-1.8673725,0.09210647642612457,1.0,0.9857000112533569
YER144C,YDR113C,0,-1.8689327,0.09209799021482468,1.0,0.98580002784729
YLL029W,YDR182W,0,-1.8769689,0.09208951145410538,1.0,0.9858999848365784
YDR423C,YPL045W,0,-1.8778465,0.09208103269338608,1.0,0.9860000014305115
YHR060W,YGR268C,0,-1.877959,0.09207255393266678,1.0,0.9861000180244446
YOR172W,YPL004C,0,-1.8798692,0.09206407517194748,1.0,0.9861999750137329
YPL208W,YBL041W,0,-1.8801904,0.09205560386180878,1.0,0.986299991607666
YNL094W,YPL233W,0,-1.8847299,0.09204712510108948,1.0,0.9864000082015991
YDR208W,YEL044W,0,-1.8884549,0.09203865379095078,1.0,0.9865000247955322
YHR001W,YMR200W,0,-1.888921,0.09203018248081207,1.0,0.9865999817848206
YLR299W,YOR118W,0,-1.8891664,0.09202171862125397,1.0,0.9866999983787537
YOR334W,YFL061W,0,-1.8974571,0.09201324731111526,1.0,0.9868000149726868
YER149C,YJL141C,0,-1.9006312,0.09200478345155716,1.0,0.9868999719619751
YNL177C,YOL045W,0,-1.9017692,0.09199631959199905,1.0,0.9869999885559082
YKL022C,YOR142W,0,-1.9023952,0.09198785573244095,1.0,0.9871000051498413
YKR098C,YKL055C,0,-1.9055307,0.09197939932346344,1.0,0.9872000217437744
YDL161W,YOR197W,0,-1.9062431,0.09197093546390533,1.0,0.9872999787330627
YPL161C,YDL197C,0,-1.90814,0.09196247905492783,1.0,0.9873999953269958
YGR038W,YPR079W,0,-1.910353,0.09195402264595032,1.0,0.987500011920929
YKL039W,YPR018W,0,-1.9134278,0.09194556623697281,1.0,0.9876000285148621
YIR011C,YOL076W,0,-1.9142356,0.0919371172785759,1.0,0.9876999855041504
YKL046C,YDR229W,0,-1.9159474,0.09192866086959839,1.0,0.9878000020980835
YLR440C,YOR132W,0,-1.9189641,0.09192021191120148,1.0,0.9879000186920166
YDR260C,YBR120C,0,-1.9205582,0.09191176295280457,1.0,0.9879999756813049
YFR021W,YER155C,0,-1.9216597,0.09190331399440765,1.0,0.988099992275238
YAL017W,YPL045W,0,-1.9222534,0.09189487248659134,1.0,0.9882000088691711
YDR484W,YBR103W,0,-1.9241195,0.09188643097877502,1.0,0.9883000254631042
YER149C,YLL019C,0,-1.9248772,0.09187798947095871,1.0,0.9883999824523926
YDR099W,YIL021W,0,-1.9257786,0.0918695479631424,1.0,0.9884999990463257
YGL115W,YOR099W,0,-1.9260533,0.09186110645532608,1.0,0.9886000156402588
YLR006C,YPR079W,0,-1.9261384,0.09185266494750977,1.0,0.9886999726295471
YMR200W,YJL054W,0,-1.9283001,0.09184423089027405,1.0,0.9887999892234802
YBR200W,YOL060C,0,-1.9317625,0.09183579683303833,1.0,0.9889000058174133
YGR261C,YLR024C,0,-1.9361901,0.09182736277580261,1.0,0.9890000224113464
YOL062C,YFL008W,0,-1.9391267,0.09181893616914749,1.0,0.9890999794006348
YKL174C,YNL118C,0,-1.9416118,0.09181050211191177,1.0,0.9891999959945679
YGR057C,YGL006W,0,-1.9440451,0.09180207550525665,1.0,0.989300012588501
YBL008W,YMR041C,0,-1.9444151,0.09179364889860153,1.0,0.9894000291824341
YER100W,YDR373W,0,-1.9553227,0.09178522229194641,1.0,0.9894999861717224
YMR277W,YIL154C,0,-1.9630115,0.09177679568529129,1.0,0.9896000027656555
YLR362W,YFR051C,0,-1.9634743,0.09176837652921677,1.0,0.9897000193595886
YJR086W,YPL145C,0,-1.9640656,0.09175995737314224,1.0,0.989799976348877
YNR012W,YDR530C,0,-1.9647381,0.09175153821706772,1.0,0.9898999929428101
YJR055W,YDR122W,0,-1.9652019,0.0917431190609932,1.0,0.9900000095367432
YIR025W,YDR268W,0,-1.9685488,0.09173469990491867,1.0,0.9901000261306763
YJL074C,YAL002W,0,-1.9726155,0.09172628819942474,1.0,0.9901999831199646
YOR329C,YBL091C,0,-1.9766793,0.09171787649393082,1.0,0.9902999997138977
YLR299W,YGL023C,0,-1.984499,0.09170946478843689,1.0,0.9904000163078308
YIL154C,YLR272C,0,-1.9847887,0.09170105308294296,1.0,0.9904999732971191
YPL087W,YDR081C,0,-1.9853199,0.09169264882802963,1.0,0.9905999898910522
YPL053C,YNR031C,0,-1.9867976,0.0916842371225357,1.0,0.9907000064849854
YOR087W,YML107C,0,-1.9924836,0.09167583286762238,1.0,0.9908000230789185
YJL166W,YBR060C,0,-1.9930186,0.09166742861270905,1.0,0.9908999800682068
YOR176W,YKL203C,0,-1.9953499,0.09165903180837631,1.0,0.9909999966621399
YBL089W,YDR113C,0,-2.0037632,0.09165062755346298,1.0,0.991100013256073
YDL092W,YGR023W,0,-2.0078902,0.09164223074913025,1.0,0.9911999702453613
YCL044C,YGL038C,0,-2.0090837,0.09163383394479752,1.0,0.9912999868392944
YJR050W,YDR369C,0,-2.0102377,0.09162543714046478,1.0,0.9914000034332275
YNR039C,YDR515W,0,-2.011084,0.09161704033613205,1.0,0.9915000200271606
YBR290W,YAL022C,0,-2.0113482,0.09160865098237991,1.0,0.991599977016449
YBR280C,YGL058W,0,-2.0136988,0.09160025417804718,1.0,0.9916999936103821
YNL023C,YDR059C,0,-2.0146976,0.09159186482429504,1.0,0.9918000102043152
YOR250C,YML069W,0,-2.0206115,0.09158347547054291,1.0,0.9919000267982483
YCR079W,YBR073W,0,-2.024808,0.09157509356737137,1.0,0.9919999837875366
YOR030W,YPL007C,0,-2.0268393,0.09156670421361923,1.0,0.9921000003814697
YMR019W,YPR103W,0,-2.0345526,0.09155832231044769,1.0,0.9922000169754028
YHR114W,YDR075W,0,-2.0428371,0.09154994040727615,1.0,0.9922999739646912
YNL183C,YDR113C,0,-2.043519,0.09154155850410461,1.0,0.9923999905586243
YBR302C,YNL082W,0,-2.04395,0.09153318405151367,1.0,0.9925000071525574
YLL003W,YML110C,0,-2.050552,0.09152480214834213,1.0,0.9926000237464905
YPL171C,YGL243W,0,-2.0519602,0.09151642769575119,1.0,0.9926999807357788
YBR169C,YPL193W,0,-2.0545876,0.09150805324316025,1.0,0.9927999973297119
YDL193W,YML109W,0,-2.0558186,0.0914996787905693,1.0,0.992900013923645
YOR017W,YKL073W,0,-2.0562587,0.09149131178855896,1.0,0.9929999709129333
YHR091C,YPR072W,0,-2.0585103,0.09148293733596802,1.0,0.9930999875068665
YPR083W,YBR272C,0,-2.0642047,0.09147457033395767,1.0,0.9932000041007996
YML130C,YNL271C,0,-2.06779,0.09146620333194733,1.0,0.9933000206947327
YPL100W,YML109W,0,-2.068041,0.09145783632993698,1.0,0.993399977684021
YIL033C,YOL027C,0,-2.0810273,0.09144947677850723,1.0,0.9934999942779541
YKL175W,YLR033W,0,-2.084775,0.09144110977649689,1.0,0.9936000108718872
YML049C,YML110C,0,-2.0884528,0.09143275022506714,1.0,0.9937000274658203
YJL074C,YDR229W,0,-2.08924,0.09142439067363739,1.0,0.9937999844551086
YKL087C,YLL036C,0,-2.0923357,0.09141603112220764,1.0,0.9939000010490417
YCL052C,YER016W,0,-2.094191,0.09140767902135849,1.0,0.9940000176429749
YPR189W,YFR021W,0,-2.0999339,0.09139932692050934,1.0,0.9940999746322632
YDR435C,YGL216W,0,-2.1109347,0.09139096736907959,1.0,0.9941999912261963
YML061C,YBL105C,0,-2.1175942,0.09138262271881104,1.0,0.9943000078201294
YPL020C,YOR099W,0,-2.118741,0.09137427061796188,1.0,0.9944000244140625
YAL014C,YOR353C,0,-2.1246676,0.09136591851711273,1.0,0.9944999814033508
YPR025C,YMR076C,0,-2.125835,0.09135757386684418,1.0,0.9945999979972839
YGL099W,YPL203W,0,-2.1344643,0.09134922921657562,1.0,0.994700014591217
YPR171W,YHR166C,0,-2.1389477,0.09134088456630707,1.0,0.9947999715805054
YLL019C,YLR367W,0,-2.1468315,0.09133253991603851,1.0,0.9948999881744385
YOL148C,YMR076C,0,-2.1567028,0.09132420271635056,1.0,0.9950000047683716
YPL100W,YGL023C,0,-2.1616116,0.091315858066082,1.0,0.9951000213623047
YPL161C,YLR193C,0,-2.1687093,0.09130752086639404,1.0,0.995199978351593
YIL144W,YKR088C,0,-2.1721396,0.09129919111728668,1.0,0.9952999949455261
YPR121W,YER155C,0,-2.17457,0.09129085391759872,1.0,0.9954000115394592
YCR017C,YOL113W,0,-2.187789,0.09128251671791077,1.0,0.9955000281333923
YDL076C,YAL051W,0,-2.1893268,0.0912741869688034,1.0,0.9955999851226807
YBR236C,YKL165C,0,-2.211052,0.09126585721969604,1.0,0.9957000017166138
YLR028C,YLR033W,0,-2.2120867,0.09125752747058868,1.0,0.9958000183105469
YER145C,YOR138C,0,-2.2152016,0.09124920517206192,1.0,0.9958999752998352
YOR059C,YBR265W,0,-2.2193065,0.09124087542295456,1.0,0.9959999918937683
YLR440C,YJL057C,0,-2.2241774,0.0912325531244278,1.0,0.9961000084877014
YJL035C,YMR119W,0,-2.2263155,0.09122423082590103,1.0,0.9962000250816345
YLL031C,YLR024C,0,-2.2448366,0.09121590852737427,1.0,0.9962999820709229
YOR279C,YDR422C,0,-2.2523975,0.0912075862288475,1.0,0.996399998664856
YMR137C,YOR266W,0,-2.2587953,0.09119927138090134,1.0,0.9965000152587891
YDR528W,YGL017W,0,-2.2640104,0.09119095653295517,1.0,0.9965999722480774
YDL046W,YJR083C,0,-2.2715788,0.091182641685009,1.0,0.9966999888420105
YBR039W,YOL148C,0,-2.2763803,0.09117432683706284,1.0,0.9968000054359436
YCR030C,YML069W,0,-2.276935,0.09116601198911667,1.0,0.9969000220298767
YOR301W,YBR272C,0,-2.2835634,0.0911577045917511,1.0,0.996999979019165
YCR044C,YNL224C,0,-2.29383,0.09114939719438553,1.0,0.9970999956130981
YOR016C,YPL096W,0,-2.3001795,0.09114108979701996,1.0,0.9972000122070312
YDL175C,YJL155C,0,-2.3136806,0.09113278239965439,1.0,0.9973000288009644
YGL093W,YOR106W,0,-2.3186235,0.09112447500228882,1.0,0.9973999857902527
YMR200W,YNL272C,0,-2.319315,0.09111617505550385,1.0,0.9975000023841858
YDR006C,YNL258C,0,-2.3262012,0.09110787510871887,1.0,0.9976000189781189
YPL023C,YDL091C,0,-2.345015,0.0910995751619339,1.0,0.9976999759674072
YLR119W,YHR178W,0,-2.3459094,0.09109127521514893,1.0,0.9977999925613403
YLL019C,YNL290W,0,-2.3789349,0.09108297526836395,1.0,0.9979000091552734
YOR144C,YDR452W,0,-2.381659,0.09107468277215958,1.0,0.9980000257492065
YGL122C,YNL156C,0,-2.382672,0.0910663902759552,1.0,0.9980999827384949
YKL049C,YPR023C,0,-2.3988776,0.09105809777975082,1.0,0.998199999332428
YLR361C,YPR171W,0,-2.4062185,0.09104980528354645,1.0,0.9983000159263611
YKL160W,YPL004C,0,-2.406234,0.09104151278734207,1.0,0.9983999729156494
YGL093W,YPL218W,0,-2.4136968,0.09103322774171829,1.0,0.9984999895095825
YPR058W,YER142C,0,-2.4209428,0.09102494269609451,1.0,0.9986000061035156
YBR215W,YFR004W,0,-2.429458,0.09101665765047073,1.0,0.9987000226974487
YCL052C,YPR189W,0,-2.457789,0.09100837260484695,1.0,0.9987999796867371
YIL144W,YCL052C,0,-2.4831858,0.09100008755922318,1.0,0.9988999962806702
YNL088W,YDR530C,0,-2.4920328,0.09099180996417999,1.0,0.9990000128746033
YNL161W,YAL051W,0,-2.515079,0.09098353236913681,1.0,0.9991000294685364
YDR182W,YKR089C,0,-2.5190446,0.09097525477409363,1.0,0.9991999864578247
YJL053W,YNL271C,0,-2.5596302,0.09096697717905045,1.0,0.9993000030517578
YNL099C,YER017C,0,-2.5600448,0.09095870703458786,1.0,0.9994000196456909
YJL104W,YKL065C,0,-2.5819845,0.09095042943954468,1.0,0.9994999766349792
YKL064W,YNL085W,0,-2.5821972,0.09094215929508209,1.0,0.9995999932289124
YOR241W,YJL057C,0,-2.5898843,0.0909338891506195,1.0,0.9997000098228455
YJL104W,YOR113W,0,-2.6246767,0.09092562645673752,1.0,0.9998000264167786
YPL064C,YOL033W,0,-2.643391,0.09091735631227493,1.0,0.9998999834060669
YPL152W,YPR056W,0,-2.6947355,0.09090909361839294,1.0,1.0
