Gene A,Gene B,Label,Score,Precision,Recall,False Positive Rate
YKL113C,YMR078C,1,6.9396214,1.0,0.0009920635493472219,0.0
YEL061C,YGR098C,0,6.567138,0.5,0.0009920635493472219,0.00010008006211137399
YPR120C,YPL153C,1,6.410235,0.6666666865348816,0.0019841270986944437,0.00010008006211137399
YMR048W,YMR078C,1,6.3973074,0.75,0.0029761905316263437,0.00010008006211137399
YPR135W,YMR078C,1,6.36029,0.800000011920929,0.003968254197388887,0.00010008006211137399
YOR144C,YGL201C,1,6.318414,0.8333333134651184,0.004960317630320787,0.00010008006211137399
YLR103C,YGL201C,1,6.218537,0.8571428656578064,0.0059523810632526875,0.00010008006211137399
YPR135W,YNL273W,1,6.118223,0.875,0.0069444444961845875,0.00010008006211137399
YLR103C,YKL113C,1,6.1110606,0.8888888955116272,0.007936508394777775,0.00010008006211137399
YLR103C,YOL094C,1,6.0799394,0.8999999761581421,0.008928571827709675,0.00010008006211137399
YMR048W,YIL131C,1,6.0269437,0.9090909361839294,0.009920635260641575,0.00010008006211137399
YPR135W,YDR052C,1,5.925179,0.9166666865348816,0.010912698693573475,0.00010008006211137399
YDR310C,YFR027W,1,5.698886,0.9230769276618958,0.011904762126505375,0.00010008006211137399
YDL017W,YDR013W,1,5.606464,0.9285714030265808,0.012896825559437275,0.00010008006211137399
YJL194W,YDR097C,1,5.567021,0.9333333373069763,0.013888888992369175,0.00010008006211137399
YPR120C,YGR109C,1,5.5393815,0.9375,0.014880952425301075,0.00010008006211137399
YJL176C,YDR386W,0,5.5109463,0.8823529481887817,0.014880952425301075,0.00020016012422274798
YKL108W,YLR117C,1,5.497544,0.8888888955116272,0.01587301678955555,0.00020016012422274798
YPR120C,YIL132C,0,5.4837127,0.8421052694320679,0.01587301678955555,0.00030024017905816436
YPL153C,YOR217W,1,5.48352,0.8500000238418579,0.01686508022248745,0.00030024017905816436
YLR103C,YDR097C,1,5.4088945,0.8571428656578064,0.01785714365541935,0.00030024017905816436
YDR489W,YMR078C,1,5.3724513,0.8636363744735718,0.01884920708835125,0.00030024017905816436
YKL113C,YPL153C,1,5.3392935,0.8695651888847351,0.01984127052128315,0.00030024017905816436
YPL153C,YBR087W,1,5.323313,0.875,0.02083333395421505,0.00030024017905816436
YLR103C,YKL045W,1,5.2919493,0.8799999952316284,0.02182539738714695,0.00030024017905816436
YGL175C,YIL132C,0,5.287884,0.8461538553237915,0.02182539738714695,0.00040032024844549596
YOR144C,YAR007C,1,5.2873635,0.8518518805503845,0.02281746082007885,0.00040032024844549596
YHR031C,YMR075W,1,5.278591,0.8571428656578064,0.02380952425301075,0.00040032024844549596
YLR103C,YPR135W,1,5.276105,0.8620689511299133,0.02480158768594265,0.00040032024844549596
YGR274C,YLR383W,0,5.250493,0.8333333134651184,0.02480158768594265,0.0005004003178328276
YOR290C,YGR109C,1,5.2362046,0.8387096524238586,0.02579365111887455,0.0005004003178328276
YOR279C,YBR098W,1,5.232599,0.84375,0.02678571455180645,0.0005004003178328276
YOL006C,YPL153C,1,5.2030625,0.8484848737716675,0.02777777798473835,0.0005004003178328276
YOR195W,YDR130C,0,5.1928782,0.8235294222831726,0.02777777798473835,0.0006004803581163287
YBR073W,YLR314C,0,5.1885467,0.800000011920929,0.02777777798473835,0.0007005604566074908
YLR013W,YGL170C,0,5.116266,0.7777777910232544,0.02777777798473835,0.0008006404968909919
YGR179C,YOR033C,0,5.078323,0.7567567825317383,0.02777777798473835,0.000900720595382154
YOR144C,YDR217C,1,5.055245,0.7631579041481018,0.02876984141767025,0.000900720595382154
YDR013W,YDR130C,0,5.0516725,0.7435897588729858,0.02876984141767025,0.0010008006356656551
YML061C,YLR183C,0,5.0287476,0.7250000238418579,0.02876984141767025,0.0011008806759491563
YKL112W,YMR078C,1,5.0182424,0.7317073345184326,0.02976190485060215,0.0011008806759491563
YLR103C,YLR274W,1,4.998592,0.738095223903656,0.03075396828353405,0.0011008806759491563
YMR078C,YBR202W,1,4.993075,0.7441860437393188,0.0317460335791111,0.0011008806759491563
YLR135W,YDR052C,1,4.9299645,0.75,0.032738097012043,0.0011008806759491563
YDR097C,YPR175W,1,4.9273696,0.7555555701255798,0.0337301604449749,0.0011008806759491563
YCL061C,YKL045W,1,4.925007,0.760869562625885,0.0347222238779068,0.0011008806759491563
YNL102W,YLR117C,1,4.9000773,0.7659574747085571,0.0357142873108387,0.0011008806759491563
YBL034C,YOL017W,0,4.8939004,0.75,0.0357142873108387,0.0012009607162326574
YOR144C,YLR274W,1,4.881757,0.7551020383834839,0.0367063507437706,0.0012009607162326574
YBR217W,YOL095C,0,4.876701,0.7400000095367432,0.0367063507437706,0.0013010408729314804
YLR103C,YDR310C,1,4.874125,0.7450980544090271,0.0376984141767025,0.0013010408729314804
YDR325W,YLR086W,0,4.865584,0.7307692170143127,0.0376984141767025,0.0014011209132149816
YNL262W,YBR160W,1,4.855569,0.7358490824699402,0.0386904776096344,0.0014011209132149816
YPL167C,YOR279C,1,4.8263497,0.7407407164573669,0.0396825410425663,0.0014011209132149816
YNL262W,YNL290W,1,4.8234324,0.7454545497894287,0.0406746044754982,0.0014011209132149816
YJL203W,YLR319C,0,4.8227067,0.7321428656578064,0.0406746044754982,0.0015012009534984827
YBR275C,YDL164C,1,4.7946663,0.7368420958518982,0.0416666679084301,0.0015012009534984827
YCL061C,YDR052C,1,4.7707806,0.7413793206214905,0.042658731341362,0.0015012009534984827
YDR201W,YHR172W,0,4.756987,0.7288135886192322,0.042658731341362,0.0016012809937819839
YDL074C,YDL102W,1,4.7310395,0.7333333492279053,0.0436507947742939,0.0016012809937819839
YDL017W,YMR078C,1,4.680699,0.7377049326896667,0.0446428582072258,0.0016012809937819839
YKR010C,YDR323C,0,4.658624,0.725806474685669,0.0446428582072258,0.001701361034065485
YCL061C,YFR027W,1,4.65822,0.7301587462425232,0.0456349216401577,0.001701361034065485
YCR092C,YJR068W,1,4.6529737,0.734375,0.0466269850730896,0.001701361034065485
YPR135W,YKL045W,1,4.639969,0.7384615540504456,0.0476190485060215,0.001701361034065485
YCR014C,YML109W,0,4.638857,0.7272727489471436,0.0476190485060215,0.001801441190764308
YDR097C,YFR027W,1,4.6377172,0.7313432693481445,0.0486111119389534,0.001801441190764308
YDL101C,YDR013W,1,4.592709,0.7352941036224365,0.0496031753718853,0.001801441190764308
YMR075W,YFR027W,1,4.589994,0.739130437374115,0.0505952388048172,0.001801441190764308
YPL055C,YMR078C,1,4.5773406,0.7428571581840515,0.0515873022377491,0.001801441190764308
YNL262W,YLR321C,1,4.57527,0.7464788556098938,0.052579365670681,0.001801441190764308
YLR323C,YPR018W,0,4.55778,0.7361111044883728,0.052579365670681,0.0019015212310478091
YIL150C,YER129W,1,4.546747,0.7397260069847107,0.0535714291036129,0.0019015212310478091
YPR135W,YPL016W,1,4.530704,0.7432432174682617,0.0545634925365448,0.0019015212310478091
YBR278W,YML065W,1,4.511701,0.746666669845581,0.0555555559694767,0.0019015212310478091
YJR006W,YMR078C,1,4.509134,0.75,0.0565476194024086,0.0019015212310478091
YLR381W,YPL153C,1,4.5061803,0.7532467246055603,0.0575396828353405,0.0019015212310478091
YPR019W,YPR135W,1,4.5021787,0.7564102411270142,0.0585317462682724,0.0019015212310478091
YCR092C,YLR117C,1,4.46795,0.7594936490058899,0.0595238097012043,0.0019015212310478091
YPR135W,YML065W,1,4.4572287,0.762499988079071,0.0605158731341362,0.0019015212310478091
YOL006C,YPR120C,1,4.455897,0.7654321193695068,0.0615079365670681,0.0019015212310478091
YML061C,YBR087W,1,4.4452405,0.7682926654815674,0.0625,0.0019015212310478091
YPL055C,YDR052C,1,4.440805,0.7710843086242676,0.0634920671582222,0.0019015212310478091
YDR017C,YLR182W,0,4.4346185,0.761904776096344,0.0634920671582222,0.0020016012713313103
YBR160W,YML065W,1,4.421888,0.7647058963775635,0.0644841268658638,0.0020016012713313103
YOL004W,YGR109C,1,4.385011,0.7674418687820435,0.065476194024086,0.0020016012713313103
YJR021C,YDR130C,0,4.3812494,0.7586206793785095,0.065476194024086,0.0021016814280301332
YBL023C,YCL061C,1,4.3792243,0.7613636255264282,0.0664682537317276,0.0021016814280301332
YML061C,YML065W,1,4.3365593,0.7640449404716492,0.0674603208899498,0.0021016814280301332
YOR330C,YDR013W,1,4.3342786,0.7666666507720947,0.0684523805975914,0.0021016814280301332
YLR234W,YPL269W,0,4.3257375,0.7582417726516724,0.0684523805975914,0.0022017613518983126
YAR007C,YHR031C,1,4.3165574,0.760869562625885,0.0694444477558136,0.0022017613518983126
YFR027W,YDR110W,1,4.313013,0.7634408473968506,0.0704365074634552,0.0022017613518983126
YPR162C,YNL218W,1,4.3106756,0.7659574747085571,0.0714285746216774,0.0022017613518983126
YDL102W,YPR120C,1,4.277394,0.7684210538864136,0.072420634329319,0.0022017613518983126
YLR387C,YLR086W,0,4.259257,0.7604166865348816,0.072420634329319,0.0023018415085971355
YCR092C,YGR109C,1,4.2465415,0.7628865838050842,0.0734127014875412,0.0023018415085971355
YKL108W,YDR013W,1,4.245714,0.7653061151504517,0.0744047611951828,0.0023018415085971355
YGL113W,YPR120C,1,4.245168,0.7676767706871033,0.075396828353405,0.0023018415085971355
YGL201C,YLR117C,1,4.2441154,0.7699999809265137,0.0763888880610466,0.0023018415085971355
YOR076C,YJL187C,0,4.231083,0.7623762488365173,0.0763888880610466,0.002401921432465315
YJL194W,YIL131C,1,4.2266183,0.7647058963775635,0.0773809552192688,0.002401921432465315
YIL131C,YLR321C,1,4.21698,0.7669903039932251,0.0783730149269104,0.002401921432465315
YGL113W,YBR278W,1,4.201156,0.7692307829856873,0.0793650820851326,0.002401921432465315
YGR005C,YML109W,0,4.1858535,0.761904776096344,0.0793650820851326,0.002502001589164138
YDR069C,YDR013W,1,4.183418,0.7641509175300598,0.0803571417927742,0.002502001589164138
YJL194W,YGL201C,1,4.1823215,0.7663551568984985,0.0813492089509964,0.002502001589164138
YDR097C,YNL273W,1,4.180646,0.7685185074806213,0.082341268658638,0.002502001589164138
YCL061C,YJL168C,1,4.1779027,0.7706422209739685,0.0833333358168602,0.002502001589164138
YCR092C,YKL108W,1,4.1771297,0.7727272510528564,0.0843253955245018,0.002502001589164138
YGR274C,YPR171W,0,4.1619263,0.7657657861709595,0.0843253955245018,0.002602081745862961
YPR135W,YKL108W,1,4.158999,0.7678571343421936,0.085317462682724,0.002602081745862961
YDL102W,YKL108W,1,4.153502,0.769911527633667,0.0863095223903656,0.002602081745862961
YOR319W,YPL008W,0,4.1473255,0.7631579041481018,0.0863095223903656,0.00270216166973114
YLR103C,YHR118C,1,4.141002,0.7652173638343811,0.0873015895485878,0.00270216166973114
YCL061C,YLR135W,1,4.1390033,0.767241358757019,0.0882936492562294,0.00270216166973114
YDL074C,YDR217C,1,4.135572,0.7692307829856873,0.0892857164144516,0.00270216166973114
YFL023W,YAL034W-A,0,4.134989,0.7627118825912476,0.0892857164144516,0.002802241826429963
YDR392W,YDR386W,0,4.1322417,0.756302535533905,0.0892857164144516,0.0029023217502981424
YHR023W,YBR142W,0,4.1283607,0.75,0.0892857164144516,0.0030024019069969654
YCL061C,YJR043C,1,4.124777,0.7520661354064941,0.0902777761220932,0.0030024019069969654
YIL115C,YOR334W,0,4.1191087,0.7459016442298889,0.0902777761220932,0.0031024820636957884
YER044C-A,YOR295W,0,4.1148973,0.7398374080657959,0.0902777761220932,0.0032025619875639677
YBR275C,YFR027W,1,4.1078553,0.7419354915618896,0.0912698432803154,0.0032025619875639677
YNL218W,YMR078C,1,4.1071916,0.7440000176429749,0.092261902987957,0.0032025619875639677
YLR274W,YOR330C,1,4.1057763,0.7460317611694336,0.0932539701461792,0.0032025619875639677
YDR146C,YBR042C,0,4.0999093,0.7401574850082397,0.0932539701461792,0.0033026421442627907
YOR217W,YML065W,1,4.0988746,0.7421875,0.0942460298538208,0.0033026421442627907
YJR043C,YKL108W,1,4.0921974,0.7441860437393188,0.095238097012043,0.0033026421442627907
YJR068W,YDR110W,1,4.090635,0.7461538314819336,0.0962301567196846,0.0033026421442627907
YBL035C,YGL192W,1,4.085227,0.7480915784835815,0.0972222238779068,0.0033026421442627907
YGL249W,YJL023C,0,4.0840955,0.7424242496490479,0.0972222238779068,0.00340272206813097
YJL090C,YIL144W,0,4.0803447,0.7368420958518982,0.0972222238779068,0.003502802224829793
YCR092C,YLR321C,1,4.053889,0.7388059496879578,0.0982142835855484,0.003502802224829793
YCL024W,YNL218W,0,4.05024,0.7333333492279053,0.0982142835855484,0.003602882381528616
YOR190W,YLR227C,0,4.0500855,0.7279411554336548,0.0982142835855484,0.0037029623053967953
YDL209C,YMR001C,0,4.0494556,0.7226277589797974,0.0982142835855484,0.0038030424620956182
YCR092C,YKL149C,0,4.04185,0.717391312122345,0.0982142835855484,0.0039031223859637976
YDL102W,YLL004W,1,4.0364847,0.7194244861602783,0.0992063507437706,0.0039031223859637976
YLR430W,YBR278W,1,4.035405,0.7214285731315613,0.1001984104514122,0.0039031223859637976
YBR275C,YLR321C,1,4.0339103,0.7234042286872864,0.1011904776096344,0.0039031223859637976
YBL023C,YPL153C,1,4.025974,0.7253521084785461,0.102182537317276,0.0039031223859637976
YDL030W,YDL077C,0,4.023493,0.7202796936035156,0.102182537317276,0.0040032025426626205
YJL110C,YHR164C,0,4.015001,0.7152777910232544,0.102182537317276,0.0041032824665308
YML049C,YGL212W,0,4.006642,0.7103448510169983,0.102182537317276,0.0042033628560602665
YCR092C,YLR010C,0,4.004818,0.7054794430732727,0.102182537317276,0.004303442779928446
YHR040W,YOR195W,0,4.001538,0.7006802558898926,0.102182537317276,0.004403522703796625
YJL194W,YNL102W,1,4.0013075,0.7027027010917664,0.1031746044754982,0.004403522703796625
YJR043C,YML065W,1,3.9974678,0.7046979665756226,0.1041666641831398,0.004403522703796625
YDR325W,YOL093W,0,3.9943373,0.699999988079071,0.1041666641831398,0.004503603093326092
YBL023C,YDR097C,1,3.9904506,0.7019867300987244,0.105158731341362,0.004503603093326092
YPR135W,YDL102W,1,3.9816005,0.7039473652839661,0.1061507910490036,0.004503603093326092
YDL102W,YKL045W,1,3.9752324,0.7058823704719543,0.1071428582072258,0.004503603093326092
YDL102W,YEL032W,1,3.975115,0.7077922224998474,0.1081349179148674,0.004503603093326092
YBR276C,YGR109C,1,3.9746683,0.7096773982048035,0.1091269850730896,0.004503603093326092
YDL102W,YBR087W,1,3.97446,0.7115384340286255,0.1101190447807312,0.004503603093326092
YLR274W,YBR088C,1,3.9705117,0.7133758068084717,0.1111111119389534,0.004503603093326092
YCL061C,YDR110W,1,3.9653432,0.7151898741722107,0.112103171646595,0.004503603093326092
YJL194W,YNL068C,1,3.9631503,0.7169811129570007,0.1130952388048172,0.004503603093326092
YML060W,YER173W,0,3.9617016,0.7124999761581421,0.1130952388048172,0.004603683017194271
YJL112W,YOR324C,0,3.9612858,0.7080745100975037,0.1130952388048172,0.00470376294106245
YDL126C,YIL131C,1,3.9569218,0.709876537322998,0.1140872985124588,0.00470376294106245
YPR135W,YDR419W,1,3.9486473,0.7116564512252808,0.115079365670681,0.00470376294106245
YDL042C,YNL218W,1,3.9378989,0.7134146094322205,0.1160714253783226,0.00470376294106245
YNL118C,YOR195W,0,3.9360218,0.7090908885002136,0.1160714253783226,0.00480384286493063
YLR223C,YLR103C,0,3.935592,0.7048192620277405,0.1160714253783226,0.004903923254460096
YLR102C,YOR073W,0,3.9319737,0.7005987763404846,0.1160714253783226,0.005004003178328276
YML061C,YIL131C,1,3.9300427,0.7023809552192688,0.1170634925365448,0.005004003178328276
YBL035C,YDL074C,1,3.9298453,0.7041420340538025,0.1180555522441864,0.005004003178328276
YKL092C,YOR195W,0,3.928518,0.699999988079071,0.1180555522441864,0.005104083102196455
YPL155C,YLR320W,0,3.8999012,0.6959064602851868,0.1180555522441864,0.005204163491725922
YDR097C,YLL004W,1,3.8898113,0.6976743936538696,0.1190476194024086,0.005204163491725922
YBR060C,YBR278W,1,3.888368,0.6994219422340393,0.1200396791100502,0.005204163491725922
YLR323C,YMR228W,0,3.8880303,0.6954023241996765,0.1200396791100502,0.005304243415594101
YDR501W,YPL178W,0,3.88632,0.691428542137146,0.1200396791100502,0.00540432333946228
YHR164C,YOR330C,1,3.8800397,0.6931818127632141,0.1210317462682724,0.00540432333946228
YDL102W,YAR007C,1,3.8675911,0.694915235042572,0.122023805975914,0.00540432333946228
YJL194W,YGL113W,1,3.8661692,0.6966292262077332,0.1230158731341362,0.00540432333946228
YJL168C,YML065W,1,3.8647597,0.6983240246772766,0.1240079328417778,0.00540432333946228
YJL194W,YDR013W,1,3.8645666,0.699999988079071,0.125,0.00540432333946228
YMR061W,YKR063C,0,3.8613765,0.6961326003074646,0.125,0.005504403728991747
YGL251C,YLR320W,1,3.8587806,0.6978021860122681,0.1259920597076416,0.005504403728991747
YDR451C,YOL034W,0,3.8576128,0.693989098072052,0.1259920597076416,0.005604483652859926
YKL045W,YAL013W,1,3.8574836,0.695652186870575,0.1269841343164444,0.005604483652859926
YML069W,YBL035C,1,3.857152,0.6972972750663757,0.127976194024086,0.005604483652859926
YCR092C,YNL273W,1,3.8562639,0.698924720287323,0.1289682537317276,0.005604483652859926
YCR092C,YEL032W,1,3.8555133,0.7005347609519958,0.1299603134393692,0.005604483652859926
YPL167C,YLR320W,1,3.851374,0.7021276354789734,0.130952388048172,0.005604483652859926
YEL055C,YNL312W,0,3.8501294,0.6984127163887024,0.130952388048172,0.0057045635767281055
YGR113W,YGR223C,0,3.8474514,0.6947368383407593,0.130952388048172,0.005804643500596285
YBR136W,YPR162C,1,3.846697,0.6963350772857666,0.1319444477558136,0.005804643500596285
YHR118C,YLL004W,1,3.8444455,0.6979166865348816,0.1329365074634552,0.005804643500596285
YDR279W,YDR303C,1,3.8281503,0.6994818449020386,0.1339285671710968,0.005804643500596285
YJL003W,YHR118C,0,3.8245819,0.6958763003349304,0.1339285671710968,0.0059047238901257515
YDL164C,YMR190C,1,3.808143,0.6974359154701233,0.1349206417798996,0.0059047238901257515
YDR180W,YDL113C,0,3.8049932,0.6938775777816772,0.1349206417798996,0.006004803813993931
YDL240W,YDR130C,0,3.8045166,0.6903553009033203,0.1349206417798996,0.00610488373786211
YDL095W,YMR032W,0,3.78769,0.6868686676025391,0.1349206417798996,0.006204964127391577
YKL108W,YBR088C,1,3.7874358,0.6884422302246094,0.1359127014875412,0.006204964127391577
YLR103C,YCL016C,1,3.7796738,0.6899999976158142,0.1369047611951828,0.006204964127391577
YKR064W,YML077W,0,3.7766275,0.6865671873092651,0.1369047611951828,0.006305044051259756
YDR121W,YKL108W,1,3.772179,0.6881188154220581,0.1378968209028244,0.006305044051259756
YBL035C,YER129W,1,3.7704277,0.6896551847457886,0.1388888955116272,0.006305044051259756
YDL102W,YPL016W,1,3.7647173,0.6911764740943909,0.1398809552192688,0.006305044051259756
YDR419W,YOR279C,1,3.764448,0.6926829218864441,0.1408730149269104,0.006305044051259756
YBL035C,YHR164C,1,3.7636333,0.6941747665405273,0.141865074634552,0.006305044051259756
YDR052C,YBR202W,1,3.759503,0.695652186870575,0.1428571492433548,0.006305044051259756
YMR167W,YJL074C,0,3.7549355,0.692307710647583,0.1428571492433548,0.006405123975127935
YPR019W,YEL032W,1,3.7385962,0.6937798857688904,0.1438492089509964,0.006405123975127935
YLR320W,YDR110W,1,3.7327318,0.6952381134033203,0.144841268658638,0.006405123975127935
YCR106W,YGL175C,0,3.7323606,0.6919431090354919,0.144841268658638,0.006505204364657402
YLR078C,YHR119W,0,3.7287695,0.6886792182922363,0.144841268658638,0.006605284288525581
YDL159W,YBR211C,0,3.7249365,0.68544602394104,0.144841268658638,0.006705364212393761
YNL312W,YIR002C,1,3.7229416,0.6869158744812012,0.1458333283662796,0.006705364212393761
YLR103C,YJL173C,1,3.720267,0.6883720755577087,0.1468254029750824,0.006705364212393761
YEL003W,YIL144W,0,3.718721,0.6851851940155029,0.1468254029750824,0.00680544413626194
YGL257C,YKL101W,0,3.7078059,0.6820276379585266,0.1468254029750824,0.006905524525791407
YLR442C,YPR120C,1,3.6995804,0.6834862232208252,0.147817462682724,0.006905524525791407
YDR217C,YBR160W,1,3.6974628,0.6849315166473389,0.1488095223903656,0.006905524525791407
YBR278W,YEL032W,1,3.6972399,0.6863636374473572,0.1498015820980072,0.006905524525791407
YDL101C,YCL061C,1,3.6954188,0.6877828240394592,0.15079365670681,0.006905524525791407
YML069W,YPL153C,1,3.6941164,0.6891891956329346,0.1517857164144516,0.006905524525791407
YPL055C,YPL153C,1,3.6919663,0.6905829310417175,0.1527777761220932,0.006905524525791407
YFR028C,YLL003W,0,3.687381,0.6875,0.1527777761220932,0.007005604449659586
YBR057C,YML065W,1,3.6864326,0.6888889074325562,0.1537698358297348,0.007005604449659586
YDL102W,YDR303C,1,3.6845176,0.6902654767036438,0.1547619104385376,0.007005604449659586
YBR276C,YHR031C,1,3.678156,0.691629946231842,0.1557539701461792,0.007005604449659586
YGR109C,YKL045W,1,3.675399,0.6929824352264404,0.1567460298538208,0.007005604449659586
YBR193C,YPL253C,0,3.6748683,0.6899563074111938,0.1567460298538208,0.007105684373527765
YNL262W,YOL090W,1,3.671728,0.6913043260574341,0.1577380895614624,0.007105684373527765
YCR092C,YLR320W,1,3.6667056,0.6926407217979431,0.1587301641702652,0.007105684373527765
YDL102W,YMR075W,1,3.6629534,0.693965494632721,0.1597222238779068,0.007105684373527765
YNL312W,YDR303C,1,3.6622665,0.6952789425849915,0.1607142835855484,0.007105684373527765
YCR092C,YJL173C,1,3.6568727,0.6965811848640442,0.16170634329319,0.007105684373527765
YLR119W,YER109C,0,3.6557894,0.693617045879364,0.16170634329319,0.007205764763057232
YBL066C,YKL057C,0,3.6526053,0.6906779408454895,0.16170634329319,0.007305844686925411
YDL164C,YHR031C,1,3.6490896,0.6919831037521362,0.1626984179019928,0.007305844686925411
YBL021C,YLR191W,0,3.646057,0.6890756487846375,0.1626984179019928,0.0074059246107935905
YIL150C,YKL108W,1,3.6418045,0.6903765797615051,0.1636904776096344,0.0074059246107935905
YPR135W,YJR006W,1,3.6406734,0.6916666626930237,0.164682537317276,0.0074059246107935905
YBR057C,YJL072C,1,3.6394389,0.6929460763931274,0.1656745970249176,0.0074059246107935905
YNL250W,YER007W,0,3.6391518,0.6900826692581177,0.1656745970249176,0.007506005000323057
YDR419W,YAR007C,1,3.6375465,0.6913580298423767,0.1666666716337204,0.007506005000323057
YCR092C,YGR271C-A,0,3.637307,0.688524603843689,0.1666666716337204,0.0076060849241912365
YBR276C,YPR162C,1,3.6245816,0.6897959113121033,0.167658731341362,0.0076060849241912365
YPL082C,YDL003W,0,3.6245174,0.6869918704032898,0.167658731341362,0.007706164848059416
YDR118W,YOR326W,0,3.623819,0.6842105388641357,0.167658731341362,0.007806244771927595
YNL312W,YBR098W,1,3.6208882,0.6854838728904724,0.1686507910490036,0.007806244771927595
YHR168W,YJR092W,0,3.61922,0.6827309131622314,0.1686507910490036,0.007906325161457062
YOR308C,YOR094W,0,3.6187193,0.6800000071525574,0.1686507910490036,0.008006405085325241
YDR279W,YPL016W,1,3.6161463,0.6812748908996582,0.1696428507566452,0.008006405085325241
YJR052W,YOR180C,0,3.61331,0.6785714030265808,0.1696428507566452,0.00810648500919342
YHR164C,YLR321C,1,3.6107404,0.6798418760299683,0.170634925365448,0.00810648500919342
YLR330W,YOL017W,0,3.6039236,0.6771653294563293,0.170634925365448,0.0082065649330616
YGR056W,YJL102W,0,3.6030827,0.6745098233222961,0.170634925365448,0.008306644856929779
YNL218W,YBL019W,0,3.601685,0.671875,0.170634925365448,0.008406725712120533
YML065W,YBR202W,1,3.5982618,0.6731517314910889,0.1716269850730896,0.008406725712120533
YFR048W,YPR120C,0,3.5955455,0.6705426573753357,0.1716269850730896,0.008506805635988712
YHR023W,YBR236C,0,3.5903919,0.6679536700248718,0.1716269850730896,0.008606885559856892
YER098W,YER023W,0,3.5888774,0.6653845906257629,0.1716269850730896,0.008706965483725071
YLR015W,YDR484W,0,3.5885773,0.6628352403640747,0.1716269850730896,0.00880704540759325
YIL150C,YEL032W,1,3.5839672,0.6641221642494202,0.1726190447807312,0.00880704540759325
YHR118C,YHR164C,1,3.5830662,0.6653992533683777,0.1736111044883728,0.00880704540759325
YBR057C,YNL273W,1,3.570018,0.6666666865348816,0.1746031790971756,0.00880704540759325
YKL203C,YLR319C,0,3.5651805,0.6641509532928467,0.1746031790971756,0.00890712533146143
YKL074C,YIL132C,0,3.5634816,0.6616541147232056,0.1746031790971756,0.009007206186652184
YGL019W,YBR289W,0,3.5627406,0.6591760516166687,0.1746031790971756,0.009107286110520363
YDR121W,YOL090W,1,3.5596137,0.6604477763175964,0.1755952388048172,0.009107286110520363
YOL094C,YNL102W,1,3.5569658,0.6617100238800049,0.1765872985124588,0.009107286110520363
YOR290C,YDR013W,1,3.5532913,0.6629629731178284,0.1775793582201004,0.009107286110520363
YDL017W,YGR109C,1,3.5469854,0.6642066240310669,0.1785714328289032,0.009107286110520363
YBR228W,YFR027W,1,3.5446746,0.6654411554336548,0.1795634925365448,0.009107286110520363
YML069W,YMR078C,1,3.5415359,0.6666666865348816,0.1805555522441864,0.009107286110520363
YOL135C,YNL223W,0,3.5396237,0.6642335653305054,0.1805555522441864,0.009207366034388542
YBR102C,YLR320W,0,3.5384572,0.6618182063102722,0.1805555522441864,0.009307445958256721
YPR111W,YOR026W,0,3.5359347,0.6594203114509583,0.1805555522441864,0.0094075258821249
YNL206C,YER151C,0,3.5351381,0.6570397019386292,0.1805555522441864,0.00950760580599308
YGL075C,YGL093W,0,3.5292666,0.6546762585639954,0.1805555522441864,0.00960768572986126
YJL145W,YGL093W,0,3.5281136,0.6523297429084778,0.1805555522441864,0.009707766585052013
YBR228W,YBL023C,1,3.5278697,0.6535714268684387,0.181547611951828,0.009707766585052013
YDL101C,YOR144C,1,3.5237696,0.6548042893409729,0.1825396865606308,0.009707766585052013
YOL034W,YDL194W,0,3.523525,0.652482271194458,0.1825396865606308,0.009807846508920193
YOL009C,YEL061C,0,3.519415,0.6501767039299011,0.1825396865606308,0.009907926432788372
YLR321C,YJR138W,0,3.519325,0.6478873491287231,0.1825396865606308,0.010008006356656551
YDR022C,YDR439W,0,3.5178063,0.6456140279769897,0.1825396865606308,0.01010808628052473
YDR092W,YNL298W,0,3.5115783,0.6433566212654114,0.1825396865606308,0.01020816620439291
YLR363C,YDL101C,0,3.5092845,0.6411150097846985,0.1825396865606308,0.010308247059583664
YBR217W,YOR249C,0,3.5083497,0.6388888955116272,0.1825396865606308,0.010408326983451843
YOR255W,YOR249C,0,3.5055268,0.6366782188415527,0.1825396865606308,0.010508406907320023
YDL074C,YNL218W,1,3.5043182,0.6379310488700867,0.1835317462682724,0.010508406907320023
YPR135W,YNL261W,1,3.5011587,0.6391752362251282,0.184523805975914,0.010508406907320023
YKR055W,YIL159W,0,3.5002437,0.6369863152503967,0.184523805975914,0.010608486831188202
YDR176W,YPR178W,0,3.494819,0.6348122954368591,0.184523805975914,0.010708566755056381
YLR262C,YLR313C,0,3.4913824,0.6326530575752258,0.184523805975914,0.01080864667892456
YDL005C,YKR022C,0,3.4848034,0.6305084824562073,0.184523805975914,0.01090872660279274
YLR442C,YIL131C,1,3.482782,0.6317567825317383,0.1855158656835556,0.01090872660279274
YBR276C,YBR057C,1,3.4808218,0.6329966187477112,0.1865079402923584,0.01090872660279274
YDL042C,YJR006W,1,3.4794393,0.6342281699180603,0.1875,0.01090872660279274
YBL034C,YDL003W,0,3.479104,0.6321070194244385,0.1875,0.011008807457983494
YOL033W,YKL057C,0,3.4750178,0.6299999952316284,0.1875,0.011108887381851673
YDL240W,YDR240C,0,3.4645746,0.6279069781303406,0.1875,0.011208967305719852
YOR308C,YJL092W,0,3.4617963,0.6258277893066406,0.1875,0.011309047229588032
YDR267C,YOL146W,0,3.4616654,0.6237623691558838,0.1875,0.011409127153456211
YMR061W,YGR188C,0,3.4583962,0.6217105388641357,0.1875,0.01150920707732439
YDR238C,YPR042C,0,3.4533858,0.6196721196174622,0.1875,0.01160928700119257
YML109W,YBR014C,0,3.4526246,0.6176470518112183,0.1875,0.011709367856383324
YNL183C,YNL316C,0,3.451238,0.6156351566314697,0.1875,0.011809447780251503
YNL182C,YMR048W,1,3.4509745,0.6168830990791321,0.1884920597076416,0.011809447780251503
YDR121W,YMR075W,1,3.4505165,0.6181229948997498,0.1894841343164444,0.011809447780251503
YLR223C,YPR179C,0,3.4490185,0.6161290407180786,0.1894841343164444,0.011909527704119682
YGR221C,YPR152C,0,3.4474585,0.6141479015350342,0.1894841343164444,0.012009607627987862
YLR321C,YOR080W,1,3.4413397,0.6153846383094788,0.190476194024086,0.012009607627987862
YFL017C,YGL212W,0,3.4412158,0.6134185194969177,0.190476194024086,0.012109687551856041
YDL164C,YBR160W,1,3.4390848,0.6146496534347534,0.1914682537317276,0.012109687551856041
YKL144C,YLR182W,0,3.4350545,0.6126984357833862,0.1914682537317276,0.01220976747572422
YCL016C,YGL113W,1,3.432847,0.6139240264892578,0.1924603134393692,0.01220976747572422
YDR097C,YMR075W,1,3.432824,0.6151419281959534,0.193452388048172,0.01220976747572422
YBR033W,YOL115W,0,3.4311457,0.6132075190544128,0.193452388048172,0.012309848330914974
YBR228W,YOL006C,1,3.4298692,0.6144200563430786,0.1944444477558136,0.012309848330914974
YGL113W,YMR078C,1,3.4255164,0.6156250238418579,0.1954365074634552,0.012309848330914974
YOL069W,YDR392W,0,3.4249723,0.6137071847915649,0.1954365074634552,0.012409928254783154
YGL113W,YMR190C,1,3.4206417,0.6149068474769592,0.1964285671710968,0.012409928254783154
YCR092C,YLR208W,0,3.4150355,0.6130030751228333,0.1964285671710968,0.012510008178651333
YIL150C,YJR068W,1,3.413945,0.6141975522041321,0.1974206417798996,0.012510008178651333
YFL017C,YPL127C,0,3.4134176,0.6123076677322388,0.1974206417798996,0.012610088102519512
YNL312W,YNL290W,1,3.4133356,0.6134969592094421,0.1984127014875412,0.012610088102519512
YOL094C,YHR118C,1,3.409952,0.6146789193153381,0.1994047611951828,0.012610088102519512
YNL330C,YDR052C,1,3.4056404,0.6158536672592163,0.2003968209028244,0.012610088102519512
YBR187W,YLR084C,0,3.4019678,0.6139817833900452,0.2003968209028244,0.012710168026387691
YMR270C,YJR022W,0,3.4006374,0.6121212244033813,0.2003968209028244,0.01281024795025587
YKR095W,YKL057C,0,3.4002404,0.6102719306945801,0.2003968209028244,0.01291032787412405
YPR083W,YDR515W,0,3.3974154,0.608433723449707,0.2003968209028244,0.013010408729314804
YCR092C,YBR060C,1,3.3959334,0.6096096038818359,0.2013888955116272,0.013010408729314804
YHR118C,YGR109C,1,3.3959281,0.6107784509658813,0.2023809552192688,0.013010408729314804
YIL131C,YDR217C,1,3.3950758,0.611940324306488,0.2033730149269104,0.013010408729314804
YOR233W,YIR010W,0,3.3936875,0.6101190447807312,0.2033730149269104,0.013110488653182983
YGL247W,YMR219W,0,3.3810546,0.6083086133003235,0.2033730149269104,0.013210568577051163
YER029C,YGL252C,0,3.3797953,0.6065088510513306,0.2033730149269104,0.013310648500919342
YKL022C,YDR052C,1,3.379343,0.6076695919036865,0.204365074634552,0.013310648500919342
YGR258C,YDL104C,0,3.3737538,0.6058823466300964,0.204365074634552,0.013410728424787521
YGR141W,YCL061C,0,3.3700273,0.6041055917739868,0.204365074634552,0.0135108083486557
YDL145C,YLR131C,0,3.3664403,0.6023392081260681,0.204365074634552,0.01361088827252388
YIL150C,YJR043C,1,3.363041,0.6034985184669495,0.2053571492433548,0.01361088827252388
YNL088W,YFR027W,1,3.3620842,0.604651153087616,0.2063492089509964,0.01361088827252388
YER118C,YNL233W,0,3.3573291,0.6028985381126404,0.2063492089509964,0.013710969127714634
YDR137W,YML098W,0,3.3557036,0.6011560559272766,0.2063492089509964,0.013811049051582813
YPR031W,YER095W,0,3.3533747,0.5994236469268799,0.2063492089509964,0.013911128975450993
YDL074C,YDR419W,1,3.3531358,0.6005747318267822,0.207341268658638,0.013911128975450993
YGR206W,YOR191W,0,3.3507512,0.5988538861274719,0.207341268658638,0.014011208899319172
YIL078W,YLR084C,0,3.349973,0.5971428751945496,0.207341268658638,0.014111288823187351
YPR019W,YHR118C,1,3.346208,0.5982906222343445,0.2083333283662796,0.014111288823187351
YCL061C,YDR419W,1,3.3445046,0.5994318127632141,0.2093254029750824,0.014111288823187351
YCR093W,YDR189W,0,3.343062,0.597733736038208,0.2093254029750824,0.01421136874705553
YGL201C,YDR310C,1,3.3413613,0.598870038986206,0.210317462682724,0.01421136874705553
YML061C,YJL168C,1,3.3374512,0.6000000238418579,0.2113095223903656,0.01421136874705553
YER120W,YKL089W,0,3.3335092,0.5983145833015442,0.2113095223903656,0.014311449602246284
YLR135W,YJL168C,1,3.3322537,0.599439799785614,0.2123015820980072,0.014311449602246284
YDR097C,YNL088W,1,3.3244386,0.6005586385726929,0.21329365670681,0.014311449602246284
YGL212W,YHR164C,0,3.3241637,0.5988857746124268,0.21329365670681,0.014411529526114464
YGL075C,YDR460W,0,3.3172464,0.5972222089767456,0.21329365670681,0.014511609449982643
YNL290W,YPL115C,0,3.3149722,0.5955678820610046,0.21329365670681,0.014611689373850822
YPL074W,YOL034W,0,3.312582,0.5939226746559143,0.21329365670681,0.014711769297719002
YLR321C,YGL044C,0,3.3116076,0.5922865271568298,0.21329365670681,0.014811849221587181
YNL126W,YNR009W,0,3.3110583,0.5906593203544617,0.21329365670681,0.01491192914545536
YGL201C,YMR234W,1,3.3088567,0.5917808413505554,0.2142857164144516,0.01491192914545536
YDR279W,YBR278W,1,3.3069093,0.5928961634635925,0.2152777761220932,0.01491192914545536
YGL175C,YML095C,0,3.3009417,0.5912806391716003,0.2152777761220932,0.015012010000646114
YML069W,YDR310C,1,3.2994852,0.592391312122345,0.2162698358297348,0.015012010000646114
YCL024W,YLR022C,0,3.2894437,0.5907859206199646,0.2162698358297348,0.015112089924514294
YOL094C,YOR279C,1,3.288633,0.591891884803772,0.2172619104385376,0.015112089924514294
YML109W,YGL130W,0,3.2886045,0.5902965068817139,0.2172619104385376,0.015212169848382473
YKL108W,YER143W,1,3.2835362,0.5913978219032288,0.2182539701461792,0.015212169848382473
YML065W,YNL068C,1,3.2801316,0.5924932956695557,0.2192460298538208,0.015212169848382473
YPR135W,YPR023C,1,3.2766798,0.5935828685760498,0.2202380895614624,0.015212169848382473
YDR507C,YLR067C,0,3.275191,0.5920000076293945,0.2202380895614624,0.015312249772250652
YKR101W,YBL021C,0,3.2746994,0.5904255509376526,0.2202380895614624,0.015412329696118832
YPR019W,YNL262W,1,3.2727451,0.5915119647979736,0.2212301641702652,0.015412329696118832
YDL042C,YBR202W,1,3.2703393,0.5925925970077515,0.2222222238779068,0.015412329696118832
YDL080C,YFL023W,0,3.2679079,0.5910290479660034,0.2222222238779068,0.015512409619987011
YBL023C,YPL029W,1,3.2655962,0.5921052694320679,0.2232142835855484,0.015512409619987011
YFR028C,YDL008W,0,3.265213,0.5905511975288391,0.2232142835855484,0.01561248954385519
YMR223W,YDL003W,0,3.264043,0.5890052318572998,0.2232142835855484,0.015712570399045944
YER151C,YPL116W,0,3.2636814,0.58746737241745,0.2232142835855484,0.015812650322914124
YIL150C,YBR160W,1,3.260923,0.5885416865348816,0.22420634329319,0.015812650322914124
YOL069W,YJL129C,0,3.2600176,0.5870130062103271,0.22420634329319,0.015912730246782303
YNL312W,YPL055C,1,3.2591293,0.5880829095840454,0.2251984179019928,0.015912730246782303
YGL113W,YLR135W,1,3.2518609,0.5891472697257996,0.2261904776096344,0.015912730246782303
YHR118C,YLR381W,1,3.248414,0.5902062058448792,0.227182537317276,0.015912730246782303
YML015C,YHR186C,0,3.2481568,0.5886889696121216,0.227182537317276,0.016012810170650482
YDL126C,YFR027W,1,3.2427003,0.5897436141967773,0.2281745970249176,0.016012810170650482
YOR372C,YHR001W,0,3.2401845,0.5882353186607361,0.2281745970249176,0.01611289009451866
YGL005C,YAL024C,0,3.2329583,0.5867347121238708,0.2281745970249176,0.01621297001838684
YLR431C,YBL093C,0,3.2326176,0.5852417349815369,0.2281745970249176,0.01631304994225502
YPR018W,YDL098C,0,3.2300365,0.5837563276290894,0.2281745970249176,0.0164131298661232
YDR121W,YML065W,1,3.2225296,0.5848101377487183,0.2291666716337204,0.0164131298661232
YJR153W,YJL078C,0,3.2213273,0.5833333134651184,0.2291666716337204,0.01651320978999138
YPR141C,YGR083C,0,3.2213264,0.5818639993667603,0.2291666716337204,0.016613289713859558
YDR390C,YNL218W,0,3.2186563,0.5804020166397095,0.2291666716337204,0.016713371500372887
YMR075W,YKL002W,0,3.2125642,0.5789473652839661,0.2291666716337204,0.016813451424241066
YIL084C,YMR025W,0,3.2067225,0.5774999856948853,0.2291666716337204,0.016913531348109245
YIL150C,YDR110W,1,3.199518,0.5785536170005798,0.230158731341362,0.016913531348109245
YER129W,YHR164C,1,3.1986313,0.5796020030975342,0.2311507910490036,0.016913531348109245
YOL006C,YBR087W,1,3.1980193,0.5806451439857483,0.2321428507566452,0.016913531348109245
YDL101C,YLR117C,1,3.197519,0.5816831588745117,0.233134925365448,0.016913531348109245
YCL061C,YLR430W,1,3.1916966,0.5827160477638245,0.2341269850730896,0.016913531348109245
YAL033W,YER100W,0,3.1902099,0.5812807679176331,0.2341269850730896,0.017013611271977425
YGL124C,YML121W,0,3.1851356,0.5798525810241699,0.2341269850730896,0.017113691195845604
YLR316C,YOL070C,0,3.178814,0.5784313678741455,0.2341269850730896,0.017213771119713783
YOL094C,YBR098W,1,3.1769078,0.5794621109962463,0.2351190447807312,0.017213771119713783
YBL023C,YDR121W,1,3.1759775,0.5804877877235413,0.2361111044883728,0.017213771119713783
YLR381W,YOR330C,1,3.1739957,0.5815085172653198,0.2371031790971756,0.017213771119713783
YLL022C,YMR040W,0,3.1726182,0.5800970792770386,0.2371031790971756,0.017313851043581963
YML071C,YJL011C,0,3.1700459,0.5786924958229065,0.2371031790971756,0.017413930967450142
YPR162C,YDR054C,1,3.1616802,0.5797101259231567,0.2380952388048172,0.017413930967450142
YDR052C,YBR087W,1,3.158385,0.5807228684425354,0.2390872985124588,0.017413930967450142
YDR304C,YPL116W,0,3.1579592,0.5793269276618958,0.2390872985124588,0.01751401089131832
YDR022C,YDR207C,0,3.1513903,0.577937662601471,0.2390872985124588,0.0176140908151865
YDR489W,YLR320W,1,3.150673,0.5789473652839661,0.2400793582201004,0.0176140908151865
YDR180W,YMR026C,0,3.143126,0.577565610408783,0.2400793582201004,0.01771417073905468
YIR002C,YNL261W,1,3.1419263,0.5785714387893677,0.2410714328289032,0.01771417073905468
YHR191C,YPL153C,1,3.1410542,0.5795724391937256,0.2420634925365448,0.01771417073905468
YCL061C,YDR121W,1,3.1346064,0.5805687308311462,0.2430555522441864,0.01771417073905468
YJR043C,YPR120C,1,3.1283216,0.5815602540969849,0.244047611951828,0.01771417073905468
YBL063W,YPL164C,0,3.126922,0.5801886916160583,0.244047611951828,0.01781425066292286
YIR010W,YJR042W,0,3.125336,0.5788235068321228,0.244047611951828,0.01791433058679104
YNL182C,YDR217C,1,3.1248066,0.579812228679657,0.2450396865606308,0.01791433058679104
YBR136W,YBL035C,1,3.1243942,0.5807962417602539,0.2460317462682724,0.01791433058679104
YDR052C,YBR088C,1,3.1216218,0.5817757248878479,0.247023805975914,0.01791433058679104
YDR390C,YGL175C,0,3.1204796,0.5804196000099182,0.247023805975914,0.018014412373304367
YMR316W,YFR027W,0,3.1198504,0.5790697932243347,0.247023805975914,0.018114492297172546
YOR217W,YJL168C,1,3.1161191,0.5800464153289795,0.2480158656835556,0.018114492297172546
YDR002W,YDR310C,0,3.1160076,0.5787037014961243,0.2480158656835556,0.018214572221040726
YJL173C,YLR321C,1,3.114372,0.5796766877174377,0.2490079402923584,0.018214572221040726
YKL112W,YJL168C,1,3.112492,0.5806451439857483,0.25,0.018214572221040726
YGR099W,YMR133W,0,3.1067913,0.5793103575706482,0.25,0.018314652144908905
YBL103C,YGL095C,0,3.1050723,0.5779816508293152,0.25,0.018414732068777084
YGR171C,YBL090W,0,3.104264,0.5766590237617493,0.25,0.018514811992645264
YGL207W,YDR097C,1,3.100672,0.577625572681427,0.2509920597076416,0.018514811992645264
YER098W,YBL046W,0,3.1001735,0.5763098001480103,0.2509920597076416,0.018614891916513443
YKR036C,YDL161W,0,3.097408,0.574999988079071,0.2509920597076416,0.018714971840381622
YLR410W,YHR105W,0,3.0963643,0.5736961364746094,0.2509920597076416,0.0188150517642498
YAL024C,YER173W,0,3.0936055,0.5723981857299805,0.2509920597076416,0.01891513168811798
YDL102W,YDR110W,1,3.0902019,0.5733634233474731,0.2519841194152832,0.01891513168811798
YGR186W,YJR014W,0,3.0898273,0.5720720887184143,0.2519841194152832,0.01901521161198616
YFL033C,YIL131C,0,3.0863202,0.5707865357398987,0.2519841194152832,0.01911529153585434
YNL072W,YGL201C,1,3.086263,0.5717488527297974,0.2529761791229248,0.01911529153585434
YPR120C,YNL273W,1,3.0862172,0.572706937789917,0.2539682686328888,0.01911529153585434
YGR002C,YML060W,0,3.0798109,0.5714285969734192,0.2539682686328888,0.01921537145972252
YJR093C,YOL095C,0,3.0795093,0.570155918598175,0.2539682686328888,0.019315453246235847
YBR057C,YKL045W,1,3.0760572,0.5711110830307007,0.2549603283405304,0.019315453246235847
YKL113C,YDL042C,1,3.0752769,0.572062075138092,0.255952388048172,0.019315453246235847
YOR236W,YDR501W,0,3.0744889,0.5707964897155762,0.255952388048172,0.019415533170104027
YOL094C,YNL068C,1,3.0721123,0.571743905544281,0.2569444477558136,0.019415533170104027
YBL023C,YLR067C,0,3.0698106,0.5704845786094666,0.2569444477558136,0.019515613093972206
YBR057C,YNL102W,1,3.0688417,0.5714285969734192,0.2579365074634552,0.019515613093972206
YHR164C,YJR068W,1,3.0648363,0.5723684430122375,0.2589285671710968,0.019515613093972206
YBR274W,YHR031C,1,3.0643747,0.5733041763305664,0.2599206268787384,0.019515613093972206
YGR180C,YDR303C,1,3.0628757,0.5742357969284058,0.26091268658638,0.019515613093972206
YOR144C,YLR135W,1,3.0628016,0.5751634240150452,0.261904776096344,0.019515613093972206
YMR075W,YJL168C,1,3.061093,0.5760869383811951,0.2628968358039856,0.019515613093972206
YER116C,YNL102W,0,3.0610812,0.574837327003479,0.2628968358039856,0.019615693017840385
YML061C,YDR121W,1,3.0597456,0.5757575631141663,0.2638888955116272,0.019615693017840385
YOL051W,YEL055C,0,3.0572312,0.5745140314102173,0.2638888955116272,0.019715772941708565
YER116C,YDR540C,0,3.0570738,0.5732758641242981,0.2638888955116272,0.019815852865576744
YDR146C,YKL017C,0,3.0561354,0.5720430016517639,0.2638888955116272,0.019915932789444923
YAL056W,YOL006C,0,3.0526106,0.5708154439926147,0.2638888955116272,0.020016012713313103
YNL218W,YIR008C,1,3.052039,0.5717344880104065,0.2648809552192688,0.020016012713313103
YGR221C,YBR042C,0,3.050972,0.5705128312110901,0.2648809552192688,0.020116092637181282
YAR007C,YPL055C,1,3.049709,0.5714285969734192,0.2658730149269104,0.020116092637181282
YBR276C,YBR278W,1,3.0488856,0.5723404288291931,0.266865074634552,0.020116092637181282
YIL131C,YNL102W,1,3.0486774,0.5732483863830566,0.2678571343421936,0.020116092637181282
YNL278W,YHR120W,0,3.0447347,0.5720338821411133,0.2678571343421936,0.02021617256104946
YGR278W,YDL028C,0,3.0375774,0.5708245038986206,0.2678571343421936,0.02031625248491764
YKL049C,YBL085W,0,3.0367353,0.5696202516555786,0.2678571343421936,0.02041633240878582
YHR164C,YBR278W,1,3.0366225,0.5705263018608093,0.2688491940498352,0.02041633240878582
YDR317W,YPL122C,0,3.0355535,0.569327712059021,0.2688491940498352,0.020516412332654
YOR372C,YDR362C,0,3.034354,0.5681341886520386,0.2688491940498352,0.020616494119167328
YOR066W,YIL156W,0,3.0338218,0.5669456124305725,0.2688491940498352,0.020716574043035507
YHR118C,YDR310C,1,3.0328853,0.5678496956825256,0.2698412835597992,0.020716574043035507
YDL042C,YGL192W,1,3.0324512,0.5687500238418579,0.2708333432674408,0.020716574043035507
YOR129C,YLR212C,0,3.0281699,0.5675675868988037,0.2708333432674408,0.020816653966903687
YDR283C,YER149C,0,3.02476,0.5663900375366211,0.2708333432674408,0.020916733890771866
YNL161W,YLR131C,0,3.020558,0.5652173757553101,0.2708333432674408,0.021016813814640045
YHR119W,YDR066C,0,3.0192924,0.5640496015548706,0.2708333432674408,0.021116893738508224
YKL045W,YPR019W,1,3.0160058,0.5649484395980835,0.2718254029750824,0.021116893738508224
YBL035C,YHR118C,1,3.0154161,0.5658436417579651,0.272817462682724,0.021116893738508224
YNR028W,YBR170C,0,3.0119205,0.5646817088127136,0.272817462682724,0.021216973662376404
YHR164C,YLR032W,0,3.010495,0.563524603843689,0.272817462682724,0.021317053586244583
YDR041W,YOL001W,0,3.0099351,0.5623722076416016,0.272817462682724,0.021417133510112762
YJL047C,YPL153C,1,3.0096152,0.563265323638916,0.2738095223903656,0.021417133510112762
YGL175C,YOR266W,0,3.0071447,0.5621181130409241,0.2738095223903656,0.021517213433980942
YDR362C,YJR022W,0,3.0070803,0.5609756112098694,0.2738095223903656,0.02161729335784912
YMR077C,YDL104C,0,2.9930928,0.5598376989364624,0.2738095223903656,0.0217173732817173
YHR079C-A,YDL106C,0,2.9922917,0.5587044358253479,0.2738095223903656,0.02181745320558548
YPL174C,YCL061C,0,2.9871726,0.5575757622718811,0.2738095223903656,0.02191753312945366
YBR228W,YDR419W,1,2.9862711,0.5584677457809448,0.2748015820980072,0.02191753312945366
YDR279W,YJR043C,1,2.983658,0.559356153011322,0.2757936418056488,0.02191753312945366
YOR334W,YDL043C,0,2.9826791,0.5582329034805298,0.2757936418056488,0.022017614915966988
YJL173C,YDR190C,0,2.9815173,0.5571142435073853,0.2757936418056488,0.022117694839835167
YJL047C,YHR164C,1,2.9813225,0.5580000281333923,0.2767857015132904,0.022117694839835167
YLR015W,YIR010W,0,2.9773157,0.5568862557411194,0.2767857015132904,0.022217774763703346
YPR072W,YDL113C,0,2.974778,0.5557768940925598,0.2767857015132904,0.022317854687571526
YPR111W,YOR119C,0,2.9656174,0.5546719431877136,0.2767857015132904,0.022417934611439705
YNL153C,YER173W,0,2.9623244,0.5535714030265808,0.2767857015132904,0.022518014535307884
YKL108W,YDR303C,1,2.9599166,0.5544554591178894,0.2777777910232544,0.022518014535307884
YNL102W,YMR078C,1,2.9593303,0.5553359389305115,0.278769850730896,0.022518014535307884
YJL183W,YLR210W,0,2.9590437,0.5542406439781189,0.278769850730896,0.022618094459176064
YHR168W,YKL203C,0,2.956034,0.5531495809555054,0.278769850730896,0.022718174383044243
YPL269W,YLR310C,0,2.9540827,0.5520628690719604,0.278769850730896,0.022818254306912422
YNL182C,YBR275C,1,2.9537585,0.5529412031173706,0.2797619104385376,0.022818254306912422
YNL094W,YMR231W,0,2.9510052,0.5518590807914734,0.2797619104385376,0.0229183342307806
YIL150C,YNL290W,1,2.9486835,0.552734375,0.2807539701461792,0.0229183342307806
YNR031C,YIL159W,0,2.9478343,0.5516569018363953,0.2807539701461792,0.02301841415464878
YPR019W,YMR190C,1,2.9469693,0.5525291562080383,0.2817460298538208,0.02301841415464878
YOL006C,YBR060C,1,2.9466972,0.553398072719574,0.2827380895614624,0.02301841415464878
YNL102W,YBR098W,1,2.9461172,0.5542635917663574,0.283730149269104,0.02301841415464878
YPR068C,YGL013C,0,2.945639,0.5531914830207825,0.283730149269104,0.02311849407851696
YER164W,YBR278W,1,2.94508,0.5540540814399719,0.2847222089767456,0.02311849407851696
YMR117C,YGL237C,0,2.9371583,0.5529865026473999,0.2847222089767456,0.02321857400238514
YDR279W,YHR164C,1,2.9359143,0.5538461804389954,0.2857142984867096,0.02321857400238514
YML049C,YDR066C,0,2.934745,0.5527831315994263,0.2857142984867096,0.023318655788898468
YIR009W,YOR194C,0,2.9321032,0.5517241358757019,0.2857142984867096,0.023418735712766647
YOR140W,YPL178W,0,2.9307444,0.5506691932678223,0.2857142984867096,0.023518815636634827
YDL101C,YBR098W,1,2.9288988,0.5515267252922058,0.2867063581943512,0.023518815636634827
YKR077W,YBR002C,0,2.9243925,0.5504761934280396,0.2867063581943512,0.023618895560503006
YOR308C,YGL045W,0,2.9235198,0.5494296550750732,0.2867063581943512,0.023718975484371185
YPR017C,YPR104C,0,2.9233067,0.5483871102333069,0.2867063581943512,0.023819055408239365
YBR275C,YHR031C,1,2.9214256,0.5492424368858337,0.2876984179019928,0.023819055408239365
YCR042C,YPL146C,0,2.9210956,0.5482041835784912,0.2876984179019928,0.023919135332107544
YPL022W,YOR193W,0,2.9206235,0.5471698045730591,0.2876984179019928,0.024019215255975723
YOR077W,YOR321W,0,2.9186995,0.5461393594741821,0.2876984179019928,0.024119295179843903
YPR029C,YLR386W,0,2.9179366,0.5451127886772156,0.2876984179019928,0.024219375103712082
YPL167C,YDR310C,1,2.9164593,0.5459662079811096,0.2886904776096344,0.024219375103712082
YOR295W,YPR070W,0,2.9124033,0.5449438095092773,0.2886904776096344,0.02431945502758026
YLR024C,YKL059C,0,2.9122162,0.5439252257347107,0.2886904776096344,0.02441953495144844
YDL101C,YJL194W,1,2.9086845,0.5447761416435242,0.289682537317276,0.02441953495144844
YBR073W,YPL096W,0,2.9079719,0.5437616109848022,0.289682537317276,0.02451961487531662
YJR006W,YGL113W,1,2.906572,0.5446096658706665,0.2906745970249176,0.02451961487531662
YNL290W,YBR088C,1,2.9059746,0.5454545617103577,0.2916666567325592,0.02451961487531662
YER093C,YPL167C,0,2.905634,0.5444444417953491,0.2916666567325592,0.02461969666182995
YGL201C,YJL072C,1,2.9041474,0.5452865362167358,0.2926587164402008,0.02461969666182995
YCR047C,YPL029W,0,2.9027555,0.544280469417572,0.2926587164402008,0.024719776585698128
YPR164W,YBR160W,1,2.9018726,0.5451197028160095,0.2936508059501648,0.024719776585698128
YGR048W,YBR160W,1,2.90041,0.5459558963775635,0.2946428656578064,0.024719776585698128
YDL111C,YGL090W,0,2.8993626,0.5449541211128235,0.2946428656578064,0.024819856509566307
YDL042C,YML061C,1,2.8967288,0.5457875728607178,0.295634925365448,0.024819856509566307
YDL101C,YBR275C,1,2.8954298,0.5466179251670837,0.2966269850730896,0.024819856509566307
YBR073W,YOL146W,0,2.8935084,0.5456204414367676,0.2966269850730896,0.024919936433434486
YJR006W,YHR164C,1,2.891805,0.5464481115341187,0.2976190447807312,0.024919936433434486
YNL273W,YER143W,1,2.8905988,0.5472727417945862,0.2986111044883728,0.024919936433434486
YPR019W,YOR290C,1,2.890557,0.5480943918228149,0.2996031641960144,0.024919936433434486
YGL192W,YLR117C,1,2.8904057,0.5489130616188049,0.300595223903656,0.024919936433434486
YIR025W,YPL146C,0,2.8898947,0.5479204058647156,0.300595223903656,0.025020016357302666
YPL029W,YMR190C,1,2.8890815,0.5487364530563354,0.30158731341362,0.025020016357302666
YGL019W,YNL215W,0,2.887151,0.5477477312088013,0.30158731341362,0.025120096281170845
YNL290W,YJL168C,1,2.8865151,0.548561155796051,0.3025793731212616,0.025120096281170845
YGL244W,YNL076W,0,2.8845131,0.5475763082504272,0.3025793731212616,0.025220176205039024
YKR083C,YIL140W,0,2.8844006,0.5465949773788452,0.3025793731212616,0.025320256128907204
YLR103C,YLR005W,0,2.8805544,0.5456171631813049,0.3025793731212616,0.025420336052775383
YJL092W,YGL247W,0,2.8804898,0.5446428656578064,0.3025793731212616,0.025520415976643562
YLR318W,YMR096W,0,2.8797078,0.5436720252037048,0.3025793731212616,0.02562049590051174
YPL055C,YLR321C,1,2.8791244,0.5444839596748352,0.3035714328289032,0.02562049590051174
YOR386W,YOR008C,0,2.8789132,0.5435168743133545,0.3035714328289032,0.02572057582437992
YHR172W,YIL078W,0,2.8780363,0.542553186416626,0.3035714328289032,0.0258206557482481
YBR195C,YML104C,0,2.8737018,0.5415928959846497,0.3035714328289032,0.02592073567211628
YPR111W,YBR175W,0,2.872094,0.5406360626220703,0.3035714328289032,0.026020817458629608
YOL006C,YJL090C,1,2.869972,0.5414462089538574,0.3045634925365448,0.026020817458629608
YER170W,YLR105C,0,2.8693554,0.5404929518699646,0.3045634925365448,0.026120897382497787
YGL112C,YJL085W,0,2.8675542,0.5395430326461792,0.3045634925365448,0.026220977306365967
YLR421C,YDR532C,0,2.865535,0.538596510887146,0.3045634925365448,0.026321057230234146
YBR073W,YKL059C,0,2.8622155,0.5376532673835754,0.3045634925365448,0.026421137154102325
YPR178W,YNL076W,0,2.862164,0.5367133021354675,0.3045634925365448,0.026521217077970505
YMR048W,YEL032W,1,2.8614166,0.5375218391418457,0.3055555522441864,0.026521217077970505
YGR005C,YPL001W,0,2.8599818,0.5365853905677795,0.3055555522441864,0.026621297001838684
YBR009C,YDR501W,0,2.8556297,0.5356521606445312,0.3055555522441864,0.026721376925706863
YBR228W,YDR279W,1,2.8556056,0.5364583134651184,0.306547611951828,0.026721376925706863
YGR258C,YKR028W,0,2.8542898,0.5355286002159119,0.306547611951828,0.026821456849575043
YIR002C,YKL108W,1,2.854268,0.5363321900367737,0.3075396716594696,0.026821456849575043
YER094C,YDL113C,0,2.85309,0.5354058742523193,0.3075396716594696,0.026921536773443222
YHR118C,YJR068W,1,2.8527958,0.5362069010734558,0.3085317313671112,0.026921536773443222
YER095W,YLR320W,1,2.851237,0.5370051860809326,0.3095238208770752,0.026921536773443222
YDR267C,YKR028W,0,2.850554,0.5360824465751648,0.3095238208770752,0.0270216166973114
YJR031C,YLR381W,0,2.8471444,0.5351629257202148,0.3095238208770752,0.02712169662117958
YBR275C,YJL072C,1,2.844249,0.5359588861465454,0.3105158805847168,0.02712169662117958
YCR092C,YDR310C,1,2.844036,0.5367521643638611,0.3115079402923584,0.02712169662117958
YIR025W,YPR056W,0,2.8437521,0.5358361601829529,0.3115079402923584,0.02722177654504776
YNL172W,YIL002C,0,2.8400626,0.5349233150482178,0.3115079402923584,0.02732185833156109
YGR033C,YPR188C,0,2.839728,0.5340136289596558,0.3115079402923584,0.027421938255429268
YMR075W,YNL102W,1,2.838616,0.5348047614097595,0.3125,0.027421938255429268
YPL055C,YDR110W,1,2.8381736,0.5355932116508484,0.3134920597076416,0.027421938255429268
YDR137W,YKL006C-A,0,2.8329666,0.5346869826316833,0.3134920597076416,0.027522018179297447
YNL292W,YNL102W,0,2.8329384,0.5337837934494019,0.3134920597076416,0.027622098103165627
YHL030W,YFL024C,0,2.8304036,0.5328836441040039,0.3134920597076416,0.027722178027033806
YAR007C,YOL090W,1,2.8294642,0.5336700081825256,0.3144841194152832,0.027722178027033806
YOR123C,YFR019W,0,2.828893,0.5327731370925903,0.3144841194152832,0.027822257950901985
YDR126W,YAL034W-A,0,2.8281906,0.531879186630249,0.3144841194152832,0.027922337874770164
YCL016C,YPL055C,1,2.8273764,0.5326633453369141,0.3154761791229248,0.027922337874770164
YJL090C,YDR099W,1,2.8271425,0.5334448218345642,0.3164682686328888,0.027922337874770164
YJL092W,YBR142W,0,2.824622,0.5325542688369751,0.3164682686328888,0.028022417798638344
YDR081C,YML011C,0,2.8203397,0.5316666960716248,0.3164682686328888,0.028122497722506523
YIL150C,YPL153C,1,2.8197608,0.5324459075927734,0.3174603283405304,0.028122497722506523
YJL038C,YER133W,0,2.819007,0.5315614342689514,0.3174603283405304,0.028222577646374702
YBR275C,YER164W,1,2.8159301,0.5323383212089539,0.318452388048172,0.028222577646374702
YAL011W,YDL042C,0,2.8154874,0.5314569473266602,0.318452388048172,0.028322657570242882
YDL209C,YHL013C,0,2.8132498,0.5305784940719604,0.318452388048172,0.02842273749411106
YJL090C,YGL251C,1,2.8114936,0.5313531160354614,0.3194444477558136,0.02842273749411106
YBR227C,YMR228W,0,2.8105395,0.53047776222229,0.3194444477558136,0.02852281741797924
YER112W,YHR059W,0,2.8088167,0.5296052694320679,0.3194444477558136,0.02862289920449257
YGR082W,YEL061C,0,2.8083045,0.5287356376647949,0.3194444477558136,0.02872297912836075
YNL330C,YOR144C,1,2.8075013,0.5295081734657288,0.3204365074634552,0.02872297912836075
YDR279W,YJL090C,1,2.8067546,0.530278205871582,0.3214285671710968,0.02872297912836075
YIL061C,YLR411W,0,2.805495,0.529411792755127,0.3214285671710968,0.028823059052228928
YKR101W,YGL162W,0,2.8006976,0.5285481214523315,0.3214285671710968,0.028923138976097107
YPL181W,YER095W,1,2.8000753,0.5293159484863281,0.3224206268787384,0.028923138976097107
YPR135W,YCR002C,0,2.7988052,0.5284552574157715,0.3224206268787384,0.029023218899965286
YCR092C,YIR008C,1,2.798207,0.5292207598686218,0.32341268658638,0.029023218899965286
YOR236W,YFL049W,0,2.7871466,0.528363049030304,0.32341268658638,0.029123298823833466
YBR274W,YJL072C,1,2.784337,0.5291262269020081,0.324404776096344,0.029123298823833466
YLR381W,YPR120C,1,2.7831163,0.5298869013786316,0.3253968358039856,0.029123298823833466
YBL035C,YGL251C,1,2.7825506,0.5306451320648193,0.3263888955116272,0.029123298823833466
YNL136W,YOL095C,0,2.7822201,0.5297906398773193,0.3263888955116272,0.029223378747701645
YFL050C,YHR118C,0,2.780305,0.528938889503479,0.3263888955116272,0.029323458671569824
YGR095C,YNL314W,0,2.7788181,0.5280898809432983,0.3263888955116272,0.029423538595438004
YER115C,YOR330C,0,2.7785113,0.5272436141967773,0.3263888955116272,0.029523618519306183
YDL139C,YLR021W,0,2.7771504,0.5264000296592712,0.3263888955116272,0.029623698443174362
YOL094C,YNL290W,1,2.777006,0.5271565318107605,0.3273809552192688,0.029623698443174362
YNL072W,YDR217C,1,2.77587,0.5279107093811035,0.3283730149269104,0.029623698443174362
YGL192W,YNL102W,1,2.774875,0.5286624431610107,0.329365074634552,0.029623698443174362
YJL168C,YDR110W,1,2.7742221,0.529411792755127,0.3303571343421936,0.029623698443174362
YLR363C,YNL298W,0,2.774176,0.5285714268684387,0.3303571343421936,0.02972377836704254
YIL044C,YLR383W,0,2.7710826,0.5277337431907654,0.3303571343421936,0.02982385829091072
YNL330C,YJR068W,1,2.7707117,0.5284810066223145,0.3313491940498352,0.02982385829091072
YPR120C,YPL016W,1,2.769789,0.5292258858680725,0.3323412835597992,0.02982385829091072
YOL146W,YOR144C,1,2.769307,0.5299684405326843,0.3333333432674408,0.02982385829091072
YER185W,YGR065C,0,2.7662742,0.5291338562965393,0.3333333432674408,0.02992394007742405
YER129W,YBR088C,1,2.7645905,0.5298742055892944,0.3343254029750824,0.02992394007742405
YPR179C,YKL068W,0,2.7629075,0.5290423631668091,0.3343254029750824,0.03002402000129223
YMR171C,YHR011W,0,2.7627552,0.5282131433486938,0.3343254029750824,0.030124099925160408
YHR185C,YBL104C,0,2.7612708,0.5273865461349487,0.3343254029750824,0.030224179849028587
YGL201C,YFL049W,0,2.760092,0.526562511920929,0.3343254029750824,0.030324259772896767
YMR214W,YML061C,0,2.7592113,0.5257410407066345,0.3343254029750824,0.030424339696764946
YKL108W,YAL021C,1,2.7555177,0.5264797210693359,0.335317462682724,0.030424339696764946
YJL062W,YOL006C,0,2.7554004,0.5256609916687012,0.335317462682724,0.030524419620633125
YOL139C,YGR140W,0,2.7546256,0.5248447060585022,0.335317462682724,0.030624499544501305
YML061C,YER129W,1,2.7544591,0.525581419467926,0.3363095223903656,0.030624499544501305
YPR034W,YGL087C,0,2.751816,0.5247678160667419,0.3363095223903656,0.030724579468369484
YPR162C,YMR234W,1,2.7504592,0.5255023241043091,0.3373015820980072,0.030724579468369484
YDL101C,YBR274W,1,2.7499995,0.5262345671653748,0.3382936418056488,0.030724579468369484
YMR213W,YKL089W,0,2.749544,0.5254237055778503,0.3382936418056488,0.030824659392237663
YIR018W,YML104C,0,2.749432,0.5246154069900513,0.3382936418056488,0.030924739316105843
YLR260W,YDR280W,0,2.7471716,0.523809552192688,0.3382936418056488,0.031024819239974022
YDR389W,YMR129W,0,2.74459,0.5230061411857605,0.3382936418056488,0.0311248991638422
YER164W,YPR175W,1,2.7426956,0.5237365961074829,0.3392857015132904,0.0311248991638422
YDR419W,YGL201C,1,2.742543,0.5244648456573486,0.3402777910232544,0.0311248991638422
YOR329C,YMR228W,0,2.7401993,0.523664116859436,0.3402777910232544,0.03122497908771038
YKL090W,YNL282W,0,2.7374709,0.5228658318519592,0.3402777910232544,0.03132506087422371
YGL192W,YLR187W,0,2.7371726,0.5220699906349182,0.3402777910232544,0.03142514079809189
YHR031C,YBR160W,1,2.737006,0.5227963328361511,0.341269850730896,0.03142514079809189
YML103C,YFL022C,0,2.735462,0.5220030546188354,0.341269850730896,0.03152522072196007
YOR278W,YDR097C,0,2.7328022,0.521212100982666,0.341269850730896,0.03162530064582825
YLR103C,YPL016W,1,2.7327168,0.5219364762306213,0.3422619104385376,0.03162530064582825
YOR255W,YLR305C,0,2.7296588,0.5211480259895325,0.3422619104385376,0.031725380569696426
YBR153W,YMR162C,0,2.728682,0.5203620195388794,0.3422619104385376,0.031825460493564606
YDL030W,YGR120C,0,2.7279923,0.5195783376693726,0.3422619104385376,0.031925540417432785
YGR056W,YOR236W,0,2.727864,0.518796980381012,0.3422619104385376,0.032025620341300964
YHR069C,YPL195W,0,2.7276561,0.5180180072784424,0.3422619104385376,0.032125700265169144
YLR381W,YEL032W,1,2.7267034,0.5187406539916992,0.3432539701461792,0.032125700265169144
YBR160W,YHR164C,1,2.7252214,0.5194610953330994,0.3442460298538208,0.032125700265169144
YPL155C,YNL001W,0,2.7244372,0.5186846256256104,0.3442460298538208,0.03222578018903732
YER029C,YOR190W,0,2.724186,0.5179104208946228,0.3442460298538208,0.0323258601129055
YCL016C,YBR088C,1,2.722958,0.5186288952827454,0.3452380895614624,0.0323258601129055
YBL084C,YJR086W,0,2.718983,0.5178571343421936,0.3452380895614624,0.03242594003677368
YBR265W,YPL155C,0,2.7178242,0.5170876383781433,0.3452380895614624,0.03252601996064186
YGR184C,YDL043C,0,2.7150042,0.5163204669952393,0.3452380895614624,0.03262609988451004
YJR112W,YDR085C,0,2.7135808,0.5155555605888367,0.3452380895614624,0.03272617980837822
YOL146W,YMR219W,0,2.713143,0.5147929191589355,0.3452380895614624,0.0328262597322464
YHR129C,YNR052C,0,2.7125762,0.5140324831008911,0.3452380895614624,0.03292633965611458
YER070W,YDR013W,1,2.7123015,0.51474928855896,0.346230149269104,0.03292633965611458
YDR213W,YMR063W,0,2.7107532,0.5139911770820618,0.346230149269104,0.03302641957998276
YNL311C,YER159C,0,2.7098687,0.5132352709770203,0.346230149269104,0.03312649950385094
YER044C-A,YMR077C,0,2.7082114,0.5124816298484802,0.346230149269104,0.033226579427719116
YDL102W,YBR170C,1,2.704652,0.5131964683532715,0.3472222089767456,0.033226579427719116
YPR135W,YIL104C,0,2.703727,0.5124450922012329,0.3472222089767456,0.033326663076877594
YIL002C,YMR038C,0,2.7029147,0.511695921421051,0.3472222089767456,0.03342674300074577
YGR005C,YOL108C,0,2.6988847,0.510948896408081,0.3472222089767456,0.03352682292461395
YPL084W,YJL178C,0,2.69794,0.5102040767669678,0.3472222089767456,0.03362690284848213
YNL133C,YBR275C,0,2.6975892,0.5094614028930664,0.3472222089767456,0.03372698277235031
YPL215W,YER147C,0,2.6972654,0.5087209343910217,0.3472222089767456,0.03382706269621849
YLR181C,YMR301C,0,2.6960318,0.507982611656189,0.3472222089767456,0.03392714262008667
YJR010C-A,YKL126W,0,2.6956663,0.5072463750839233,0.3472222089767456,0.03402722254395485
YER115C,YKL129C,0,2.6951215,0.5065122842788696,0.3472222089767456,0.03412730246782303
YJL203W,YNL119W,0,2.6903841,0.5057803392410278,0.3472222089767456,0.03422738239169121
YDL126C,YBR087W,1,2.6892002,0.5064935088157654,0.3482142984867096,0.03422738239169121
YDL003W,YPR079W,0,2.6861503,0.5057637095451355,0.3482142984867096,0.03432746231555939
YIL150C,YPR162C,1,2.684141,0.5064747929573059,0.3492063581943512,0.03432746231555939
YOR279C,YBR087W,1,2.6833093,0.5071839094161987,0.3501984179019928,0.03432746231555939
YBR122C,YNL250W,0,2.682568,0.5064562559127808,0.3501984179019928,0.034427542239427567
YLR383W,YBL079W,0,2.6794682,0.5057306885719299,0.3501984179019928,0.034527622163295746
YHR191C,YNL218W,1,2.67806,0.5064377784729004,0.3511904776096344,0.034527622163295746
YPR034W,YLR427W,0,2.6776953,0.5057142972946167,0.3511904776096344,0.034627702087163925
YMR030W,YGR074W,0,2.6754835,0.5049928426742554,0.3511904776096344,0.034727782011032104
YLR430W,YOR279C,1,2.6748416,0.505698025226593,0.352182537317276,0.034727782011032104
YOL146W,YML061C,1,2.6748073,0.5064011216163635,0.3531745970249176,0.034727782011032104
YNL102W,YDR013W,1,2.6741815,0.5071022510528564,0.3541666567325592,0.034727782011032104
YHR129C,YKL048C,0,2.6730402,0.5063830018043518,0.3541666567325592,0.034827861934900284
YDL006W,YLR423C,0,2.672713,0.5056657195091248,0.3541666567325592,0.03492794185876846
YER133W,YHR082C,0,2.672477,0.5049505233764648,0.3541666567325592,0.03502802178263664
YLR208W,YGR188C,0,2.6714928,0.5042372941970825,0.3541666567325592,0.03512810170650482
YDL209C,YML047C,0,2.6701577,0.5035260915756226,0.3541666567325592,0.035228181630373
YPR162C,YJL072C,1,2.6695337,0.5042253732681274,0.3551587164402008,0.035228181630373
YER112W,YJL057C,0,2.667742,0.5035161972045898,0.3551587164402008,0.03532826155424118
YNL072W,YML065W,1,2.667656,0.5042135119438171,0.3561508059501648,0.03532826155424118
YOL054W,YMR275C,0,2.6675732,0.5035063028335571,0.3561508059501648,0.03542834147810936
YBL021C,YMR061W,0,2.6671064,0.5028011202812195,0.3561508059501648,0.03552842140197754
YJL197W,YKL209C,0,2.6630087,0.5020979046821594,0.3561508059501648,0.03562850132584572
YCL016C,YNL072W,1,2.6627753,0.5027933120727539,0.3571428656578064,0.03562850132584572
YLR135W,YML065W,1,2.6624951,0.5034867525100708,0.358134925365448,0.03562850132584572
YPL167C,YMR075W,1,2.660823,0.5041782855987549,0.3591269850730896,0.03562850132584572
YGL201C,YNL068C,1,2.659617,0.5048678517341614,0.3601190447807312,0.03562850132584572
YPL181W,YNL312W,1,2.6570315,0.5055555701255798,0.3611111044883728,0.03562850132584572
YOL146W,YNL261W,1,2.6525214,0.5062413215637207,0.3621031641960144,0.03562850132584572
YGR056W,YER068W,0,2.6502347,0.5055401921272278,0.3621031641960144,0.0357285812497139
YJR043C,YIR008C,1,2.6476915,0.5062240958213806,0.363095223903656,0.0357285812497139
YJL194W,YMR190C,1,2.6460693,0.5069060921669006,0.36408731341362,0.0357285812497139
YDL098C,YJL165C,0,2.6440465,0.5062068700790405,0.36408731341362,0.03582866117358208
YFL047W,YHR146W,0,2.643004,0.505509614944458,0.36408731341362,0.035928744822740555
YJL029C,YFR019W,0,2.6415544,0.5048143267631531,0.36408731341362,0.036028824746608734
YDR478W,YEL018W,0,2.6394064,0.5041208863258362,0.36408731341362,0.03612890467047691
YBL063W,YGR134W,0,2.6388333,0.5034293532371521,0.36408731341362,0.03622898459434509
YCR026C,YPL253C,0,2.6385796,0.5027397274971008,0.36408731341362,0.03632906451821327
YOL094C,YLR430W,1,2.638103,0.5034199953079224,0.3650793731212616,0.03632906451821327
YDR217C,YOR330C,1,2.6376286,0.5040983557701111,0.3660714328289032,0.03632906451821327
YBR278W,YIR008C,1,2.637437,0.5047748684883118,0.3670634925365448,0.03632906451821327
YGL113W,YER143W,1,2.6364539,0.5054495930671692,0.3680555522441864,0.03632906451821327
YGL207W,YLR002C,1,2.6338441,0.5061224699020386,0.369047611951828,0.03632906451821327
YPL209C,YLR084C,0,2.6314542,0.5054348111152649,0.369047611951828,0.03642914444208145
YLR324W,YKL090W,0,2.6304862,0.5047490000724792,0.369047611951828,0.03652922436594963
YDR407C,YAL034W-A,0,2.627642,0.5040650367736816,0.369047611951828,0.03662930428981781
YCR092C,YER155C,0,2.6259634,0.5033829212188721,0.369047611951828,0.03672938421368599
YCL016C,YCR024C,0,2.625893,0.5027027130126953,0.369047611951828,0.03682946413755417
YMR075W,YNL088W,1,2.6252067,0.5033738017082214,0.3700396716594696,0.03682946413755417
YNL102W,YDR110W,1,2.6238317,0.5040431022644043,0.3710317313671112,0.03682946413755417
YPR111W,YLR021W,0,2.6229556,0.5033647418022156,0.3710317313671112,0.03692954406142235
YCR092C,YOR279C,1,2.620014,0.5040322542190552,0.3720238208770752,0.03692954406142235
YDR252W,YDL049C,0,2.6199923,0.5033556818962097,0.3720238208770752,0.03702962398529053
YNL326C,YIR010W,0,2.6193647,0.5026809573173523,0.3720238208770752,0.03712970390915871
YGR163W,YJR138W,0,2.6167622,0.5020080208778381,0.3720238208770752,0.037229783833026886
YJL173C,YLR440C,0,2.6147778,0.5013368725776672,0.3720238208770752,0.037329863756895065
YHR060W,YGL006W,0,2.6145034,0.5006675720214844,0.3720238208770752,0.037429943680763245
YPR164W,YAR007C,1,2.6106772,0.5013333559036255,0.3730158805847168,0.037429943680763245
YDR190C,YKL006C-A,0,2.6090264,0.5006657838821411,0.3730158805847168,0.037530023604631424
YDR285W,YPR171W,0,2.6072304,0.5,0.3730158805847168,0.0376301035284996
YNL290W,YOR217W,1,2.6068358,0.5006639957427979,0.3740079402923584,0.0376301035284996
YDL102W,YLR135W,1,2.605154,0.5013262629508972,0.375,0.0376301035284996
YER129W,YIL131C,1,2.6042805,0.5019867420196533,0.3759920597076416,0.0376301035284996
YDR106W,YIL131C,0,2.604221,0.5013227462768555,0.3759920597076416,0.03773018345236778
YDL017W,YOR217W,1,2.6040506,0.5019814968109131,0.3769841194152832,0.03773018345236778
YLR276C,YDR501W,0,2.6033466,0.5013192892074585,0.3769841194152832,0.03783026337623596
YMR285C,YJR022W,0,2.594359,0.5006587505340576,0.3769841194152832,0.03793034330010414
YOR123C,YHR167W,0,2.5903907,0.5,0.3769841194152832,0.03803042322397232
YJR068W,YJL168C,1,2.590372,0.5006570219993591,0.3779761791229248,0.03803042322397232
YMR306W,YNL187W,0,2.5895808,0.5,0.3779761791229248,0.0381305031478405
YML061C,YBR274W,1,2.588729,0.5006552934646606,0.3789682686328888,0.0381305031478405
YPL147W,YOR195W,0,2.587231,0.5,0.3789682686328888,0.03823058307170868
YJL074C,YPR178W,0,2.584406,0.49934640526771545,0.3789682686328888,0.03833066299557686
YIL150C,YER070W,1,2.583761,0.5,0.3799603283405304,0.03833066299557686
YBR044C,YBR081C,0,2.5814006,0.49934810400009155,0.3799603283405304,0.03843074291944504
YOL146W,YHR118C,1,2.5803282,0.5,0.380952388048172,0.03843074291944504
YGL033W,YKL042W,0,2.57844,0.49934980273246765,0.380952388048172,0.03853082284331322
YPL181W,YDL017W,1,2.5776513,0.5,0.3819444477558136,0.03853082284331322
YKR031C,YNL068C,0,2.572376,0.49935150146484375,0.3819444477558136,0.038630906492471695
YJL194W,YOR330C,1,2.5715227,0.5,0.3829365074634552,0.038630906492471695
YBR228W,YBR057C,1,2.566343,0.5006468296051025,0.3839285671710968,0.038630906492471695
YDR512C,YPL008W,0,2.5643125,0.5,0.3839285671710968,0.038730986416339874
YGL192W,YLR321C,1,2.5628347,0.5006451606750488,0.3849206268787384,0.038730986416339874
YMR117C,YBL091C,0,2.560928,0.5,0.3849206268787384,0.038831066340208054
YNL187W,YAR007C,0,2.5596266,0.4993565082550049,0.3849206268787384,0.03893114626407623
YLR079W,YJL056C,0,2.558812,0.4987146556377411,0.3849206268787384,0.03903122618794441
YPR105C,YGL113W,0,2.5585992,0.4980744421482086,0.3849206268787384,0.03913130611181259
YCL029C,YAL011W,0,2.557867,0.49743589758872986,0.3849206268787384,0.03923138603568077
YHR031C,YDR310C,1,2.5570023,0.498079389333725,0.38591268658638,0.03923138603568077
YOL006C,YPR175W,1,2.5568314,0.49872124195098877,0.386904776096344,0.03923138603568077
YJL047C,YLR274W,1,2.5543892,0.49936142563819885,0.3878968358039856,0.03923138603568077
YPL167C,YKL112W,1,2.5516248,0.5,0.3888888955116272,0.03923138603568077
YER171W,YPL084W,0,2.5478613,0.4993630647659302,0.3888888955116272,0.03933146595954895
YPR164W,YDR099W,1,2.5464067,0.5,0.3898809552192688,0.03933146595954895
YDL017W,YDR419W,1,2.543266,0.5006353259086609,0.3908730149269104,0.03933146595954895
YPR019W,YJR022W,0,2.5424933,0.5,0.3908730149269104,0.03943154588341713
YJR068W,YLR154C,1,2.5409367,0.500633716583252,0.391865074634552,0.03943154588341713
YJR006W,YDR489W,1,2.5402637,0.501265823841095,0.3928571343421936,0.03943154588341713
YER129W,YAR007C,1,2.5392313,0.501896321773529,0.3938491940498352,0.03943154588341713
YKR102W,YMR235C,0,2.5372612,0.5012626051902771,0.3938491940498352,0.03953162580728531
YLR004C,YNL218W,0,2.536201,0.5006304979324341,0.3938491940498352,0.03963170573115349
YMR268C,YMR277W,0,2.534707,0.5,0.3938491940498352,0.03973178565502167
YLR071C,YLR244C,0,2.5327835,0.49937108159065247,0.3938491940498352,0.03983186557888985
YIL131C,YBR170C,1,2.5314975,0.5,0.3948412835597992,0.03983186557888985
YMR167W,YOR127W,0,2.531344,0.499372661113739,0.3948412835597992,0.039931945502758026
YBR228W,YNL072W,1,2.5306616,0.5,0.3958333432674408,0.039931945502758026
YER129W,YMR078C,1,2.530089,0.5006257891654968,0.3968254029750824,0.039931945502758026
YJL168C,YGL251C,1,2.5288348,0.5012500286102295,0.397817462682724,0.039931945502758026
YEL022W,YGL086W,0,2.527118,0.5006242394447327,0.397817462682724,0.040032025426626205
YFL036W,YPR120C,1,2.5269148,0.5012468695640564,0.3988095223903656,0.040032025426626205
YDR279W,YER095W,1,2.5259564,0.5018680095672607,0.3998015820980072,0.040032025426626205
YDL240W,YDR427W,0,2.5252206,0.5012437701225281,0.3998015820980072,0.040132105350494385
YFR013W,YJL095W,0,2.524194,0.5006211400032043,0.3998015820980072,0.040232185274362564
YBR136W,YDL102W,1,2.5210407,0.5012406706809998,0.4007936418056488,0.040232185274362564
YAL043C,YBR264C,0,2.5182664,0.5006195902824402,0.4007936418056488,0.04033226519823074
YBR275C,YBR019C,0,2.5174744,0.5,0.4007936418056488,0.04043234512209892
YOL054W,YML034W,0,2.5120413,0.499381959438324,0.4007936418056488,0.0405324250459671
YLR247C,YML102W,0,2.5118792,0.4987654387950897,0.4007936418056488,0.04063250496983528
YDL017W,YBR136W,1,2.5115387,0.49938347935676575,0.4017857015132904,0.04063250496983528
YBL023C,YJR068W,1,2.5080922,0.5,0.4027777910232544,0.04063250496983528
YKL045W,YLR154C,1,2.5065067,0.5006150007247925,0.403769850730896,0.04063250496983528
YGR262C,YNL068C,0,2.503988,0.5,0.403769850730896,0.04073258489370346
YML069W,YMR234W,1,2.5036738,0.5006135106086731,0.4047619104385376,0.04073258489370346
YBR228W,YDL126C,1,2.501955,0.501225471496582,0.4057539701461792,0.04073258489370346
YGL139W,YLR085C,0,2.5002763,0.5006120204925537,0.4057539701461792,0.04083266481757164
YCR106W,YNL328C,0,2.4999897,0.5,0.4057539701461792,0.04093274474143982
YBR228W,YCR092C,1,2.4995754,0.5006105303764343,0.4067460298538208,0.04093274474143982
YHR155W,YDR142C,0,2.498466,0.5,0.4067460298538208,0.041032824665308
YLR316C,YMR204C,0,2.4967823,0.49939098954200745,0.4067460298538208,0.04113290458917618
YLR336C,YNL298W,0,2.4959204,0.4987834692001343,0.4067460298538208,0.041232988238334656
YPL011C,YGL228W,0,2.4954815,0.4981774091720581,0.4067460298538208,0.041333068162202835
YOL063C,YER109C,0,2.4949996,0.49757280945777893,0.4067460298538208,0.041433148086071014
YDR507C,YAL011W,0,2.4946718,0.49696969985961914,0.4067460298538208,0.041533228009939194
YHL024W,YDR013W,1,2.4945238,0.4975786805152893,0.4077380895614624,0.041533228009939194
YLR430W,YNL218W,1,2.4935658,0.4981862008571625,0.408730149269104,0.041533228009939194
YDR147W,YLR078C,0,2.49228,0.4975845515727997,0.408730149269104,0.04163330793380737
YER100W,YGR058W,0,2.4900491,0.4969843327999115,0.408730149269104,0.04173338785767555
YMR219W,YLR396C,0,2.4875615,0.4963855445384979,0.408730149269104,0.04183346778154373
YPL189C-A,YMR016C,0,2.4860618,0.49578821659088135,0.408730149269104,0.04193354770541191
YGR223C,YER185W,0,2.4859638,0.4951923191547394,0.408730149269104,0.04203362762928009
YLL033W,YBR088C,0,2.4855382,0.494597852230072,0.408730149269104,0.04213370755314827
YNL236W,YER164W,0,2.4837406,0.4940047860145569,0.408730149269104,0.04223378747701645
YIL159W,YOR016C,0,2.4823635,0.49341318011283875,0.408730149269104,0.04233386740088463
YPR186C,YNL312W,0,2.4821653,0.4928229749202728,0.408730149269104,0.04243394732475281
YGR058W,YGR170W,0,2.481419,0.49223417043685913,0.408730149269104,0.04253402724862099
YDL164C,YPL055C,1,2.4802663,0.49284008145332336,0.4097222089767456,0.04253402724862099
YDL126C,YDL042C,1,2.4758575,0.4934445917606354,0.4107142984867096,0.04253402724862099
YMR113W,YJL065C,0,2.4752965,0.4928571283817291,0.4107142984867096,0.042634107172489166
YLR424W,YEL063C,0,2.4743896,0.4922710955142975,0.4107142984867096,0.042734187096357346
YEL044W,YNL126W,0,2.4723625,0.49168646335601807,0.4107142984867096,0.042834267020225525
YDL018C,YMR231W,0,2.471834,0.4911032021045685,0.4107142984867096,0.042934346944093704
YKL119C,YML060W,0,2.4686506,0.4905213415622711,0.4107142984867096,0.043034426867961884
YBL035C,YBR274W,1,2.4682624,0.4911242723464966,0.4117063581943512,0.043034426867961884
YHR155W,YDR267C,0,2.4660623,0.4905437231063843,0.4117063581943512,0.04313450679183006
YGL201C,YNL088W,1,2.465832,0.49114522337913513,0.4126984179019928,0.04313450679183006
YMR048W,YLR381W,1,2.464444,0.4917452931404114,0.4136904776096344,0.04313450679183006
YHR107C,YPL219W,0,2.4634614,0.4911660850048065,0.4136904776096344,0.04323458671569824
YNL271C,YKL045W,0,2.46225,0.4905882477760315,0.4136904776096344,0.04333466663956642
YBR088C,YBR170C,1,2.4556503,0.49118682742118835,0.414682537317276,0.04333466663956642
YGL178W,YOR165W,0,2.4552057,0.4906103312969208,0.414682537317276,0.0434347465634346
YPL181W,YDR303C,1,2.453722,0.4912075102329254,0.4156745970249176,0.0434347465634346
YNL068C,YOR165W,0,2.450147,0.4906323254108429,0.4156745970249176,0.04353482648730278
YHR185C,YKL203C,0,2.4498322,0.4900584816932678,0.4156745970249176,0.04363490641117096
YFR048W,YDR268W,0,2.4496913,0.4894859790802002,0.4156745970249176,0.04373498633503914
YGL019W,YJL140W,0,2.4494822,0.48891481757164,0.4156745970249176,0.04383506625890732
YDL164C,YER095W,1,2.4474213,0.4895104765892029,0.4166666567325592,0.04383506625890732
YOR255W,YKR031C,0,2.447015,0.48894062638282776,0.4166666567325592,0.043935149908065796
YKL089W,YIR021W,0,2.4465072,0.4883720874786377,0.4166666567325592,0.044035229831933975
YLR313C,YPL029W,0,2.4463525,0.4878048896789551,0.4166666567325592,0.044135309755802155
YPL029W,YBR088C,1,2.4450572,0.48839905858039856,0.4176587164402008,0.044135309755802155
YFR008W,YJL036W,0,2.4397361,0.4878331422805786,0.4176587164402008,0.044235389679670334
YNL312W,YCL016C,1,2.439629,0.48842594027519226,0.4186508059501648,0.044235389679670334
YDL139C,YBR057C,0,2.4396105,0.4878612756729126,0.4186508059501648,0.04433546960353851
YPL130W,YNL264C,0,2.439308,0.487297922372818,0.4186508059501648,0.04443554952740669
YJL187C,YGL166W,0,2.4350426,0.48673588037490845,0.4186508059501648,0.04453562945127487
YIR002C,YHR118C,1,2.4324186,0.4873271882534027,0.4196428656578064,0.04453562945127487
YLR424W,YLR078C,0,2.4321082,0.48676639795303345,0.4196428656578064,0.04463570937514305
YGL017W,YML076C,0,2.4314523,0.48620688915252686,0.4196428656578064,0.04473578929901123
YBR170C,YKL033W,0,2.4311154,0.4856486916542053,0.4196428656578064,0.04483586922287941
YER059W,YJL203W,0,2.4302118,0.4850917458534241,0.4196428656578064,0.04493594914674759
YNL126W,YBR104W,0,2.4301634,0.4845360815525055,0.4196428656578064,0.04503602907061577
YHL004W,YPR199C,0,2.429836,0.4839816987514496,0.4196428656578064,0.04513610899448395
YHL031C,YKR064W,0,2.4293468,0.48342856764793396,0.4196428656578064,0.04523618891835213
YCL050C,YKR083C,0,2.4292667,0.482876718044281,0.4196428656578064,0.045336268842220306
YLR228C,YJL115W,0,2.429085,0.48232612013816833,0.4196428656578064,0.045436348766088486
YKR077W,YPL174C,0,2.4289672,0.48177677392959595,0.4196428656578064,0.045536428689956665
YGR230W,YDL197C,0,2.4279323,0.48122867941856384,0.4196428656578064,0.045636508613824844
YOL145C,YAL034W-A,0,2.4263737,0.48068180680274963,0.4196428656578064,0.045736588537693024
YDR392W,YKL018W,0,2.4240563,0.4801362156867981,0.4196428656578064,0.0458366684615612
YLR207W,YHR118C,0,2.4240456,0.47959184646606445,0.4196428656578064,0.04593674838542938
YKR077W,YOR073W,0,2.423419,0.4790486991405487,0.4196428656578064,0.04603682830929756
YPL029W,YPL167C,1,2.42199,0.479638010263443,0.420634925365448,0.04603682830929756
YHL003C,YHR120W,0,2.4218676,0.47909605503082275,0.420634925365448,0.04613690823316574
YBR228W,YJR043C,1,2.416867,0.4796839654445648,0.4216269850730896,0.04613690823316574
YOR054C,YHR023W,0,2.416019,0.4791431725025177,0.4216269850730896,0.04623698815703392
YML071C,YOL093W,0,2.4158916,0.4786036014556885,0.4216269850730896,0.0463370680809021
YER133W,YPL055C,1,2.4154422,0.4791901111602783,0.4226190447807312,0.0463370680809021
YMR004W,YDR207C,0,2.4140823,0.47865167260169983,0.4226190447807312,0.04643714800477028
YKL113C,YHR164C,1,2.4136813,0.47923681139945984,0.4236111044883728,0.04643714800477028
YBR060C,YOR290C,1,2.4135816,0.4798206388950348,0.4246031641960144,0.04643714800477028
YDR237W,YHR119W,0,2.4110737,0.47928330302238464,0.4246031641960144,0.04653722792863846
YFL017W-A,YKL002W,0,2.410936,0.4787471890449524,0.4246031641960144,0.046637311577796936
YBR060C,YDR217C,1,2.4095342,0.4793296158313751,0.425595223903656,0.046637311577796936
YMR129W,YDR473C,0,2.4068522,0.4787946343421936,0.425595223903656,0.046737391501665115
YDR369C,YDR163W,0,2.4066098,0.47826087474823,0.425595223903656,0.046837471425533295
YDR280W,YLR191W,0,2.406262,0.4777282774448395,0.425595223903656,0.046937551349401474
YDR017C,YML098W,0,2.4053023,0.4771968722343445,0.425595223903656,0.04703763127326965
YDL028C,YNL311C,0,2.405062,0.476666659116745,0.425595223903656,0.04713771119713783
YPL249C-A,YJR140C,0,2.4037366,0.476137638092041,0.425595223903656,0.04723779112100601
YMR223W,YHR127W,0,2.4027746,0.47560974955558777,0.425595223903656,0.04733787104487419
YJR006W,YBR170C,1,2.402743,0.4761904776096344,0.42658731341362,0.04733787104487419
YBL018C,YNL062C,0,2.4006183,0.4756637215614319,0.42658731341362,0.04743795096874237
YCL016C,YLR187W,0,2.3986356,0.4751381278038025,0.42658731341362,0.04753803089261055
YNL088W,YPR175W,1,2.39839,0.4757174253463745,0.4275793731212616,0.04753803089261055
YER170W,YDR280W,0,2.3927248,0.47519293427467346,0.4275793731212616,0.04763811081647873
YPR179C,YMR029C,0,2.3919027,0.47466960549354553,0.4275793731212616,0.04773819074034691
YDR390C,YNL001W,0,2.391163,0.47414740920066833,0.4275793731212616,0.04783827066421509
YOL108C,YHR185C,0,2.3899677,0.47362637519836426,0.4275793731212616,0.04793835058808327
YCL029C,YLR131C,0,2.3875716,0.4731064736843109,0.4275793731212616,0.04803843051195145
YBR227C,YHR090C,0,2.387555,0.4725877046585083,0.4275793731212616,0.048138510435819626
YGR091W,YBL101C,0,2.3874242,0.4720700979232788,0.4275793731212616,0.048238590359687805
YER044C-A,YOR174W,0,2.3866465,0.47155362367630005,0.4275793731212616,0.048338670283555984
YGL058W,YGR099W,0,2.3851097,0.47103825211524963,0.4275793731212616,0.048438750207424164
YDR097C,YLR135W,1,2.3848917,0.471615731716156,0.4285714328289032,0.048438750207424164
YLR268W,YDR473C,0,2.3836534,0.47110140323638916,0.4285714328289032,0.04853883013129234
YER075C,YPR167C,0,2.3829954,0.47058823704719543,0.4285714328289032,0.04863891005516052
YOL004W,YLR321C,1,2.3825996,0.4711643159389496,0.4295634925365448,0.04863891005516052
YER120W,YOL112W,0,2.3806198,0.47065216302871704,0.4295634925365448,0.0487389899790287
YNL298W,YLR440C,0,2.3782957,0.47014114260673523,0.4295634925365448,0.04883906990289688
YBR094W,YKL101W,0,2.3744338,0.46963122487068176,0.4295634925365448,0.04893914982676506
YNL054W,YGL153W,0,2.3736932,0.46912243962287903,0.4295634925365448,0.04903922975063324
YEL018W,YBR274W,0,2.3727772,0.46861472725868225,0.4295634925365448,0.04913930967450142
YBR057C,YPL016W,1,2.371497,0.46918919682502747,0.4305555522441864,0.04913930967450142
YBR057C,YNL290W,1,2.3711936,0.4697624146938324,0.431547611951828,0.04913930967450142
YOL006C,YJL072C,1,2.3709376,0.47033441066741943,0.4325396716594696,0.04913930967450142
YBR276C,YHR118C,1,2.368963,0.4709051847457886,0.4335317313671112,0.04913930967450142
YKL020C,YDL003W,0,2.3672147,0.47039827704429626,0.4335317313671112,0.0492393933236599
YBR213W,YLR341W,0,2.3667028,0.4698924720287323,0.4335317313671112,0.049339473247528076
YPR162C,YJR068W,1,2.3657854,0.4704618752002716,0.4345238208770752,0.049339473247528076
YCL024W,YER048C,0,2.3655977,0.4699570834636688,0.4345238208770752,0.049439553171396255
YDR054C,YMR078C,1,2.3628948,0.47052517533302307,0.4355158805847168,0.049439553171396255
YNL312W,YDR460W,0,2.3627012,0.47002142667770386,0.4355158805847168,0.049539633095264435
YBR228W,YLR274W,1,2.359704,0.47058823704719543,0.4365079402923584,0.049539633095264435
YHR115C,YDR484W,0,2.3582304,0.470085471868515,0.4365079402923584,0.049639713019132614
YOR005C,YLR117C,1,2.3577478,0.4706510007381439,0.4375,0.049639713019132614
YMR207C,YGR058W,0,2.3565238,0.4701492488384247,0.4375,0.04973979294300079
YER112W,YLR182W,0,2.3565001,0.4696485698223114,0.4375,0.04983987286686897
YOL146W,YJL072C,1,2.354837,0.47021275758743286,0.4384920597076416,0.04983987286686897
YHR040W,YNL250W,0,2.3502557,0.4697130620479584,0.4384920597076416,0.04993995279073715
YDR162C,YDL098C,0,2.3495162,0.46921443939208984,0.4384920597076416,0.05004003271460533
YKL054C,YOR313C,0,2.3489025,0.4687168598175049,0.4384920597076416,0.05014011263847351
YGR270W,YDL010W,0,2.3474572,0.4682203531265259,0.4384920597076416,0.05024019256234169
YDL165W,YIL144W,0,2.346101,0.46772485971450806,0.4384920597076416,0.05034027248620987
YEL003W,YFR010W,0,2.3450346,0.4672304391860962,0.4384920597076416,0.05044035241007805
YMR037C,YGR028W,0,2.3423874,0.4667370617389679,0.4384920597076416,0.05054043233394623
YLR210W,YOR078W,0,2.3420641,0.46624472737312317,0.4384920597076416,0.05064051225781441
YJL090C,YOL055C,0,2.342059,0.465753436088562,0.4384920597076416,0.05074059218168259
YPR163C,YPL192C,0,2.3400433,0.46526315808296204,0.4384920597076416,0.050840672105550766
YJL109C,YKL048C,0,2.3391016,0.46477392315864563,0.4384920597076416,0.050940752029418945
YOL033W,YBL067C,0,2.335251,0.4642857015132904,0.4384920597076416,0.051040831953287125
YDL074C,YBR098W,1,2.3345912,0.4648478627204895,0.4394841194152832,0.051040831953287125
YDR292C,YOR048C,0,2.3344204,0.4643605947494507,0.4394841194152832,0.051140911877155304
YOR278W,YHL030W,0,2.3332057,0.46387434005737305,0.4394841194152832,0.05124099180102348
YDR429C,YPR032W,0,2.3327515,0.463389128446579,0.4394841194152832,0.05134107172489166
YHR085W,YBR170C,1,2.332286,0.4639498293399811,0.4404761791229248,0.05134107172489166
YBR091C,YGL252C,0,2.3322003,0.46346554160118103,0.4404761791229248,0.05144115164875984
YER133W,YBR276C,1,2.3321495,0.46402502059936523,0.4414682686328888,0.05144115164875984
YJR043C,YLR117C,1,2.3319046,0.4645833373069763,0.4424603283405304,0.05144115164875984
YOR279C,YCR104W,0,2.3315382,0.4640998840332031,0.4424603283405304,0.05154123157262802
YKL090W,YLR150W,0,2.3296618,0.4636174738407135,0.4424603283405304,0.0516413114964962
YCL024W,YHR146W,0,2.3284643,0.46313604712486267,0.4424603283405304,0.05174139142036438
YAL034C,YJR135C,0,2.3259242,0.46265560388565063,0.4424603283405304,0.05184147134423256
YMR306W,YLR214W,0,2.3216603,0.4621761739253998,0.4424603283405304,0.05194155499339104
YDR069C,YLR320W,1,2.3201532,0.4627329111099243,0.443452388048172,0.05194155499339104
YJL047C,YNL273W,1,2.3199759,0.4632885158061981,0.4444444477558136,0.05194155499339104
YKL057C,YPR178W,0,2.3174922,0.4628099203109741,0.4444444477558136,0.052041634917259216
YOR144C,YIR008C,1,2.3168347,0.46336430311203003,0.4454365074634552,0.052041634917259216
YLR183C,YDR122W,0,2.316592,0.46288660168647766,0.4454365074634552,0.052141714841127396
YGL207W,YBR087W,1,2.315668,0.4634397625923157,0.4464285671710968,0.052141714841127396
YER133W,YDR303C,1,2.313708,0.46399176120758057,0.4474206268787384,0.052141714841127396
YJL090C,YBR278W,1,2.3123448,0.4645426571369171,0.44841268658638,0.052141714841127396
YLR016C,YMR053C,0,2.3116374,0.46406570076942444,0.44841268658638,0.052241794764995575
YCL016C,YPR175W,1,2.307584,0.4646153748035431,0.449404776096344,0.052241794764995575
YLR439W,YPR032W,0,2.30612,0.46413934230804443,0.449404776096344,0.052341874688863754
YNL257C,YJL096W,0,2.3049915,0.46366429328918457,0.449404776096344,0.052441954612731934
YOL045W,YDR118W,0,2.3045962,0.4631901979446411,0.449404776096344,0.05254203453660011
YML097C,YNL103W,0,2.3035743,0.46271705627441406,0.449404776096344,0.05264211446046829
YCR028C-A,YMR078C,1,2.3012855,0.4632652997970581,0.4503968358039856,0.05264211446046829
YDR054C,YDR013W,1,2.2993834,0.4638124406337738,0.4513888955116272,0.05264211446046829
YGR206W,YLR182W,0,2.2982311,0.4633401334285736,0.4513888955116272,0.05274219438433647
YEL062W,YOL072W,0,2.2977045,0.4628687798976898,0.4513888955116272,0.05284227430820465
YML103C,YJL011C,0,2.2967803,0.46239838004112244,0.4513888955116272,0.05294235423207283
YER093C,YJL112W,0,2.2956526,0.46192893385887146,0.4513888955116272,0.05304243415594101
YBR186W,YMR231W,0,2.2955072,0.4614604413509369,0.4513888955116272,0.05314251407980919
YCL061C,YKL022C,1,2.2942321,0.4620060920715332,0.4523809552192688,0.05314251407980919
YGL050W,YLR141W,0,2.2936947,0.4615384638309479,0.4523809552192688,0.05324259400367737
YOR308C,YGL053W,0,2.2879527,0.46107178926467896,0.4523809552192688,0.05334267392754555
YOR278W,YDR263C,0,2.2864277,0.46060606837272644,0.4523809552192688,0.05344275385141373
YOR157C,YMR199W,0,2.2855108,0.46014127135276794,0.4523809552192688,0.053542833775281906
YNL250W,YMR138W,0,2.2843697,0.45967742800712585,0.4523809552192688,0.053642913699150085
YLR323C,YER005W,0,2.2838166,0.4592145085334778,0.4523809552192688,0.053742993623018265
YGL113W,YLR430W,1,2.2831523,0.45975854992866516,0.4533730149269104,0.053742993623018265
YFR027W,YGR078C,0,2.2813957,0.45929649472236633,0.4533730149269104,0.053843073546886444
YFR005C,YBR274W,0,2.2813556,0.45883533358573914,0.4533730149269104,0.05394315347075462
YBR251W,YOL143C,0,2.2784522,0.45837512612342834,0.4533730149269104,0.0540432333946228
YLR103C,YBR060C,1,2.2778652,0.4589178264141083,0.454365074634552,0.0540432333946228
YGL192W,YGL251C,1,2.2770069,0.45945945382118225,0.4553571343421936,0.0540432333946228
YDR118W,YKR026C,0,2.2768614,0.45899999141693115,0.4553571343421936,0.05414331331849098
YLR314C,YPR152C,0,2.2764513,0.4585414528846741,0.4553571343421936,0.05424339324235916
YLR191W,YPL178W,0,2.2762382,0.458083838224411,0.4553571343421936,0.05434347316622734
YNL132W,YPR141C,0,2.2747524,0.4576271176338196,0.4553571343421936,0.05444355309009552
YBR136W,YNL290W,1,2.273944,0.45816734433174133,0.4563491940498352,0.05444355309009552
YDR058C,YPR122W,0,2.2737033,0.45771142840385437,0.4563491940498352,0.054543636739254
YOR217W,YJR051W,0,2.273604,0.4572564661502838,0.4563491940498352,0.05464371666312218
YGR120C,YBR288C,0,2.271471,0.4568023979663849,0.4563491940498352,0.054743796586990356
YPL163C,YML102W,0,2.271381,0.4563491940498352,0.4563491940498352,0.054843876510858536
YBR275C,YHR191C,1,2.271376,0.45688802003860474,0.4573412835597992,0.054843876510858536
YER155C,YMR273C,0,2.269397,0.4564356505870819,0.4573412835597992,0.054943956434726715
YFR013W,YPR018W,0,2.2672937,0.4559841752052307,0.4573412835597992,0.055044036358594894
YBR228W,YBR160W,1,2.266339,0.45652174949645996,0.4583333432674408,0.055044036358594894
YAR007C,YLR430W,1,2.265648,0.45705825090408325,0.4593254029750824,0.055044036358594894
YJR021C,YNL316C,0,2.2654483,0.45660749077796936,0.4593254029750824,0.055144116282463074
YLR119W,YDR498C,0,2.265254,0.4561576247215271,0.4593254029750824,0.05524419620633125
YAL025C,YMR198W,0,2.2646344,0.45570865273475647,0.4593254029750824,0.05534427613019943
YNL284C,YPR152C,0,2.2644072,0.45526057481765747,0.4593254029750824,0.05544435605406761
YOR243C,YBR275C,0,2.2643566,0.4548133611679077,0.4593254029750824,0.05554443597793579
YDL197C,YER182W,0,2.2608774,0.4543670117855072,0.4593254029750824,0.05564451590180397
YHR171W,YDR295C,0,2.2596152,0.4539215564727783,0.4593254029750824,0.05574459582567215
YOR313C,YER070W,0,2.2585049,0.45347699522972107,0.4593254029750824,0.05584467574954033
YOL108C,YOL111C,0,2.2571604,0.4530332684516907,0.4593254029750824,0.05594475567340851
YPL167C,YBR087W,1,2.253684,0.4535679519176483,0.460317462682724,0.05594475567340851
YDR021W,YER159C,0,2.253655,0.453125,0.460317462682724,0.05604483559727669
YBR228W,YOL004W,1,2.2531946,0.4536585509777069,0.4613095223903656,0.05604483559727669
YDL013W,YLR289W,0,2.2523115,0.4532163739204407,0.4613095223903656,0.05614491552114487
YDL042C,YER129W,1,2.2520537,0.45374879240989685,0.4623015820980072,0.05614491552114487
YAL027W,YDL200C,0,2.2510998,0.4533073902130127,0.4623015820980072,0.056244995445013046
YCL005W-A,YDR052C,0,2.2509596,0.4528668522834778,0.4623015820980072,0.056345075368881226
YDR238C,YGR274C,0,2.250931,0.4524271786212921,0.4623015820980072,0.056445155292749405
YBL063W,YKL221W,0,2.2501528,0.4519883692264557,0.4623015820980072,0.056545235216617584
YLR321C,YGR135W,0,2.2489197,0.4515503942966461,0.4623015820980072,0.056645315140485764
YKL028W,YOR326W,0,2.2474043,0.4511132538318634,0.4623015820980072,0.05674539506435394
YMR069W,YGR002C,0,2.2461154,0.45067697763442993,0.4623015820980072,0.05684547498822212
YER115C,YKL054C,0,2.2454495,0.4502415359020233,0.4623015820980072,0.0569455549120903
YML113W,YMR075W,0,2.2443998,0.44980695843696594,0.4623015820980072,0.05704563483595848
YOR046C,YMR001C,0,2.2431617,0.44937318563461304,0.4623015820980072,0.05714571475982666
YKL089W,YHR007C,0,2.242263,0.4489402770996094,0.4623015820980072,0.05724579840898514
YDL126C,YOR330C,1,2.242148,0.4494706392288208,0.4632936418056488,0.05724579840898514
YDL042C,YAL015C,1,2.2380679,0.44999998807907104,0.4642857015132904,0.05724579840898514
YOR329C,YOR336W,0,2.2377598,0.4495677351951599,0.4642857015132904,0.05734587833285332
YJL083W,YER173W,0,2.237264,0.44913628697395325,0.4642857015132904,0.0574459582567215
YHR066W,YBR081C,0,2.2360685,0.44870564341545105,0.4642857015132904,0.057546038180589676
YPL055C,YDR217C,1,2.2348776,0.4492337107658386,0.4652777910232544,0.057546038180589676
YNL090W,YHL009C,0,2.234534,0.4488038420677185,0.4652777910232544,0.057646118104457855
YDR414C,YJR135C,0,2.2321477,0.44837474822998047,0.4652777910232544,0.057746198028326035
YAL032C,YGR028W,0,2.2317438,0.4479465186595917,0.4652777910232544,0.057846277952194214
YAL020C,YPR201W,0,2.2300076,0.44751909375190735,0.4652777910232544,0.05794635787606239
YHR031C,YAL021C,1,2.2259524,0.4480457603931427,0.466269850730896,0.05794635787606239
YJL030W,YAL029C,0,2.2252934,0.4476190507411957,0.466269850730896,0.05804643779993057
YOR104W,YER104W,0,2.2221155,0.4471931457519531,0.466269850730896,0.05814651772379875
YDL161W,YLR227C,0,2.221729,0.4467680752277374,0.466269850730896,0.05824659764766693
YIL150C,YGL251C,1,2.2201061,0.4472934603691101,0.4672619104385376,0.05824659764766693
YDR027C,YFL047W,0,2.220052,0.4468690752983093,0.4672619104385376,0.05834667757153511
YKL022C,YHR164C,1,2.2196026,0.44739335775375366,0.4682539701461792,0.05834667757153511
YGL099W,YPR171W,0,2.2179022,0.4469696879386902,0.4682539701461792,0.05844675749540329
YAL029C,YDR501W,0,2.2172582,0.4465468227863312,0.4682539701461792,0.05854683741927147
YOR144C,YOR080W,1,2.2141397,0.4470699429512024,0.4692460298538208,0.05854683741927147
YOR233W,YKL130C,0,2.2115877,0.4466477930545807,0.4692460298538208,0.05864691734313965
YNL164C,YDL101C,0,2.2113736,0.44622641801834106,0.4692460298538208,0.05874699726700783
YDR217C,YNL088W,1,2.2108023,0.4467483460903168,0.4702380895614624,0.05874699726700783
YGL116W,YFR026C,0,2.208582,0.44632768630981445,0.4702380895614624,0.05884707719087601
YGR005C,YOR265W,0,2.206338,0.4459078013896942,0.4702380895614624,0.058947157114744186
YMR112C,YHR119W,0,2.2061691,0.44548872113227844,0.4702380895614624,0.059047237038612366
YFL036W,YKL108W,1,2.2060187,0.44600939750671387,0.471230149269104,0.059047237038612366
YER129W,YDR310C,1,2.2053785,0.4465290904045105,0.4722222089767456,0.059047237038612366
YDL006W,YIL122W,0,2.201652,0.4461105763912201,0.4722222089767456,0.059147316962480545
YLR425W,YOR275C,0,2.2012756,0.44569289684295654,0.4722222089767456,0.059247396886348724
YOL027C,YKR077W,0,2.2006574,0.4452759623527527,0.4722222089767456,0.059347476810216904
YGL201C,YER070W,1,2.1989872,0.44579440355300903,0.4732142984867096,0.059347476810216904
YMR048W,YLR430W,1,2.197172,0.4463118612766266,0.4742063581943512,0.059347476810216904
YOL069W,YGR199W,0,2.1944895,0.4458955228328705,0.4742063581943512,0.05944755673408508
YBR060C,YDR110W,1,2.194279,0.44641193747520447,0.4751984179019928,0.05944755673408508
YBL093C,YKL048C,0,2.1938918,0.4459962844848633,0.4751984179019928,0.05954763665795326
YBR088C,YLL004W,1,2.1938882,0.4465116262435913,0.4761904776096344,0.05954763665795326
YOR308C,YEL064C,0,2.193762,0.44609665870666504,0.4761904776096344,0.05964771658182144
YDL150W,YGR058W,0,2.1924012,0.44568246603012085,0.4761904776096344,0.05974779650568962
YJR010C-A,YDR434W,0,2.1917756,0.44526901841163635,0.4761904776096344,0.0598478801548481
YML109W,YBR233W-A,0,2.191496,0.44485634565353394,0.4761904776096344,0.05994796007871628
YDL024C,YMR266W,0,2.1901891,0.4444444477558136,0.4761904776096344,0.06004804000258446
YPR162C,YLR117C,1,2.1896214,0.444958359003067,0.477182537317276,0.06004804000258446
YHR115C,YBR033W,0,2.1891716,0.4445471465587616,0.477182537317276,0.06014811992645264
YOL021C,YIL156W,0,2.1889927,0.4441366493701935,0.477182537317276,0.060248199850320816
YGL200C,YJL187C,0,2.1868708,0.44372692704200745,0.477182537317276,0.060348279774188995
YNL290W,YBR087W,1,2.1834462,0.44423964619636536,0.4781745970249176,0.060348279774188995
YDR310C,YOR060C,1,2.18282,0.4447513818740845,0.4791666567325592,0.060348279774188995
YDL074C,YPL055C,1,2.1821194,0.44526219367980957,0.4801587164402008,0.060348279774188995
YPL121C,YPR103W,0,2.1818936,0.44485294818878174,0.4801587164402008,0.060448359698057175
YHL030W,YOL062C,0,2.1817114,0.4444444477558136,0.4801587164402008,0.060548439621925354
YLR059C,YPL096W,0,2.179993,0.44403669238090515,0.4801587164402008,0.06064851954579353
YBR278W,YBR172C,0,2.1794348,0.4436297118663788,0.4801587164402008,0.06074859946966171
YMR075W,YOR080W,1,2.1794243,0.44413918256759644,0.4811508059501648,0.06074859946966171
YMR213W,YOR275C,0,2.1794088,0.4437328577041626,0.4811508059501648,0.06084867939352989
YOR290C,YPR120C,1,2.178789,0.44424131512641907,0.4821428656578064,0.06084867939352989
YOR198C,YDR473C,0,2.173607,0.44383561611175537,0.4821428656578064,0.06094875931739807
YML049C,YPR032W,0,2.1732275,0.44343066215515137,0.4821428656578064,0.06104883924126625
YAL015C,YPR120C,1,2.1726928,0.4439380168914795,0.483134925365448,0.06104883924126625
YDR108W,YHR157W,0,2.1718957,0.44353368878364563,0.483134925365448,0.06114891916513443
YBL035C,YJL072C,1,2.1697893,0.4440400302410126,0.4841269850730896,0.06114891916513443
YBL023C,YDR310C,1,2.1686258,0.4445454478263855,0.4851190447807312,0.06114891916513443
YDR302W,YLR085C,0,2.166621,0.444141685962677,0.4851190447807312,0.06124899908900261
YLR006C,YJL092W,0,2.1663382,0.4437386691570282,0.4851190447807312,0.06134907901287079
YML064C,YKL006C-A,0,2.1660702,0.4433363676071167,0.4851190447807312,0.06144915893673897
YKR008W,YCR033W,0,2.166065,0.4429347813129425,0.4851190447807312,0.06154923886060715
YDR092W,YDR303C,0,2.1650755,0.442533940076828,0.4851190447807312,0.06164931878447533
YNL265C,YDR499W,0,2.1627352,0.4421338140964508,0.4851190447807312,0.061749398708343506
YOR080W,YDR303C,1,2.1627004,0.44263777136802673,0.4861111044883728,0.061749398708343506
YDR303C,YOR080W,1,2.1627004,0.44314080476760864,0.4871031641960144,0.061749398708343506
YDR200C,YLR085C,0,2.1616173,0.4427412152290344,0.4871031641960144,0.061849478632211685
YER164W,YGR186W,0,2.1613266,0.4423423409461975,0.4871031641960144,0.061949558556079865
YML124C,YJL184W,0,2.1598544,0.4419441819190979,0.4871031641960144,0.062049638479948044
YNL330C,YLR381W,1,2.1594114,0.4424460530281067,0.488095223903656,0.062049638479948044
YBL021C,YAR042W,0,2.157501,0.4420485198497772,0.488095223903656,0.06214971840381622
YER116C,YMR213W,0,2.1561077,0.44165170192718506,0.488095223903656,0.0622497983276844
YLR369W,YKL006C-A,0,2.1549265,0.4412555992603302,0.488095223903656,0.06234987825155258
YDR226W,YNL218W,1,2.1548295,0.4417562782764435,0.48908731341362,0.06234987825155258
YGR208W,YJL058C,0,2.154197,0.44136080145835876,0.48908731341362,0.06244995817542076
YGL251C,YNL102W,1,2.1528547,0.44186046719551086,0.4900793731212616,0.06244995817542076
YGL175C,YMR263W,0,2.1524634,0.4414655864238739,0.4900793731212616,0.06255003809928894
YJL013C,YLR234W,0,2.152445,0.44107142090797424,0.4900793731212616,0.06265012174844742
YHL007C,YMR075W,0,2.1521742,0.4406779706478119,0.4900793731212616,0.0627501979470253
YGL250W,YGR271W,0,2.1463745,0.44028520584106445,0.4900793731212616,0.06285028159618378
YOR321W,YDL101C,0,2.1460292,0.4398931562900543,0.4900793731212616,0.06295035779476166
YPR019W,YPL055C,1,2.1440504,0.4403914511203766,0.4910714328289032,0.06295035779476166
YGL162W,YBR258C,0,2.1413872,0.4399999976158142,0.4910714328289032,0.06305044144392014
YBR278W,YPR023C,1,2.1411235,0.44049733877182007,0.4920634925365448,0.06305044144392014
YPL047W,YLR360W,0,2.1395779,0.44010648131370544,0.4920634925365448,0.06315051764249802
YBR278W,YDR069C,1,2.1388583,0.4406028389930725,0.4930555522441864,0.06315051764249802
YER142C,YLR265C,0,2.1380818,0.44021257758140564,0.4930555522441864,0.0632506012916565
YMR023C,YIR032C,0,2.1377943,0.4398230016231537,0.4930555522441864,0.06335067749023438
YNL326C,YML071C,0,2.1373029,0.43943414092063904,0.4930555522441864,0.06345076113939285
YGL060W,YBL020W,0,2.1356032,0.4390459358692169,0.4930555522441864,0.06355083733797073
YGL249W,YHR136C,0,2.1352308,0.4386584162712097,0.4930555522441864,0.06365092098712921
YDL066W,YDL044C,0,2.134516,0.4382716119289398,0.4930555522441864,0.06375099718570709
YOR007C,YER109C,0,2.133858,0.43788546323776245,0.4930555522441864,0.06385108083486557
YGL049C,YNL032W,0,2.1331165,0.4375,0.4930555522441864,0.06395116448402405
YNL284C,YMR075W,0,2.1327102,0.43711522221565247,0.4930555522441864,0.06405124068260193
YNL236W,YHR006W,0,2.1322927,0.43673110008239746,0.4930555522441864,0.0641513243317604
YGL064C,YOL145C,0,2.129781,0.4363476634025574,0.4930555522441864,0.06425140053033829
YLR329W,YKL194C,0,2.128285,0.4359649121761322,0.4930555522441864,0.06435148417949677
YDR207C,YGL063W,0,2.1279364,0.43558281660079956,0.4930555522441864,0.06445156037807465
YBR111W-A,YPR140W,0,2.1270125,0.43520140647888184,0.4930555522441864,0.06455164402723312
YOR346W,YJR076C,0,2.126629,0.43482065200805664,0.4930555522441864,0.064651720225811
YCL058C,YPL015C,0,2.126042,0.434440553188324,0.4930555522441864,0.06475180387496948
YPL167C,YML065W,1,2.1238077,0.43493449687957764,0.494047611951828,0.06475180387496948
YLR442C,YMR190C,1,2.1233346,0.43542757630348206,0.4950396716594696,0.06475180387496948
YPL181W,YGL251C,1,2.1222143,0.43591979146003723,0.4960317313671112,0.06475180387496948
YMR100W,YLR319C,0,2.12103,0.4355400800704956,0.4960317313671112,0.06485188007354736
YEL061C,YLR342W,0,2.120764,0.4351610243320465,0.4960317313671112,0.06495196372270584
YGR231C,YMR163C,0,2.117697,0.43478259444236755,0.4960317313671112,0.06505203992128372
YOR313C,YKR038C,0,2.1170084,0.4344048798084259,0.4960317313671112,0.0651521235704422
YKL006C-A,YOR358W,0,2.1165626,0.4340277910232544,0.4960317313671112,0.06525219976902008
YLR442C,YLL004W,1,2.115823,0.43451863527297974,0.4970238208770752,0.06525219976902008
YCL051W,YKR083C,0,2.1156328,0.4341421127319336,0.4970238208770752,0.06535228341817856
YAL025C,YPL195W,0,2.1149518,0.43376624584198,0.4970238208770752,0.06545235961675644
YLR431C,YBR193C,0,2.1143143,0.4333910048007965,0.4970238208770752,0.06555244326591492
YDR419W,YIR008C,1,2.1128376,0.4338807165622711,0.4980158805847168,0.06555244326591492
YDR126W,YJR092W,0,2.1125972,0.433506041765213,0.4980158805847168,0.0656525194644928
YDR200C,YOR042W,0,2.1124763,0.43313202261924744,0.4980158805847168,0.06575260311365128
YDR439W,YPR023C,0,2.1098974,0.432758629322052,0.4980158805847168,0.06585267931222916
YGR048W,YNL068C,1,2.1096327,0.4332472085952759,0.4990079402923584,0.06585267931222916
YMR037C,YMR172W,0,2.1088724,0.4328743517398834,0.4990079402923584,0.06595276296138763
YDR419W,YLR368W,0,2.106528,0.4325021505355835,0.4990079402923584,0.06605283915996552
YLR369W,YNL038W,0,2.1059988,0.4321305751800537,0.4990079402923584,0.06615292280912399
YNR075W,YGR247W,0,2.103563,0.43175965547561646,0.4990079402923584,0.06625299900770187
YNL312W,YHR085W,1,2.1026828,0.43224701285362244,0.5,0.06625299900770187
YFL036W,YOR330C,1,2.1026168,0.4327335059642792,0.5009920597076416,0.06625299900770187
YOR124C,YPL178W,0,2.09987,0.43236300349235535,0.5009920597076416,0.06635308265686035
YJR006W,YDR099W,1,2.098791,0.43284860253334045,0.5019841194152832,0.06635308265686035
YBL063W,YOR319W,0,2.094828,0.4324786365032196,0.5019841194152832,0.06645315885543823
YCL029C,YHR110W,0,2.0930574,0.4321092963218689,0.5019841194152832,0.06655324250459671
YCR097W,YDL043C,0,2.0925395,0.4317406117916107,0.5019841194152832,0.06665332615375519
YNL250W,YDR513W,0,2.0920825,0.4313725531101227,0.5019841194152832,0.06675340235233307
YDR108W,YER070W,0,2.0903854,0.4310051202774048,0.5019841194152832,0.06685348600149155
YHR168W,YBL090W,0,2.0902383,0.43063828349113464,0.5019841194152832,0.06695356220006943
YNL262W,YBR098W,1,2.089771,0.43112245202064514,0.5029761791229248,0.06695356220006943
YKL124W,YNL286W,0,2.0883493,0.430756151676178,0.5029761791229248,0.0670536458492279
YPR083W,YJL084C,0,2.0883255,0.43039050698280334,0.5029761791229248,0.06715372204780579
YOR231W,YGR271W,0,2.0870306,0.43002545833587646,0.5029761791229248,0.06725380569696426
YPR164W,YLR002C,1,2.0869136,0.43050846457481384,0.5039682388305664,0.06725380569696426
YJL103C,YPL055C,0,2.0853603,0.43014395236968994,0.5039682388305664,0.06735388189554214
YLR372W,YPL209C,0,2.0842562,0.4297800362110138,0.5039682388305664,0.06745396554470062
YNL236W,YLR043C,0,2.083584,0.4294167459011078,0.5039682388305664,0.0675540417432785
YDR301W,YGL032C,0,2.0813577,0.42905405163764954,0.5039682388305664,0.06765412539243698
YCR092C,YER133W,1,2.0807295,0.4295358657836914,0.504960298538208,0.06765412539243698
YER165W,YBR233W-A,0,2.0801518,0.42917370796203613,0.504960298538208,0.06775420159101486
YGR202C,YBL104C,0,2.078634,0.4288121461868286,0.504960298538208,0.06785428524017334
YOL146W,YJR043C,1,2.077667,0.4292929172515869,0.5059523582458496,0.06785428524017334
YBR037C,YHR135C,0,2.0773706,0.42893186211586,0.5059523582458496,0.06795436143875122
YJR031C,YNL094W,0,2.077016,0.4285714328289032,0.5059523582458496,0.0680544450879097
YNL328C,YMR100W,0,2.0744634,0.42821159958839417,0.5059523582458496,0.06815452128648758
YAL015C,YGL192W,1,2.0736902,0.4286912679672241,0.5069444179534912,0.06815452128648758
YBR060C,YGR279C,0,2.072913,0.4283319413661957,0.5069444179534912,0.06825460493564606
YLR405W,YKR022C,0,2.0728092,0.427973210811615,0.5069444179534912,0.06835468113422394
YNL136W,YGL045W,0,2.0720327,0.42761507630348206,0.5069444179534912,0.06845476478338242
YER129W,YER070W,1,2.071458,0.42809364199638367,0.5079365372657776,0.06845476478338242
YNL161W,YGR187C,0,2.0698097,0.4277360141277313,0.5079365372657776,0.0685548409819603
YDR229W,YML065W,0,2.0695689,0.42737895250320435,0.5079365372657776,0.06865492463111877
YNL161W,YGR128C,0,2.06907,0.4270225167274475,0.5079365372657776,0.06875500082969666
YPL155C,YGL022W,0,2.0680099,0.4266666769981384,0.5079365372657776,0.06885508447885513
YAL032C,YFR003C,0,2.0675764,0.4263114035129547,0.5079365372657776,0.06895516067743301
YFL056C,YNL245C,0,2.0672822,0.42595672607421875,0.5079365372657776,0.06905524432659149
YDR052C,YDR069C,1,2.0661318,0.4264339208602905,0.5089285969734192,0.06905524432659149
YGR258C,YFR003C,0,2.065955,0.42607972025871277,0.5089285969734192,0.06915532797574997
YOR144C,YDR054C,1,2.065613,0.4265560209751129,0.5099206566810608,0.06915532797574997
YCL043C,YNL250W,0,2.0646274,0.42620232701301575,0.5099206566810608,0.06925540417432785
YLR002C,YBR088C,1,2.0641558,0.4266777038574219,0.5109127163887024,0.06925540417432785
YAR007C,YNL088W,1,2.0639231,0.4271523058414459,0.511904776096344,0.06925540417432785
YNL196C,YER129W,0,2.063063,0.4267989993095398,0.511904776096344,0.06935548782348633
YMR308C,YDR295C,0,2.0615828,0.4264462888240814,0.511904776096344,0.06945556402206421
YJR134C,YDR071C,0,2.0596244,0.4260941445827484,0.511904776096344,0.06955564767122269
YOL045W,YPL241C,0,2.057988,0.42574256658554077,0.511904776096344,0.06965572386980057
YJR049C,YMR277W,0,2.0571182,0.4253915846347809,0.511904776096344,0.06975580751895905
YLR166C,YOR163W,0,2.0564039,0.42504119873046875,0.511904776096344,0.06985588371753693
YOR033C,YBR279W,0,2.05621,0.4246913492679596,0.511904776096344,0.0699559673666954
YDL067C,YEL061C,0,2.0559332,0.4243420958518982,0.511904776096344,0.07005604356527328
YNL032W,YLR320W,0,2.0552578,0.42399343848228455,0.511904776096344,0.07015612721443176
YBR060C,YBR274W,1,2.0546942,0.4244663417339325,0.5128968358039856,0.07015612721443176
YJL005W,YIL115C,0,2.053604,0.42411813139915466,0.5128968358039856,0.07025620341300964
YPL179W,YIL145C,0,2.0528574,0.4237704873085022,0.5128968358039856,0.07035628706216812
YNR057C,YDR379W,0,2.0519435,0.4234234094619751,0.5128968358039856,0.070456363260746
YDR240C,YEL009C,0,2.0512025,0.42307692766189575,0.5128968358039856,0.07055644690990448
YNL068C,YGR186W,0,2.0499651,0.4227309823036194,0.5128968358039856,0.07065652310848236
YNL236W,YER113C,0,2.0499597,0.42238563299179077,0.5128968358039856,0.07075660675764084
YJR144W,YAL011W,0,2.049878,0.42204082012176514,0.5128968358039856,0.07085668295621872
YJL047C,YDR052C,1,2.049247,0.4225122332572937,0.5138888955116272,0.07085668295621872
YPL082C,YNL123W,0,2.048867,0.42216789722442627,0.5138888955116272,0.0709567666053772
YPL213W,YBR167C,0,2.047757,0.4218240976333618,0.5138888955116272,0.07105684280395508
YNL068C,YGL003C,0,2.047334,0.42148086428642273,0.5138888955116272,0.07115692645311356
YNL292W,YKR029C,0,2.042006,0.421138197183609,0.5138888955116272,0.07125700265169144
YDL126C,YOL006C,1,2.0410106,0.42160844802856445,0.5148809552192688,0.07125700265169144
YGR003W,YOR127W,0,2.0409286,0.42126622796058655,0.5148809552192688,0.07135708630084991
YIL150C,YKL045W,1,2.0397387,0.42173561453819275,0.5158730149269104,0.07135708630084991
YKL017C,YCR059C,0,2.038706,0.42139384150505066,0.5158730149269104,0.0714571624994278
YNL102W,YOR080W,1,2.0378456,0.42186233401298523,0.516865074634552,0.0714571624994278
YOL004W,YLR442C,1,2.0371778,0.4223301112651825,0.5178571343421936,0.0714571624994278
YBL023C,YPR120C,1,2.0366418,0.4227970838546753,0.5188491940498352,0.0714571624994278
YDR285W,YPR001W,0,2.0328429,0.4224555790424347,0.5188491940498352,0.07155724614858627
YAL021C,YDR110W,1,2.0324786,0.42292171716690063,0.5198412537574768,0.07155724614858627
YFR049W,YPR070W,0,2.0324605,0.42258065938949585,0.5198412537574768,0.07165732234716415
YDR485C,YBR288C,0,2.0322652,0.42224013805389404,0.5198412537574768,0.07175740599632263
YDL122W,YJL184W,0,2.0318701,0.4219001531600952,0.5198412537574768,0.07185748964548111
YBR253W,YJL129C,0,2.031666,0.42156073451042175,0.5198412537574768,0.07195756584405899
YJL003W,YKL020C,0,2.0308979,0.42122185230255127,0.5198412537574768,0.07205764949321747
YBL038W,YOR295W,0,2.0304625,0.42088353633880615,0.5198412537574768,0.07215772569179535
YGR238C,YFR026C,0,2.0294135,0.420545756816864,0.5198412537574768,0.07225780934095383
YHR129C,YKR100C,0,2.0289361,0.42020851373672485,0.5198412537574768,0.07235788553953171
YLR015W,YOL021C,0,2.0286553,0.41987180709838867,0.5198412537574768,0.07245796918869019
YPR019W,YDR489W,1,2.0283353,0.4203362762928009,0.5208333134651184,0.07245796918869019
YFL036W,YOR334W,0,2.0274842,0.41999998688697815,0.5208333134651184,0.07255804538726807
YOR205C,YLR369W,0,2.0274389,0.41966426372528076,0.5208333134651184,0.07265812903642654
YPL022W,YDR388W,0,2.0247605,0.41932907700538635,0.5208333134651184,0.07275820523500443
YIL078W,YOL095C,0,2.023548,0.4189944267272949,0.5208333134651184,0.0728582888841629
YGR145W,YKL113C,0,2.0210989,0.4186602830886841,0.5208333134651184,0.07295836508274078
YOR320C,YCL034W,0,2.020933,0.4183267056941986,0.5208333134651184,0.07305844873189926
YGL175C,YJL003W,0,2.0199587,0.4179936349391937,0.5208333134651184,0.07315852493047714
YLL012W,YLR319C,0,2.0192864,0.4176611006259918,0.5208333134651184,0.07325860857963562
YNR020C,YGR224W,0,2.0175004,0.4173291027545929,0.5208333134651184,0.0733586847782135
YMR044W,YFR014C,0,2.0172386,0.41699761152267456,0.5208333134651184,0.07345876842737198
YJL173C,YDR303C,1,2.016432,0.4174603223800659,0.52182537317276,0.07345876842737198
YOR148C,YFL039C,0,2.015849,0.417129248380661,0.52182537317276,0.07355884462594986
YAL015C,YDR052C,1,2.0158458,0.4175911247730255,0.5228174328804016,0.07355884462594986
YJL030W,YER007C-A,0,2.0145779,0.4172604978084564,0.5228174328804016,0.07365892827510834
YIR002C,YDR226W,1,2.01454,0.4177215099334717,0.523809552192688,0.07365892827510834
YDL069C,YIL002C,0,2.0140927,0.417391300201416,0.523809552192688,0.07375900447368622
YJL026W,YMR075W,1,2.0140169,0.4178515076637268,0.5248016119003296,0.07375900447368622
YBR122C,YFR027W,0,2.013987,0.41752171516418457,0.5248016119003296,0.0738590881228447
YBR136W,YJL090C,1,2.0130847,0.4179810583591461,0.5257936716079712,0.0738590881228447
YLL022C,YAL047C,0,2.012502,0.4176516830921173,0.5257936716079712,0.07395916432142258
YJL197W,YOR363C,0,2.0121403,0.4173228442668915,0.5257936716079712,0.07405924797058105
YNL302C,YKL089W,0,2.009012,0.41699448227882385,0.5257936716079712,0.07415932416915894
YGL061C,YBL054W,0,2.008505,0.4166666567325592,0.5257936716079712,0.07425940781831741
YKR095W,YDR477W,0,2.0077353,0.41633936762809753,0.5257936716079712,0.0743594840168953
YGL086W,YOR099W,0,2.007139,0.41601255536079407,0.5257936716079712,0.07445956766605377
YDR406W,YLR277C,0,2.0069687,0.4156862795352936,0.5257936716079712,0.07455965131521225
YML063W,YNR009W,0,2.0068648,0.4153605103492737,0.5257936716079712,0.07465972751379013
YCL061C,YAL015C,1,2.0063956,0.41581833362579346,0.5267857313156128,0.07465972751379013
YKL059C,YER050C,0,2.0054128,0.4154929518699646,0.5267857313156128,0.07475981116294861
YDR180W,YHR108W,0,2.004802,0.4151681065559387,0.5267857313156128,0.07485988736152649
YHR164C,YKL045W,1,2.0048003,0.4156250059604645,0.5277777910232544,0.07485988736152649
YGR258C,YLR098C,0,2.0025985,0.41530054807662964,0.5277777910232544,0.07495997101068497
YOR066W,YGR091W,0,2.0020385,0.4149765968322754,0.5277777910232544,0.07506004720926285
YBR161W,YOR236W,0,2.0008037,0.41465315222740173,0.5277777910232544,0.07516013085842133
YBL103C,YPL139C,0,2.000511,0.41433021426200867,0.5277777910232544,0.0752602070569992
YDR159W,YBR133C,0,1.9997883,0.4140077829360962,0.5277777910232544,0.07536029070615768
YIL129C,YMR069W,0,1.9996881,0.4136858582496643,0.5277777910232544,0.07546036690473557
YKR022C,YBR001C,0,1.9992778,0.4133644104003906,0.5277777910232544,0.07556045055389404
YER022W,YLR151C,0,1.9959795,0.41304346919059753,0.5277777910232544,0.07566052675247192
YGL011C,YKL129C,0,1.9957869,0.41272303462028503,0.5277777910232544,0.0757606104016304
YML081C-A,YPL189W,0,1.9956601,0.4124031066894531,0.5277777910232544,0.07586068660020828
YGR229C,YGL237C,0,1.9954779,0.4120836555957794,0.5277777910232544,0.07596077024936676
YNR075W,YNL009W,0,1.9953339,0.4117647111415863,0.5277777910232544,0.07606084644794464
YIL066C,YDR013W,1,1.993989,0.4122196435928345,0.528769850730896,0.07606084644794464
YAL025C,YFR029W,0,1.9934483,0.4119010865688324,0.528769850730896,0.07616093009710312
YER040W,YGR170W,0,1.9929776,0.4115830063819885,0.528769850730896,0.076261006295681
YJR052W,YHR161C,0,1.9926426,0.41126543283462524,0.528769850730896,0.07636108994483948
YBL037W,YNL106C,0,1.990268,0.41094833612442017,0.528769850730896,0.07646116614341736
YGL168W,YGR109C,1,1.9892199,0.41140216588974,0.5297619104385376,0.07646116614341736
YDL101C,YDR121W,1,1.9879606,0.4118552803993225,0.5307539701461792,0.07646116614341736
YAL021C,YBR278W,1,1.9866397,0.4123076796531677,0.5317460298538208,0.07646116614341736
YHR036W,YPL175W,0,1.9858305,0.411990761756897,0.5317460298538208,0.07656124979257584
YPL183C,YBR019C,0,1.9844062,0.4116743505001068,0.5317460298538208,0.07666132599115372
YPL249C,YIL017C,0,1.9816647,0.41135841608047485,0.5317460298538208,0.0767614096403122
YAL015C,YBR276C,1,1.9807961,0.4118098020553589,0.5327380895614624,0.0767614096403122
YGR262C,YLR084C,0,1.9806619,0.41149425506591797,0.5327380895614624,0.07686148583889008
YIL150C,YDL101C,1,1.9799347,0.4119448661804199,0.533730149269104,0.07686148583889008
YLR071C,YFL018C,0,1.977958,0.41162967681884766,0.533730149269104,0.07696156948804855
YOL072W,YML095C,0,1.9772737,0.411314994096756,0.533730149269104,0.07706164568662643
YLR189C,YPR034W,0,1.9770472,0.4110007584095001,0.533730149269104,0.07716172933578491
YER041W,YBR179C,0,1.9756067,0.41068702936172485,0.533730149269104,0.07726181298494339
YPL181W,YML065W,1,1.9748032,0.41113653779029846,0.5347222089767456,0.07726181298494339
YHR186C,YBR155W,0,1.9740975,0.41082316637039185,0.5347222089767456,0.07736188918352127
YDR388W,YJL095W,0,1.9740095,0.41051027178764343,0.5347222089767456,0.07746197283267975
YKL124W,YJL180C,0,1.9732897,0.4101978838443756,0.5347222089767456,0.07756204903125763
YOR104W,YGL086W,0,1.9732463,0.4098859429359436,0.5347222089767456,0.07766213268041611
YDR403W,YDR310C,0,1.9728038,0.4095744788646698,0.5347222089767456,0.07776220887899399
YIL150C,YBR262C,0,1.972368,0.4092634916305542,0.5347222089767456,0.07786229252815247
YKL103C,YDL225W,0,1.9710667,0.4089529514312744,0.5347222089767456,0.07796236872673035
YBL056W,YLR131C,0,1.9706929,0.4086429178714752,0.5347222089767456,0.07806245237588882
YOR232W,YDR388W,0,1.9701698,0.40833333134651184,0.5347222089767456,0.0781625285744667
YNL290W,YAL013W,1,1.9688675,0.4087812304496765,0.5357142686843872,0.0781625285744667
YLR002C,YJR068W,1,1.9683449,0.40922844409942627,0.5367063283920288,0.0781625285744667
YMR306W,YLR442C,0,1.967947,0.4089191257953644,0.5367063283920288,0.07826261222362518
YJL176C,YLR409C,0,1.9671128,0.4086102843284607,0.5367063283920288,0.07836268842220306
YJR101W,YER129W,0,1.9664071,0.4083018898963928,0.5367063283920288,0.07846277207136154
YIL146C,YNR070W,0,1.965559,0.40799397230148315,0.5367063283920288,0.07856284826993942
YHR118C,YDR069C,1,1.9640467,0.40844008326530457,0.5376983880996704,0.07856284826993942
YBL046W,YLR043C,0,1.9638913,0.40813252329826355,0.5376983880996704,0.0786629319190979
YJL104W,YBR152W,0,1.9637215,0.40782544016838074,0.5376983880996704,0.07876300811767578
YDL126C,YJL047C,1,1.9629276,0.4082706868648529,0.538690447807312,0.07876300811767578
YDR515W,YJL102W,0,1.9627779,0.40796393156051636,0.538690447807312,0.07886309176683426
YMR109W,YDL091C,0,1.9623754,0.407657653093338,0.538690447807312,0.07896316796541214
YBL090W,YLR341W,0,1.9623544,0.40735185146331787,0.538690447807312,0.07906325161457062
YHR129C,YMR165C,0,1.9622607,0.40704646706581116,0.538690447807312,0.0791633278131485
YEL062W,YBR211C,0,1.96224,0.40674155950546265,0.538690447807312,0.07926341146230698
YGR249W,YDR032C,0,1.9620321,0.40643712878227234,0.538690447807312,0.07936348766088486
YGL033W,YJL164C,0,1.9614525,0.40613314509391785,0.538690447807312,0.07946357131004333
YLR274W,YOR080W,1,1.9609668,0.4065769910812378,0.5396825671195984,0.07946357131004333
YPL047W,YMR019W,0,1.959455,0.40627333521842957,0.5396825671195984,0.07956364750862122
YJL058C,YOL113W,0,1.9589841,0.40597015619277954,0.5396825671195984,0.0796637311577797
YKL113C,YJR046W,1,1.9583609,0.40641313791275024,0.54067462682724,0.0796637311577797
YEL022W,YJL080C,0,1.9571698,0.4061102867126465,0.54067462682724,0.07976380735635757
YHR178W,YKL032C,0,1.9547479,0.40580788254737854,0.54067462682724,0.07986389100551605
YPR175W,YAL013W,1,1.9544091,0.40625,0.5416666865348816,0.07986389100551605
YGL083W,YDR277C,0,1.9529161,0.4059479534626007,0.5416666865348816,0.07996397465467453
YOL056W,YKL048C,0,1.9526639,0.40564635396003723,0.5416666865348816,0.08006405085325241
YHR023W,YDR078C,0,1.9523008,0.40534520149230957,0.5416666865348816,0.08016413450241089
YJL058C,YPL233W,0,1.9518447,0.4050444960594177,0.5416666865348816,0.08026421070098877
YOR255W,YLR353W,0,1.9512861,0.4047442674636841,0.5416666865348816,0.08036429435014725
YFR048W,YDR459C,0,1.9508686,0.40444445610046387,0.5416666865348816,0.08046437054872513
YER115C,YNL259C,0,1.9507234,0.40414509177207947,0.5416666865348816,0.0805644541978836
YDL101C,YDR217C,1,1.9506314,0.4045858085155487,0.5426587462425232,0.0805644541978836
YGL244W,YBR130C,0,1.9499195,0.40428677201271057,0.5426587462425232,0.08066453039646149
YGR048W,YER070W,1,1.9473443,0.4047267436981201,0.5436508059501648,0.08066453039646149
YER070W,YFR038W,0,1.946745,0.40442803502082825,0.5436508059501648,0.08076461404561996
YKL127W,YLR210W,0,1.946562,0.4041298031806946,0.5436508059501648,0.08086469024419785
YOR148C,YHR200W,0,1.9450052,0.40383198857307434,0.5436508059501648,0.08096477389335632
YMR283C,YER169W,0,1.9441096,0.4035346210002899,0.5436508059501648,0.0810648500919342
YBR275C,YDR099W,1,1.9439076,0.4039735198020935,0.5446428656578064,0.0810648500919342
YMR133W,YER149C,0,1.9395578,0.40367648005485535,0.5446428656578064,0.08116493374109268
YDR255C,YDR005C,0,1.9394077,0.4033798575401306,0.5446428656578064,0.08126500993967056
YJL029C,YDL008W,0,1.9392686,0.4030837118625641,0.5446428656578064,0.08136509358882904
YGL014W,YKL048C,0,1.9384043,0.4027879536151886,0.5446428656578064,0.08146516978740692
YHR168W,YJR136C,0,1.9377413,0.4024926722049713,0.5446428656578064,0.0815652534365654
YKR086W,YPL120W,0,1.9374413,0.40219780802726746,0.5446428656578064,0.08166532963514328
YOL043C,YLR381W,0,1.9353863,0.401903361082077,0.5446428656578064,0.08176541328430176
YLL051C,YOL017W,0,1.9326773,0.4016093611717224,0.5446428656578064,0.08186548948287964
YJL109C,YLR320W,0,1.9321412,0.4013157784938812,0.5446428656578064,0.08196557313203812
YML113W,YLR021W,0,1.9315047,0.40102264285087585,0.5446428656578064,0.082065649330616
YDR280W,YOR242C,0,1.9307792,0.4007299244403839,0.5446428656578064,0.08216573297977448
YNL118C,YLR310C,0,1.9301673,0.4004376232624054,0.5446428656578064,0.08226580917835236
YJL008C,YOL116W,0,1.929838,0.4001457691192627,0.5446428656578064,0.08236589282751083
YOL096C,YJR140C,0,1.9292103,0.3998543322086334,0.5446428656578064,0.08246597647666931
YGR007W,YDR052C,0,1.9291354,0.3995633125305176,0.5446428656578064,0.08256605267524719
YGR202C,YMR204C,0,1.9285117,0.39927273988723755,0.5446428656578064,0.08266613632440567
YPL181W,YLR442C,1,1.9281402,0.3997093141078949,0.545634925365448,0.08266613632440567
YDR439W,YPL173W,0,1.9278525,0.39941903948783875,0.545634925365448,0.08276621252298355
YBR065C,YLR007W,0,1.9251628,0.399129182100296,0.545634925365448,0.08286629617214203
YGR171C,YKR101W,0,1.9249907,0.3988397419452667,0.545634925365448,0.08296637237071991
YLR442C,YDR054C,1,1.9249833,0.39927536249160767,0.5466269850730896,0.08296637237071991
YOL094C,YJL072C,1,1.9243357,0.39971035718917847,0.5476190447807312,0.08296637237071991
YDL006W,YIL154C,0,1.9241064,0.3994211256504059,0.5476190447807312,0.08306645601987839
YBR136W,YAL015C,1,1.9228188,0.399855375289917,0.5486111044883728,0.08306645601987839
YLR329W,YBR148W,0,1.9223963,0.3995664715766907,0.5486111044883728,0.08316653221845627
YER164W,YPL167C,1,1.9222069,0.4000000059604645,0.5496031641960144,0.08316653221845627
YIL147C,YER048C,0,1.9220203,0.39971140027046204,0.5496031641960144,0.08326661586761475
YER006W,YFR027W,0,1.9216282,0.399423211812973,0.5496031641960144,0.08336669206619263
YDR087C,YNL138W-A,0,1.9213603,0.39913544058799744,0.5496031641960144,0.0834667757153511
YGR056W,YML031W,0,1.9213047,0.3988480865955353,0.5496031641960144,0.08356685191392899
YFL036W,YJL194W,1,1.9212463,0.3992805778980255,0.550595223903656,0.08356685191392899
YGL143C,YOR181W,0,1.9211458,0.39899352192878723,0.550595223903656,0.08366693556308746
YDR022C,YBR114W,0,1.9203322,0.3987068831920624,0.550595223903656,0.08376701176166534
YLR262C,YEL031W,0,1.9192969,0.39842066168785095,0.550595223903656,0.08386709541082382
YGR221C,YHR178W,0,1.9187431,0.39813485741615295,0.550595223903656,0.0839671716094017
YKR031C,YOR232W,0,1.9181638,0.3978494703769684,0.550595223903656,0.08406725525856018
YPR199C,YGR258C,0,1.9179385,0.39756447076797485,0.550595223903656,0.08416733145713806
YLR103C,YOR005C,1,1.9159443,0.3979957103729248,0.5515872836112976,0.08416733145713806
YBL021C,YAR014C,0,1.9155302,0.39771100878715515,0.5515872836112976,0.08426741510629654
YGR179C,YGL035C,0,1.9150691,0.3974267244338989,0.5515872836112976,0.08436749130487442
YGL065C,YMR276W,0,1.915057,0.39714285731315613,0.5515872836112976,0.0844675749540329
YNL090W,YBR164C,0,1.9147153,0.39685937762260437,0.5515872836112976,0.08456765115261078
YOR290C,YEL032W,1,1.9144576,0.39728957414627075,0.5525793433189392,0.08456765115261078
YJR058C,YDR532C,0,1.9139628,0.39700642228126526,0.5525793433189392,0.08466773480176926
YOR233W,YBR060C,0,1.9117882,0.3967236578464508,0.5525793433189392,0.08476781100034714
YBR131W,YBL057C,0,1.911725,0.3964412808418274,0.5525793433189392,0.08486789464950562
YPL029W,YJL173C,1,1.9078429,0.39687055349349976,0.5535714030265808,0.08486789464950562
YAL027W,YOL017W,0,1.9065498,0.3965884745121002,0.5535714030265808,0.0849679708480835
YDL099W,YIL093C,0,1.905076,0.3963068127632141,0.5535714030265808,0.08506805449724197
YFL036W,YPR019W,1,1.9026836,0.396735280752182,0.5545634627342224,0.08506805449724197
YDL159W,YDL087C,0,1.9019125,0.3964538872241974,0.5545634627342224,0.08516813814640045
YDR484W,YHR158C,0,1.9006827,0.3961729407310486,0.5545634627342224,0.08526821434497833
YMR168C,YDR512C,0,1.900543,0.39589235186576843,0.5545634627342224,0.08536829799413681
YMR172W,YOR358W,0,1.8997148,0.3956121802330017,0.5545634627342224,0.08546837419271469
YBR049C,YIL147C,0,1.8988806,0.395332396030426,0.5545634627342224,0.08556845784187317
YKL124W,YMR060C,0,1.8987268,0.3950529992580414,0.5545634627342224,0.08566853404045105
YER180C,YHR188C,0,1.8980638,0.39477401971817017,0.5545634627342224,0.08576861768960953
YOR386W,YOR216C,0,1.8979897,0.39449542760849,0.5545634627342224,0.08586869388818741
YLR305C,YMR270C,0,1.8964736,0.39421719312667847,0.5545634627342224,0.08596877753734589
YML069W,YCL016C,1,1.8956736,0.3946441113948822,0.5555555820465088,0.08596877753734589
YPL175W,YPL029W,0,1.8950189,0.39436620473861694,0.5555555820465088,0.08606885373592377
YFL021W,YGL246C,0,1.8935969,0.39408865571022034,0.5555555820465088,0.08616893738508224
YER133W,YNL072W,1,1.8926935,0.3945147693157196,0.5565476417541504,0.08616893738508224
YBR193C,YBR128C,0,1.8921974,0.3942375183105469,0.5565476417541504,0.08626901358366013
YNL299W,YOL072W,0,1.8917587,0.3939606845378876,0.5565476417541504,0.0863690972328186
YDL113C,YER007W,0,1.891673,0.3936842083930969,0.5565476417541504,0.08646917343139648
YGL249W,YBR187W,0,1.8916116,0.3934081494808197,0.5565476417541504,0.08656925708055496
YDR403W,YBR091C,0,1.89051,0.39313244819641113,0.5565476417541504,0.08666933327913284
YDR226W,YLR320W,1,1.8903699,0.39355742931365967,0.557539701461792,0.08666933327913284
YIR002C,YPR175W,1,1.8894203,0.39398181438446045,0.5585317611694336,0.08666933327913284
YLR430W,YNL102W,1,1.8890895,0.3944056034088135,0.5595238208770752,0.08666933327913284
YIL015W,YDR460W,0,1.8881949,0.39412999153137207,0.5595238208770752,0.08676941692829132
YLL022C,YDR427W,0,1.8881621,0.3938547372817993,0.5595238208770752,0.0868694931268692
YOR188W,YFL042C,0,1.8863164,0.39357990026474,0.5595238208770752,0.08696957677602768
YLR425W,YLR107W,0,1.8862293,0.3933054506778717,0.5595238208770752,0.08706965297460556
YPR025C,YKL116C,0,1.8857765,0.39303135871887207,0.5595238208770752,0.08716973662376404
YNL265C,YCR038C,0,1.8850024,0.3927576541900635,0.5595238208770752,0.08726981282234192
YDL101C,YEL032W,1,1.8848662,0.393180251121521,0.5605158805847168,0.08726981282234192
YOL146W,YEL032W,1,1.8844836,0.3936022222042084,0.5615079402923584,0.08726981282234192
YDR434W,YMR273C,0,1.8833575,0.3933286964893341,0.5615079402923584,0.0873698964715004
YDR080W,YPR066W,0,1.8832054,0.3930555582046509,0.5615079402923584,0.08746997267007828
YMR052W,YOR332W,0,1.8820478,0.3927827775478363,0.5615079402923584,0.08757005631923676
YGL187C,YKL139W,0,1.8808416,0.39251041412353516,0.5615079402923584,0.08767013251781464
YLR213C,YDR279W,0,1.8805239,0.3922383785247803,0.5615079402923584,0.08777021616697311
YKR031C,YLR105C,0,1.8797522,0.3919667601585388,0.5615079402923584,0.08787029981613159
YIL099W,YDL245C,0,1.8794135,0.391695499420166,0.5615079402923584,0.08797037601470947
YNL182C,YGR109C,1,1.8790784,0.3921161890029907,0.5625,0.08797037601470947
YDR201W,YDR183W,0,1.8769598,0.3918451964855194,0.5625,0.08807045966386795
YIL126W,YBL019W,0,1.8762081,0.39157459139823914,0.5625,0.08817053586244583
YML061C,YLR002C,1,1.8758461,0.3919944763183594,0.5634920597076416,0.08817053586244583
YIR002C,YIL150C,1,1.8752477,0.39241379499435425,0.5644841194152832,0.08817053586244583
YJL047C,YGR048W,1,1.8747921,0.39283251762390137,0.5654761791229248,0.08817053586244583
YPR173C,YMR025W,0,1.8741081,0.39256197214126587,0.5654761791229248,0.08827061951160431
YJL173C,YPL192C,0,1.8739439,0.3922918140888214,0.5654761791229248,0.08837069571018219
YJL197W,YIL145C,0,1.8701258,0.3920220136642456,0.5654761791229248,0.08847077935934067
YMR021C,YMR138W,0,1.8686676,0.39175257086753845,0.5654761791229248,0.08857085555791855
YNL186W,YGL258W,0,1.8684819,0.39148351550102234,0.5654761791229248,0.08867093920707703
YDR460W,YHR188C,0,1.8673109,0.3912148177623749,0.5654761791229248,0.08877101540565491
YJL083W,YNR006W,0,1.8666954,0.39094650745391846,0.5654761791229248,0.08887109905481339
YOL006C,YPR023C,1,1.865375,0.3913639485836029,0.5664682388305664,0.08887109905481339
YML065W,YOR321W,0,1.864981,0.3910958766937256,0.5664682388305664,0.08897117525339127
YMR236W,YOR056C,0,1.8634428,0.3908281922340393,0.5664682388305664,0.08907125890254974
YGR037C,YJR092W,0,1.8627193,0.3905608654022217,0.5664682388305664,0.08917133510112762
YGL150C,YLR313C,0,1.8618811,0.3902939260005951,0.5664682388305664,0.0892714187502861
YLR206W,YOR330C,0,1.8617944,0.39002731442451477,0.5664682388305664,0.08937149494886398
YGL168W,YLR135W,1,1.8614542,0.39044368267059326,0.567460298538208,0.08937149494886398
YKL022C,YOR330C,1,1.8605585,0.3908594846725464,0.5684523582458496,0.08937149494886398
YDL101C,YER095W,1,1.8603485,0.39127472043037415,0.5694444179534912,0.08937149494886398
YPR132W,YJL092W,0,1.8598832,0.3910081684589386,0.5694444179534912,0.08947157859802246
YDR308C,YOL102C,0,1.8589635,0.3907420039176941,0.5694444179534912,0.08957165479660034
YMR077C,YBR089C-A,0,1.8587519,0.39047619700431824,0.5694444179534912,0.08967173844575882
YER113C,YAR019C,0,1.8584516,0.39021074771881104,0.5694444179534912,0.0897718146443367
YPR188C,YLR187W,0,1.8582196,0.3899456560611725,0.5694444179534912,0.08987189829349518
YDL074C,YER143W,1,1.8562728,0.3903598189353943,0.5704365372657776,0.08987189829349518
YDR489W,YLR274W,1,1.8561432,0.3907734155654907,0.5714285969734192,0.08987189829349518
YGL061C,YBR018C,0,1.856083,0.3905084729194641,0.5714285969734192,0.08997197449207306
YHR075C,YAL034W-A,0,1.8549634,0.39024388790130615,0.5714285969734192,0.09007205814123154
YGL050W,YER147C,0,1.8549304,0.38997969031333923,0.5714285969734192,0.09017213433980942
YOL128C,YDR235W,0,1.8548005,0.3897158205509186,0.5714285969734192,0.0902722179889679
YIL085C,YGR163W,0,1.853502,0.38945233821868896,0.5714285969734192,0.09037229418754578
YDR098C,YLR399C,0,1.8531139,0.3891891837120056,0.5714285969734192,0.09047237783670425
YFL046W,YHR146W,0,1.8528028,0.3889263868331909,0.5714285969734192,0.09057246148586273
YOR123C,YGR206W,0,1.8512416,0.38866397738456726,0.5714285969734192,0.09067253768444061
YOR188W,YBL093C,0,1.8511863,0.38840189576148987,0.5714285969734192,0.09077262133359909
YPL153C,YAL021C,1,1.8507574,0.3888140022754669,0.5724206566810608,0.09077262133359909
YLR128W,YOR266W,0,1.8479359,0.388552188873291,0.5724206566810608,0.09087269753217697
YER180C,YLR144C,0,1.8478894,0.3882907032966614,0.5724206566810608,0.09097278118133545
YDL031W,YLR182W,0,1.8478774,0.3880295753479004,0.5724206566810608,0.09107285737991333
YOL054W,YNL316C,0,1.8474795,0.38776880502700806,0.5724206566810608,0.09117294102907181
YDR489W,YOL004W,1,1.8471162,0.3881799876689911,0.5734127163887024,0.09117294102907181
YGR216C,YCR020W-B,0,1.8425455,0.38791945576667786,0.5734127163887024,0.09127301722764969
YHR185C,YPL207W,0,1.8423407,0.3876592814922333,0.5734127163887024,0.09137310087680817
YGL087C,YLR396C,0,1.8413165,0.38739946484565735,0.5734127163887024,0.09147317707538605
YJR093C,YOR073W,0,1.8404541,0.3871399760246277,0.5734127163887024,0.09157326072454453
YNL218W,YPR023C,1,1.8400539,0.3875502049922943,0.574404776096344,0.09157326072454453
YMR190C,YLR013W,0,1.8387588,0.38729098439216614,0.574404776096344,0.0916733369231224
YFL002C,YMR021C,0,1.8376846,0.38703209161758423,0.574404776096344,0.09177342057228088
YLR405W,YOR157C,0,1.8375092,0.38677355647087097,0.574404776096344,0.09187349677085876
YML010W,YKL203C,0,1.8357854,0.386515349149704,0.574404776096344,0.09197358042001724
YPL038W,YFL039C,0,1.8342512,0.38625749945640564,0.574404776096344,0.09207365661859512
YHR156C,YNL223W,0,1.833158,0.38600000739097595,0.574404776096344,0.0921737402677536
YHR120W,YPR006C,0,1.8329322,0.38574284315109253,0.574404776096344,0.09227381646633148
YBL023C,YLR435W,0,1.8326955,0.38548600673675537,0.574404776096344,0.09237390011548996
YPL101W,YJR067C,0,1.8297335,0.38522952795028687,0.574404776096344,0.09247397631406784
YDL148C,YGR134W,0,1.8296034,0.384973406791687,0.574404776096344,0.09257405996322632
YER170W,YPR009W,0,1.8280201,0.3847176134586334,0.574404776096344,0.0926741361618042
YLR274W,YPL167C,1,1.8276142,0.38512617349624634,0.5753968358039856,0.0926741361618042
YDL028C,YOR078W,0,1.8272539,0.38487061858177185,0.5753968358039856,0.09277421981096268
YMR048W,YBR170C,1,1.8270864,0.38527852296829224,0.5763888955116272,0.09277421981096268
YOR249C,YKL002W,0,1.8268394,0.38502320647239685,0.5763888955116272,0.09287429600954056
YMR285C,YCL032W,0,1.8268073,0.38476821780204773,0.5763888955116272,0.09297437965869904
YLR260W,YDR162C,0,1.8262513,0.3845135569572449,0.5763888955116272,0.09307445585727692
YNL088W,YBR098W,1,1.8250349,0.3849206268787384,0.5773809552192688,0.09307445585727692
YDR489W,YOR080W,1,1.8237228,0.38532716035842896,0.5783730149269104,0.09307445585727692
YDR435C,YGL093W,0,1.8235543,0.38507264852523804,0.5783730149269104,0.0931745395064354
YDR051C,YNL093W,0,1.823416,0.38481849431991577,0.5783730149269104,0.09327462315559387
YER142C,YOL145C,0,1.8217105,0.3845646381378174,0.5783730149269104,0.09337469935417175
YBR228W,YMR234W,1,1.8213872,0.3849703371524811,0.579365074634552,0.09337469935417175
YIL010W,YJR092W,0,1.8199546,0.3847167193889618,0.579365074634552,0.09347478300333023
YPR120C,YAL013W,1,1.8198541,0.38512179255485535,0.5803571343421936,0.09347478300333023
YPL249C,YER129W,0,1.818844,0.38486841320991516,0.5803571343421936,0.09357485920190811
YDL098C,YJR126C,0,1.8172596,0.38461539149284363,0.5803571343421936,0.09367494285106659
YIL062C,YMR039C,0,1.8164809,0.38436266779899597,0.5803571343421936,0.09377501904964447
YLR114C,YNL076W,0,1.8148775,0.38411030173301697,0.5803571343421936,0.09387510269880295
YMR235C,YIR009W,0,1.8148445,0.38385826349258423,0.5803571343421936,0.09397517889738083
YGL005C,YJL187C,0,1.8143477,0.38360655307769775,0.5803571343421936,0.0940752625465393
YDL122W,YNL318C,0,1.813525,0.38335517048835754,0.5803571343421936,0.09417533874511719
YDR251W,YJL023C,0,1.8131077,0.3831041157245636,0.5803571343421936,0.09427542239427567
YJR043C,YNR008W,0,1.8109066,0.3828533887863159,0.5803571343421936,0.09437549859285355
YDR189W,YDR243C,0,1.8086834,0.3826030194759369,0.5803571343421936,0.09447558224201202
YJL173C,YGL192W,1,1.8084283,0.3830065429210663,0.5813491940498352,0.09447558224201202
YLR117C,YNL261W,1,1.8076556,0.3834095299243927,0.5823412537574768,0.09447558224201202
YMR283C,YLR330W,0,1.8066056,0.3831592798233032,0.5823412537574768,0.0945756584405899
YBR136W,YOR005C,1,1.8064603,0.3835616409778595,0.5833333134651184,0.0945756584405899
YBR276C,YLR117C,1,1.8060209,0.3839634954929352,0.58432537317276,0.0945756584405899
YOR151C,YMR163C,0,1.8055121,0.38371336460113525,0.58432537317276,0.09467574208974838
YPR164W,YBR170C,1,1.8051053,0.3841145932674408,0.5853174328804016,0.09467574208974838
YBR244W,YDR441C,0,1.8043592,0.3838646709918976,0.5853174328804016,0.09477581828832626
YOR216C,YBR030W,0,1.8036234,0.38361507654190063,0.5853174328804016,0.09487590193748474
YAR018C,YMR264W,0,1.8034213,0.38336580991744995,0.5853174328804016,0.09497597813606262
YMR228W,YFR003C,0,1.8034016,0.38311687111854553,0.5853174328804016,0.0950760617852211
YMR171C,YOR236W,0,1.8024374,0.3828682601451874,0.5853174328804016,0.09517613798379898
YDR200C,YOR236W,0,1.801807,0.3826199769973755,0.5853174328804016,0.09527622163295746
YML034W,YBL090W,0,1.8014247,0.3823719918727875,0.5853174328804016,0.09537629783153534
YDR051C,YML029W,0,1.800807,0.3821243643760681,0.5853174328804016,0.09547638148069382
YLR259C,YBR275C,0,1.8005903,0.38187703490257263,0.5853174328804016,0.0955764576792717
YHR146W,YDR438W,0,1.8005133,0.381630003452301,0.5853174328804016,0.09567654132843018
YKL055C,YGL025C,0,1.8003066,0.38138332962989807,0.5853174328804016,0.09577662497758865
YGL145W,YBL020W,0,1.796117,0.381136953830719,0.5853174328804016,0.09587670117616653
YNL312W,YPL016W,1,1.7955208,0.38153648376464844,0.586309552192688,0.09587670117616653
YKR034W,YGR140W,0,1.7952533,0.3812903165817261,0.586309552192688,0.09597678482532501
YGL075C,YML125C,0,1.7942697,0.38104447722435,0.586309552192688,0.0960768610239029
YNL054W,YFL056C,0,1.7930102,0.38079896569252014,0.586309552192688,0.09617694467306137
YEL046C,YKR027W,0,1.7921965,0.3805537521839142,0.586309552192688,0.09627702087163925
YJL037W,YJL168C,0,1.7920011,0.3803088665008545,0.586309552192688,0.09637710452079773
YLR373C,YIL154C,0,1.7915965,0.38006430864334106,0.586309552192688,0.09647718071937561
YNL245C,YML011C,0,1.7915847,0.3798200488090515,0.586309552192688,0.09657726436853409
YPR029C,YDR388W,0,1.7888188,0.3795761168003082,0.586309552192688,0.09667734056711197
YDL077C,YOR384W,0,1.7880844,0.3793324828147888,0.586309552192688,0.09677742421627045
YML125C,YEL016C,0,1.7873194,0.3790891468524933,0.586309552192688,0.09687750041484833
YLR071C,YGL092W,0,1.7870156,0.3788461685180664,0.586309552192688,0.0969775840640068
YCR079W,YDR228C,0,1.7866538,0.378603458404541,0.586309552192688,0.09707766026258469
YMR214W,YMR059W,0,1.784066,0.3783610761165619,0.586309552192688,0.09717774391174316
YKR058W,YIL132C,0,1.782635,0.37811899185180664,0.586309552192688,0.09727782011032104
YIR002C,YOR005C,1,1.7824149,0.37851661443710327,0.5873016119003296,0.09727782011032104
YHR060W,YDR126W,0,1.7824117,0.3782747685909271,0.5873016119003296,0.09737790375947952
YJL062W,YOR033C,0,1.7817583,0.37803319096565247,0.5873016119003296,0.0974779799580574
YIL128W,YKR056W,0,1.7813468,0.37779197096824646,0.5873016119003296,0.09757806360721588
YLR066W,YIL144W,0,1.7804172,0.37755101919174194,0.5873016119003296,0.09767813980579376
YDR451C,YLR368W,0,1.7798375,0.3773103952407837,0.5873016119003296,0.09777822345495224
YDR409W,YKL014C,0,1.7783659,0.3770700693130493,0.5873016119003296,0.09787829965353012
YBR275C,YPL055C,1,1.7776816,0.3774665892124176,0.5882936716079712,0.09787829965353012
YOR059C,YNL020C,0,1.7766345,0.37722647190093994,0.5882936716079712,0.0979783833026886
YHR085W,YHR164C,1,1.7765169,0.3776223659515381,0.5892857313156128,0.0979783833026886
YDR163W,YGL207W,0,1.7757564,0.37738245725631714,0.5892857313156128,0.09807845950126648
YFL036W,YJL173C,1,1.7747988,0.3777777850627899,0.5902777910232544,0.09807845950126648
YBR213W,YBR237W,0,1.7743765,0.3775380849838257,0.5902777910232544,0.09817854315042496
YDL006W,YLR310C,0,1.7742665,0.3772986829280853,0.5902777910232544,0.09827861934900284
YPR120C,YER092W,0,1.7742133,0.37705957889556885,0.5902777910232544,0.09837870299816132
YPR193C,YMR052W,0,1.7729948,0.37682077288627625,0.5902777910232544,0.0984787866473198
YHR156C,YPL050C,0,1.772808,0.3765822649002075,0.5902777910232544,0.09857886284589767
YDR475C,YGR120C,0,1.7727878,0.37634408473968506,0.5902777910232544,0.09867894649505615
YNL182C,YBR057C,1,1.7727315,0.3767383098602295,0.591269850730896,0.09867894649505615
YJR006W,YPL055C,1,1.7718778,0.37713202834129333,0.5922619104385376,0.09867894649505615
YPR164W,YML061C,1,1.7710192,0.3775252401828766,0.5932539701461792,0.09867894649505615
YBR111W-A,YJL052W,0,1.7710037,0.3772870600223541,0.5932539701461792,0.09877902269363403
YLR323C,YKR010C,0,1.7706048,0.37704917788505554,0.5932539701461792,0.09887910634279251
YJL085W,YGR184C,0,1.7702978,0.37681159377098083,0.5932539701461792,0.09897918254137039
YHL035C,YML070W,0,1.7698395,0.37657430768013,0.5932539701461792,0.09907926619052887
YIL142W,YER147C,0,1.7692969,0.37633731961250305,0.5932539701461792,0.09917934238910675
YAL025C,YMR207C,0,1.7666147,0.3761006295681,0.5932539701461792,0.09927942603826523
YDL126C,YPL055C,1,1.7650946,0.37649276852607727,0.5942460298538208,0.09927942603826523
YGL175C,YFR047C,0,1.7650489,0.3762562870979309,0.5942460298538208,0.09937950223684311
YKL210W,YOL145C,0,1.7632427,0.37602007389068604,0.5942460298538208,0.09947958588600159
YCL029C,YNL164C,0,1.761106,0.3757841885089874,0.5942460298538208,0.09957966208457947
YOR217W,YNL053W,0,1.7605417,0.3755486011505127,0.5942460298538208,0.09967974573373795
YLR113W,YER133W,1,1.760207,0.37593984603881836,0.5952380895614624,0.09967974573373795
YDL164C,YPL016W,1,1.7594478,0.3763306140899658,0.596230149269104,0.09967974573373795
YPR008W,YOL062C,0,1.7592641,0.37609511613845825,0.596230149269104,0.09977982193231583
YHR024C,YHR099W,0,1.7589909,0.37585991621017456,0.596230149269104,0.0998799055814743
YMR176W,YOL013C,0,1.7588708,0.37562501430511475,0.596230149269104,0.09997998178005219
YJL047C,YNL261W,1,1.7581987,0.37601497769355774,0.5972222089767456,0.09997998178005219
YGR081C,YGL112C,0,1.7577348,0.37578028440475464,0.5972222089767456,0.10008006542921066
YDL030W,YEL058W,0,1.7572271,0.375545859336853,0.5972222089767456,0.10018014162778854
YML093W,YDL105W,0,1.7569213,0.3753117322921753,0.5972222089767456,0.10028022527694702
YDR027C,YER094C,0,1.7564057,0.37507787346839905,0.5972222089767456,0.1003803014755249
YOL115W,YFR043C,0,1.7560977,0.37484434247016907,0.5972222089767456,0.10048038512468338
YCR052W,YBR274W,0,1.7558899,0.3746110796928406,0.5972222089767456,0.10058046132326126
YML071C,YBR125C,0,1.7555375,0.37437811493873596,0.5972222089767456,0.10068054497241974
YFR027W,YNL261W,1,1.7554188,0.3747669458389282,0.5982142686843872,0.10068054497241974
YDR013W,YBR202W,1,1.7542043,0.3751552700996399,0.5992063283920288,0.10068054497241974
YNL148C,YKL221W,0,1.7541156,0.37492239475250244,0.5992063283920288,0.10078062117099762
YHR134W,YFR027W,0,1.753381,0.37468981742858887,0.5992063283920288,0.1008807048201561
YGL113W,YNL275W,0,1.7532899,0.37445753812789917,0.5992063283920288,0.10098078101873398
YOR290C,YKL049C,0,1.7532035,0.37422552704811096,0.5992063283920288,0.10108086466789246
YPL110C,YOR346W,0,1.752234,0.37399381399154663,0.5992063283920288,0.10118094831705093
YKL113C,YAL013W,1,1.7513509,0.3743811845779419,0.6001983880996704,0.10118094831705093
YPL195W,YJL162C,0,1.7513502,0.3741496503353119,0.6001983880996704,0.10128102451562881
YGR195W,YLR021W,0,1.7509938,0.37391841411590576,0.6001983880996704,0.10138110816478729
YKR086W,YHR185C,0,1.7502353,0.3736874759197235,0.6001983880996704,0.10148118436336517
YDR129C,YDR207C,0,1.7494123,0.37345677614212036,0.6001983880996704,0.10158126801252365
YNL229C,YIL159W,0,1.7488656,0.3732264041900635,0.6001983880996704,0.10168134421110153
YDR488C,YOR298W,0,1.7476621,0.3729963004589081,0.6001983880996704,0.10178142786026001
YHR199C-A,YLR128W,0,1.747538,0.37276649475097656,0.6001983880996704,0.10188150405883789
YER147C,YPL178W,0,1.7444217,0.37253695726394653,0.6001983880996704,0.10198158770799637
YDL077C,YPL186C,0,1.7444,0.372307687997818,0.6001983880996704,0.10208166390657425
YMR227C,YER075C,0,1.7443457,0.37207871675491333,0.6001983880996704,0.10218174755573273
YKL025C,YML114C,0,1.7440826,0.37185004353523254,0.6001983880996704,0.10228182375431061
YDR201W,YDR243C,0,1.7439722,0.37162160873413086,0.6001983880996704,0.10238190740346909
YDL099W,YIL144W,0,1.7435079,0.37139350175857544,0.6001983880996704,0.10248198360204697
YDR121W,YER143W,1,1.7426097,0.3717791438102722,0.601190447807312,0.10248198360204697
YJL104W,YIL105C,0,1.7421772,0.37155118584632874,0.601190447807312,0.10258206725120544
YBR060C,YPR162C,1,1.7417585,0.37193626165390015,0.6021825671195984,0.10258206725120544
YBL080C,YGR282C,0,1.7414958,0.3717085123062134,0.6021825671195984,0.10268214344978333
YMR277W,YPR066W,0,1.7414279,0.3714810311794281,0.6021825671195984,0.1027822270989418
YMR014W,YOR324C,0,1.7411516,0.3712538182735443,0.6021825671195984,0.10288230329751968
YMR198W,YOL142W,0,1.7411413,0.3710269033908844,0.6021825671195984,0.10298238694667816
YJR134C,YPR168W,0,1.7400017,0.370800256729126,0.6021825671195984,0.10308246314525604
YPL029W,YMR121C,0,1.738229,0.37057387828826904,0.6021825671195984,0.10318254679441452
YDR086C,YLR114C,0,1.7380626,0.3703477680683136,0.6021825671195984,0.1032826229929924
YAL015C,YJR046W,1,1.7379037,0.3707317113876343,0.60317462682724,0.1032826229929924
YGR009C,YKL170W,0,1.7368656,0.37050577998161316,0.60317462682724,0.10338270664215088
YGR275W,YOR336W,0,1.7367979,0.3702801465988159,0.60317462682724,0.10348278284072876
YNL309W,YBR024W,0,1.7361735,0.37005478143692017,0.60317462682724,0.10358286648988724
YER074W-A,YGL244W,0,1.7353354,0.3698296844959259,0.60317462682724,0.10368294268846512
YNL330C,YPL133C,0,1.7352788,0.36960485577583313,0.60317462682724,0.1037830263376236
YHR176W,YMR211W,0,1.7350322,0.36938032507896423,0.60317462682724,0.10388310998678207
YCR009C,YHR105W,0,1.734902,0.36915603280067444,0.60317462682724,0.10398318618535995
YGL191W,YGL216W,0,1.7342412,0.3689320385456085,0.60317462682724,0.10408326983451843
YBR038W,YDR534C,0,1.7336192,0.3687083125114441,0.60317462682724,0.10418334603309631
YGL201C,YGR199W,0,1.733603,0.36848485469818115,0.60317462682724,0.10428342968225479
YLR321C,YPL013C,0,1.7313944,0.3682616651058197,0.60317462682724,0.10438350588083267
YJL035C,YAL013W,0,1.7312694,0.36803874373435974,0.60317462682724,0.10448358952999115
YDL216C,YBR127C,0,1.7309337,0.36781609058380127,0.60317462682724,0.10458366572856903
YEL069C,YPL029W,0,1.7281678,0.3675937056541443,0.60317462682724,0.10468374937772751
YHR079C-A,YJL096W,0,1.7276143,0.3673715889453888,0.60317462682724,0.10478382557630539
YIL043C,YPR122W,0,1.7273635,0.3671497702598572,0.60317462682724,0.10488390922546387
YOL065C,YIL061C,0,1.7267975,0.36692818999290466,0.60317462682724,0.10498398542404175
YNL164C,YER182W,0,1.726787,0.36670687794685364,0.60317462682724,0.10508406907320023
YDR229W,YGL249W,0,1.7253032,0.3664858341217041,0.60317462682724,0.1051841452717781
YGR091W,YOR062C,0,1.7248491,0.36626505851745605,0.60317462682724,0.10528422892093658
YBR170C,YJL209W,0,1.7247714,0.3660445511341095,0.60317462682724,0.10538430511951447
YLR371W,YOL146W,0,1.7236872,0.36582431197166443,0.60317462682724,0.10548438876867294
YKL012W,YDL056W,0,1.7235187,0.36560434103012085,0.60317462682724,0.10558446496725082
YKR036C,YBR290W,0,1.7234412,0.36538460850715637,0.60317462682724,0.1056845486164093
YLR191W,YDL101C,0,1.7226882,0.36516517400741577,0.60317462682724,0.10578462481498718
YPL032C,YOL062C,0,1.7224796,0.3649459779262543,0.60317462682724,0.10588470846414566
YGL033W,YDL232W,0,1.7217481,0.36472705006599426,0.60317462682724,0.10598478466272354
YDR285W,YKR066C,0,1.7212434,0.36450839042663574,0.60317462682724,0.10608486831188202
YHR178W,YGL233W,0,1.7211094,0.3642899990081787,0.60317462682724,0.1061849445104599
YDL095W,YGL210W,0,1.7207174,0.3640718460083008,0.60317462682724,0.10628502815961838
YLL015W,YDL105W,0,1.7203145,0.36385399103164673,0.60317462682724,0.10638511180877686
YGL243W,YMR138W,0,1.7193823,0.3636363744735718,0.60317462682724,0.10648518800735474
YDR099W,YKL045W,1,1.7183611,0.36401674151420593,0.6041666865348816,0.10648518800735474
YIR024C,YDR488C,0,1.7183201,0.3637992739677429,0.6041666865348816,0.10658527165651321
YBR274W,YNL261W,1,1.7162561,0.3641791045665741,0.6051587462425232,0.10658527165651321
YKL160W,YDR393W,0,1.7158722,0.3639618158340454,0.6051587462425232,0.1066853478550911
YDR054C,YGL251C,1,1.7143407,0.3643410801887512,0.6061508059501648,0.1066853478550911
YDL017W,YAL015C,1,1.7141887,0.3647198975086212,0.6071428656578064,0.1066853478550911
YJL095W,YML104C,0,1.7139788,0.3645026683807373,0.6071428656578064,0.10678543150424957
YNL292W,YHR186C,0,1.7128097,0.3642857074737549,0.6071428656578064,0.10688550770282745
YLR247C,YHR167W,0,1.712805,0.36406901478767395,0.6071428656578064,0.10698559135198593
YIL129C,YOR217W,0,1.711932,0.3638525605201721,0.6071428656578064,0.10708566755056381
YNL233W,YOR271C,0,1.7114769,0.3636363744735718,0.6071428656578064,0.10718575119972229
YFL036W,YKL112W,1,1.710361,0.36401423811912537,0.608134925365448,0.10718575119972229
YNL229C,YDR183W,0,1.7095842,0.36379823088645935,0.608134925365448,0.10728582739830017
YGR252W,YJL209W,0,1.709315,0.36358243227005005,0.608134925365448,0.10738591104745865
YJR112W,YDR083W,0,1.7092285,0.3633669316768646,0.608134925365448,0.10748598724603653
YFR013W,YJR104C,0,1.7078736,0.3631516695022583,0.608134925365448,0.10758607089519501
YBR094W,YDL247W,0,1.7069396,0.3629366457462311,0.608134925365448,0.10768614709377289
YDL153C,YGR274C,0,1.7067016,0.36272189021110535,0.608134925365448,0.10778623074293137
YDR489W,YDR260C,0,1.7066116,0.3625074028968811,0.608134925365448,0.10788630694150925
YEL018W,YBR091C,0,1.7055843,0.36229315400123596,0.608134925365448,0.10798639059066772
YIL126W,YGR003W,0,1.7049845,0.3620791435241699,0.608134925365448,0.1080864667892456
YOL070C,YKL010C,0,1.7044504,0.36186540126800537,0.608134925365448,0.10818655043840408
YBR091C,YML121W,0,1.7043016,0.3616519272327423,0.608134925365448,0.10828662663698196
YPR019W,YJL090C,1,1.704273,0.3620283007621765,0.6091269850730896,0.10828662663698196
YDL042C,YER070W,1,1.7040346,0.3624042570590973,0.6101190447807312,0.10828662663698196
YNR019W,YKR037C,0,1.7032479,0.3621908128261566,0.6101190447807312,0.10838671028614044
YER172C,YHR027C,0,1.7032347,0.36197763681411743,0.6101190447807312,0.10848678648471832
YDR098C,YBR148W,0,1.7031907,0.36176469922065735,0.6101190447807312,0.1085868701338768
YER031C,YBR245C,0,1.7029986,0.36155202984809875,0.6101190447807312,0.10868694633245468
YJR059W,YPL181W,0,1.7024441,0.36133959889411926,0.6101190447807312,0.10878702998161316
YFR034C,YPL132W,0,1.7012978,0.36112743616104126,0.6101190447807312,0.10888710618019104
YBR173C,YML102W,0,1.7012419,0.36091548204421997,0.6101190447807312,0.10898718982934952
YBR057C,YJR017C,0,1.7009922,0.36070382595062256,0.6101190447807312,0.109087273478508
YDL101C,YER070W,1,1.7009292,0.36107856035232544,0.6111111044883728,0.109087273478508
YOL144W,YHR070W,0,1.7002015,0.3608670234680176,0.6111111044883728,0.10918734967708588
YDL013W,YGL025C,0,1.6998694,0.3606557250022888,0.6111111044883728,0.10928743332624435
YMR075W,YJR117W,0,1.6987116,0.36044469475746155,0.6111111044883728,0.10938750952482224
YDR021W,YPL208W,0,1.6970253,0.36023393273353577,0.6111111044883728,0.10948759317398071
YBR133C,YMR159C,0,1.6968625,0.3600233793258667,0.6111111044883728,0.1095876693725586
YHR039C-A,YER151C,0,1.69669,0.3598130941390991,0.6111111044883728,0.10968775302171707
YJL026W,YJL168C,1,1.69628,0.3601868152618408,0.6121031641960144,0.10968775302171707
YFL029C,YJR033C,0,1.6959828,0.3599766492843628,0.6121031641960144,0.10978782922029495
YGR180C,YJL168C,1,1.694838,0.3603498637676239,0.613095223903656,0.10978782922029495
YGL075C,YER024W,0,1.6941289,0.3601398468017578,0.613095223903656,0.10988791286945343
YPR106W,YJL133W,0,1.6922622,0.3599300980567932,0.613095223903656,0.10998798906803131
YPR034W,YPL032C,0,1.6903573,0.3597206175327301,0.613095223903656,0.11008807271718979
YBL023C,YOR080W,1,1.690068,0.3600930869579315,0.6140872836112976,0.11008807271718979
YKR102W,YGL130W,0,1.687108,0.35988372564315796,0.6140872836112976,0.11018814891576767
YJL051W,YOR358W,0,1.6853454,0.3596746027469635,0.6140872836112976,0.11028823256492615
YIL131C,YCR028C-A,1,1.685106,0.3600464463233948,0.6150793433189392,0.11028823256492615
YGL111W,YML010W,0,1.6847034,0.35983750224113464,0.6150793433189392,0.11038830876350403
YER015W,YOR143C,0,1.6832305,0.3596287667751312,0.6150793433189392,0.1104883924126625
YIR018W,YPL140C,0,1.6829404,0.3594202995300293,0.6150793433189392,0.11058846861124039
YDL102W,YJL072C,1,1.6820996,0.35979142785072327,0.6160714030265808,0.11058846861124039
YOR194C,YNL005C,0,1.682097,0.3595830798149109,0.6160714030265808,0.11068855226039886
YLR307W,YPL183C,0,1.6816754,0.359375,0.6160714030265808,0.11078862845897675
YGL150C,YOR210W,0,1.6803349,0.3591671586036682,0.6160714030265808,0.11088871210813522
YDL126C,YDR217C,1,1.6780398,0.3595375716686249,0.6170634627342224,0.11088871210813522
YFR027W,YJR099W,0,1.6778121,0.35932987928390503,0.6170634627342224,0.1109887883067131
YCL016C,YBR060C,1,1.6775589,0.3596997559070587,0.6180555820465088,0.1109887883067131
YCR096C,YGL091C,0,1.6773,0.3594922125339508,0.6180555820465088,0.11108887195587158
YER112W,YDL123W,0,1.6772952,0.3592848777770996,0.6180555820465088,0.11118894815444946
YKL092C,YPL139C,0,1.6772785,0.3590778112411499,0.6180555820465088,0.11128903180360794
YNL330C,YLR430W,1,1.6757991,0.35944700241088867,0.6190476417541504,0.11128903180360794
YHL009C,YNL271C,0,1.6756213,0.3592400550842285,0.6190476417541504,0.11138910800218582
YDR085C,YCR020W-B,0,1.6734064,0.35903337597846985,0.6190476417541504,0.1114891916513443
YPR179C,YPL101W,0,1.6732744,0.3588269054889679,0.6190476417541504,0.11158926784992218
YPL029W,YNL088W,1,1.6727973,0.35919541120529175,0.620039701461792,0.11158926784992218
YNL152W,YJR144W,0,1.6725881,0.35898908972740173,0.620039701461792,0.11168935149908066
YJL112W,YAR008W,0,1.6715634,0.3587830066680908,0.620039701461792,0.11178943514823914
YHR107C,YNR007C,0,1.6707315,0.358577162027359,0.620039701461792,0.11188951134681702
YOR076C,YDR407C,0,1.6696326,0.3583715558052063,0.620039701461792,0.1119895949959755
YOR046C,YPL180W,0,1.6692667,0.3581661880016327,0.620039701461792,0.11208967119455338
YLR425W,YPR086W,0,1.6683095,0.3579610586166382,0.620039701461792,0.11218975484371185
YKL022C,YBR170C,1,1.6681588,0.35832855105400085,0.6210317611694336,0.11218975484371185
YPR173C,YPL219W,0,1.6661325,0.3581235706806183,0.6210317611694336,0.11228983104228973
YJR042W,YDL108W,0,1.666079,0.35791879892349243,0.6210317611694336,0.11238991469144821
YHR154W,YDL091C,0,1.6658158,0.35771429538726807,0.6210317611694336,0.11248999089002609
YGL026C,YEL029C,0,1.6655244,0.3575100004673004,0.6210317611694336,0.11259007453918457
YOR142W,YER016W,0,1.6643285,0.35730594396591187,0.6210317611694336,0.11269015073776245
YLR113W,YMR075W,1,1.6637942,0.3576725721359253,0.6220238208770752,0.11269015073776245
YOR222W,YKR100C,0,1.663403,0.3574686348438263,0.6220238208770752,0.11279023438692093
YDR052C,YPR183W,0,1.662396,0.3572649657726288,0.6220238208770752,0.11289031058549881
YOR070C,YLR145W,0,1.6617002,0.357061505317688,0.6220238208770752,0.11299039423465729
YML015C,YMR278W,0,1.6616423,0.3568582832813263,0.6220238208770752,0.11309047043323517
YMR047C,YBR163W,0,1.661,0.3566552996635437,0.6220238208770752,0.11319055408239365
YOL156W,YPR031W,0,1.6606517,0.3564525246620178,0.6220238208770752,0.11329063028097153
YEL056W,YFL034C-B,0,1.6594365,0.35624998807907104,0.6220238208770752,0.11339071393013
YLR008C,YBR114W,0,1.6592578,0.35604768991470337,0.6220238208770752,0.11349079012870789
YDR217C,YPR107C,0,1.6587505,0.3558456301689148,0.6220238208770752,0.11359087377786636
YML088W,YBR077C,0,1.6585124,0.35564377903938293,0.6220238208770752,0.11369094997644424
YPR031W,YOR259C,0,1.6574645,0.3554421663284302,0.6220238208770752,0.11379103362560272
YBR145W,YEL029C,0,1.6570787,0.3552407920360565,0.6220238208770752,0.1138911098241806
YBR149W,YAL034W-A,0,1.6569068,0.3550396263599396,0.6220238208770752,0.11399119347333908
YBR044C,YDR283C,0,1.6567618,0.35483869910240173,0.6220238208770752,0.11409126967191696
YLR069C,YPR152C,0,1.656716,0.354638010263443,0.6220238208770752,0.11419135332107544
YOL012C,YDR069C,0,1.6565669,0.35443753004074097,0.6220238208770752,0.11429142951965332
YGR185C,YLR396C,0,1.6563803,0.35423728823661804,0.6220238208770752,0.1143915131688118
YDR211W,YGR003W,0,1.6540192,0.35403725504875183,0.6220238208770752,0.11449159681797028
YBR015C,YHL022C,0,1.6538742,0.3538374602794647,0.6220238208770752,0.11459167301654816
YHR008C,YLR357W,0,1.6529471,0.3536379039287567,0.6220238208770752,0.11469175666570663
YOL144W,YKR022C,0,1.6527972,0.3534385561943054,0.6220238208770752,0.11479183286428452
YER028C,YBR258C,0,1.6490872,0.3532394468784332,0.6220238208770752,0.114891916513443
YBL023C,YGL192W,1,1.64908,0.3536036014556885,0.6230158805847168,0.114891916513443
YCR047C,YPR201W,0,1.6484203,0.35340461134910583,0.6230158805847168,0.11499199271202087
YFL013C,YOR326W,0,1.6477381,0.3532058596611023,0.6230158805847168,0.11509207636117935
YJR090C,YDR339C,0,1.6457437,0.35300731658935547,0.6230158805847168,0.11519215255975723
YEL062W,YMR033W,0,1.6454855,0.35280898213386536,0.6230158805847168,0.11529223620891571
YNL136W,YLR139C,0,1.644087,0.35261088609695435,0.6230158805847168,0.11539231240749359
YFR046C,YHR129C,0,1.6434891,0.35241302847862244,0.6230158805847168,0.11549239605665207
YBR233W-A,YLR330W,0,1.6433576,0.35221537947654724,0.6230158805847168,0.11559247225522995
YPR164W,YKL108W,1,1.6427482,0.35257846117019653,0.6240079402923584,0.11559247225522995
YOL144W,YDL225W,0,1.6425242,0.3523809611797333,0.6240079402923584,0.11569255590438843
YKR062W,YPR171W,0,1.6424212,0.35218364000320435,0.6240079402923584,0.11579263210296631
YJL203W,YMR229C,0,1.6420646,0.3519865572452545,0.6240079402923584,0.11589271575212479
YDR267C,YEL016C,0,1.6414986,0.3517897129058838,0.6240079402923584,0.11599279195070267
YKL173W,YPR140W,0,1.6407567,0.3515930771827698,0.6240079402923584,0.11609287559986115
YPR188C,YNL252C,0,1.6405802,0.3513966500759125,0.6240079402923584,0.11619295179843903
YGL113W,YLR117C,1,1.639477,0.35175880789756775,0.625,0.11619295179843903
YKL007W,YLR319C,0,1.638973,0.3515625,0.625,0.1162930354475975
YGL243W,YNL215W,0,1.638165,0.35136643052101135,0.625,0.11639311164617538
YBR182C,YDR460W,0,1.6378919,0.3511705696582794,0.625,0.11649319529533386
YGL045W,YOR216C,0,1.637296,0.3509749174118042,0.625,0.11659327149391174
YCL016C,YBR087W,1,1.6370319,0.3513363003730774,0.6259920597076416,0.11659327149391174
YEL055C,YGL257C,0,1.6369426,0.3511407971382141,0.6259920597076416,0.11669335514307022
YHR085W,YGL113W,1,1.6364945,0.3515016734600067,0.6269841194152832,0.11669335514307022
YDL159W,YIL131C,0,1.633774,0.351306289434433,0.6269841194152832,0.1167934313416481
YLR209C,YLR116W,0,1.6334507,0.35111111402511597,0.6269841194152832,0.11689351499080658
YOR157C,YDR524C,0,1.6320436,0.35091614723205566,0.6269841194152832,0.11699359118938446
YGL049C,YOR216C,0,1.6315402,0.35072141885757446,0.6269841194152832,0.11709367483854294
YPR056W,YDL106C,0,1.6314609,0.35052689909935,0.6269841194152832,0.11719375848770142
YGL130W,YBR274W,0,1.6313647,0.3503325879573822,0.6269841194152832,0.1172938346862793
YNL138W-A,YBL093C,0,1.6313095,0.35013851523399353,0.6269841194152832,0.11739391833543777
YPL254W,YLR078C,0,1.6310437,0.3499446213245392,0.6269841194152832,0.11749399453401566
YOL043C,YPR186C,0,1.6297783,0.34975096583366394,0.6269841194152832,0.11759407818317413
YDL174C,YGL043W,0,1.6292616,0.3495575189590454,0.6269841194152832,0.11769415438175201
YNL099C,YFR019W,0,1.6288974,0.3493642807006836,0.6269841194152832,0.11779423803091049
YGR217W,YGR092W,0,1.6288278,0.3491712808609009,0.6269841194152832,0.11789431422948837
YPR072W,YOR023C,0,1.6284869,0.3489784598350525,0.6269841194152832,0.11799439787864685
YDR163W,YFL001W,0,1.6235491,0.3487858772277832,0.6269841194152832,0.11809447407722473
YLR117C,YNL068C,1,1.6231139,0.3491450548171997,0.6279761791229248,0.11809447407722473
YKL043W,YGL090W,0,1.6224674,0.34895259141921997,0.6279761791229248,0.11819455772638321
YDR121W,YER070W,1,1.6204945,0.34931129217147827,0.6289682388305664,0.11819455772638321
YDR183W,YER159C,0,1.619798,0.3491189479827881,0.6289682388305664,0.11829463392496109
YGL113W,YFL023W,0,1.6190841,0.3489268124103546,0.6289682388305664,0.11839471757411957
YOR298W,YGR009C,0,1.6188338,0.34873488545417786,0.6289682388305664,0.11849479377269745
YOR357C,YDL065C,0,1.6173166,0.3485431671142578,0.6289682388305664,0.11859487742185593
YKR084C,YLR451W,0,1.6165181,0.3483516573905945,0.6289682388305664,0.11869495362043381
YNL027W,YFL024C,0,1.6165001,0.34816035628318787,0.6289682388305664,0.11879503726959229
YMR270C,YJL003W,0,1.6160729,0.34796926379203796,0.6289682388305664,0.11889511346817017
YMR029C,YDR212W,0,1.6160523,0.3477783799171448,0.6289682388305664,0.11899519711732864
YDR303C,YLR154C,1,1.6153425,0.34813597798347473,0.629960298538208,0.11899519711732864
YJR046W,YOR130C,0,1.6145753,0.3479452133178711,0.629960298538208,0.11909527331590652
YKL135C,YNL005C,0,1.6133649,0.34775465726852417,0.629960298538208,0.119195356965065
YMR025W,YDR337W,0,1.6123037,0.34756430983543396,0.629960298538208,0.11929543316364288
YOR058C,YKL064W,0,1.6089013,0.34737417101860046,0.629960298538208,0.11939551681280136
YCL016C,YPR121W,0,1.608743,0.3471842408180237,0.629960298538208,0.11949559301137924
YFR027W,YKL189W,0,1.6083653,0.346994549036026,0.629960298538208,0.11959567666053772
YOR205C,YOR172W,0,1.6078868,0.34680503606796265,0.629960298538208,0.1196957603096962
YLR135W,YMR190C,1,1.6051029,0.34716156125068665,0.6309523582458496,0.1196957603096962
YIL128W,YDR255C,0,1.6049572,0.34697216749191284,0.6309523582458496,0.11979583650827408
YIR036C,YMR190C,0,1.6044629,0.34678298234939575,0.6309523582458496,0.11989592015743256
YLR002C,YGR109C,1,1.6043439,0.3471389710903168,0.6319444179534912,0.11989592015743256
YOR059C,YKR044W,0,1.6040077,0.34694990515708923,0.6319444179534912,0.11999599635601044
YDR295C,YDR362C,0,1.6037111,0.346761018037796,0.6319444179534912,0.12009608000516891
YDL150W,YDR289C,0,1.6023833,0.3465723693370819,0.6319444179534912,0.1201961562037468
YER166W,YOR191W,0,1.6020973,0.3463838994503021,0.6319444179534912,0.12029623985290527
YDR092W,YGR004W,0,1.6019667,0.34619563817977905,0.6319444179534912,0.12039631605148315
YLR113W,YPL153C,1,1.601041,0.3465507924556732,0.6329365372657776,0.12039631605148315
YNL047C,YGR271W,0,1.6008124,0.3463626503944397,0.6329365372657776,0.12049639970064163
YPL053C,YNL298W,0,1.6002545,0.3461747169494629,0.6329365372657776,0.12059647589921951
YDR054C,YDR051C,0,1.599689,0.3459869921207428,0.6329365372657776,0.12069655954837799
YER133W,YOL090W,1,1.5986388,0.34634146094322205,0.6339285969734192,0.12069655954837799
YLR381W,YLR430W,1,1.5985885,0.34669557213783264,0.6349206566810608,0.12069655954837799
YNR019W,YDR486C,0,1.598239,0.34650784730911255,0.6349206566810608,0.12079663574695587
YOL034W,YNL025C,0,1.5980369,0.34632036089897156,0.6349206566810608,0.12089671939611435
YOR194C,YLR386W,0,1.5966628,0.3461330533027649,0.6349206566810608,0.12099679559469223
YDL036C,YOR035C,0,1.5962648,0.34594595432281494,0.6349206566810608,0.12109687924385071
YPL003W,YGR083C,0,1.5956335,0.3457590639591217,0.6349206566810608,0.12119695544242859
YNL186W,YOL065C,0,1.5955801,0.3455723524093628,0.6349206566810608,0.12129703909158707
YPL055C,YDR296W,1,1.5953538,0.34592553973197937,0.6359127163887024,0.12129703909158707
YOR295W,YPL230W,0,1.5951133,0.34573894739151,0.6359127163887024,0.12139711529016495
YGL226W,YJL184W,0,1.593783,0.34555256366729736,0.6359127163887024,0.12149719893932343
YGL162W,YKL204W,0,1.5936844,0.34536638855934143,0.6359127163887024,0.1215972751379013
YGR005C,YIR032C,0,1.592721,0.3451803922653198,0.6359127163887024,0.12169735878705978
YBR272C,YER096W,0,1.5916381,0.34499460458755493,0.6359127163887024,0.12179743498563766
YEL044W,YBR237W,0,1.591403,0.34480902552604675,0.6359127163887024,0.12189751863479614
YHR060W,YKR062W,0,1.5906687,0.3446236550807953,0.6359127163887024,0.12199759483337402
YLR286C,YLR342W,0,1.59041,0.34443846344947815,0.6359127163887024,0.1220976784825325
YDR067C,YOL001W,0,1.5900546,0.3442534804344177,0.6359127163887024,0.12219775468111038
YLR305C,YML098W,0,1.5877707,0.344068706035614,0.6359127163887024,0.12229783833026886
YIL031W,YKR062W,0,1.5877013,0.34388411045074463,0.6359127163887024,0.12239792197942734
YDL227C,YHR167W,0,1.5873759,0.34369972348213196,0.6359127163887024,0.12249799817800522
YML061C,YKL174C,0,1.5866776,0.343515545129776,0.6359127163887024,0.1225980818271637
YDL101C,YBR202W,1,1.5862713,0.34386715292930603,0.636904776096344,0.1225980818271637
YGL050W,YDR459C,0,1.5860498,0.3436830937862396,0.636904776096344,0.12269815802574158
YDL190C,YOL146W,0,1.5835978,0.34349918365478516,0.636904776096344,0.12279824167490005
YNL138W-A,YGR024C,0,1.583415,0.3433155119419098,0.636904776096344,0.12289831787347794
YNL236W,YDR536W,0,1.5829854,0.34313201904296875,0.636904776096344,0.12299840152263641
YNL262W,YMR190C,1,1.5826521,0.3434829115867615,0.6378968358039856,0.12299840152263641
YGR270W,YLR155C,0,1.5814214,0.3432995080947876,0.6378968358039856,0.1230984777212143
YNL088W,YER143W,1,1.5810704,0.3436499536037445,0.6388888955116272,0.1230984777212143
YPL130W,YDL098C,0,1.5807294,0.3434666693210602,0.6388888955116272,0.12319856137037277
YDR494W,YOL027C,0,1.5800039,0.34328359365463257,0.6388888955116272,0.12329863756895065
YDR421W,YPL133C,0,1.5799692,0.3431006968021393,0.6388888955116272,0.12339872121810913
YNL138W-A,YPL120W,0,1.5798727,0.3429180085659027,0.6388888955116272,0.12349879741668701
YOR211C,YLR244C,0,1.5790994,0.34273549914360046,0.6388888955116272,0.12359888106584549
YML077W,YKR028W,0,1.5775574,0.34255319833755493,0.6388888955116272,0.12369895726442337
YPL138C,YGR009C,0,1.5774797,0.3423710763454437,0.6388888955116272,0.12379904091358185
YGR133W,YIL014W,0,1.5774784,0.34218916296958923,0.6388888955116272,0.12389911711215973
YMR077C,YBR155W,0,1.5764256,0.34200742840766907,0.6388888955116272,0.1239992007613182
YKL176C,YGR047C,0,1.576024,0.3418259024620056,0.6388888955116272,0.12409927695989609
YGR171C,YKL188C,0,1.5753633,0.3416445553302765,0.6388888955116272,0.12419936060905457
YER101C,YDR310C,0,1.574199,0.3414634168148041,0.6388888955116272,0.12429943680763245
YNL328C,YER075C,0,1.5727438,0.341282457113266,0.6388888955116272,0.12439952045679092
YLR385C,YPR152C,0,1.5724714,0.3411017060279846,0.6388888955116272,0.1244995966553688
YDR086C,YFR028C,0,1.5717429,0.3409211337566376,0.6388888955116272,0.12459968030452728
YMR001C,YJL035C,0,1.569534,0.34074074029922485,0.6388888955116272,0.12469975650310516
YJL061W,YHR158C,0,1.5676179,0.34056055545806885,0.6388888955116272,0.12479984015226364
YBR102C,YBR188C,0,1.5675197,0.34038054943084717,0.6388888955116272,0.12489991635084152
YOR232W,YDR155C,0,1.5670877,0.3402007520198822,0.6388888955116272,0.125
YDL230W,YNL233W,0,1.5669408,0.34002113342285156,0.6388888955116272,0.12510007619857788
YPL218W,YLR032W,0,1.5663834,0.33984169363975525,0.6388888955116272,0.12520016729831696
YIL031W,YAL056W,0,1.56621,0.33966243267059326,0.6388888955116272,0.12530024349689484
YLR430W,YML095C,0,1.5639672,0.339483380317688,0.6388888955116272,0.12540031969547272
YNL188W,YFR049W,0,1.5636525,0.33930453658103943,0.6388888955116272,0.1255003958940506
YOR295W,YEL049W,0,1.5635663,0.3391258418560028,0.6388888955116272,0.12560048699378967
YGL251C,YBR202W,1,1.5635002,0.339473694562912,0.6398809552192688,0.12560048699378967
YDR494W,YLR213C,0,1.562569,0.3392951190471649,0.6398809552192688,0.12570056319236755
YMR075W,YHR174W,0,1.562555,0.3391167223453522,0.6398809552192688,0.12580063939094543
YJL194W,YDR303C,1,1.5622547,0.339464008808136,0.6408730149269104,0.12580063939094543
YGL205W,YNL041C,0,1.5621536,0.3392857015132904,0.6408730149269104,0.12590071558952332
YDR361C,YOR080W,0,1.562093,0.33910760283470154,0.6408730149269104,0.1260008066892624
YMR048W,YDR054C,1,1.5608854,0.3394543528556824,0.641865074634552,0.1260008066892624
YER008C,YIL112W,0,1.5602138,0.33927634358406067,0.641865074634552,0.12610088288784027
YDR399W,YBR081C,0,1.5597168,0.3390985429286957,0.641865074634552,0.12620095908641815
YMR268C,YGR254W,0,1.5590508,0.3389208912849426,0.641865074634552,0.12630103528499603
YDL164C,YDR226W,1,1.5564783,0.3392670154571533,0.6428571343421936,0.12630103528499603
YGR020C,YPR056W,0,1.5556321,0.3390894830226898,0.6428571343421936,0.1264011263847351
YEL002C,YGR169C-A,0,1.5552015,0.33891212940216064,0.6428571343421936,0.126501202583313
YHR186C,YIL138C,0,1.5542436,0.3387349843978882,0.6428571343421936,0.12660127878189087
YBR111W-A,YDR369C,0,1.5533417,0.33855798840522766,0.6428571343421936,0.12670135498046875
YLR410W,YOR016C,0,1.5525541,0.33838120102882385,0.6428571343421936,0.12680144608020782
YML038C,YBL057C,0,1.5494049,0.33820459246635437,0.6428571343421936,0.1269015222787857
YHL009C,YBR080C,0,1.5490909,0.3380281627178192,0.6428571343421936,0.1270015984773636
YDL069C,YFL001W,0,1.548495,0.33785194158554077,0.6428571343421936,0.12710167467594147
YGL001C,YOR195W,0,1.547374,0.33767586946487427,0.6428571343421936,0.12720176577568054
YPL055C,YGL251C,1,1.5471578,0.33802083134651184,0.6438491940498352,0.12720176577568054
YOR123C,YOR363C,0,1.5463793,0.3378448784351349,0.6438491940498352,0.12730184197425842
YHR155W,YNL231C,0,1.5447347,0.33766910433769226,0.6438491940498352,0.1274019181728363
YDL030W,YNL321W,0,1.5444839,0.33749350905418396,0.6438491940498352,0.12750199437141418
YJR017C,YCR033W,0,1.5444275,0.33731809258461,0.6438491940498352,0.12760208547115326
YIL147C,YAL056W,0,1.5433724,0.33714285492897034,0.6438491940498352,0.12770216166973114
YOL113W,YDL045C,0,1.5431242,0.336967796087265,0.6438491940498352,0.12780223786830902
YKL198C,YBL057C,0,1.5430591,0.3367929458618164,0.6438491940498352,0.1279023289680481
YHR148W,YLR183C,0,1.5429579,0.33661824464797974,0.6438491940498352,0.12800240516662598
YCR093W,YMR234W,0,1.5420175,0.3364437520503998,0.6438491940498352,0.12810248136520386
YOR008C,YOR191W,0,1.5417969,0.33626943826675415,0.6438491940498352,0.12820255756378174
YDR501W,YNR070W,0,1.5400276,0.33609527349472046,0.6438491940498352,0.1283026486635208
YGL053W,YGR252W,0,1.5397372,0.3359213173389435,0.6438491940498352,0.1284027248620987
YML068W,YAR014C,0,1.5397284,0.33574753999710083,0.6438491940498352,0.12850280106067657
YFL036W,YBL023C,1,1.5395482,0.336091011762619,0.6448412537574768,0.12850280106067657
YLR256W,YHR031C,0,1.5383377,0.33591732382774353,0.6448412537574768,0.12860287725925446
YDR419W,YGL169W,0,1.5381259,0.33574381470680237,0.6448412537574768,0.12870296835899353
YGR276C,YPL262W,0,1.537699,0.33557048439979553,0.6448412537574768,0.1288030445575714
YEL036C,YOR026W,0,1.5373762,0.33539730310440063,0.6448412537574768,0.1289031207561493
YDR244W,YCR091W,0,1.5368297,0.33522433042526245,0.6448412537574768,0.12900319695472717
YBR160W,YIR008C,1,1.5363333,0.33556699752807617,0.6458333134651184,0.12900319695472717
YDR013W,YDR296W,1,1.5324278,0.33590933680534363,0.64682537317276,0.12900319695472717
YPL234C,YDL069C,0,1.532227,0.33573636412620544,0.64682537317276,0.12910328805446625
YER179W,YIR028W,0,1.5315425,0.3355635702610016,0.64682537317276,0.12920336425304413
YGR128C,YML098W,0,1.5309197,0.33539095520973206,0.64682537317276,0.129303440451622
YJL137C,YPL209C,0,1.5291849,0.33521851897239685,0.64682537317276,0.1294035166501999
YFR004W,YDL028C,0,1.5289083,0.33504626154899597,0.64682537317276,0.12950360774993896
YIL009C-A,YDR103W,0,1.5275695,0.33487415313720703,0.64682537317276,0.12960368394851685
YIR015W,YPR049C,0,1.5262562,0.3347022533416748,0.64682537317276,0.12970376014709473
YPL175W,YPL256C,0,1.5258939,0.3345305323600769,0.64682537317276,0.1298038363456726
YNL323W,YIL147C,0,1.5243925,0.33435896039009094,0.64682537317276,0.12990392744541168
YJL106W,YGL092W,0,1.5236647,0.3341875970363617,0.64682537317276,0.13000400364398956
YBR161W,YMR198W,0,1.5230093,0.3340163826942444,0.64682537317276,0.13010407984256744
YMR167W,YNL126W,0,1.5230076,0.3338453769683838,0.64682537317276,0.13020415604114532
YFR046C,YGL207W,0,1.5225675,0.33367452025413513,0.64682537317276,0.1303042471408844
YFL046W,YJL014W,0,1.5221131,0.3335038423538208,0.64682537317276,0.13040432333946228
YGR084C,YDL003W,0,1.5213897,0.3333333432674408,0.64682537317276,0.13050439953804016
YGL226W,YDR365C,0,1.5210196,0.33316299319267273,0.64682537317276,0.13060449063777924
YOL033W,YGR005C,0,1.5204389,0.3329928517341614,0.64682537317276,0.13070456683635712
YJL173C,YHR116W,0,1.5200801,0.33282285928726196,0.64682537317276,0.130804643034935
YER005W,YOL006C,0,1.5199795,0.33265307545661926,0.64682537317276,0.13090471923351288
YGR275W,YER048C,0,1.5198461,0.3324834406375885,0.64682537317276,0.13100481033325195
YIL066C,YLL004W,1,1.519461,0.33282366394996643,0.6478174328804016,0.13100481033325195
YOR151C,YBL019W,0,1.5193845,0.33265408873558044,0.6478174328804016,0.13110488653182983
YLR007W,YGL095C,0,1.5185198,0.33248472213745117,0.6478174328804016,0.13120496273040771
YDR240C,YIL041W,0,1.5180869,0.3323155343532562,0.6478174328804016,0.1313050389289856
YLR321C,YNL001W,0,1.5178235,0.3321464955806732,0.6478174328804016,0.13140513002872467
YLR309C,YER019C-A,0,1.5171643,0.33197763562202454,0.6478174328804016,0.13150520622730255
YJR042W,YGR170W,0,1.5169516,0.3318089544773102,0.6478174328804016,0.13160528242588043
YDR016C,YLR078C,0,1.5167574,0.33164042234420776,0.6478174328804016,0.1317053586244583
YPL173W,YHR161C,0,1.5165826,0.3314720690250397,0.6478174328804016,0.1318054497241974
YFR024C-A,YJL041W,0,1.5165502,0.3313038945198059,0.6478174328804016,0.13190552592277527
YJL128C,YDR325W,0,1.5163338,0.33113589882850647,0.6478174328804016,0.13200560212135315
YBR103W,YOR189W,0,1.5155408,0.33096808195114136,0.6478174328804016,0.13210567831993103
YNL310C,YBR272C,0,1.5151501,0.3308004140853882,0.6478174328804016,0.1322057694196701
YGR047C,YBR264C,0,1.5146836,0.33063292503356934,0.6478174328804016,0.13230584561824799
YAL029C,YBR233W-A,0,1.5115234,0.3304655849933624,0.6478174328804016,0.13240592181682587
YPL147W,YOL072W,0,1.511523,0.33029842376708984,0.6478174328804016,0.13250599801540375
YNL084C,YNL196C,0,1.511333,0.3301314413547516,0.6478174328804016,0.13260608911514282
YOL043C,YDR489W,0,1.5105718,0.32996463775634766,0.6478174328804016,0.1327061653137207
YER133W,YOL094C,1,1.5089899,0.33030304312705994,0.648809552192688,0.1327061653137207
YEL022W,YLR387C,0,1.5089058,0.3301362991333008,0.648809552192688,0.13280624151229858
YDL080C,YHR110W,0,1.5077286,0.32996973395347595,0.648809552192688,0.13290631771087646
YMR275C,YOR094W,0,1.507556,0.32980331778526306,0.648809552192688,0.13300640881061554
YLL022C,YML023C,0,1.5075462,0.3296371102333069,0.648809552192688,0.13310648500919342
YOR340C,YJR060W,0,1.5072033,0.32947102189064026,0.648809552192688,0.1332065612077713
YHR085W,YML061C,1,1.5070419,0.32980865240097046,0.6498016119003296,0.1332065612077713
YDR069C,YBR202W,1,1.5056319,0.3301459550857544,0.6507936716079712,0.1332065612077713
YAL007C,YFL049W,0,1.5048075,0.32997986674308777,0.6507936716079712,0.13330665230751038
YPL228W,YMR017W,0,1.5039582,0.32981398701667786,0.6507936716079712,0.13340672850608826
YER143W,YBR202W,1,1.5025072,0.3301507532596588,0.6517857313156128,0.13340672850608826
YNL326C,YGL048C,0,1.501636,0.3299849331378937,0.6517857313156128,0.13350680470466614
YOL135C,YHR135C,0,1.5010045,0.32981929183006287,0.6517857313156128,0.13360688090324402
YBR094W,YDL078C,0,1.4995008,0.329653799533844,0.6517857313156128,0.1337069720029831
YJR094C,YHR040W,0,1.4992871,0.32948845624923706,0.6517857313156128,0.13380704820156097
YPR111W,YOR190W,0,1.4990854,0.32932332158088684,0.6517857313156128,0.13390712440013885
YDR052C,YOR080W,1,1.497951,0.3296593129634857,0.6527777910232544,0.13390712440013885
YHR085W,YOL004W,1,1.4975,0.3299950063228607,0.653769850730896,0.13390712440013885
YOR279C,YML014W,0,1.4972478,0.3298298418521881,0.653769850730896,0.13400720059871674
YOR076C,YLL013C,0,1.4971423,0.32966482639312744,0.653769850730896,0.1341072916984558
YLR316C,YGR095C,0,1.4970181,0.3294999897480011,0.653769850730896,0.1342073678970337
YBR088C,YOR060C,1,1.4965389,0.32983508706092834,0.6547619104385376,0.1342073678970337
YCL024W,YEL062W,0,1.4956517,0.32967033982276917,0.6547619104385376,0.13430744409561157
YGR271C-A,YER161C,0,1.4955753,0.3295057415962219,0.6547619104385376,0.13440752029418945
YBR170C,YHR197W,1,1.4954185,0.3298403322696686,0.6557539701461792,0.13440752029418945
YBR060C,YER070W,1,1.4945972,0.3301745653152466,0.6567460298538208,0.13440752029418945
YJL047C,YPR023C,1,1.4944385,0.3305084705352783,0.6577380895614624,0.13440752029418945
YDR022C,YKR044W,0,1.4923918,0.3303437829017639,0.6577380895614624,0.13450761139392853
YNL290W,YKL116C,0,1.4917631,0.33017927408218384,0.6577380895614624,0.1346076875925064
YBR120C,YOR033C,0,1.4917228,0.3300149440765381,0.6577380895614624,0.1347077637910843
YLR060W,YDR138W,0,1.491682,0.3298507332801819,0.6577380895614624,0.13480783998966217
YLR262C,YGR170W,0,1.491152,0.3296867311000824,0.6577380895614624,0.13490793108940125
YGR047C,YBR268W,0,1.4901619,0.32952284812927246,0.6577380895614624,0.13500800728797913
YNL210W,YHR027C,0,1.4896929,0.32935917377471924,0.6577380895614624,0.135108083486557
YFL039C,YJL140W,0,1.4895124,0.32919561862945557,0.6577380895614624,0.1352081596851349
YHR036W,YNL094W,0,1.4895074,0.3290322721004486,0.6577380895614624,0.13530825078487396
YJL090C,YDR296W,1,1.4893043,0.329365074634552,0.658730149269104,0.13530825078487396
YIL016W,YOR194C,0,1.4890755,0.3292017877101898,0.658730149269104,0.13540832698345184
YKR101W,YOR157C,0,1.48857,0.3290386497974396,0.658730149269104,0.13550840318202972
YBL076C,YMR220W,0,1.4878662,0.32887569069862366,0.658730149269104,0.1356084793806076
YJR086W,YCR010C,0,1.4870491,0.3287128806114197,0.658730149269104,0.13570857048034668
YAL013W,YKL016C,0,1.4870145,0.32855021953582764,0.658730149269104,0.13580864667892456
YNL127W,YGL097W,0,1.4868269,0.3283877372741699,0.658730149269104,0.13590872287750244
YIL084C,YLR128W,0,1.4866463,0.32822540402412415,0.658730149269104,0.13600881397724152
YIR002C,YML061C,1,1.4860191,0.3285573124885559,0.6597222089767456,0.13600881397724152
YMR171C,YGL064C,0,1.4859104,0.3283950686454773,0.6597222089767456,0.1361088901758194
YBR276C,YPL001W,0,1.4858869,0.3282329738140106,0.6597222089767456,0.13620896637439728
YIL149C,YDR304C,0,1.4853077,0.3280710279941559,0.6597222089767456,0.13630904257297516
YDR458C,YDR205W,0,1.4850223,0.3279092609882355,0.6597222089767456,0.13640913367271423
YER107C,YMR065W,0,1.4850199,0.3277476727962494,0.6597222089767456,0.13650920987129211
YDR189W,YGL246C,0,1.4847226,0.32758620381355286,0.6597222089767456,0.13660928606987
YHL013C,YAL026C,0,1.4840977,0.32742491364479065,0.6597222089767456,0.13670936226844788
YOL146W,YAL013W,1,1.4837985,0.3277558982372284,0.6607142686843872,0.13670936226844788
YNL129W,YHR082C,0,1.4836845,0.32759469747543335,0.6607142686843872,0.13680945336818695
YML057W,YAL032C,0,1.4826374,0.32743361592292786,0.6607142686843872,0.13690952956676483
YOR060C,YJR092W,0,1.4825044,0.3272727131843567,0.6607142686843872,0.1370096057653427
YDL120W,YBR205W,0,1.4818275,0.32711198925971985,0.6607142686843872,0.1371096819639206
YGR278W,YMR023C,0,1.4815476,0.32695138454437256,0.6607142686843872,0.13720977306365967
YDL036C,YGR170W,0,1.4814134,0.3267909586429596,0.6607142686843872,0.13730984926223755
YJL084C,YMR041C,0,1.4795872,0.32663071155548096,0.6607142686843872,0.13740992546081543
YGR109C,YPL233W,0,1.4794205,0.32647058367729187,0.6607142686843872,0.1375100016593933
YDR004W,YDL066W,0,1.4786558,0.3263106346130371,0.6607142686843872,0.13761009275913239
YJL173C,YGR184C,0,1.4783989,0.3261508345603943,0.6607142686843872,0.13771016895771027
YMR201C,YOR194C,0,1.4767325,0.3259911835193634,0.6607142686843872,0.13781024515628815
YLR265C,YMR264W,0,1.4762385,0.32583171129226685,0.6607142686843872,0.13791032135486603
YJL072C,YBR202W,1,1.4760256,0.32616135478019714,0.6617063283920288,0.13791032135486603
YOL005C,YPL195W,0,1.4756836,0.32600194215774536,0.6617063283920288,0.1380104124546051
YPR049C,YPL029W,0,1.4746634,0.3258427083492279,0.6617063283920288,0.13811048865318298
YJR010C-A,YDR251W,0,1.4746168,0.32568359375,0.6617063283920288,0.13821056485176086
YFL022C,YOL006C,0,1.4744802,0.3255246579647064,0.6617063283920288,0.13831065595149994
YBL020W,YJR002W,0,1.4729601,0.3253658413887024,0.6617063283920288,0.13841073215007782
YJL112W,YDL045C,0,1.4722931,0.3252072036266327,0.6617063283920288,0.1385108083486557
YGL237C,YGR120C,0,1.4706064,0.3250487446784973,0.6617063283920288,0.13861088454723358
YMR199W,YBR006W,0,1.4683558,0.3248904049396515,0.6617063283920288,0.13871097564697266
YDR017C,YHL031C,0,1.4680064,0.32473224401474,0.6617063283920288,0.13881105184555054
YOR195W,YOR099W,0,1.466259,0.32457420229911804,0.6617063283920288,0.13891112804412842
YJL014W,YIL112W,0,1.466155,0.3244163393974304,0.6617063283920288,0.1390112042427063
YGL099W,YJL050W,0,1.4656984,0.32425862550735474,0.6617063283920288,0.13911129534244537
YNL072W,YER070W,1,1.4655792,0.32458698749542236,0.6626983880996704,0.13911129534244537
YAL015C,YOR217W,1,1.4652505,0.3249150216579437,0.663690447807312,0.13911129534244537
YNL186W,YNL103W,0,1.4647319,0.32475727796554565,0.663690447807312,0.13921137154102325
YBR080C,YKL138C-A,0,1.4641184,0.3245997130870819,0.663690447807312,0.13931144773960114
YDR097C,YOR060C,1,1.4628893,0.3249272406101227,0.6646825671195984,0.13931144773960114
YBL033C,YKL049C,0,1.4613067,0.3247697651386261,0.6646825671195984,0.13941152393817902
YDR447C,YKL127W,0,1.4610441,0.32461240887641907,0.6646825671195984,0.1395116150379181
YDL006W,YFR032C-A,0,1.4605266,0.324455201625824,0.6646825671195984,0.13961169123649597
YNL072W,YOR080W,1,1.4591836,0.32478219270706177,0.66567462682724,0.13961169123649597
YCL029C,YEL019C,0,1.4591253,0.32462507486343384,0.66567462682724,0.13971176743507385
YBR097W,YML047C,0,1.4585131,0.32446807622909546,0.66567462682724,0.13981184363365173
YGL128C,YGL158W,0,1.4582777,0.3243112564086914,0.66567462682724,0.1399119347333908
YDR098C,YNL238W,0,1.458271,0.3241545855998993,0.66567462682724,0.1400120109319687
YLR381W,YLR274W,1,1.4579055,0.32448092103004456,0.6666666865348816,0.1400120109319687
YDR224C,YMR065W,0,1.4572958,0.3243243098258972,0.6666666865348816,0.14011208713054657
YOR308C,YOR137C,0,1.4571528,0.3241678774356842,0.6666666865348816,0.14021216332912445
YNR075W,YOR113W,0,1.4566545,0.32401156425476074,0.6666666865348816,0.14031225442886353
YBR136W,YGL192W,1,1.4564635,0.324337363243103,0.6676587462425232,0.14031225442886353
YBR131W,YDR503C,0,1.4556732,0.32418110966682434,0.6676587462425232,0.1404123306274414
YNL232W,YDL074C,0,1.4553624,0.32402503490448,0.6676587462425232,0.1405124068260193
YOL044W,YER068W,0,1.455323,0.32386910915374756,0.6676587462425232,0.14061248302459717
YBR123C,YER096W,0,1.4546804,0.3237133324146271,0.6676587462425232,0.14071257412433624
YDR013W,YLR222C,0,1.4537878,0.32355770468711853,0.6676587462425232,0.14081265032291412
YKL028W,YGR135W,0,1.4537536,0.32340219616889954,0.6676587462425232,0.140912726521492
YGL197W,YBR014C,0,1.4534348,0.32324686646461487,0.6676587462425232,0.14101281762123108
YCR059C,YNL283C,0,1.4529357,0.32309168577194214,0.6676587462425232,0.14111289381980896
YMR283C,YDR320C-A,0,1.4525161,0.32293665409088135,0.6676587462425232,0.14121297001838684
YDR264C,YJL038C,0,1.4517608,0.3227817714214325,0.6676587462425232,0.14131304621696472
YMR077C,YNL284C,0,1.4507871,0.3226270377635956,0.6676587462425232,0.1414131373167038
YDR099W,YLR154C,1,1.4507097,0.32295161485671997,0.6686508059501648,0.1414131373167038
YER176W,YML097C,0,1.449822,0.32279694080352783,0.6686508059501648,0.14151321351528168
YPR108W,YLR443W,0,1.449686,0.32264241576194763,0.6686508059501648,0.14161328971385956
YKL161C,YOR310C,0,1.4495707,0.32248803973197937,0.6686508059501648,0.14171336591243744
YAL056W,YPR199C,0,1.4492807,0.32233381271362305,0.6686508059501648,0.1418134570121765
YER143W,YBR098W,1,1.4491132,0.3226577341556549,0.6696428656578064,0.1418134570121765
YBR211C,YGR224W,0,1.4490786,0.32250359654426575,0.6696428656578064,0.1419135332107544
YML052W,YOR127W,0,1.4488099,0.32234957814216614,0.6696428656578064,0.14201360940933228
YFR033C,YPR067W,0,1.4487075,0.32219570875167847,0.6696428656578064,0.14211368560791016
YBR274W,YBR170C,1,1.4480417,0.32251909375190735,0.670634925365448,0.14211368560791016
YIL150C,YGR191W,0,1.4478679,0.32236528396606445,0.670634925365448,0.14221377670764923
YGR098C,YKL172W,0,1.4477775,0.3222116231918335,0.670634925365448,0.1423138529062271
YPL254W,YCL054W,0,1.4476445,0.3220581114292145,0.670634925365448,0.142413929104805
YER095W,YBL097W,0,1.4469916,0.3219047486782074,0.670634925365448,0.14251400530338287
YBR253W,YBL097W,0,1.4469686,0.32175153493881226,0.670634925365448,0.14261409640312195
YJL100W,YLR103C,0,1.4467583,0.32159847021102905,0.670634925365448,0.14271417260169983
YPL228W,YGL220W,0,1.4461617,0.3214455544948578,0.670634925365448,0.1428142488002777
YBR275C,YBR098W,1,1.4452829,0.3217680752277374,0.6716269850730896,0.1428142488002777
YHR074W,YPL189W,0,1.4450964,0.32161518931388855,0.6716269850730896,0.1429143249988556
YGL175C,YDL134C,0,1.4439228,0.321462482213974,0.6716269850730896,0.14301441609859467
YBR010W,YLR403W,0,1.4436466,0.3213099241256714,0.6716269850730896,0.14311449229717255
YPR188C,YPR186C,0,1.443629,0.3211574852466583,0.6716269850730896,0.14321456849575043
YDL145C,YPL218W,0,1.4430877,0.3210052251815796,0.6716269850730896,0.1433146446943283
YNL312W,YGL192W,1,1.4417965,0.32132700085639954,0.6726190447807312,0.1433146446943283
YOR279C,YOR173W,0,1.4415939,0.3211748003959656,0.6726190447807312,0.14341473579406738
YDR260C,YKR100C,0,1.4399371,0.32102271914482117,0.6726190447807312,0.14351481199264526
YPR043W,YOR057W,0,1.4377762,0.3208707869052887,0.6726190447807312,0.14361488819122314
YOR324C,YNL073W,0,1.4376237,0.32071900367736816,0.6726190447807312,0.14371497929096222
YMR061W,YOL141W,0,1.4367961,0.32056736946105957,0.6726190447807312,0.1438150554895401
YBR094W,YMR263W,0,1.4366484,0.3204158842563629,0.6726190447807312,0.14391513168811798
YJL207C,YOR330C,0,1.4360743,0.3202645182609558,0.6726190447807312,0.14401520788669586
YPL130W,YDL104C,0,1.4357126,0.32011330127716064,0.6726190447807312,0.14411529898643494
YDR144C,YHR072W-A,0,1.4348083,0.3199622333049774,0.6726190447807312,0.14421537518501282
YOR249C,YML066C,0,1.4345005,0.31981131434440613,0.6726190447807312,0.1443154513835907
YPL070W,YML115C,0,1.4343483,0.3196605443954468,0.6726190447807312,0.14441552758216858
YDR037W,YER173W,0,1.4333384,0.319509893655777,0.6726190447807312,0.14451561868190765
YEL018W,YJL129C,0,1.4293587,0.3193593919277191,0.6726190447807312,0.14461569488048553
YOR077W,YNL229C,0,1.4290757,0.3192090392112732,0.6726190447807312,0.14471577107906342
YCR093W,YJL156C,0,1.4289722,0.3190588355064392,0.6726190447807312,0.1448158472776413
YKR066C,YIL131C,0,1.4288262,0.3189087510108948,0.6726190447807312,0.14491593837738037
YKL203C,YOL001W,0,1.4264314,0.3187588155269623,0.6726190447807312,0.14501601457595825
YKL190W,YML015C,0,1.4254867,0.3186090290546417,0.6726190447807312,0.14511609077453613
YDR406W,YLR131C,0,1.4244773,0.3184593617916107,0.6726190447807312,0.145216166973114
YML061C,YLR117C,1,1.4240345,0.3187793493270874,0.6736111044883728,0.145216166973114
YPR120C,YDR075W,0,1.423072,0.31862974166870117,0.6736111044883728,0.1453162580728531
YDR326C,YLR098C,0,1.4227166,0.31848031282424927,0.6736111044883728,0.14541633427143097
YBL074C,YPL051W,0,1.422257,0.3183310031890869,0.6736111044883728,0.14551641047000885
YLR323C,YOR339C,0,1.4215304,0.3181818127632141,0.6736111044883728,0.14561648666858673
YDR489W,YDR121W,1,1.4207712,0.31850117444992065,0.6746031641960144,0.14561648666858673
YPL181W,YKL113C,1,1.4207399,0.3188202381134033,0.675595223903656,0.14561648666858673
YER164W,YBR098W,1,1.419141,0.3191389739513397,0.6765872836112976,0.14561648666858673
YMR156C,YGL086W,0,1.4180851,0.31898972392082214,0.6765872836112976,0.1457165777683258
YAL017W,YNR009W,0,1.4179726,0.3188405930995941,0.6765872836112976,0.1458166539669037
YMR001C,YPL180W,0,1.4172266,0.31869158148765564,0.6765872836112976,0.14591673016548157
YLR090W,YJL184W,0,1.4169991,0.3185427486896515,0.6765872836112976,0.14601680636405945
YHR023W,YEL071W,0,1.416257,0.3183940351009369,0.6765872836112976,0.14611689746379852
YJL111W,YDR123C,0,1.4160454,0.31824544072151184,0.6765872836112976,0.1462169736623764
YCR042C,YLR034C,0,1.4150722,0.3180970251560211,0.6765872836112976,0.14631704986095428
YHL024W,YBR202W,1,1.4147724,0.31841492652893066,0.6775793433189392,0.14631704986095428
YOR080W,YMR231W,0,1.4142587,0.31826654076576233,0.6775793433189392,0.14641714096069336
YLR330W,YMR162C,0,1.4138787,0.31811830401420593,0.6775793433189392,0.14651721715927124
YOR059C,YDL225W,0,1.4132898,0.3179702162742615,0.6775793433189392,0.14661729335784912
YLR172C,YPR152C,0,1.4115613,0.31782224774360657,0.6775793433189392,0.146717369556427
YDR069C,YAL013W,1,1.4108255,0.31813952326774597,0.6785714030265808,0.146717369556427
YBL056W,YNL077W,0,1.4103138,0.3179916441440582,0.6785714030265808,0.14681746065616608
YMR234W,YLR154C,1,1.4100978,0.318308562040329,0.6795634627342224,0.14681746065616608
YLR085C,YDR365C,0,1.4097058,0.3181607127189636,0.6795634627342224,0.14691753685474396
YGL019W,YIL132C,0,1.4083427,0.3180130124092102,0.6795634627342224,0.14701761305332184
YPL254W,YBR142W,0,1.4078131,0.31786543130874634,0.6795634627342224,0.14711768925189972
YHL030W,YMR112C,0,1.4076141,0.3177179992198944,0.6795634627342224,0.1472177803516388
YER113C,YOR080W,0,1.4062707,0.31757068634033203,0.6795634627342224,0.14731785655021667
YHR148W,YDR499W,0,1.4046209,0.317423552274704,0.6795634627342224,0.14741793274879456
YER058W,YDR164C,0,1.4043773,0.3172765076160431,0.6795634627342224,0.14751800894737244
YPR179C,YJR078W,0,1.4042077,0.31712964177131653,0.6795634627342224,0.1476181000471115
YFR048W,YDR351W,0,1.4040833,0.31698286533355713,0.6795634627342224,0.1477181762456894
YAR003W,YNR054C,0,1.4025807,0.31683626770973206,0.6795634627342224,0.14781825244426727
YDR137W,YGR152C,0,1.4000964,0.31668978929519653,0.6795634627342224,0.14791832864284515
YKL101W,YGR194C,0,1.3999598,0.31654343008995056,0.6795634627342224,0.14801841974258423
YJL203W,YOL012C,0,1.3999546,0.31639721989631653,0.6795634627342224,0.1481184959411621
YJL084C,YDR296W,0,1.399799,0.31625115871429443,0.6795634627342224,0.14821857213974
YER170W,YLR268W,0,1.3994892,0.3161052167415619,0.6795634627342224,0.14831864833831787
YHL048W,YPR161C,0,1.3983786,0.3159594237804413,0.6795634627342224,0.14841873943805695
YGR271W,YMR146C,0,1.3981993,0.31581375002861023,0.6795634627342224,0.14851881563663483
YLR022C,YER040W,0,1.3978263,0.3156681954860687,0.6795634627342224,0.1486188918352127
YLR341W,YBR022W,0,1.3976647,0.31552278995513916,0.6795634627342224,0.1487189680337906
YCR028C-A,YBR057C,1,1.3973434,0.31583794951438904,0.6805555820465088,0.1487189680337906
YJL033W,YAL034W-A,0,1.3964624,0.31569260358810425,0.6805555820465088,0.14881905913352966
YPR108W,YOR386W,0,1.3963482,0.315547376871109,0.6805555820465088,0.14891913533210754
YBR059C,YLR078C,0,1.3952965,0.3154022991657257,0.6805555820465088,0.14901921153068542
YDL165W,YDR422C,0,1.395231,0.31525734066963196,0.6805555820465088,0.1491193026304245
YOL158C,YJL200C,0,1.3941197,0.31511253118515015,0.6805555820465088,0.14921937882900238
YPR079W,YKL154W,0,1.3940697,0.3149678707122803,0.6805555820465088,0.14931945502758026
YLR013W,YDR103W,0,1.3938035,0.31482329964637756,0.6805555820465088,0.14941953122615814
YGL233W,YGL170C,0,1.3936418,0.3146789073944092,0.6805555820465088,0.14951962232589722
YGL122C,YOR035C,0,1.3936152,0.31453460454940796,0.6805555820465088,0.1496196985244751
YEL013W,YGR120C,0,1.3928035,0.31439048051834106,0.6805555820465088,0.14971977472305298
YJL029C,YKR072C,0,1.3925254,0.31424644589424133,0.6805555820465088,0.14981985092163086
YIL097W,YML027W,0,1.3922145,0.31410256028175354,0.6805555820465088,0.14991994202136993
YBR050C,YPL172C,0,1.3920264,0.3139588236808777,0.6805555820465088,0.15002001821994781
YOR255W,YER179W,0,1.3919402,0.313815176486969,0.6805555820465088,0.1501200944185257
YLR201C,YPL076W,0,1.3913918,0.31367170810699463,0.6805555820465088,0.15022017061710358
YBR245C,YBL079W,0,1.390934,0.3135283291339874,0.6805555820465088,0.15032026171684265
YDL018C,YGL038C,0,1.3891559,0.31338509917259216,0.6805555820465088,0.15042033791542053
YOR168W,YBR188C,0,1.3882549,0.31324201822280884,0.6805555820465088,0.1505204141139984
YOR035C,YPL121C,0,1.3880541,0.3130990266799927,0.6805555820465088,0.1506204903125763
YJL085W,YLR013W,0,1.3877447,0.31295621395111084,0.6805555820465088,0.15072058141231537
YMR176W,YOL111C,0,1.3876822,0.31281349062919617,0.6805555820465088,0.15082065761089325
YFL036W,YJL047C,1,1.3874743,0.31312671303749084,0.6815476417541504,0.15082065761089325
YJR153W,YOR003W,0,1.3874114,0.31298404932022095,0.6815476417541504,0.15092073380947113
YDR163W,YCR033W,0,1.3869382,0.312841534614563,0.6815476417541504,0.151020810008049
YGR004W,YMR159C,0,1.3868822,0.3126991391181946,0.6815476417541504,0.15112090110778809
YIL150C,YNL261W,1,1.3858514,0.3130118250846863,0.682539701461792,0.15112090110778809
YNR012W,YLR310C,0,1.3853278,0.31286948919296265,0.682539701461792,0.15122097730636597
YOR329C,YEL037C,0,1.3852086,0.31272727251052856,0.682539701461792,0.15132105350494385
YBL066C,YDR420W,0,1.3842347,0.31258517503738403,0.682539701461792,0.15142112970352173
YPR068C,YKR027W,0,1.3834498,0.31244322657585144,0.682539701461792,0.1515212208032608
YPR161C,YJL127C-B,0,1.3826787,0.3123013973236084,0.682539701461792,0.15162129700183868
YPR029C,YHR006W,0,1.3825179,0.3121597170829773,0.682539701461792,0.15172137320041656
YER016W,YPL148C,0,1.382006,0.31201812624931335,0.682539701461792,0.15182146430015564
YAL013W,YDR452W,0,1.3818138,0.31187671422958374,0.682539701461792,0.15192154049873352
YBR122C,YNL093W,0,1.3804078,0.3117353916168213,0.682539701461792,0.1520216166973114
YBR123C,YHR029C,0,1.3802736,0.3115941882133484,0.682539701461792,0.15212169289588928
YGR040W,YBL090W,0,1.3794734,0.3114531338214874,0.682539701461792,0.15222178399562836
YLR002C,YNL290W,1,1.3790054,0.3117647171020508,0.6835317611694336,0.15222178399562836
YDL104C,YDR337W,0,1.378406,0.3116236925125122,0.6835317611694336,0.15232186019420624
YLR071C,YLR390W-A,0,1.3777153,0.31148281693458557,0.6835317611694336,0.15242193639278412
YDR375C,YHR168W,0,1.3776431,0.3113420605659485,0.6835317611694336,0.152522012591362
YGR157W,YPL259C,0,1.3763584,0.31120145320892334,0.6835317611694336,0.15262210369110107
YNL330C,YAL013W,1,1.3763428,0.31151241064071655,0.6845238208770752,0.15262210369110107
YDR308C,YPL228W,0,1.3753574,0.3113718330860138,0.6845238208770752,0.15272217988967896
YHR167W,YPL046C,0,1.3745942,0.311231404542923,0.6845238208770752,0.15282225608825684
YCL016C,YOR060C,1,1.3744453,0.31154191493988037,0.6855158805847168,0.15282225608825684
YFR004W,YLR368W,0,1.3744103,0.3114015460014343,0.6855158805847168,0.15292233228683472
YDL066W,YDR141C,0,1.3740237,0.31126126646995544,0.6855158805847168,0.1530224233865738
YBR037C,YPL167C,0,1.3740084,0.3111211061477661,0.6855158805847168,0.15312249958515167
YDR022C,YPL227C,0,1.3735662,0.3109810948371887,0.6855158805847168,0.15322257578372955
YDR028C,YDR331W,0,1.3730702,0.3108412027359009,0.6855158805847168,0.15332265198230743
YGR099W,YPR028W,0,1.3729122,0.3107014298439026,0.6855158805847168,0.1534227430820465
YOR119C,YBR167C,0,1.3719444,0.31056180596351624,0.6855158805847168,0.1535228192806244
YLR071C,YGL065C,0,1.3719333,0.31042227149009705,0.6855158805847168,0.15362289547920227
YGR255C,YDR227W,0,1.3699577,0.3102828860282898,0.6855158805847168,0.15372297167778015
YGR262C,YPL214C,0,1.3670121,0.3101436197757721,0.6855158805847168,0.15382306277751923
YLR131C,YFL011W,0,1.3661777,0.31000447273254395,0.6855158805847168,0.1539231389760971
YGL250W,YDR118W,0,1.365001,0.30986547470092773,0.6855158805847168,0.154023215174675
YNL151C,YLR068W,0,1.3646286,0.3097265660762787,0.6855158805847168,0.15412329137325287
YJL047C,YLR002C,1,1.3639933,0.3100358545780182,0.6865079402923584,0.15412329137325287
YJL099W,YCR047C,0,1.3636781,0.3098970055580139,0.6865079402923584,0.15422338247299194
YPL166W,YOL105C,0,1.3635137,0.3097582757472992,0.6865079402923584,0.15432345867156982
YJR043C,YDR054C,1,1.3634824,0.3100671172142029,0.6875,0.15432345867156982
YNL072W,YDR296W,1,1.362624,0.3103756606578827,0.6884920597076416,0.15432345867156982
YIL150C,YKR003W,0,1.3621237,0.31023693084716797,0.6884920597076416,0.1544235348701477
YNL245C,YGR156W,0,1.3612112,0.3100982904434204,0.6884920597076416,0.15452362596988678
YJR112W,YNR054C,0,1.3595543,0.3099597990512848,0.6884920597076416,0.15462370216846466
YEL062W,YNL149C,0,1.3594832,0.3098214268684387,0.6884920597076416,0.15472377836704254
YJR065C,YKL020C,0,1.3591607,0.3096831738948822,0.6884920597076416,0.15482385456562042
YBL021C,YJR033C,0,1.3590045,0.30954504013061523,0.6884920597076416,0.1549239456653595
YJR021C,YPR028W,0,1.3585019,0.3094070553779602,0.6884920597076416,0.15502402186393738
YOR127W,YKL138C,0,1.3583033,0.30926916003227234,0.6884920597076416,0.15512409806251526
YOR226C,YER075C,0,1.3579386,0.3091314136981964,0.6884920597076416,0.15522417426109314
YOL112W,YNL292W,0,1.3577332,0.30899375677108765,0.6884920597076416,0.15532426536083221
YDL126C,YPR056W,0,1.3577186,0.3088562488555908,0.6884920597076416,0.1554243415594101
YER016W,YDR247W,0,1.3576896,0.30871886014938354,0.6884920597076416,0.15552441775798798
YKR008W,YKL074C,0,1.3576796,0.3085815906524658,0.6884920597076416,0.15562449395656586
YMR236W,YGL207W,0,1.3568121,0.30844444036483765,0.6884920597076416,0.15572458505630493
YAL009W,YGR152C,0,1.3559225,0.308307409286499,0.6884920597076416,0.1558246612548828
YBR258C,YBR036C,0,1.3553698,0.30817052721977234,0.6884920597076416,0.1559247374534607
YGR109C,YGL078C,0,1.3535324,0.3080337345600128,0.6884920597076416,0.15602481365203857
YLR247C,YBR264C,0,1.3523879,0.30789706110954285,0.6884920597076416,0.15612490475177765
YKL101W,YDL191W,0,1.3516424,0.3077605366706848,0.6884920597076416,0.15622498095035553
YIL004C,YDR173C,0,1.3488961,0.30762410163879395,0.6884920597076416,0.1563250571489334
YDR155C,YGL175C,0,1.3484674,0.307487815618515,0.6884920597076416,0.1564251333475113
YDR409W,YNL068C,0,1.3466871,0.30735164880752563,0.6884920597076416,0.15652522444725037
YGR002C,YBR058C,0,1.3456126,0.3072155714035034,0.6884920597076416,0.15662530064582825
YGL141W,YDR139C,0,1.3453403,0.30707964301109314,0.6884920597076416,0.15672537684440613
YGL236C,YMR163C,0,1.3453252,0.3069438338279724,0.6884920597076416,0.156825453042984
YJR112W,YOL005C,0,1.3448892,0.30680814385414124,0.6884920597076416,0.15692554414272308
YDR329C,YNR011C,0,1.3445938,0.3066725730895996,0.6884920597076416,0.15702562034130096
YOR337W,YGR029W,0,1.3444958,0.30653709173202515,0.6884920597076416,0.15712569653987885
YBL082C,YAR003W,0,1.3441467,0.3064017593860626,0.6884920597076416,0.15722578763961792
YER164W,YBR160W,1,1.343687,0.30670785903930664,0.6894841194152832,0.15722578763961792
YJR043C,YDR226W,1,1.3427426,0.3070136606693268,0.6904761791229248,0.15722578763961792
YNL271C,YJL110C,0,1.3419795,0.30687829852104187,0.6904761791229248,0.1573258638381958
YNL068C,YGL257C,0,1.3418169,0.3067430555820465,0.6904761791229248,0.15742594003677368
YBR153W,YDR313C,0,1.3415813,0.3066079318523407,0.6904761791229248,0.15752601623535156
YOL051W,YPL112C,0,1.3415616,0.30647292733192444,0.6904761791229248,0.15762610733509064
YHR108W,YNR032C-A,0,1.3411243,0.30633804202079773,0.6904761791229248,0.15772618353366852
YJR006W,YJL168C,1,1.3409677,0.30664318799972534,0.6914682388305664,0.15772618353366852
YCR092C,YLR205C,0,1.3399955,0.3065083622932434,0.6914682388305664,0.1578262597322464
YFL002C,YJR119C,0,1.3389103,0.30637362599372864,0.6914682388305664,0.15792633593082428
YOR144C,YNR048W,0,1.3334445,0.3062390089035034,0.6914682388305664,0.15802642703056335
YKL022C,YLR135W,1,1.3334309,0.3065437078475952,0.692460298538208,0.15802642703056335
YPR179C,YML094W,0,1.3329101,0.3064091205596924,0.692460298538208,0.15812650322914124
YNL054W,YKL125W,0,1.3325435,0.3062746822834015,0.692460298538208,0.15822657942771912
YAL020C,YPR018W,0,1.3324232,0.30614036321640015,0.692460298538208,0.158326655626297
YPR122W,YGR240C,0,1.3313217,0.30600613355636597,0.692460298538208,0.15842674672603607
YDR202C,YDR130C,0,1.3310928,0.3058720529079437,0.692460298538208,0.15852682292461395
YOL051W,YML098W,0,1.3306575,0.30573806166648865,0.692460298538208,0.15862689912319183
YGR133W,YGL033W,0,1.3299396,0.3056041896343231,0.692460298538208,0.15872697532176971
YIR036C,YHR156C,0,1.3294542,0.30547046661376953,0.692460298538208,0.1588270664215088
YLR381W,YPL016W,1,1.3292513,0.3057742714881897,0.6934523582458496,0.1588270664215088
YNL074C,YMR193W,0,1.3290097,0.3056405782699585,0.6934523582458496,0.15892714262008667
YKL198C,YOR259C,0,1.3287919,0.30550700426101685,0.6934523582458496,0.15902721881866455
YDL074C,YPL230W,0,1.3287201,0.30537351965904236,0.6934523582458496,0.15912729501724243
YBL063W,YOR065W,0,1.3285968,0.3052401840686798,0.6934523582458496,0.1592273861169815
YNL232W,YMR153W,0,1.328332,0.3051069378852844,0.6934523582458496,0.1593274623155594
YDR259C,YMR172W,0,1.3282645,0.3049738109111786,0.6934523582458496,0.15942753851413727
YOL006C,YCL060C,1,1.3277521,0.30527693033218384,0.6944444179534912,0.15942753851413727
YCR106W,YDL080C,0,1.327724,0.3051438629627228,0.6944444179534912,0.15952761471271515
YDR540C,YDR139C,0,1.3245294,0.3050108850002289,0.6944444179534912,0.15962770581245422
YBL074C,YER069W,0,1.3243585,0.3048780560493469,0.6944444179534912,0.1597277820110321
YIL022W,YGR052W,0,1.3233176,0.30474531650543213,0.6944444179534912,0.15982785820960999
YOL051W,YBR289W,0,1.3226949,0.3046126961708069,0.6944444179534912,0.15992794930934906
YJR021C,YGR101W,0,1.3207825,0.3044801950454712,0.6944444179534912,0.16002802550792694
YMR069W,YOR326W,0,1.3204772,0.30434781312942505,0.6944444179534912,0.16012810170650482
YGR208W,YOR353C,0,1.3202932,0.30421555042266846,0.6944444179534912,0.1602281779050827
YJL140W,YLL018C,0,1.3188014,0.3040834069252014,0.6944444179534912,0.16032826900482178
YMR225C,YPR029C,0,1.3187863,0.3039513826370239,0.6944444179534912,0.16042834520339966
YOR327C,YHR118C,0,1.3187175,0.3038194477558136,0.6944444179534912,0.16052842140197754
YMR133W,YJR067C,0,1.3186392,0.3036876320838928,0.6944444179534912,0.16062849760055542
YDR458C,YIR018W,0,1.3179693,0.3035559356212616,0.6944444179534912,0.1607285887002945
YCL005W,YLR084C,0,1.3173223,0.3034243583679199,0.6944444179534912,0.16082866489887238
YNL271C,YMR220W,0,1.3169212,0.3032929003238678,0.6944444179534912,0.16092874109745026
YPR104C,YPL097W,0,1.3166691,0.30316153168678284,0.6944444179534912,0.16102881729602814
YML058W,YDR052C,1,1.3149604,0.3034631907939911,0.6954365372657776,0.16102881729602814
YMR012W,YBR255W,0,1.3144339,0.3033318817615509,0.6954365372657776,0.1611289083957672
YGR180C,YKL108W,1,1.3129835,0.3036332130432129,0.6964285969734192,0.1611289083957672
YNL016W,YGL228W,0,1.3127811,0.3035019338130951,0.6964285969734192,0.1612289845943451
YGL048C,YJR135C,0,1.3114758,0.30337077379226685,0.6964285969734192,0.16132906079292297
YGR255C,YNL032W,0,1.311146,0.30323973298072815,0.6964285969734192,0.16142913699150085
YMR156C,YNL003C,0,1.3104558,0.303108811378479,0.6964285969734192,0.16152922809123993
YBR278W,YLR209C,0,1.3098271,0.302977979183197,0.6964285969734192,0.1616293042898178
YIL018W,YPL112C,0,1.3096467,0.302847295999527,0.6964285969734192,0.1617293804883957
YDR267C,YJL047C,0,1.3092139,0.3027167022228241,0.6964285969734192,0.16182945668697357
YKR020W,YDL004W,0,1.3070111,0.3025861978530884,0.6964285969734192,0.16192954778671265
YIR025W,YER014W,0,1.3063283,0.3024558424949646,0.6964285969734192,0.16202962398529053
YGL197W,YGL044C,0,1.3057401,0.302325576543808,0.6964285969734192,0.1621297001838684
YER012W,YEL034W,0,1.3049246,0.3021954298019409,0.6964285969734192,0.1622297763824463
YNR057C,YHR050W,0,1.304536,0.3020654022693634,0.6964285969734192,0.16232986748218536
YGR179C,YER015W,0,1.3043792,0.30193549394607544,0.6964285969734192,0.16242994368076324
YBR173C,YLR068W,0,1.3041368,0.30180567502975464,0.6964285969734192,0.16253001987934113
YPR196W,YCR060W,0,1.3037615,0.3016759753227234,0.6964285969734192,0.1626301109790802
YDL126C,YDR489W,1,1.3037192,0.30197593569755554,0.6974206566810608,0.1626301109790802
YAL032C,YGR078C,0,1.3035977,0.30184629559516907,0.6974206566810608,0.16273018717765808
YDL075W,YOR048C,0,1.3031373,0.30171674489974976,0.6974206566810608,0.16283026337623596
YJR102C,YJL153C,0,1.3017576,0.30158731341362,0.6974206566810608,0.16293033957481384
YOL054W,YFR047C,0,1.3006794,0.3014579713344574,0.6974206566810608,0.16303043067455292
YDR054C,YJL168C,1,1.3003168,0.3017573952674866,0.6984127163887024,0.16303043067455292
YPR021C,YDR480W,0,1.3001792,0.30162811279296875,0.6984127163887024,0.1631305068731308
YLR103C,YPR082C,0,1.2993879,0.3014989197254181,0.6984127163887024,0.16323058307170868
YBL066C,YKL049C,0,1.2991012,0.30136987566947937,0.6984127163887024,0.16333065927028656
YGL201C,YJL177W,0,1.2989882,0.3012409210205078,0.6984127163887024,0.16343075037002563
YLR019W,YIL063C,0,1.2982924,0.3011120557785034,0.6984127163887024,0.16353082656860352
YMR061W,YPR122W,0,1.2982426,0.30098333954811096,0.6984127163887024,0.1636309027671814
YOL138C,YDR226W,0,1.2982277,0.30085471272468567,0.6984127163887024,0.16373097896575928
YML106W,YGR169C-A,0,1.2980936,0.30072617530822754,0.6984127163887024,0.16383107006549835
YMR306W,YHR172W,0,1.2952919,0.30059778690338135,0.6984127163887024,0.16393114626407623
YPL180W,YGL254W,0,1.2937859,0.3004694879055023,0.6984127163887024,0.1640312224626541
YMR153W,YMR115W,0,1.2935996,0.30034130811691284,0.6984127163887024,0.164131298661232
YDL106C,YOR265W,0,1.2935898,0.3002132177352905,0.6984127163887024,0.16423138976097107
YAR033W,YLR144C,0,1.2932742,0.30008524656295776,0.6984127163887024,0.16433146595954895
YGL168W,YGL113W,1,1.2932017,0.30038347840309143,0.699404776096344,0.16433146595954895
YLR274W,YJL072C,1,1.292672,0.3006814420223236,0.7003968358039856,0.16433146595954895
YGL254W,YLR204W,0,1.2923341,0.30055344104766846,0.7003968358039856,0.16443154215812683
YOR099W,YPL208W,0,1.2920196,0.30042552947998047,0.7003968358039856,0.1645316183567047
YDR013W,YBR118W,0,1.2917719,0.30029773712158203,0.7003968358039856,0.1646317094564438
YPR121W,YHL019C,0,1.291568,0.30017006397247314,0.7003968358039856,0.16473178565502167
YPL189W,YDL091C,0,1.2902068,0.3000425100326538,0.7003968358039856,0.16483186185359955
YDR446W,YLR079W,0,1.2893326,0.29991504549980164,0.7003968358039856,0.16493195295333862
YBL005W,YMR204C,0,1.2884278,0.299787700176239,0.7003968358039856,0.1650320291519165
YJL050W,YPL241C,0,1.2882366,0.29966044425964355,0.7003968358039856,0.16513210535049438
YKL090W,YPL206C,0,1.287805,0.29953330755233765,0.7003968358039856,0.16523218154907227
YMR162C,YDR448W,0,1.2878028,0.2994062900543213,0.7003968358039856,0.16533227264881134
YGR113W,YBR037C,0,1.2875645,0.2992793619632721,0.7003968358039856,0.16543234884738922
YDL232W,YHR166C,0,1.2873833,0.29915255308151245,0.7003968358039856,0.1655324250459671
YER055C,YPR031W,0,1.2867607,0.29902583360671997,0.7003968358039856,0.16563250124454498
YBL033C,YGR251W,0,1.2862302,0.29889923334121704,0.7003968358039856,0.16573259234428406
YJR147W,YPR104C,0,1.2845812,0.29877275228500366,0.7003968358039856,0.16583266854286194
YDR484W,YBR143C,0,1.2845764,0.29864636063575745,0.7003968358039856,0.16593274474143982
YBR291C,YDR081C,0,1.2836902,0.2985200881958008,0.7003968358039856,0.1660328209400177
YPL029W,YLR381W,1,1.2823513,0.2988165616989136,0.7013888955116272,0.1660328209400177
YDR147W,YBR166C,0,1.2820451,0.2986903190612793,0.7013888955116272,0.16613291203975677
YDL074C,YBR274W,1,1.2820145,0.2989864945411682,0.7023809552192688,0.16613291203975677
YGL002W,YDR320C-A,0,1.2798434,0.2988602817058563,0.7023809552192688,0.16623298823833466
YLR285W,YHL019C,0,1.2796687,0.298734188079834,0.7023809552192688,0.16633306443691254
YIR002C,YLR117C,1,1.2796459,0.2990299463272095,0.7033730149269104,0.16633306443691254
YNL310C,YDR422C,0,1.2791,0.2989038825035095,0.7033730149269104,0.16643314063549042
YGR082W,YNL307C,0,1.2790864,0.29877790808677673,0.7033730149269104,0.1665332317352295
YMR129W,YIL022W,0,1.2788253,0.2986520528793335,0.7033730149269104,0.16663330793380737
YLR307W,YNL093W,0,1.2785836,0.2985263168811798,0.7033730149269104,0.16673338413238525
YJL008C,YIL107C,0,1.2784648,0.2984006702899933,0.7033730149269104,0.16683346033096313
YGL013C,YCR020W-B,0,1.2783355,0.2982751429080963,0.7033730149269104,0.1669335514307022
YDR051C,YNL032W,0,1.2779565,0.2981497049331665,0.7033730149269104,0.1670336276292801
YJR160C,YIL144W,0,1.2769259,0.29802438616752625,0.7033730149269104,0.16713370382785797
YGL192W,YBR088C,1,1.2761089,0.29831933975219727,0.704365074634552,0.16713370382785797
YDR457W,YOR241W,0,1.2758315,0.2981940507888794,0.704365074634552,0.16723378002643585
YEL056W,YDR330W,0,1.2754605,0.2980688512325287,0.704365074634552,0.16733387112617493
YKL034W,YHR158C,0,1.2754261,0.29794377088546753,0.704365074634552,0.1674339473247528
YGR215W,YMR234W,0,1.2748556,0.29781877994537354,0.704365074634552,0.1675340235233307
YGR109C,YHR197W,1,1.2741235,0.2981131970882416,0.7053571343421936,0.1675340235233307
YDR121W,YLR430W,1,1.27388,0.2984073758125305,0.7063491940498352,0.1675340235233307
YDL024C,YDL098C,0,1.2736521,0.29828235507011414,0.7063491940498352,0.16763411462306976
YDR385W,YML010W,0,1.2722068,0.2981574535369873,0.7063491940498352,0.16773419082164764
YNL182C,YER070W,1,1.2720474,0.2984512448310852,0.7073412537574768,0.16773419082164764
YJR046W,YOL127W,0,1.2719584,0.29832637310028076,0.7073412537574768,0.16783426702022552
YJL141C,YGL087C,0,1.2716527,0.2982015907764435,0.7073412537574768,0.1679343432188034
YER050C,YML095C,0,1.270563,0.29807692766189575,0.7073412537574768,0.16803443431854248
YPL129W,YPL003W,0,1.270313,0.2979523539543152,0.7073412537574768,0.16813451051712036
YJR013W,YDR173C,0,1.2698756,0.29782789945602417,0.7073412537574768,0.16823458671569824
YIR002C,YFL046W,0,1.2686651,0.2977035343647003,0.7073412537574768,0.16833466291427612
YDL126C,YBR136W,1,1.2683794,0.2979966700077057,0.7083333134651184,0.16833466291427612
YIR002C,YDL060W,0,1.2679124,0.2978723347187042,0.7083333134651184,0.1684347540140152
YIL044C,YNL161W,0,1.2672653,0.2977481186389923,0.7083333134651184,0.16853483021259308
YGL005C,YDR117C,0,1.266015,0.29762402176856995,0.7083333134651184,0.16863490641117096
YJR112W,YKL018W,0,1.2655151,0.29750001430511475,0.7083333134651184,0.16873498260974884
YAL015C,YDR303C,1,1.2645941,0.29779258370399475,0.70932537317276,0.16873498260974884
YKR084C,YGR152C,0,1.2645051,0.29766860604286194,0.70932537317276,0.16883507370948792
YGR171C,YLR337C,0,1.2642877,0.2975447475910187,0.70932537317276,0.1689351499080658
YDL101C,YLR154C,1,1.2631398,0.29783692955970764,0.7103174328804016,0.1689351499080658
YOR194C,YGR152C,0,1.2623901,0.29771310091018677,0.7103174328804016,0.16903522610664368
YKL149C,YDR138W,0,1.2615681,0.29758936166763306,0.7103174328804016,0.16913530230522156
YGL210W,YNL318C,0,1.2610815,0.2974657118320465,0.7103174328804016,0.16923539340496063
YGR282C,YPL189C-A,0,1.2609761,0.2973421812057495,0.7103174328804016,0.1693354696035385
YHL030W,YFL056C,0,1.2608646,0.29721876978874207,0.7103174328804016,0.1694355458021164
YPL032C,YDR174W,0,1.2602289,0.2970954477787018,0.7103174328804016,0.16953562200069427
YGR005C,YMR038C,0,1.2590573,0.29697221517562866,0.7103174328804016,0.16963571310043335
YDR473C,YDR273W,0,1.2585123,0.2968491017818451,0.7103174328804016,0.16973578929901123
YDR137W,YKR072C,0,1.2562039,0.2967260777950287,0.7103174328804016,0.1698358654975891
YPR119W,YPL269W,0,1.2551718,0.29660314321517944,0.7103174328804016,0.169935941696167
YEL072W,YKL055C,0,1.2540332,0.29648032784461975,0.7103174328804016,0.17003603279590607
YIL105C,YBR272C,0,1.2536913,0.2963576018810272,0.7103174328804016,0.17013610899448395
YGR275W,YML124C,0,1.2534952,0.29623499512672424,0.7103174328804016,0.17023618519306183
YDR429C,YHR098C,0,1.253286,0.2961124777793884,0.7103174328804016,0.1703362762928009
YHL024W,YOR144C,1,1.2525492,0.2964034676551819,0.711309552192688,0.1703362762928009
YNL166C,YJR014W,0,1.2499696,0.29628098011016846,0.711309552192688,0.17043635249137878
YDL010W,YJR002W,0,1.2495918,0.2961586117744446,0.711309552192688,0.17053642868995667
YLR399C,YLR427W,0,1.2491641,0.29603633284568787,0.711309552192688,0.17063650488853455
YGL113W,YDR217C,1,1.248378,0.2963268756866455,0.7123016119003296,0.17063650488853455
YBR110W,YPL175W,0,1.2481062,0.2962046265602112,0.7123016119003296,0.17073659598827362
YLR007W,YOR208W,0,1.2480669,0.296082466840744,0.7123016119003296,0.1708366721868515
YNL232W,YIL073C,0,1.2477177,0.2959604263305664,0.7123016119003296,0.17093674838542938
YKR102W,YER083C,0,1.2477008,0.29583847522735596,0.7123016119003296,0.17103682458400726
YOR048C,YGL091C,0,1.247102,0.29571664333343506,0.7123016119003296,0.17113691568374634
YHR124W,YOR075W,0,1.2466336,0.2955949008464813,0.7123016119003296,0.17123699188232422
YDR217C,YDR054C,1,1.24594,0.29588478803634644,0.7132936716079712,0.17123699188232422
YPL266W,YOR048C,0,1.2458273,0.2957630753517151,0.7132936716079712,0.1713370680809021
YKR035W-A,YKL087C,0,1.2449379,0.2956414520740509,0.7132936716079712,0.17143714427947998
YDL018C,YHL019C,0,1.2447658,0.29551994800567627,0.7132936716079712,0.17153723537921906
YJR040W,YGR295C,0,1.2435839,0.2953985333442688,0.7132936716079712,0.17163731157779694
YNL330C,YKL112W,1,1.2427106,0.29568788409233093,0.7142857313156128,0.17163731157779694
YJL003W,YNL298W,0,1.2417295,0.29556649923324585,0.7142857313156128,0.17173738777637482
YDR022C,YOR267C,0,1.2410926,0.2954452335834503,0.7142857313156128,0.1718374639749527
YDR303C,YJL059W,0,1.2402374,0.29532402753829956,0.7142857313156128,0.17193755507469177
YLR451W,YNL093W,0,1.240158,0.29520294070243835,0.7142857313156128,0.17203763127326965
YKL208W,YIL112W,0,1.2394959,0.2950819730758667,0.7142857313156128,0.17213770747184753
YBR228W,YDR217C,1,1.239089,0.29537075757980347,0.7152777910232544,0.17213770747184753
YER116C,YAL056W,0,1.2371937,0.2952497899532318,0.7152777910232544,0.17223778367042542
YHR040W,YMR273C,0,1.2368704,0.2951289415359497,0.7152777910232544,0.1723378747701645
YBR081C,YKL117W,0,1.2367655,0.29500818252563477,0.7152777910232544,0.17243795096874237
YMR048W,YDR226W,1,1.2352816,0.2952965199947357,0.716269850730896,0.17243795096874237
YFR013W,YER057C,0,1.2348121,0.29517579078674316,0.716269850730896,0.17253802716732025
YLR013W,YKR022C,0,1.2333584,0.29505518078804016,0.716269850730896,0.17263810336589813
YPL038W,YDL216C,0,1.2332563,0.29493463039398193,0.716269850730896,0.1727381944656372
YJR086W,YPR089W,0,1.2324966,0.29481419920921326,0.716269850730896,0.1728382706642151
YHR191C,YPL016W,1,1.2316656,0.2951020300388336,0.7172619104385376,0.1728382706642151
YDL013W,YGL002W,0,1.2312284,0.29498162865638733,0.7172619104385376,0.17293834686279297
YBL056W,YGL003C,0,1.2308514,0.2948613464832306,0.7172619104385376,0.17303843796253204
YGR223C,YPR178W,0,1.2303562,0.29474112391471863,0.7172619104385376,0.17313851416110992
YDL099W,YDR103W,0,1.23013,0.2946210205554962,0.7172619104385376,0.1732385903596878
YGR274C,YAL067C,0,1.2300148,0.29450100660324097,0.7172619104385376,0.17333866655826569
YPL250C,YDL056W,0,1.2297728,0.29438111186027527,0.7172619104385376,0.17343875765800476
YNL156C,YPR152C,0,1.2297604,0.29426130652427673,0.7172619104385376,0.17353883385658264
YHR189W,YGL084C,0,1.2292006,0.29414159059524536,0.7172619104385376,0.17363891005516052
YBR153W,YGR253C,0,1.229157,0.29402196407318115,0.7172619104385376,0.1737389862537384
YOR057W,YOL072W,0,1.2286506,0.2939024269580841,0.7172619104385376,0.17383907735347748
YPL101W,YBR173C,0,1.228636,0.2937830090522766,0.7172619104385376,0.17393915355205536
YKL057C,YPR199C,0,1.2278094,0.2936636805534363,0.7172619104385376,0.17403922975063324
YNL321W,YBR160W,0,1.2267723,0.2935444712638855,0.7172619104385376,0.17413930594921112
YPL249C-A,YDR295C,0,1.2267082,0.2934253215789795,0.7172619104385376,0.1742393970489502
YLR425W,YLR096W,0,1.2261963,0.29330629110336304,0.7172619104385376,0.17433947324752808
YBR057C,YGR187C,0,1.2261753,0.29318735003471375,0.7172619104385376,0.17443954944610596
YIL157C,YHR177W,0,1.2255759,0.2930684983730316,0.7172619104385376,0.17453962564468384
YLR307W,YPL119C,0,1.2254956,0.29294976592063904,0.7172619104385376,0.1746397167444229
YER008C,YCR020W-B,0,1.2250628,0.29283109307289124,0.7172619104385376,0.1747397929430008
YML058W,YLR103C,1,1.2246295,0.2931174039840698,0.7182539701461792,0.1747397929430008
YPR185W,YBR233W-A,0,1.2243807,0.2929987907409668,0.7182539701461792,0.17483986914157867
YCR092C,YMR012W,0,1.2236762,0.29288026690483093,0.7182539701461792,0.17493994534015656
YDR163W,YGL095C,0,1.2230868,0.29276183247566223,0.7182539701461792,0.17504003643989563
YMR261C,YGR247W,0,1.2230779,0.2926434874534607,0.7182539701461792,0.1751401126384735
YGL060W,YKL172W,0,1.2229893,0.2925252616405487,0.7182539701461792,0.1752401888370514
YER008C,YGR040W,0,1.2227662,0.2924070954322815,0.7182539701461792,0.17534026503562927
YNL152W,YER008C,0,1.2223463,0.29228904843330383,0.7182539701461792,0.17544035613536835
YDL110C,YPL253C,0,1.2221674,0.29217109084129333,0.7182539701461792,0.17554043233394623
YOR301W,YKL042W,0,1.2216728,0.2920532524585724,0.7182539701461792,0.1756405085325241
YKR068C,YGR170W,0,1.219489,0.2919354736804962,0.7182539701461792,0.17574059963226318
YML031W,YER132C,0,1.2193519,0.2918178141117096,0.7182539701461792,0.17584067583084106
YJL084C,YOR023C,0,1.218591,0.29170024394989014,0.7182539701461792,0.17594075202941895
YJL019W,YLR421C,0,1.218154,0.29158276319503784,0.7182539701461792,0.17604082822799683
YGL192W,YNL290W,1,1.2178214,0.2918679416179657,0.7192460298538208,0.17604082822799683
YGL001C,YKL125W,0,1.2172914,0.2917504906654358,0.7192460298538208,0.1761409193277359
YPL172C,YJR022W,0,1.2171577,0.29163315892219543,0.7192460298538208,0.17624099552631378
YLR107W,YGL153W,0,1.2162873,0.29151588678359985,0.7192460298538208,0.17634107172489166
YMR029C,YIL010W,0,1.216179,0.29139870405197144,0.7192460298538208,0.17644114792346954
YAL042W,YDL225W,0,1.2154698,0.29128164052963257,0.7192460298538208,0.17654123902320862
YLR397C,YLR386W,0,1.2142467,0.29116466641426086,0.7192460298538208,0.1766413152217865
YML103C,YKL130C,0,1.214216,0.2910477817058563,0.7192460298538208,0.17674139142036438
YCR086W,YGL126W,0,1.2134831,0.29093098640441895,0.7192460298538208,0.17684146761894226
YPL249C-A,YKL045W,0,1.213359,0.29081428050994873,0.7192460298538208,0.17694155871868134
YGL116W,YDR225W,0,1.212876,0.2906976640224457,0.7192460298538208,0.17704163491725922
YJL145W,YLR078C,0,1.2121532,0.2905811667442322,0.7192460298538208,0.1771417111158371
YDR252W,YOL068C,0,1.2117717,0.29046472907066345,0.7192460298538208,0.17724178731441498
YNL121C,YJL005W,0,1.2106463,0.2903484106063843,0.7192460298538208,0.17734187841415405
YMR065W,YDL160C,0,1.2093223,0.29023218154907227,0.7192460298538208,0.17744195461273193
YGL060W,YDR148C,0,1.2088671,0.2901160418987274,0.7192460298538208,0.17754203081130981
YGL237C,YDL220C,0,1.2087171,0.28999999165534973,0.7192460298538208,0.1776421070098877
YGR056W,YCR057C,0,1.2085243,0.2898840606212616,0.7192460298538208,0.17774219810962677
YBR186W,YDR152W,0,1.2082429,0.28976818919181824,0.7192460298538208,0.17784227430820465
YIL130W,YDR001C,0,1.2080529,0.28965240716934204,0.7192460298538208,0.17794235050678253
YMR171C,YPL063W,0,1.2080117,0.2895367443561554,0.7192460298538208,0.1780424267053604
YPL246C,YGL092W,0,1.207546,0.2894211709499359,0.7192460298538208,0.1781425178050995
YBR057C,YML004C,0,1.2072828,0.2893056571483612,0.7192460298538208,0.17824259400367737
YGR002C,YNL107W,0,1.206863,0.28919026255607605,0.7192460298538208,0.17834267020225525
YLR021W,YPL149W,0,1.2058415,0.28907495737075806,0.7192460298538208,0.17844276130199432
YNL110C,YKL057C,0,1.204822,0.2889597415924072,0.7192460298538208,0.1785428375005722
YOR327C,YGR120C,0,1.2047483,0.28884461522102356,0.7192460298538208,0.17864291369915009
YER058W,YGR218W,0,1.204401,0.28872957825660706,0.7192460298538208,0.17874298989772797
YNR065C,YDR407C,0,1.2041211,0.2886146605014801,0.7192460298538208,0.17884308099746704
YER133W,YDR279W,1,1.2040627,0.28889772295951843,0.7202380895614624,0.17884308099746704
YNL310C,YNL133C,0,1.2035048,0.2887828052043915,0.7202380895614624,0.17894315719604492
YER133W,YJR042W,0,1.2029114,0.2886680066585541,0.7202380895614624,0.1790432333946228
YHL024W,YDR489W,1,1.2025449,0.28895071148872375,0.721230149269104,0.1790432333946228
YPL022W,YOL132W,0,1.2022219,0.28883591294288635,0.721230149269104,0.17914330959320068
YCL060C,YGL061C,0,1.2022141,0.2887212038040161,0.721230149269104,0.17924340069293976
YCR094W,YOR329C,0,1.2015786,0.28860658407211304,0.721230149269104,0.17934347689151764
YJR112W,YJR143C,0,1.2005439,0.2884920537471771,0.721230149269104,0.17944355309009552
YJL187C,YAL005C,0,1.2001166,0.28837764263153076,0.721230149269104,0.1795436292886734
YDR174W,YDR289C,0,1.1998124,0.2882632911205292,0.721230149269104,0.17964372038841248
YPR037C,YMR264W,0,1.199781,0.28814902901649475,0.721230149269104,0.17974379658699036
YDR326C,YGR200C,0,1.1987242,0.2880348563194275,0.721230149269104,0.17984387278556824
YML009C,YDR323C,0,1.1986265,0.2879208028316498,0.721230149269104,0.17994394898414612
YKL074C,YFR014C,0,1.1980312,0.28780680894851685,0.721230149269104,0.1800440400838852
YOR148C,YIR018W,0,1.1973238,0.2876929044723511,0.721230149269104,0.18014411628246307
YFL018C,YJR144W,0,1.1972065,0.28757911920547485,0.721230149269104,0.18024419248104095
YPL029W,YBR055C,0,1.1967561,0.2874653935432434,0.721230149269104,0.18034426867961884
YGR171C,YHR079C,0,1.195048,0.2873517870903015,0.721230149269104,0.1804443597793579
YBR058C,YHR004C,0,1.1944039,0.2872382402420044,0.721230149269104,0.1805444359779358
YMR014W,YDL008W,0,1.1930053,0.2871248126029968,0.721230149269104,0.18064451217651367
YER133W,YGL113W,1,1.1923037,0.28740623593330383,0.7222222089767456,0.18064451217651367
YIL066C,YGL251C,1,1.1921195,0.2876874506473541,0.7232142686843872,0.18064451217651367
YJR140C,YLR355C,0,1.1919357,0.2875739634037018,0.7232142686843872,0.18074458837509155
YKL002W,YKR063C,0,1.1919184,0.2874605655670166,0.7232142686843872,0.18084467947483063
YBR251W,YER159C,0,1.1908691,0.2873472571372986,0.7232142686843872,0.1809447556734085
YBR111W-A,YLR355C,0,1.1903899,0.28723403811454773,0.7232142686843872,0.1810448318719864
YFL009W,YDR320C-A,0,1.1902428,0.28712090849876404,0.7232142686843872,0.18114492297172546
YGR003W,YMR115W,0,1.1896771,0.2870078682899475,0.7232142686843872,0.18124499917030334
YML097C,YIL090W,0,1.1887136,0.28689491748809814,0.7232142686843872,0.18134507536888123
YPL016W,YDR069C,1,1.1871692,0.2871754467487335,0.7242063283920288,0.18134507536888123
YGL245W,YDR310C,0,1.1871147,0.28706252574920654,0.7242063283920288,0.1814451515674591
YJL168C,YNL261W,1,1.1868988,0.28734275698661804,0.7251983880996704,0.1814451515674591
YOR236W,YNR054C,0,1.1859968,0.28722986578941345,0.7251983880996704,0.18154524266719818
YAL021C,YDR069C,1,1.184238,0.28750982880592346,0.726190447807312,0.18154524266719818
YML124C,YJR014W,0,1.1835921,0.28739693760871887,0.726190447807312,0.18164531886577606
YDR310C,YNL261W,1,1.1829982,0.287676602602005,0.7271825671195984,0.18164531886577606
YDR486C,YMR287C,0,1.1816235,0.2875637412071228,0.7271825671195984,0.18174539506435394
YHR019C,YML098W,0,1.1810594,0.28745096921920776,0.7271825671195984,0.18184547126293182
YNL290W,YDR069C,1,1.1801598,0.28773030638694763,0.72817462682724,0.18184547126293182
YBR210W,YNL218W,0,1.1797224,0.287617564201355,0.72817462682724,0.1819455623626709
YBL084C,YHR027C,0,1.1780593,0.2875048816204071,0.72817462682724,0.18204563856124878
YAL007C,YDR362C,0,1.177926,0.2873923182487488,0.72817462682724,0.18214571475982666
YML046W,YPL112C,0,1.1778276,0.2872798442840576,0.72817462682724,0.18224579095840454
YNL183C,YBR231C,0,1.177165,0.2871674597263336,0.72817462682724,0.18234588205814362
YDR245W,YGL065C,0,1.1770073,0.2870551347732544,0.72817462682724,0.1824459582567215
YNL182C,YAL015C,1,1.175823,0.2873338460922241,0.7291666865348816,0.1824459582567215
YGL031C,YLR341W,0,1.1745241,0.2872215807437897,0.7291666865348816,0.18254603445529938
YDR137W,YDR141C,0,1.1743011,0.287109375,0.7291666865348816,0.18264611065387726
YDR217C,YLR341W,0,1.1742547,0.2869972586631775,0.7291666865348816,0.18274620175361633
YPR105C,YML101C,0,1.1741636,0.28688523173332214,0.7291666865348816,0.1828462779521942
YNR020C,YJL074C,0,1.1741465,0.28677332401275635,0.7291666865348816,0.1829463541507721
YNL309W,YMR193W,0,1.1726241,0.2866614758968353,0.7291666865348816,0.18304643034934998
YOR150W,YBL085W,0,1.1724043,0.28654971718788147,0.7291666865348816,0.18314652144908905
YLR213C,YOL072W,0,1.1713383,0.2864380478858948,0.7291666865348816,0.18324659764766693
YGL151W,YIL122W,0,1.1710347,0.28632643818855286,0.7291666865348816,0.1833466738462448
YDL209C,YLR266C,0,1.170943,0.2862149477005005,0.7291666865348816,0.1834467500448227
YCL033C,YER059W,0,1.1708894,0.2861035466194153,0.7291666865348816,0.18354684114456177
YPL226W,YKL101W,0,1.1707547,0.28599220514297485,0.7291666865348816,0.18364691734313965
YER116C,YOR154W,0,1.1699882,0.285880982875824,0.7291666865348816,0.18374699354171753
YBR182C,YPR056W,0,1.1691878,0.28576982021331787,0.7291666865348816,0.1838470846414566
YNL201C,YDR277C,0,1.1686764,0.2856587767601013,0.7291666865348816,0.18394716084003448
YDL010W,YBR279W,0,1.1682264,0.28554779291152954,0.7291666865348816,0.18404723703861237
YLR002C,YML013W,0,1.1681509,0.2854368984699249,0.7291666865348816,0.18414731323719025
YMR212C,YOR242C,0,1.1675285,0.2853260934352875,0.7291666865348816,0.18424740433692932
YCL016C,YHL048W,0,1.1670191,0.2852153778076172,0.7291666865348816,0.1843474805355072
YBR212W,YHR169W,0,1.1668704,0.2851047217845917,0.7291666865348816,0.18444755673408508
YLR399C,YGR092W,0,1.1664858,0.2849941849708557,0.7291666865348816,0.18454763293266296
YOR080W,YJL056C,0,1.1645052,0.2848837077617645,0.7291666865348816,0.18464772403240204
YPL047W,YGL098W,0,1.1644402,0.2847733497619629,0.7291666865348816,0.18474780023097992
YER059W,YKL126W,0,1.1640934,0.28466305136680603,0.7291666865348816,0.1848478764295578
YDR347W,YOR181W,0,1.1622494,0.28455284237861633,0.7291666865348816,0.18494795262813568
YJL168C,YPR023C,1,1.1615773,0.2848297357559204,0.7301587462425232,0.18494795262813568
YBR073W,YFL048C,0,1.1613538,0.2847195267677307,0.7301587462425232,0.18504804372787476
YGL122C,YPL001W,0,1.1593541,0.28460943698883057,0.7301587462425232,0.18514811992645264
YBL023C,YJR046W,1,1.1585332,0.284885972738266,0.7311508059501648,0.18514811992645264
YER101C,YBL104C,0,1.1560415,0.28477588295936584,0.7311508059501648,0.18524819612503052
YDR146C,YDR512C,0,1.1559387,0.28466588258743286,0.7311508059501648,0.1853482723236084
YMR190C,YEL038W,0,1.1558197,0.28455597162246704,0.7311508059501648,0.18544836342334747
YBR173C,YNL197C,0,1.1550748,0.2844461500644684,0.7311508059501648,0.18554843962192535
YBR059C,YAR008W,0,1.1548349,0.2843364179134369,0.7311508059501648,0.18564851582050323
YHR111W,YFR026C,0,1.1542336,0.28422677516937256,0.7311508059501648,0.18574859201908112
YDL159W,YPL123C,0,1.1501203,0.284117192029953,0.7311508059501648,0.1858486831188202
YGL207W,YER070W,1,1.1498806,0.2843930721282959,0.7321428656578064,0.1858486831188202
YCR097WB,YGL026C,0,1.1494818,0.28428351879119873,0.7321428656578064,0.18594875931739807
YNL182C,YGR170W,0,1.1493676,0.2841740548610687,0.7321428656578064,0.18604883551597595
YGL216W,YFL039C,0,1.1487389,0.2840646505355835,0.7321428656578064,0.18614891171455383
YJL197W,YGR217W,0,1.1483068,0.2839553654193878,0.7321428656578064,0.1862490028142929
YGR141W,YJR043C,0,1.1481693,0.2838461399078369,0.7321428656578064,0.1863490790128708
YDL079C,YGR270W,0,1.1468278,0.28373703360557556,0.7321428656578064,0.18644915521144867
YNL102W,YBR202W,1,1.1463923,0.2840122878551483,0.733134925365448,0.18644915521144867
YMR063W,YNL103W,0,1.1454387,0.28390318155288696,0.733134925365448,0.18654924631118774
YDR217C,YLR295C,0,1.1453595,0.2837941646575928,0.733134925365448,0.18664932250976562
YNL281W,YDR081C,0,1.1444308,0.28368520736694336,0.733134925365448,0.1867493987083435
YER109C,YKL010C,0,1.1440015,0.2835763692855835,0.733134925365448,0.1868494749069214
YKL006C-A,YGR199W,0,1.1435199,0.2834675908088684,0.733134925365448,0.18694956600666046
YGL216W,YOL125W,0,1.1425021,0.2833589017391205,0.733134925365448,0.18704964220523834
YOR293W,YDR386W,0,1.141621,0.2832503020763397,0.733134925365448,0.18714971840381622
YMR200W,YNL097C,0,1.1407635,0.28314176201820374,0.733134925365448,0.1872497946023941
YLR135W,YER164W,1,1.1401703,0.2834163010120392,0.7341269850730896,0.1872497946023941
YOR312C,YLR341W,0,1.1398481,0.283307820558548,0.7341269850730896,0.18734988570213318
YIR008C,YGL206C,0,1.1398396,0.28319939970970154,0.7341269850730896,0.18744996190071106
YDR264C,YHR017W,0,1.1397034,0.2830910384654999,0.7341269850730896,0.18755003809928894
YNL312W,YMR204C,0,1.1391122,0.28298279643058777,0.7341269850730896,0.18765011429786682
YDR308C,YBR217W,0,1.1390182,0.28287461400032043,0.7341269850730896,0.1877502053976059
YPL122C,YGR037C,0,1.1388677,0.28276652097702026,0.7341269850730896,0.18785028159618378
YKR084C,YMR230W,0,1.1384561,0.28265851736068726,0.7341269850730896,0.18795035779476166
YBL017C,YPL176C,0,1.1377307,0.2825506031513214,0.7341269850730896,0.18805043399333954
YNL312W,YBR100W,1,1.1365236,0.28282442688941956,0.7351190447807312,0.18805043399333954
YDR226W,YGR109C,1,1.1354517,0.283098042011261,0.7361111044883728,0.18805043399333954
YIR015W,YOR126C,0,1.1348544,0.28299009799957275,0.7361111044883728,0.1881505250930786
YAL034C,YIL131C,0,1.1342194,0.2828821837902069,0.7361111044883728,0.1882506012916565
YJL029C,YGR156W,0,1.1342131,0.2827743887901306,0.7361111044883728,0.18835067749023438
YPL129W,YOR336W,0,1.1337423,0.2826666533946991,0.7361111044883728,0.18845075368881226
YMR215W,YGR275W,0,1.1333549,0.28255903720855713,0.7361111044883728,0.18855084478855133
YLR399C,YJL029C,0,1.1325223,0.28245145082473755,0.7361111044883728,0.1886509209871292
YJL173C,YOR163W,0,1.1322631,0.2823439836502075,0.7361111044883728,0.1887509971857071
YBR274W,YNL068C,1,1.1322136,0.2826169729232788,0.7371031641960144,0.1887509971857071
YDR189W,YML067C,0,1.1321998,0.2825095057487488,0.7371031641960144,0.18885108828544617
YKL120W,YGR134W,0,1.1321638,0.2824021279811859,0.7371031641960144,0.18895116448402405
YNL102W,YNL261W,1,1.1319621,0.28267475962638855,0.738095223903656,0.18895116448402405
YHR199C-A,YMR193W,0,1.1309817,0.28256741166114807,0.738095223903656,0.18905124068260193
YBL080C,YDR320C-A,0,1.1309006,0.28246012330055237,0.738095223903656,0.1891513168811798
YMR048W,YGL168W,1,1.1301446,0.28273245692253113,0.7390872836112976,0.1891513168811798
YDR226W,YOR330C,1,1.1296713,0.2830045521259308,0.7400793433189392,0.1891513168811798
YNL044W,YCR086W,0,1.1284915,0.2828972339630127,0.7400793433189392,0.18925140798091888
YGR156W,YKL126W,0,1.1283219,0.28279000520706177,0.7400793433189392,0.18935148417949677
YMR014W,YMR030W,0,1.128227,0.2826828360557556,0.7400793433189392,0.18945156037807465
YPR135W,YJL026W,1,1.1281843,0.28295454382896423,0.7410714030265808,0.18945156037807465
YDR489W,YOR060C,1,1.1275744,0.28322604298591614,0.7420634627342224,0.18945156037807465
YER095W,YIL085C,0,1.1273395,0.2831188440322876,0.7420634627342224,0.18955163657665253
YKL139W,YGL017W,0,1.1258799,0.2830117344856262,0.7420634627342224,0.1896517276763916
YMR109W,YIR028W,0,1.125752,0.2829046845436096,0.7420634627342224,0.18975180387496948
YLL015W,YKL139W,0,1.1246309,0.2827977240085602,0.7420634627342224,0.18985188007354736
YER070W,YLR154C,1,1.1241089,0.28306877613067627,0.7430555820465088,0.18985188007354736
YPR108W,YOR030W,0,1.1236527,0.2829618453979492,0.7430555820465088,0.18995195627212524
YHR164C,YNL098C,0,1.1226127,0.28285497426986694,0.7430555820465088,0.19005204737186432
YDL148C,YPL112C,0,1.1223702,0.28274819254875183,0.7430555820465088,0.1901521235704422
YMR242C,YDR016C,0,1.1222647,0.2826415002346039,0.7430555820465088,0.19025219976902008
YNL192W,YBL089W,0,1.1213827,0.2825348973274231,0.7430555820465088,0.19035227596759796
YJL208C,YDR225W,0,1.1211504,0.2824283540248871,0.7430555820465088,0.19045236706733704
YCR055C,YPR183W,0,1.1203668,0.28232190012931824,0.7430555820465088,0.19055244326591492
YKL059C,YLR380W,0,1.1202625,0.28221553564071655,0.7430555820465088,0.1906525194644928
YLR309C,YLR139C,0,1.1174389,0.28210923075675964,0.7430555820465088,0.19075259566307068
YGR134W,YNR048W,0,1.116455,0.2820030152797699,0.7430555820465088,0.19085268676280975
YKL221W,YBR240C,0,1.1162533,0.2818968892097473,0.7430555820465088,0.19095276296138763
YDL101C,YGL192W,1,1.1157253,0.2821670472621918,0.7440476417541504,0.19095276296138763
YCR030C,YIL095W,0,1.1153164,0.2820609211921692,0.7440476417541504,0.19105283915996552
YOR039W,YOR256C,0,1.1150091,0.28195488452911377,0.7440476417541504,0.1911529153585434
YHR178W,YML010W,0,1.114672,0.2818489372730255,0.7440476417541504,0.19125300645828247
YLR353W,YMR042W,0,1.1145834,0.28174304962158203,0.7440476417541504,0.19135308265686035
YKR050W,YER040W,0,1.1142033,0.2816372513771057,0.7440476417541504,0.19145315885543823
YKL198C,YFR003C,0,1.1139832,0.28153154253959656,0.7440476417541504,0.1915532499551773
YPL147W,YMR117C,0,1.1134086,0.2814258933067322,0.7440476417541504,0.1916533261537552
YCL032W,YMR266W,0,1.1134009,0.28132033348083496,0.7440476417541504,0.19175340235233307
YDL105W,YGR142W,0,1.1127433,0.2812148332595825,0.7440476417541504,0.19185347855091095
YPL029W,YDR226W,1,1.1123465,0.2814842462539673,0.745039701461792,0.19185347855091095
YKL130C,YLR357W,0,1.1122819,0.2813788056373596,0.745039701461792,0.19195356965065002
YML114C,YGL195W,0,1.1116515,0.28127339482307434,0.745039701461792,0.1920536458492279
YPL132W,YGR186W,0,1.1111208,0.2811681032180786,0.745039701461792,0.1921537220478058
YDR358W,YMR163C,0,1.1106982,0.28106287121772766,0.745039701461792,0.19225379824638367
YBR136W,YAL021C,1,1.1105129,0.2813318371772766,0.7460317611694336,0.19225379824638367
YFL022C,YDL098C,0,1.1098707,0.28122663497924805,0.7460317611694336,0.19235388934612274
YLR442C,YER070W,1,1.1093884,0.2814953327178955,0.7470238208770752,0.19235388934612274
YPR058W,YDR524C,0,1.109089,0.28139013051986694,0.7470238208770752,0.19245396554470062
YHR031C,YNL261W,1,1.1085984,0.2816585600376129,0.7480158805847168,0.19245396554470062
YOR080W,YNL068C,1,1.1085927,0.28192681074142456,0.7490079402923584,0.19245396554470062
YOL148C,YLR116W,0,1.1085558,0.2818215787410736,0.7490079402923584,0.1925540417432785
YDL049C,YPL027W,0,1.1082305,0.28171640634536743,0.7490079402923584,0.19265411794185638
YCR063W,YOR194C,0,1.1081116,0.2816113531589508,0.7490079402923584,0.19275420904159546
YAL015C,YNL088W,1,1.1080163,0.281879186630249,0.75,0.19275420904159546
YCR039C,YNL230C,0,1.1078498,0.2817741334438324,0.75,0.19285428524017334
YOR057W,YDR337W,0,1.1074445,0.28166913986206055,0.75,0.19295436143875122
YMR004W,YCL001W,0,1.1074216,0.28156423568725586,0.75,0.1930544376373291
YER132C,YDR319C,0,1.1071365,0.28145942091941833,0.75,0.19315452873706818
YLR313C,YGR178C,0,1.1066357,0.2813546657562256,0.75,0.19325460493564606
YGL035C,YHR200W,0,1.1066282,0.28125,0.75,0.19335468113422394
YOR221C,YDL220C,0,1.106293,0.2811453938484192,0.75,0.19345475733280182
YGR212W,YGL043W,0,1.1058798,0.28104090690612793,0.75,0.1935548484325409
YOL146W,YOR060C,1,1.1058156,0.28130805492401123,0.7509920597076416,0.1935548484325409
YBR227C,YDR037W,0,1.1058116,0.28120356798171997,0.7509920597076416,0.19365492463111877
YIL122W,YGL124C,0,1.1058007,0.2810991406440735,0.7509920597076416,0.19375500082969666
YLR323C,YOR177C,0,1.1056637,0.28099480271339417,0.7509920597076416,0.19385507702827454
YOR324C,YJL095W,0,1.1056533,0.2808905243873596,0.7509920597076416,0.1939551681280136
YAL005C,YPR161C,0,1.1056373,0.28078633546829224,0.7509920597076416,0.1940552443265915
YNL329C,YNR048W,0,1.1052274,0.280682235956192,0.7509920597076416,0.19415532052516937
YML065W,YDR055W,0,1.1047084,0.2805781960487366,0.7509920597076416,0.19425541162490845
YHR024C,YOR295W,0,1.1041969,0.2804742455482483,0.7509920597076416,0.19435548782348633
YOR124C,YNL298W,0,1.1034281,0.2803703844547272,0.7509920597076416,0.1944555640220642
YDR121W,YGL192W,1,1.1031725,0.2806367874145508,0.7519841194152832,0.1944555640220642
YOR018W,YEL020W-A,0,1.102992,0.28053292632102966,0.7519841194152832,0.1945556402206421
YPL173W,YDR332W,0,1.1028969,0.2804291546344757,0.7519841194152832,0.19465573132038116
YDR198C,YOR256C,0,1.1027921,0.28032544255256653,0.7519841194152832,0.19475580751895905
YMR098C,YJL128C,0,1.1024626,0.2802218198776245,0.7519841194152832,0.19485588371753693
YLR260W,YDL111C,0,1.1013454,0.28011825680732727,0.7519841194152832,0.1949559599161148
YJL083W,YFR051C,0,1.1013386,0.2800147831439972,0.7519841194152832,0.19505605101585388
YBL033C,YGL244W,0,1.1011869,0.2799113690853119,0.7519841194152832,0.19515612721443176
YLR248W,YKL194C,0,1.1011252,0.27980804443359375,0.7519841194152832,0.19525620341300964
YOL148C,YGR202C,0,1.1010609,0.2797048091888428,0.7519841194152832,0.19535627961158752
YPR193C,YER027C,0,1.1006293,0.2796016335487366,0.7519841194152832,0.1954563707113266
YAR042W,YGL223C,0,1.0998576,0.27949851751327515,0.7519841194152832,0.19555644690990448
YJR126C,YOR181W,0,1.0990741,0.2793954908847809,0.7519841194152832,0.19565652310848236
YGR198W,YAL032C,0,1.0989558,0.2792925536632538,0.7519841194152832,0.19575659930706024
YPL051W,YHR205W,0,1.0982957,0.27918967604637146,0.7519841194152832,0.19585669040679932
YIL031W,YNR052C,0,1.0981064,0.2790868878364563,0.7519841194152832,0.1959567666053772
YCR047C,YNL223W,0,1.0973608,0.2789841592311859,0.7519841194152832,0.19605684280395508
YOR217W,YDR054C,1,1.096539,0.2792494595050812,0.7529761791229248,0.19605684280395508
YLR376C,YOR176W,0,1.095002,0.2791467308998108,0.7529761791229248,0.19615691900253296
YHL023C,YDR096W,0,1.0939806,0.27904412150382996,0.7529761791229248,0.19625701010227203
YNL300W,YDL161W,0,1.0927626,0.2789415717124939,0.7529761791229248,0.19635708630084991
YDR439W,YPL061W,0,1.0922472,0.2788390815258026,0.7529761791229248,0.1964571624994278
YJL099W,YDL134C,0,1.0916858,0.2787366807460785,0.7529761791229248,0.19655723869800568
YKL198C,YBR233W-A,0,1.0915427,0.27863436937332153,0.7529761791229248,0.19665732979774475
YNL054W,YGL058W,0,1.0915163,0.27853211760520935,0.7529761791229248,0.19675740599632263
YMR275C,YBR131W,0,1.0911291,0.27842992544174194,0.7529761791229248,0.1968574821949005
YJR082C,YMR211W,0,1.0911119,0.2783278226852417,0.7529761791229248,0.1969575732946396
YLR309C,YBL097W,0,1.0903004,0.2782258093357086,0.7529761791229248,0.19705764949321747
YMR032W,YBR185C,0,1.0897369,0.2781238555908203,0.7529761791229248,0.19715772569179535
YPR019W,YDR296W,1,1.0896285,0.27838829159736633,0.7539682388305664,0.19715772569179535
YPL055C,YLR262C-A,0,1.0893548,0.278286337852478,0.7539682388305664,0.19725780189037323
YHR156C,YFR022W,0,1.0891541,0.2781844735145569,0.7539682388305664,0.1973578929901123
YOR076C,YKL152C,0,1.088516,0.2780826985836029,0.7539682388305664,0.19745796918869019
YMR268C,YAL014C,0,1.0881264,0.2779809832572937,0.7539682388305664,0.19755804538726807
YPL017C,YDR228C,0,1.0881197,0.2778793275356293,0.7539682388305664,0.19765812158584595
YNL330C,YML061C,1,1.0876914,0.2781432867050171,0.754960298538208,0.19765812158584595
YLR020C,YJL023C,0,1.0873163,0.27804166078567505,0.754960298538208,0.19775821268558502
YJR034W,YMR263W,0,1.0870492,0.2779400944709778,0.754960298538208,0.1978582888841629
YDR147W,YDR414C,0,1.086576,0.2778386175632477,0.754960298538208,0.19795836508274078
YEL069C,YLR200W,0,1.0863202,0.27773723006248474,0.754960298538208,0.19805844128131866
YPR030W,YIL022W,0,1.0856817,0.2776359021663666,0.754960298538208,0.19815853238105774
YGR180C,YDR310C,1,1.0850744,0.2778993546962738,0.7559523582458496,0.19815853238105774
YJR014W,YGL166W,0,1.0848961,0.27779802680015564,0.7559523582458496,0.19825860857963562
YKR101W,YOR275C,0,1.0837046,0.27769678831100464,0.7559523582458496,0.1983586847782135
YMR283C,YNR024W,0,1.0836289,0.2775956392288208,0.7559523582458496,0.19845876097679138
YPL227C,YPL181W,0,1.0835316,0.27749454975128174,0.7559523582458496,0.19855885207653046
YNL264C,YDR482C,0,1.0831934,0.27739351987838745,0.7559523582458496,0.19865892827510834
YOL096C,YGL153W,0,1.0831505,0.2772925794124603,0.7559523582458496,0.19875900447368622
YNL278W,YAL009W,0,1.0830445,0.277191698551178,0.7559523582458496,0.1988590806722641
YPR061C,YDR482C,0,1.0829315,0.2770909070968628,0.7559523582458496,0.19895917177200317
YLR246W,YDL225W,0,1.0816208,0.2769901752471924,0.7559523582458496,0.19905924797058105
YER120W,YIL076W,0,1.0813472,0.27688953280448914,0.7559523582458496,0.19915932416915894
YPR193C,YNR011C,0,1.080147,0.27678894996643066,0.7559523582458496,0.19925940036773682
YBR131W,YHR143W-A,0,1.0799059,0.27668845653533936,0.7559523582458496,0.1993594914674759
YHR099W,YOR080W,0,1.079627,0.2765880227088928,0.7559523582458496,0.19945956766605377
YJL156C,YNL106C,0,1.0795485,0.27648764848709106,0.7559523582458496,0.19955964386463165
YOR129C,YKL116C,0,1.0794626,0.27638736367225647,0.7559523582458496,0.19965973496437073
YHR063C,YMR100W,0,1.079335,0.27628716826438904,0.7559523582458496,0.1997598111629486
YGL113W,YOL004W,1,1.0791433,0.27654948830604553,0.7569444179534912,0.1997598111629486
YPL146C,YDR078C,0,1.0789748,0.2764492630958557,0.7569444179534912,0.1998598873615265
YFR032C-A,YMR159C,0,1.0788256,0.27634915709495544,0.7569444179534912,0.19995996356010437
YMR113W,YPR061C,0,1.078605,0.27624908089637756,0.7569444179534912,0.20006005465984344
YDR251W,YBR104W,0,1.0783617,0.27614912390708923,0.7569444179534912,0.20016013085842133
YGR252W,YNL286W,0,1.0781957,0.2760491967201233,0.7569444179534912,0.2002602070569992
YDR087C,YMR100W,0,1.0775509,0.2759493589401245,0.7569444179534912,0.2003602832555771
YDR152W,YBR089C-A,0,1.0773306,0.2758496105670929,0.7569444179534912,0.20046037435531616
YBR082C,YGR224W,0,1.0764337,0.27574992179870605,0.7569444179534912,0.20056045055389404
YDR172W,YNL330C,0,1.0758545,0.275650292634964,0.7569444179534912,0.20066052675247192
YGR086C,YGL210W,0,1.0753136,0.2755507528781891,0.7569444179534912,0.2007606029510498
YBR276C,YDR069C,1,1.0748558,0.2758122682571411,0.7579365372657776,0.2007606029510498
YOR020C,YHR058C,0,1.0744919,0.2757127285003662,0.7579365372657776,0.20086069405078888
YBR216C,YDR434W,0,1.0743554,0.27561327815055847,0.7579365372657776,0.20096077024936676
YML113W,YLR227C,0,1.0734261,0.2755138874053955,0.7579365372657776,0.20106084644794464
YFL056C,YPR161C,0,1.07325,0.2754145562648773,0.7579365372657776,0.20116092264652252
YDR223W,YPL193W,0,1.0730436,0.2753153145313263,0.7579365372657776,0.2012610137462616
YIR009W,YJL053W,0,1.0705445,0.27521613240242004,0.7579365372657776,0.20136108994483948
YKR077W,YHR106W,0,1.0700836,0.27511703968048096,0.7579365372657776,0.20146116614341736
YIL132C,YLR150W,0,1.0700253,0.27501800656318665,0.7579365372657776,0.20156124234199524
YMR280C,YMR199W,0,1.0699753,0.2749190330505371,0.7579365372657776,0.20166133344173431
YOR130C,YPL166W,0,1.0675958,0.27482014894485474,0.7579365372657776,0.2017614096403122
YGR162W,YHR186C,0,1.0668402,0.27472132444381714,0.7579365372657776,0.20186148583889008
YJL058C,YDR173C,0,1.0655346,0.2746225595474243,0.7579365372657776,0.20196156203746796
YOR129C,YML124C,0,1.0647846,0.27452388405799866,0.7579365372657776,0.20206165313720703
YDL245C,YER029C,0,1.063101,0.27442529797554016,0.7579365372657776,0.2021617293357849
YDR530C,YBR128C,0,1.0630937,0.27432674169540405,0.7579365372657776,0.2022618055343628
YDR279W,YCR028C-A,1,1.0626887,0.2745872139930725,0.7589285969734192,0.2022618055343628
YPR192W,YBL067C,0,1.0620885,0.2744886875152588,0.7589285969734192,0.20236189663410187
YDR108W,YLR005W,0,1.0612566,0.27439025044441223,0.7589285969734192,0.20246197283267975
YMR026C,YPL207W,0,1.060087,0.27429187297821045,0.7589285969734192,0.20256204903125763
YMR268C,YBL050W,0,1.0600413,0.27419355511665344,0.7589285969734192,0.2026621252298355
YDR515W,YGR231C,0,1.0599656,0.2740952968597412,0.7589285969734192,0.20276221632957458
YMR113W,YML016C,0,1.059269,0.27399712800979614,0.7589285969734192,0.20286229252815247
YOR233W,YMR192W,0,1.0587211,0.27389901876449585,0.7589285969734192,0.20296236872673035
YHR108W,YHR050W,0,1.0576911,0.2738009989261627,0.7589285969734192,0.20306244492530823
YHL024W,YPL055C,1,1.0572474,0.27406081557273865,0.7599206566810608,0.20306244492530823
YDR085C,YGR261C,0,1.0566185,0.2739627957344055,0.7599206566810608,0.2031625360250473
YGL249W,YGL126W,0,1.0561818,0.27386486530303955,0.7599206566810608,0.20326261222362518
YKL213C,YPR068C,0,1.0556898,0.27376696467399597,0.7599206566810608,0.20336268842220306
YOR094W,YMR115W,0,1.0556693,0.27366915345191956,0.7599206566810608,0.20346276462078094
YDR264C,YKR099W,0,1.0551594,0.2735714316368103,0.7599206566810608,0.20356285572052002
YOR301W,YBR091C,0,1.0546106,0.2734737694263458,0.7599206566810608,0.2036629319190979
YNL257C,YJR139C,0,1.0540707,0.2733761668205261,0.7599206566810608,0.20376300811767578
YLR181C,YIL122W,0,1.0538566,0.2732786238193512,0.7599206566810608,0.20386308431625366
YNL272C,YBR115C,0,1.0529335,0.27318117022514343,0.7599206566810608,0.20396317541599274
YPR041W,YGR224W,0,1.0519475,0.27308377623558044,0.7599206566810608,0.20406325161457062
YJR043C,YKL022C,1,1.0516691,0.2733428478240967,0.7609127163887024,0.20406325161457062
YPL203W,YBR258C,0,1.0514511,0.2732454538345337,0.7609127163887024,0.2041633278131485
YBR111W-A,YFL053W,0,1.0514078,0.27314814925193787,0.7609127163887024,0.20426340401172638
YIL017C,YJR031C,0,1.0514078,0.2730509042739868,0.7609127163887024,0.20436349511146545
YCR060W,YOR335C,0,1.0507878,0.27295374870300293,0.7609127163887024,0.20446357131004333
YNL136W,YGL008C,0,1.0502,0.27285662293434143,0.7609127163887024,0.20456364750862122
YHR154W,YBR281C,0,1.0497549,0.2727596163749695,0.7609127163887024,0.2046637237071991
YDL185W,YOR088W,0,1.0496122,0.2726626396179199,0.7609127163887024,0.20476381480693817
YDR054C,YPR070W,0,1.0494529,0.2725657522678375,0.7609127163887024,0.20486389100551605
YDL222C,YML103C,0,1.0480248,0.2724689245223999,0.7609127163887024,0.20496396720409393
YMR024W,YBL031W,0,1.046405,0.27237215638160706,0.7609127163887024,0.205064058303833
YIR036C,YPL228W,0,1.0460658,0.27227547764778137,0.7609127163887024,0.2051641345024109
YLR026C,YHR008C,0,1.043833,0.27217885851860046,0.7609127163887024,0.20526421070098877
YDR097C,YLR005W,0,1.0430834,0.27208229899406433,0.7609127163887024,0.20536428689956665
YNL229C,YER050C,0,1.0430728,0.27198582887649536,0.7609127163887024,0.20546437799930573
YBR290W,YJL042W,0,1.0426807,0.2718893885612488,0.7609127163887024,0.2055644541978836
YLR330W,YCL034W,0,1.0407487,0.27179306745529175,0.7609127163887024,0.2056645303964615
YIR002C,YDR099W,1,1.040723,0.27205100655555725,0.761904776096344,0.2056645303964615
YMR025W,YDR001C,0,1.0400729,0.2719546854496002,0.761904776096344,0.20576460659503937
YEL064C,YMR167W,0,1.0395916,0.2718583941459656,0.761904776096344,0.20586469769477844
YPL146C,YKL042W,0,1.0386708,0.2717622220516205,0.761904776096344,0.20596477389335632
YLR321C,YGR038W,0,1.0385325,0.2716660797595978,0.761904776096344,0.2060648500919342
YMR277W,YJL136C,0,1.0381616,0.27157002687454224,0.761904776096344,0.20616492629051208
YGR200C,YOR026W,0,1.0374638,0.27147403359413147,0.761904776096344,0.20626501739025116
YMR270C,YJL141C,0,1.0373049,0.2713780999183655,0.761904776096344,0.20636509358882904
YOR330C,YHL020C,0,1.0357673,0.27128222584724426,0.761904776096344,0.20646516978740692
YFR004W,YKL221W,0,1.0353534,0.2711864411830902,0.761904776096344,0.2065652459859848
YFR028C,YPL017C,0,1.0353532,0.27109071612358093,0.761904776096344,0.20666533708572388
YJL066C,YDR460W,0,1.0350422,0.27099505066871643,0.761904776096344,0.20676541328430176
YLR080W,YAR020C,0,1.0348272,0.2708994746208191,0.761904776096344,0.20686548948287964
YDR022C,YPR178W,0,1.0343553,0.27080395817756653,0.761904776096344,0.20696556568145752
YER001W,YDL064W,0,1.0343359,0.27070850133895874,0.761904776096344,0.2070656567811966
YPL213W,YDR421W,0,1.0339563,0.2706131041049957,0.761904776096344,0.20716573297977448
YMR098C,YLR090W,0,1.0337816,0.2705177962779999,0.761904776096344,0.20726580917835236
YMR032W,YDL078C,0,1.0334271,0.2704225480556488,0.761904776096344,0.20736588537693024
YJR049C,YJL019W,0,1.033036,0.2703273594379425,0.761904776096344,0.2074659764766693
YGR276C,YGR195W,0,1.0329413,0.270232230424881,0.761904776096344,0.2075660526752472
YHR066W,YNL199C,0,1.0323019,0.2701371908187866,0.761904776096344,0.20766612887382507
YDR435C,YMR172W,0,1.0310253,0.27004218101501465,0.761904776096344,0.20776621997356415
YKL025C,YBR037C,0,1.0304923,0.2699472904205322,0.761904776096344,0.20786629617214203
YDR424C,YCR059C,0,1.0304801,0.2698524296283722,0.761904776096344,0.2079663723707199
YPL061W,YBR152W,0,1.0300316,0.26975762844085693,0.761904776096344,0.2080664485692978
YGR058W,YKL184W,0,1.0298994,0.26966291666030884,0.761904776096344,0.20816653966903687
YDL035C,YIL144W,0,1.0297511,0.2695682644844055,0.761904776096344,0.20826661586761475
YJL050W,YDR079C-A,0,1.0293087,0.269473671913147,0.761904776096344,0.20836669206619263
YER155C,YMR138W,0,1.0293047,0.2693791687488556,0.761904776096344,0.2084667682647705
YOL007C,YPL132W,0,1.0292825,0.269284725189209,0.761904776096344,0.20856685936450958
YPL029W,YJL090C,1,1.0287018,0.26954084634780884,0.7628968358039856,0.20856685936450958
YKL117W,YLR373C,0,1.0286973,0.26944640278816223,0.7628968358039856,0.20866693556308746
YOL056W,YPL166W,0,1.0276897,0.2693520188331604,0.7628968358039856,0.20876701176166534
YAL005C,YNL311C,0,1.0266254,0.26925769448280334,0.7628968358039856,0.20886708796024323
YNL329C,YBR166C,0,1.0252907,0.26916345953941345,0.7628968358039856,0.2089671790599823
YMR109W,YDR407C,0,1.024167,0.26906928420066833,0.7628968358039856,0.20906725525856018
YGR076C,YDR173C,0,1.0241008,0.268975168466568,0.7628968358039856,0.20916733145713806
YFL047W,YKL143W,0,1.0236009,0.2688811123371124,0.7628968358039856,0.20926740765571594
YGR261C,YDR294C,0,1.0234113,0.268787145614624,0.7628968358039856,0.20936749875545502
YML071C,YOL068C,0,1.0228394,0.268693208694458,0.7628968358039856,0.2094675749540329
YER022W,YNL238W,0,1.021839,0.26859936118125916,0.7628968358039856,0.20956765115261078
YNL039W,YCR104W,0,1.0215414,0.2685055732727051,0.7628968358039856,0.20966772735118866
YDL098C,YGL170C,0,1.021164,0.26841187477111816,0.7628968358039856,0.20976781845092773
YOR217W,YDL138W,0,1.0210057,0.26831820607185364,0.7628968358039856,0.20986789464950562
YCR093W,YNL099C,0,1.0207902,0.2682246267795563,0.7628968358039856,0.2099679708480835
YDL122W,YKL042W,0,1.0199733,0.2681311070919037,0.7628968358039856,0.21006804704666138
YAR018C,YHR187W,0,1.019696,0.2680376470088959,0.7628968358039856,0.21016813814640045
YKL002W,YPL097W,0,1.0194756,0.26794424653053284,0.7628968358039856,0.21026821434497833
YDR349C,YBR125C,0,1.0193995,0.26785093545913696,0.7628968358039856,0.2103682905435562
YDR317W,YHR023W,0,1.0175314,0.2677576541900635,0.7628968358039856,0.2104683816432953
YPL013C,YNL272C,0,1.0173783,0.26766446232795715,0.7628968358039856,0.21056845784187317
YCL069W,YNL197C,0,1.0170648,0.2675713300704956,0.7628968358039856,0.21066853404045105
YDR180W,YJL012C-A,0,1.0162154,0.26747825741767883,0.7628968358039856,0.21076861023902893
YLR439W,YOL089C,0,1.0150675,0.26738524436950684,0.7628968358039856,0.210868701338768
YHR148W,YPR171W,0,1.014726,0.267292320728302,0.7628968358039856,0.2109687775373459
YPL181W,YNL088W,1,1.0146453,0.2675469219684601,0.7638888955116272,0.2109687775373459
YCL032W,YOL115W,0,1.0135663,0.26745396852493286,0.7638888955116272,0.21106885373592377
YMR227C,YEL071W,0,1.0127633,0.2673611044883728,0.7638888955116272,0.21116892993450165
YKR036C,YLR204W,0,1.0127501,0.2672683000564575,0.7638888955116272,0.21126902103424072
YNL119W,YDR103W,0,1.0112176,0.2671755850315094,0.7638888955116272,0.2113690972328186
YIL129C,YOR340C,0,1.0111299,0.26708289980888367,0.7638888955116272,0.21146917343139648
YBR188C,YJL020C,0,1.0111051,0.2669903039932251,0.7638888955116272,0.21156924962997437
YOL004W,YKL112W,1,1.0109079,0.2672443687915802,0.7648809552192688,0.21156924962997437
YKL113C,YKL022C,1,1.0108291,0.267498254776001,0.7658730149269104,0.21156924962997437
YBL021C,YER015W,0,1.0107508,0.26740559935569763,0.7658730149269104,0.21166934072971344
YDR454C,YBR133C,0,1.0093815,0.26731303334236145,0.7658730149269104,0.21176941692829132
YOL011W,YJL186W,0,1.0086788,0.26722049713134766,0.7658730149269104,0.2118694931268692
YGR024C,YDR137W,0,1.0084143,0.26712802052497864,0.7658730149269104,0.21196956932544708
YLL031C,YGR135W,0,1.0083842,0.2670356333255768,0.7658730149269104,0.21206966042518616
YNL330C,YOR060C,1,1.0081291,0.26728907227516174,0.766865074634552,0.21206966042518616
YBL023C,YCL060C,1,1.005849,0.2675423324108124,0.7678571343421936,0.21206966042518616
YNR006W,YKL170W,0,1.0048474,0.26744988560676575,0.7678571343421936,0.21216973662376404
YDL127W,YPL130W,0,1.0047967,0.2673574984073639,0.7678571343421936,0.21226981282234192
YOR255W,YNL250W,0,1.0040187,0.2672652006149292,0.7678571343421936,0.2123698890209198
YGR271C-A,YFL049W,0,1.0039266,0.2671729326248169,0.7678571343421936,0.21246998012065887
YBR133C,YJL057C,0,1.0037019,0.26708075404167175,0.7678571343421936,0.21257005631923676
YHL007C,YNR048W,0,1.0027648,0.266988605260849,0.7678571343421936,0.21267013251781464
YHL023C,YMR156C,0,1.0015235,0.2668965458869934,0.7678571343421936,0.2127702236175537
YGR270W,YBR007C,0,1.0012817,0.2668045461177826,0.7678571343421936,0.2128702998161316
YOR322C,YLR209C,0,1.0010151,0.26671260595321655,0.7678571343421936,0.21297037601470947
YNL136W,YIL162W,0,0.99972564,0.2666207253932953,0.7678571343421936,0.21307045221328735
YLR002C,YER070W,1,0.99884933,0.2668732702732086,0.7688491940498352,0.21307045221328735
YNL196C,YDL193W,0,0.9988292,0.26678141951560974,0.7688491940498352,0.21317054331302643
YLR135W,YLR151C,0,0.997794,0.26668959856033325,0.7688491940498352,0.2132706195116043
YMR167W,YML043C,0,0.9976489,0.2665978670120239,0.7688491940498352,0.2133706957101822
YDL127W,YOR229W,0,0.9971748,0.2665061950683594,0.7688491940498352,0.21347077190876007
YNL196C,YLR411W,0,0.99695414,0.2664145827293396,0.7688491940498352,0.21357086300849915
YMR276W,YOR027W,0,0.9962141,0.2663230299949646,0.7688491940498352,0.21367093920707703
YHR040W,YAR042W,0,0.99588305,0.2662315368652344,0.7688491940498352,0.2137710154056549
YIL062C,YPL167C,0,0.99572164,0.2661401033401489,0.7688491940498352,0.2138710916042328
YLR189C,YFR005C,0,0.9956836,0.26604875922203064,0.7688491940498352,0.21397118270397186
YIL027C,YDR458C,0,0.9940885,0.26595744490623474,0.7688491940498352,0.21407125890254974
YJL047C,YER164W,1,0.99384826,0.26620927453041077,0.7698412537574768,0.21407125890254974
YHR164C,YHR197W,1,0.9937591,0.2664608955383301,0.7708333134651184,0.21407125890254974
YER161C,YDR225W,0,0.9934464,0.2663695514202118,0.7708333134651184,0.21417133510112762
YDR085C,YPL133C,0,0.99125105,0.2662782669067383,0.7708333134651184,0.2142714112997055
YGR007W,YDL089W,0,0.990563,0.26618704199790955,0.7708333134651184,0.21437150239944458
YMR053C,YGR195W,0,0.99023575,0.2660958766937256,0.7708333134651184,0.21447157859802246
YJR017C,YBR240C,0,0.9893797,0.2660048007965088,0.7708333134651184,0.21457165479660034
YNL206C,YJL078C,0,0.9890638,0.2659137547016144,0.7708333134651184,0.21467173099517822
YDL064W,YLR266C,0,0.9887995,0.26582279801368713,0.7708333134651184,0.2147718220949173
YDR430C,YHR177W,0,0.9885251,0.2657318711280823,0.7708333134651184,0.21487189829349518
YIR008C,YGL181W,0,0.98784333,0.2656410336494446,0.7708333134651184,0.21497197449207306
YNL148C,YPR118W,0,0.98725945,0.2655502259731293,0.7708333134651184,0.21507205069065094
YIL105C,YLR138W,0,0.98711485,0.26545950770378113,0.7708333134651184,0.21517214179039001
YML114C,YJL136C,0,0.9869762,0.26536884903907776,0.7708333134651184,0.2152722179889679
YPR019W,YOR279C,1,0.98608726,0.2656196653842926,0.77182537317276,0.2152722179889679
YNL136W,YKL034W,0,0.9859746,0.26552900671958923,0.77182537317276,0.21537229418754578
YMR190C,YBR120C,0,0.9857474,0.26543840765953064,0.77182537317276,0.21547238528728485
YGR097W,YGR252W,0,0.98567885,0.2653478980064392,0.77182537317276,0.21557246148586273
YPL004C,YPL052W-A,0,0.98492867,0.26525741815567017,0.77182537317276,0.2156725376844406
YOR005C,YIR008C,1,0.9846789,0.26550784707069397,0.7728174328804016,0.2156725376844406
YMR075W,YCL060C,1,0.9845925,0.26575809717178345,0.773809552192688,0.2156725376844406
YHR102W,YIL014W,0,0.9844006,0.265667587518692,0.773809552192688,0.2157726138830185
YOR198C,YLR011W,0,0.9843895,0.265577107667923,0.773809552192688,0.21587270498275757
YLR114C,YJL059W,0,0.984,0.2654867172241211,0.773809552192688,0.21597278118133545
YLR113W,YPR120C,1,0.98375875,0.2657366394996643,0.7748016119003296,0.21597278118133545
YLR265C,YHR004C,0,0.98332006,0.2656462490558624,0.7748016119003296,0.21607285737991333
YBL018C,YJL198W,0,0.9811674,0.2655559480190277,0.7748016119003296,0.2161729335784912
YOR255W,YGR186W,0,0.9811402,0.2654656767845154,0.7748016119003296,0.21627302467823029
YIL004C,YML004C,0,0.9810322,0.2653754651546478,0.7748016119003296,0.21637310087680817
YPL122C,YGR010W,0,0.9806698,0.26528531312942505,0.7748016119003296,0.21647317707538605
YFR033C,YPR056W,0,0.98039526,0.26519525051116943,0.7748016119003296,0.21657325327396393
YLR321C,YMR058W,0,0.97983414,0.2651052176952362,0.7748016119003296,0.216673344373703
YGR194C,YHR187W,0,0.9792325,0.26501527428627014,0.7748016119003296,0.21677342057228088
YER190W,YBR061C,0,0.97854036,0.26492536067962646,0.7748016119003296,0.21687349677085876
YIL051C,YGL180W,0,0.9783804,0.26483553647994995,0.7748016119003296,0.21697357296943665
YFL047W,YKL139W,0,0.9776905,0.2647457718849182,0.7748016119003296,0.21707366406917572
YCR093W,YKL042W,0,0.9775254,0.26465603709220886,0.7748016119003296,0.2171737402677536
YCR028C-A,YOR060C,1,0.97728235,0.2649051547050476,0.7757936716079712,0.2171737402677536
YLL019C,YKL017C,0,0.9770017,0.26481544971466064,0.7757936716079712,0.21727381646633148
YBR149W,YJL090C,0,0.9768737,0.26472580432891846,0.7757936716079712,0.21737389266490936
YJL194W,YPR023C,1,0.9765348,0.2649746239185333,0.7767857313156128,0.21737389266490936
YPR165W,YPL189W,0,0.9747856,0.26488497853279114,0.7767857313156128,0.21747398376464844
YGL247W,YHR110W,0,0.97452265,0.2647953927516937,0.7767857313156128,0.21757405996322632
YDR446W,YMR157C,0,0.9744169,0.2647058963775635,0.7767857313156128,0.2176741361618042
YBR283C,YOL034W,0,0.97400075,0.2646164298057556,0.7767857313156128,0.21777421236038208
YDR057W,YCR038C,0,0.9736394,0.26452702283859253,0.7767857313156128,0.21787430346012115
YGR097W,YKL195W,0,0.9731397,0.2644376754760742,0.7767857313156128,0.21797437965869904
YGL145W,YHR050W,0,0.973075,0.26434841752052307,0.7767857313156128,0.21807445585727692
YPL208W,YDR246W,0,0.97269803,0.2642591893672943,0.7767857313156128,0.218174546957016
YHR118C,YCR028C-A,1,0.9726482,0.2645074129104614,0.7777777910232544,0.218174546957016
YDR461W,YGL195W,0,0.9724911,0.26441821455955505,0.7777777910232544,0.21827462315559387
YMR268C,YLR120C,0,0.9706915,0.26432907581329346,0.7777777910232544,0.21837469935417175
YFL047W,YJR002W,0,0.96982783,0.26423996686935425,0.7777777910232544,0.21847477555274963
YER014C-A,YDR458C,0,0.9693367,0.2641509473323822,0.7777777910232544,0.2185748666524887
YOR341W,YOL146W,0,0.96928626,0.26406198740005493,0.7777777910232544,0.2186749428510666
YDL168W,YDR227W,0,0.96874017,0.26397305727005005,0.7777777910232544,0.21877501904964447
YML058W,YOL006C,1,0.9683674,0.26422080397605896,0.778769850730896,0.21877501904964447
YAR042W,YGR010W,0,0.9654965,0.26413190364837646,0.778769850730896,0.21887509524822235
YOR130C,YDR484W,0,0.9651899,0.26404306292533875,0.778769850730896,0.21897518634796143
YKL210W,YOR154W,0,0.9640984,0.2639542818069458,0.778769850730896,0.2190752625465393
YGL168W,YNL290W,1,0.96391135,0.26420167088508606,0.7797619104385376,0.2190752625465393
YGL008C,YLL033W,0,0.96377,0.2641128897666931,0.7797619104385376,0.2191753387451172
YIL037C,YIR008C,0,0.9637403,0.26402419805526733,0.7797619104385376,0.21927541494369507
YDR489W,YNL102W,1,0.9626427,0.2642713189125061,0.7807539701461792,0.21927541494369507
YCR075C,YEL044W,0,0.9618886,0.26418259739875793,0.7807539701461792,0.21937550604343414
YGL207W,YGR180C,1,0.96180516,0.2644295394420624,0.7817460298538208,0.21937550604343414
YDR244W,YJL180C,0,0.9617017,0.2643408179283142,0.7817460298538208,0.21947558224201202
YLR364W,YNL210W,0,0.9606975,0.2642521858215332,0.7817460298538208,0.2195756584405899
YBL074C,YER165W,0,0.9601527,0.2641635835170746,0.7817460298538208,0.21967573463916779
YER114C,YLR427W,0,0.95953447,0.26407507061958313,0.7817460298538208,0.21977582573890686
YBR276C,YBR202W,1,0.9595223,0.26432159543037415,0.7827380895614624,0.21977582573890686
YOR144C,YMR116C,0,0.95943505,0.2642330825328827,0.7827380895614624,0.21987590193748474
YLR442C,YLR430W,1,0.95933205,0.264479398727417,0.783730149269104,0.21987590193748474
YDR511W,YKL012W,0,0.9592313,0.26439088582992554,0.783730149269104,0.21997597813606262
YPR019W,YCR028C-A,1,0.95860845,0.2646369934082031,0.7847222089767456,0.21997597813606262
YDR308C,YAL038W,0,0.95840544,0.26454848051071167,0.7847222089767456,0.2200760543346405
YJL026W,YDL164C,1,0.95781034,0.26479437947273254,0.7857142686843872,0.2200760543346405
YGR206W,YOR020C,0,0.9573278,0.2647058963775635,0.7857142686843872,0.22017614543437958
YDR365C,YJL020C,0,0.9559129,0.2646174430847168,0.7857142686843872,0.22027622163295746
YGL038C,YGL243W,0,0.95561653,0.2645290493965149,0.7857142686843872,0.22037629783153534
YDL126C,YOR144C,1,0.9550715,0.2647746205329895,0.7867063283920288,0.22037629783153534
YGR083C,YOR273C,0,0.9545271,0.26468625664711,0.7867063283920288,0.22047637403011322
YPR041W,YGR258C,0,0.9544473,0.26459792256355286,0.7867063283920288,0.2205764651298523
YEL034W,YBR188C,0,0.954297,0.2645096778869629,0.7867063283920288,0.22067654132843018
YOR205C,YDL127W,0,0.9542889,0.2644214630126953,0.7867063283920288,0.22077661752700806
YMR301C,YDR071C,0,0.95255893,0.2643333375453949,0.7867063283920288,0.22087670862674713
YDR106W,YPL189W,0,0.95206195,0.26424524188041687,0.7867063283920288,0.220976784825325
YBR109C,YGL128C,0,0.95170075,0.264157235622406,0.7867063283920288,0.2210768610239029
YOR124C,YLR102C,0,0.95139676,0.26406925916671753,0.7867063283920288,0.22117693722248077
YIL131C,YLR135W,1,0.9513317,0.2643142342567444,0.7876983880996704,0.22117693722248077
YJL090C,YKL010C,0,0.95023793,0.2642262876033783,0.7876983880996704,0.22127702832221985
YBL015W,YIL061C,0,0.9501743,0.264138400554657,0.7876983880996704,0.22137710452079773
YLR025W,YDR212W,0,0.9501167,0.26405054330825806,0.7876983880996704,0.2214771807193756
YNL119W,YLR166C,0,0.9493955,0.2639627754688263,0.7876983880996704,0.2215772569179535
YKL212W,YLR021W,0,0.9493752,0.2638750374317169,0.7876983880996704,0.22167734801769257
YFR008W,YPL262W,0,0.9489067,0.2637873888015747,0.7876983880996704,0.22177742421627045
YER074W-A,YNL016W,0,0.94879025,0.2636997699737549,0.7876983880996704,0.22187750041484833
YOL138C,YJL090C,0,0.9482495,0.26361221075057983,0.7876983880996704,0.2219775766134262
YLR369W,YHR205W,0,0.94762284,0.26352474093437195,0.7876983880996704,0.22207766771316528
YEL064C,YDL108W,0,0.94758147,0.26343730092048645,0.7876983880996704,0.22217774391174316
YJL110C,YDL031W,0,0.94658893,0.2633499205112457,0.7876983880996704,0.22227782011032104
YFR001W,YJL047C,0,0.94642425,0.2632625997066498,0.7876983880996704,0.22237789630889893
YGL168W,YOR144C,1,0.94614244,0.26350679993629456,0.788690447807312,0.22237789630889893
YDR326C,YDR402C,0,0.94494027,0.2634194791316986,0.788690447807312,0.222477987408638
YLR391W-A,YNL006W,0,0.9445233,0.26333221793174744,0.788690447807312,0.22257806360721588
YHL024W,YPL167C,1,0.9439218,0.2635761499404907,0.7896825671195984,0.22257806360721588
YGR097W,YMR004W,0,0.943242,0.26348891854286194,0.7896825671195984,0.22267813980579376
YBL055C,YGL244W,0,0.9424409,0.26340171694755554,0.7896825671195984,0.22277821600437164
YDR489W,YKL112W,1,0.9419823,0.26364538073539734,0.79067462682724,0.22277821600437164
YDL126C,YBR170C,1,0.94175005,0.2638888955116272,0.7916666865348816,0.22277821600437164
YGR253C,YGL228W,0,0.941719,0.2638016641139984,0.7916666865348816,0.22287830710411072
YFL029C,YPL004C,0,0.941413,0.263714462518692,0.7916666865348816,0.2229783833026886
YDR351W,YFL023W,0,0.9413261,0.2636273503303528,0.7916666865348816,0.22307845950126648
YPR045C,YAL042W,0,0.9410129,0.2635402977466583,0.7916666865348816,0.22317853569984436
YDR171W,YDR498C,0,0.9406412,0.26345327496528625,0.7916666865348816,0.22327862679958344
YDL168W,YER075C,0,0.94063944,0.26336634159088135,0.7916666865348816,0.22337870299816132
YPL195W,YBR162C,0,0.93837607,0.26327943801879883,0.7916666865348816,0.2234787791967392
YFL035C,YGR140W,0,0.93718344,0.26319262385368347,0.7916666865348816,0.22357887029647827
YOR140W,YOR259C,0,0.9371429,0.2631058394908905,0.7916666865348816,0.22367894649505615
YLL052C,YGR135W,0,0.93707275,0.2630191147327423,0.7916666865348816,0.22377902269363403
YNL049C,YDR206W,0,0.9370263,0.2629324495792389,0.7916666865348816,0.22387909889221191
YAL002W,YDL045W-A,0,0.9368685,0.26284584403038025,0.7916666865348816,0.223979189991951
YGL058W,YDR005C,0,0.93680376,0.2627592980861664,0.7916666865348816,0.22407926619052887
YKR076W,YOL017W,0,0.9367926,0.2626728117465973,0.7916666865348816,0.22417934238910675
YDR487C,YAL011W,0,0.9364434,0.262586385011673,0.7916666865348816,0.22427941858768463
YMR001C,YNL096C,0,0.9362338,0.26249998807907104,0.7916666865348816,0.2243795096874237
YNR052C,YER151C,0,0.935901,0.2624136805534363,0.7916666865348816,0.2244795858860016
YLR016C,YGL084C,0,0.93537396,0.2623274028301239,0.7916666865348816,0.22457966208457947
YPL129W,YLL018C,0,0.93364316,0.2622412145137787,0.7916666865348816,0.22467973828315735
YBR149W,YKL017C,0,0.9322974,0.26215505599975586,0.7916666865348816,0.22477982938289642
YOL021C,YLR265C,0,0.9322512,0.2620689570903778,0.7916666865348816,0.2248799055814743
YGR233C,YBR120C,0,0.93114316,0.26198291778564453,0.7916666865348816,0.22497998178005219
YNL161W,YOR058C,0,0.93100625,0.26189693808555603,0.7916666865348816,0.22508005797863007
YER094C,YGR070W,0,0.930845,0.2618110179901123,0.7916666865348816,0.22518014907836914
YDL248W,YKL057C,0,0.93041545,0.26172515749931335,0.7916666865348816,0.22528022527694702
YER015W,YHR110W,0,0.92977107,0.2616393566131592,0.7916666865348816,0.2253803014755249
YDL127W,YIL008W,0,0.92856187,0.2615535855293274,0.7916666865348816,0.22548037767410278
YHR072W,YPL228W,0,0.9282511,0.26146790385246277,0.7916666865348816,0.22558046877384186
YML061C,YER110C,0,0.9277752,0.26138225197792053,0.7916666865348816,0.22568054497241974
YPR072W,YGR178C,0,0.92730045,0.26129665970802307,0.7916666865348816,0.22578062117099762
YDR106W,YNL020C,0,0.9253438,0.2612111270427704,0.7916666865348816,0.2258806973695755
YDR320C,YGR144W,0,0.9245818,0.2611256539821625,0.7916666865348816,0.22598078846931458
YMR227C,YDR058C,0,0.9245797,0.26104024052619934,0.7916666865348816,0.22608086466789246
YKR003W,YOR058C,0,0.9207638,0.260954886674881,0.7916666865348816,0.22618094086647034
YOR059C,YNR048W,0,0.9204743,0.260869562625885,0.7916666865348816,0.2262810319662094
YNL090W,YJR123W,0,0.9204671,0.2607843279838562,0.7916666865348816,0.2263811081647873
YER041W,YCR003W,0,0.91990405,0.2606991231441498,0.7916666865348816,0.22648118436336517
YER087W,YKL183W,0,0.91951895,0.26061397790908813,0.7916666865348816,0.22658126056194305
YLL013C,YHR141C,0,0.91902083,0.26052889227867126,0.7916666865348816,0.22668135166168213
YDR388W,YKL139W,0,0.918119,0.26044386625289917,0.7916666865348816,0.22678142786026
YLR024C,YPR186C,0,0.91811293,0.26035889983177185,0.7916666865348816,0.2268815040588379
YGR091W,YJL183W,0,0.9167765,0.2602739632129669,0.7916666865348816,0.22698158025741577
YDR339C,YKL182W,0,0.9164191,0.26018911600112915,0.7916666865348816,0.22708167135715485
YPL064C,YMR129W,0,0.9162808,0.26010429859161377,0.7916666865348816,0.22718174755573273
YGL178W,YBR234C,0,0.9153462,0.26001954078674316,0.7916666865348816,0.2272818237543106
YFL060C,YGR058W,0,0.9152045,0.25993484258651733,0.7916666865348816,0.2273818999528885
YFL036W,YOR080W,1,0.9151846,0.26017582416534424,0.7926587462425232,0.2273818999528885
YPL258C,YHR169W,0,0.9134353,0.2600911557674408,0.7926587462425232,0.22748199105262756
YDR097C,YJR046W,1,0.91290015,0.260331928730011,0.7936508059501648,0.22748199105262756
YCL033C,YHR039C-B,0,0.9120304,0.26024723052978516,0.7936508059501648,0.22758206725120544
YIL169C,YDR482C,0,0.91071194,0.2601625919342041,0.7936508059501648,0.22768214344978333
YHR005C-A,YPL130W,0,0.91036385,0.2600780129432678,0.7936508059501648,0.2277822196483612
YKR092C,YHR164C,0,0.90998244,0.2599934935569763,0.7936508059501648,0.22788231074810028
YOR142W,YGL192W,0,0.9086817,0.2599090337753296,0.7936508059501648,0.22798238694667816
YFR048W,YMR119W,0,0.90845674,0.25982460379600525,0.7936508059501648,0.22808246314525604
YCR095C,YML010W,0,0.9079099,0.25974026322364807,0.7936508059501648,0.22818253934383392
YHR135C,YLR440C,0,0.9078322,0.2596559524536133,0.7936508059501648,0.228282630443573
YDR027C,YOR241W,0,0.90761596,0.25957170128822327,0.7936508059501648,0.22838270664215088
YKR062W,YOR011W,0,0.90757054,0.259487509727478,0.7936508059501648,0.22848278284072876
YLR361C,YDR485C,0,0.906159,0.25940337777137756,0.7936508059501648,0.22858285903930664
YDR407C,YER021W,0,0.9061435,0.2593192756175995,0.7936508059501648,0.22868295013904572
YBR227C,YOR063W,0,0.9050223,0.2592352628707886,0.7936508059501648,0.2287830263376236
YMR275C,YKR038C,0,0.9043146,0.25915127992630005,0.7936508059501648,0.22888310253620148
YNL272C,YHR010W,0,0.90368664,0.2590673565864563,0.7936508059501648,0.22898319363594055
YGR271C-A,YDR253C,0,0.9029247,0.2589834928512573,0.7936508059501648,0.22908326983451843
YIL113W,YMR277W,0,0.9026672,0.2588996887207031,0.7936508059501648,0.2291833460330963
YJL003W,YER039C,0,0.90258366,0.2588159143924713,0.7936508059501648,0.2292834222316742
YKL017C,YDR273W,0,0.9025671,0.2587321996688843,0.7936508059501648,0.22938351333141327
YBL069W,YGL126W,0,0.9024849,0.2586485743522644,0.7936508059501648,0.22948358952999115
YIL159W,YBR092C,0,0.9018041,0.2585649788379669,0.7936508059501648,0.22958366572856903
YOL097C,YHL022C,0,0.9015114,0.2584814131259918,0.7936508059501648,0.2296837419271469
YPL001W,YGL228W,0,0.90032357,0.2583979368209839,0.7936508059501648,0.229783833026886
YOR240W,YKL086W,0,0.9003176,0.25831449031829834,0.7936508059501648,0.22988390922546387
YPR111W,YBR101C,0,0.90017205,0.25823110342025757,0.7936508059501648,0.22998398542404175
YNL038W,YDL138W,0,0.9001359,0.2581477761268616,0.7936508059501648,0.23008406162261963
YDR058C,YLR310C,0,0.89906716,0.25806450843811035,0.7936508059501648,0.2301841527223587
YJL050W,YPR112C,0,0.8977099,0.2579813003540039,0.7936508059501648,0.23028422892093658
YOL094C,YDR296W,1,0.89757496,0.25822049379348755,0.7946428656578064,0.23028422892093658
YHR085W,YLR002C,1,0.897539,0.25845956802368164,0.795634925365448,0.23028422892093658
YDR350C,YBR035C,0,0.8972129,0.2583763003349304,0.795634925365448,0.23038430511951447
YHR072W-A,YGL169W,0,0.89701945,0.2582930624485016,0.795634925365448,0.23048438131809235
YER144C,YGR169C-A,0,0.8962061,0.2582099139690399,0.795634925365448,0.23058447241783142
YLR004C,YDR226W,0,0.895989,0.258126825094223,0.795634925365448,0.2306845486164093
YMR186W,YOR319W,0,0.89492726,0.2580437660217285,0.795634925365448,0.23078462481498718
YBR186W,YKR027W,0,0.8945065,0.2579607665538788,0.795634925365448,0.23088470101356506
YDR510W,YPR182W,0,0.8934253,0.25787782669067383,0.795634925365448,0.23098479211330414
YNL292W,YOR032C,0,0.89300525,0.25779491662979126,0.795634925365448,0.23108486831188202
YIR013C,YNR055C,0,0.89272636,0.25771209597587585,0.795634925365448,0.2311849445104599
YEL072W,YGR163W,0,0.89250964,0.25762930512428284,0.795634925365448,0.23128502070903778
YKR056W,YOR060C,0,0.891747,0.2575465738773346,0.795634925365448,0.23138511180877686
YAL017W,YML097C,0,0.8913818,0.25746387243270874,0.795634925365448,0.23148518800735474
YOL156W,YPR196W,0,0.8911372,0.25738126039505005,0.795634925365448,0.23158526420593262
YOL147C,YHL022C,0,0.8902436,0.25729867815971375,0.795634925365448,0.2316853553056717
YOR327C,YDR176W,0,0.8896486,0.2572161555290222,0.795634925365448,0.23178543150424957
YOR075W,YBR163W,0,0.889517,0.25713369250297546,0.795634925365448,0.23188550770282745
YHL015W,YIL131C,0,0.8889546,0.2570512890815735,0.795634925365448,0.23198558390140533
YJL179W,YDR062W,0,0.8887095,0.2569689154624939,0.795634925365448,0.2320856750011444
YJL103C,YFL049W,0,0.88837254,0.2568866014480591,0.795634925365448,0.2321857511997223
YDL005C,YBR265W,0,0.88836795,0.25680434703826904,0.795634925365448,0.23228582739830017
YOR386W,YGR278W,0,0.8882671,0.2567221522331238,0.795634925365448,0.23238590359687805
YDR432W,YKL089W,0,0.8880922,0.2566399872303009,0.795634925365448,0.23248599469661713
YNL183C,YDR245W,0,0.88766444,0.2565579116344452,0.795634925365448,0.232586070895195
YBL024W,YBL004W,0,0.8876094,0.25647586584091187,0.795634925365448,0.2326861470937729
YBR097W,YLR270W,0,0.88692653,0.2563938498497009,0.795634925365448,0.23278622329235077
YKL126W,YFL001W,0,0.8856788,0.25631192326545715,0.795634925365448,0.23288631439208984
YBR100W,YAR007C,1,0.8854848,0.25654950737953186,0.7966269850730896,0.23288631439208984
YHR098C,YGR169C-A,0,0.88441616,0.2564675807952881,0.7966269850730896,0.23298639059066772
YBL021C,YGR082W,0,0.8844067,0.2563856840133667,0.7966269850730896,0.2330864667892456
YEL044W,YOR334W,0,0.8827187,0.2563038766384125,0.7966269850730896,0.2331865429878235
YHR079C-A,YOL145C,0,0.88269466,0.25622206926345825,0.7966269850730896,0.23328663408756256
YIL169C,YML125C,0,0.88228106,0.2561403512954712,0.7966269850730896,0.23338671028614044
YBR009C,YNL282W,0,0.8822017,0.2560586631298065,0.7966269850730896,0.23348678648471832
YER115C,YJR042W,0,0.8820802,0.2559770345687866,0.7966269850730896,0.2335868626832962
YJR052W,YNL068C,0,0.88207597,0.2558954656124115,0.7966269850730896,0.23368695378303528
YGR275W,YPR112C,0,0.88054115,0.25581395626068115,0.7966269850730896,0.23378702998161316
YDL150W,YIL061C,0,0.8797601,0.2557324767112732,0.7966269850730896,0.23388710618019104
YOR357C,YPR103W,0,0.87892073,0.25565105676651,0.7966269850730896,0.23398718237876892
YPL249C,YPR118W,0,0.8777626,0.2555696964263916,0.7966269850730896,0.234087273478508
YOR217W,YHR143W-A,0,0.87761796,0.25548839569091797,0.7966269850730896,0.23418734967708588
YDR125C,YNL318C,0,0.87753737,0.2554071247577667,0.7966269850730896,0.23428742587566376
YML095C,YPL134C,0,0.87711614,0.25532591342926025,0.7966269850730896,0.23438751697540283
YDR403W,YFL060C,0,0.87664455,0.25524476170539856,0.7966269850730896,0.2344875931739807
YKR086W,YBR082C,0,0.8766155,0.25516363978385925,0.7966269850730896,0.2345876693725586
YIL084C,YNL001W,0,0.87660134,0.2550825774669647,0.7966269850730896,0.23468774557113647
YDR016C,YAL067C,0,0.87638587,0.25500157475471497,0.7966269850730896,0.23478783667087555
YGR221C,YOR080W,0,0.8759913,0.25492063164711,0.7966269850730896,0.23488791286945343
YLR442C,YHR191C,1,0.8758497,0.25515708327293396,0.7976190447807312,0.23488791286945343
YDL179W,YLR022C,0,0.8744492,0.255076140165329,0.7976190447807312,0.2349879890680313
YGL201C,YER143W,1,0.87372226,0.25531241297721863,0.7986111044883728,0.2349879890680313
YGR110W,YER107C,0,0.873664,0.25523144006729126,0.7986111044883728,0.2350880652666092
YBL035C,YDR069C,1,0.873182,0.2554675042629242,0.7996031641960144,0.2350880652666092
YGL251C,YML065W,1,0.87291044,0.2557034194469452,0.800595223903656,0.2350880652666092
YLR431C,YJL162C,0,0.872443,0.25562241673469543,0.800595223903656,0.23518815636634827
YJL013C,YJR102C,0,0.872028,0.25554147362709045,0.800595223903656,0.23528823256492615
YML103C,YBR035C,0,0.87191135,0.25546059012413025,0.800595223903656,0.23538830876350403
YMR156C,YNL167C,0,0.8718645,0.25537973642349243,0.800595223903656,0.2354883849620819
YCR072C,YBL031W,0,0.870807,0.2552989423274994,0.800595223903656,0.23558847606182098
YDR280W,YMR216C,0,0.86951214,0.2552182078361511,0.800595223903656,0.23568855226039886
YOL077W-A,YHR177W,0,0.86859256,0.25513753294944763,0.800595223903656,0.23578862845897675
YER008C,YJL167W,0,0.86836857,0.25505688786506653,0.800595223903656,0.23588870465755463
YER058W,YDL101C,0,0.8679628,0.2549763023853302,0.800595223903656,0.2359887957572937
YDR303C,YDR069C,1,0.8664862,0.25521162152290344,0.8015872836112976,0.2359887957572937
YKL055C,YNL142W,0,0.86606795,0.2551310360431671,0.8015872836112976,0.23608887195587158
YBR265W,YDR279W,0,0.8658274,0.25505051016807556,0.8015872836112976,0.23618894815444946
YDL102W,YDR226W,1,0.86578584,0.2552855908870697,0.8025793433189392,0.23618894815444946
YKL057C,YDL208W,0,0.8657367,0.25520503520965576,0.8025793433189392,0.23628902435302734
YMR077C,YAR027W,0,0.86568636,0.255124568939209,0.8025793433189392,0.23638911545276642
YLR385C,YDR079C-A,0,0.8649178,0.2550441324710846,0.8025793433189392,0.2364891916513443
YPL189C-A,YGR178C,0,0.864438,0.254963755607605,0.8025793433189392,0.23658926784992218
YHL035C,YLR097C,0,0.86411244,0.25488343834877014,0.8025793433189392,0.23668934404850006
YFR032C-A,YJR060W,0,0.8634917,0.2548031508922577,0.8025793433189392,0.23678943514823914
YDL102W,YCR028C-A,1,0.8633535,0.255037784576416,0.8035714030265808,0.23678943514823914
YOR195W,YKL218C,0,0.86266655,0.25495749711990356,0.8035714030265808,0.23688951134681702
YLR229C,YLR305C,0,0.86240476,0.2548772692680359,0.8035714030265808,0.2369895875453949
YDR087C,YOR259C,0,0.8622947,0.254797101020813,0.8035714030265808,0.23708967864513397
YNL315C,YNL038W,0,0.8622803,0.25471699237823486,0.8035714030265808,0.23718975484371185
YJR066W,YIL009W,0,0.85981345,0.2546369135379791,0.8035714030265808,0.23728983104228973
YNL210W,YPL018W,0,0.8596731,0.25455689430236816,0.8035714030265808,0.23738990724086761
YJR139C,YOR083W,0,0.85918283,0.2544769048690796,0.8035714030265808,0.2374899983406067
YPR105C,YGR198W,0,0.85697854,0.2543969750404358,0.8035714030265808,0.23759007453918457
YGR082W,YPR122W,0,0.856615,0.25431710481643677,0.8035714030265808,0.23769015073776245
YNL118C,YPR167C,0,0.8565405,0.2542372941970825,0.8035714030265808,0.23779022693634033
YMR297W,YPL253C,0,0.8563294,0.25415751338005066,0.8035714030265808,0.2378903180360794
YLR435W,YLR319C,0,0.85621053,0.2540777921676636,0.8035714030265808,0.2379903942346573
YMR133W,YIL046W,0,0.85602677,0.25399813055992126,0.8035714030265808,0.23809047043323517
YLR438C-A,YLR268W,0,0.855859,0.25391849875450134,0.8035714030265808,0.23819054663181305
YBR127C,YGR225W,0,0.8552189,0.2538389265537262,0.8035714030265808,0.23829063773155212
YDR216W,YDL043C,0,0.85449016,0.25375938415527344,0.8035714030265808,0.23839071393013
YKR030W,YNL121C,0,0.8544244,0.25367993116378784,0.8035714030265808,0.23849079012870789
YMR268C,YOR375C,0,0.85414773,0.25360050797462463,0.8035714030265808,0.23859086632728577
YJR097W,YML065W,0,0.85397476,0.2535211145877838,0.8035714030265808,0.23869095742702484
YPL110C,YPL192C,0,0.8530547,0.25344181060791016,0.8035714030265808,0.23879103362560272
YNL090W,YGL252C,0,0.85276026,0.2533625364303589,0.8035714030265808,0.2388911098241806
YDR152W,YJL003W,0,0.85268736,0.25328329205513,0.8035714030265808,0.23899118602275848
YGL258W,YIL008W,0,0.8526283,0.2532041370868683,0.8035714030265808,0.23909127712249756
YGR143W,YAL026C,0,0.85216445,0.25312501192092896,0.8035714030265808,0.23919135332107544
YKL150W,YLR071C,0,0.85147035,0.253045916557312,0.8035714030265808,0.23929142951965332
YDR403W,YPL280W,0,0.851399,0.25296688079833984,0.8035714030265808,0.2393915206193924
YAL043C,YDR329C,0,0.8505122,0.25288790464401245,0.8035714030265808,0.23949159681797028
YHR079C-B,YKR099C-A,0,0.8495412,0.25280898809432983,0.8035714030265808,0.23959167301654816
YDR292C,YMR192W,0,0.8478027,0.2527301013469696,0.8035714030265808,0.23969174921512604
YIL106W,YDR037W,0,0.8476745,0.25265127420425415,0.8035714030265808,0.2397918403148651
YDR054C,YMR190C,1,0.8471036,0.2528843283653259,0.8045634627342224,0.2397918403148651
YHL024W,YBL023C,1,0.84655374,0.2531172037124634,0.8055555820465088,0.2397918403148651
YOL100W,YPR089W,0,0.8457865,0.25303831696510315,0.8055555820465088,0.239891916513443
YDL197C,YER007C-A,0,0.8454495,0.2529594898223877,0.8055555820465088,0.23999199271202087
YPR026W,YPL127C,0,0.8453872,0.252880722284317,0.8055555820465088,0.24009206891059875
YNL327W,YOL115W,0,0.84485114,0.2528019845485687,0.8055555820465088,0.24019216001033783
YER092W,YER132C,0,0.8447938,0.2527233064174652,0.8055555820465088,0.2402922362089157
YHR053C,YDR332W,0,0.8444692,0.25264468789100647,0.8055555820465088,0.2403923124074936
YDR017C,YKR094C,0,0.8440549,0.2525660991668701,0.8055555820465088,0.24049238860607147
YBL035C,YOR005C,1,0.84369105,0.25279849767684937,0.8065476417541504,0.24049238860607147
YKR101W,YHR001W,0,0.84323007,0.2527199387550354,0.8065476417541504,0.24059247970581055
YER132C,YLL048C,0,0.84311014,0.25264137983322144,0.8065476417541504,0.24069255590438843
YOR174W,YHR091C,0,0.842493,0.25256291031837463,0.8065476417541504,0.2407926321029663
YER003C,YER171W,0,0.84174234,0.2524844706058502,0.8065476417541504,0.2408927083015442
YDR069C,YPR023C,1,0.84146005,0.2527165412902832,0.807539701461792,0.2408927083015442
YPL050C,YPL243W,0,0.84115773,0.2526381015777588,0.807539701461792,0.24099279940128326
YOR119C,YJR034W,0,0.840698,0.25255972146987915,0.807539701461792,0.24109287559986115
YFL027C,YBR205W,0,0.8405425,0.2524814009666443,0.807539701461792,0.24119295179843903
YER014C-A,YMR139W,0,0.84042233,0.2524031102657318,0.807539701461792,0.2412930279970169
YDL225W,YJR121W,0,0.8403,0.2523248493671417,0.807539701461792,0.24139311909675598
YGR280C,YMR033W,0,0.8393838,0.2522466778755188,0.807539701461792,0.24149319529533386
YLR340W,YDL056W,0,0.83904815,0.25216853618621826,0.807539701461792,0.24159327149391174
YMR241W,YNL106C,0,0.8383311,0.2520904242992401,0.807539701461792,0.24169334769248962
YKL192C,YDR386W,0,0.8380927,0.25201237201690674,0.807539701461792,0.2417934387922287
YPL237W,YDR323C,0,0.83661443,0.25193437933921814,0.807539701461792,0.24189351499080658
YMR188C,YOR048C,0,0.8364002,0.2518564462661743,0.807539701461792,0.24199359118938446
YLL022C,YCR003W,0,0.83632,0.2517785429954529,0.807539701461792,0.24209368228912354
YGL150C,YDL185W,0,0.8361039,0.25170066952705383,0.807539701461792,0.24219375848770142
YDR155C,YNL199C,0,0.8358092,0.25162288546562195,0.807539701461792,0.2422938346862793
YIL105C,YDL077C,0,0.8357417,0.25154513120651245,0.807539701461792,0.24239391088485718
YHL004W,YOL065C,0,0.83544,0.25146740674972534,0.807539701461792,0.24249400198459625
YGR096W,YLR452C,0,0.8353822,0.251389741897583,0.807539701461792,0.24259407818317413
YGL250W,YNL068C,0,0.83528155,0.25131213665008545,0.807539701461792,0.24269415438175201
YKR062W,YLR206W,0,0.8352364,0.2512345612049103,0.807539701461792,0.2427942305803299
YPR019W,YBR276C,1,0.83506685,0.2514655888080597,0.8085317611694336,0.2427942305803299
YOR157C,YPR106W,0,0.83463866,0.2513880431652069,0.8085317611694336,0.24289432168006897
YML071C,YGL001C,0,0.83456916,0.2513105273246765,0.8085317611694336,0.24299439787864685
YLL024C,YDR451C,0,0.8345198,0.2512330412864685,0.8085317611694336,0.24309447407722473
YMR101C,YAL013W,0,0.83245915,0.2511556148529053,0.8085317611694336,0.2431945502758026
YBR247C,YIL061C,0,0.83210576,0.2510782480239868,0.8085317611694336,0.2432946413755417
YNL038W,YDR351W,0,0.831929,0.25100091099739075,0.8085317611694336,0.24339471757411957
YDL010W,YGR186W,0,0.83057314,0.25092363357543945,0.8085317611694336,0.24349479377269745
YIL031W,YOR336W,0,0.8301564,0.25084641575813293,0.8085317611694336,0.24359486997127533
YOL144W,YBR276C,0,0.8301402,0.2507692277431488,0.8085317611694336,0.2436949610710144
YDL164C,YLR154C,1,0.82981163,0.25099968910217285,0.8095238208770752,0.2436949610710144
YDL126C,YJL072C,1,0.82965547,0.25123000144958496,0.8105158805847168,0.2436949610710144
YML013W,YLR378C,0,0.82853955,0.25115278363227844,0.8105158805847168,0.24379503726959229
YOR106W,YFR051C,0,0.8278,0.2510755956172943,0.8105158805847168,0.24389511346817017
YDR244W,YKR037C,0,0.82776964,0.25099846720695496,0.8105158805847168,0.24399518966674805
YDR123C,YGL076C,0,0.82737774,0.250921368598938,0.8105158805847168,0.24409528076648712
YEL044W,YJL062W,0,0.8271041,0.2508443295955658,0.8105158805847168,0.244195356965065
YNL312W,YJR046W,1,0.8268711,0.25107428431510925,0.8115079402923584,0.244195356965065
YPL032C,YLR370C,0,0.82577074,0.25099724531173706,0.8115079402923584,0.24429543316364288
YAL020C,YMR281W,0,0.8232061,0.25092023611068726,0.8115079402923584,0.24439550936222076
YAL015C,YOR290C,1,0.823062,0.2511499524116516,0.8125,0.24439550936222076
YHL048W,YLR423C,0,0.8225254,0.2510729730129242,0.8125,0.24449560046195984
YCR039C,YPR104C,0,0.82204396,0.25099602341651917,0.8125,0.24459567666053772
YLR213C,YDR332W,0,0.82121235,0.2509191036224365,0.8125,0.2446957528591156
YGL027C,YNL073W,0,0.8202902,0.25084227323532104,0.8125,0.24479584395885468
YNL051W,YFR041C,0,0.82012194,0.25076547265052795,0.8125,0.24489592015743256
YKL193C,YFR041C,0,0.8199838,0.25068870186805725,0.8125,0.24499599635601044
YDR419W,YGR053C,1,0.8192557,0.2509180009365082,0.8134920597076416,0.24499599635601044
YEL055C,YOR032C,0,0.81873655,0.2508412301540375,0.8134920597076416,0.24509607255458832
YJL099W,YDR005C,0,0.8185138,0.25076451897621155,0.8134920597076416,0.2451961636543274
YNL161W,YLR389C,0,0.8181556,0.2506878674030304,0.8134920597076416,0.24529623985290527
YER014C-A,YIL133C,0,0.81808966,0.25061124563217163,0.8134920597076416,0.24539631605148315
YOR353C,YIL050W,0,0.81783384,0.25053468346595764,0.8134920597076416,0.24549639225006104
YLR314C,YOR002W,0,0.8174109,0.25045815110206604,0.8134920597076416,0.2455964833498001
YBR217W,YDR225W,0,0.8171276,0.2503816783428192,0.8134920597076416,0.245696559548378
YPL233W,YGL068W,0,0.81687206,0.25030526518821716,0.8134920597076416,0.24579663574695587
YDR099W,YLR321C,1,0.81626844,0.2505340278148651,0.8144841194152832,0.24579663574695587
YDL089W,YJL011C,0,0.81608933,0.2504575848579407,0.8144841194152832,0.24589671194553375
YER122C,YHR200W,0,0.81602955,0.250381201505661,0.8144841194152832,0.24599680304527283
YCR010C,YKL168C,0,0.8154999,0.2503048777580261,0.8144841194152832,0.2460968792438507
YKL025C,YOL033W,0,0.8153103,0.2502285838127136,0.8144841194152832,0.2461969554424286
YDR021W,YLR440C,0,0.81480783,0.2501523494720459,0.8144841194152832,0.24629703164100647
YFR046C,YOL001W,0,0.8147054,0.25007614493370056,0.8144841194152832,0.24639712274074554
YBR258C,YOR092W,0,0.8146978,0.25,0.8144841194152832,0.24649719893932343
YGL058W,YBR041W,0,0.8145201,0.24992389976978302,0.8144841194152832,0.2465972751379013
YER001W,YOR242C,0,0.8141898,0.24984784424304962,0.8144841194152832,0.2466973513364792
YHR019C,YOR231W,0,0.8138825,0.2497718334197998,0.8144841194152832,0.24679744243621826
YNL265C,YDR475C,0,0.81355697,0.24969586730003357,0.8144841194152832,0.24689751863479614
YOR233W,YIR022W,0,0.8130587,0.24961994588375092,0.8144841194152832,0.24699759483337402
YMR223W,YBR221C,0,0.8126449,0.24954406917095184,0.8144841194152832,0.2470976710319519
YJR046W,YJL072C,1,0.81251895,0.2497721016407013,0.8154761791229248,0.2470976710319519
YLR166C,YBR205W,0,0.81204075,0.24969623982906342,0.8154761791229248,0.24719776213169098
YHR151C,YGL003C,0,0.8109576,0.24962040781974792,0.8154761791229248,0.24729783833026886
YDL138W,YIL131C,0,0.8106047,0.24954462051391602,0.8154761791229248,0.24739791452884674
YGL156W,YDR439W,0,0.81057066,0.24946889281272888,0.8154761791229248,0.24749800562858582
YLR013W,YMR287C,0,0.8102018,0.24939320981502533,0.8154761791229248,0.2475980818271637
YCR003W,YPR061C,0,0.80995095,0.24931755661964417,0.8154761791229248,0.24769815802574158
YIL061C,YLR081W,0,0.80935687,0.24924196302890778,0.8154761791229248,0.24779823422431946
YGL207W,YCL016C,1,0.8093119,0.24946953356266022,0.8164682388305664,0.24779823422431946
YNL325C,YOR357C,0,0.80837834,0.24939393997192383,0.8164682388305664,0.24789832532405853
YLR019W,YLR424W,0,0.80818105,0.24931839108467102,0.8164682388305664,0.2479984015226364
YLR260W,YMR201C,0,0.8073022,0.2492428869009018,0.8164682388305664,0.2480984777212143
YIL010W,YDR422C,0,0.8072614,0.24916742742061615,0.8164682388305664,0.24819855391979218
YDR529C,YPL018W,0,0.80697566,0.2490920126438141,0.8164682388305664,0.24829864501953125
YGL033W,YDR498C,0,0.8067458,0.2490166425704956,0.8164682388305664,0.24839872121810913
YBL037W,YGR142W,0,0.8062131,0.2489413172006607,0.8164682388305664,0.248498797416687
YLR388W,YDR034C,0,0.80600274,0.2488660365343094,0.8164682388305664,0.2485988736152649
YGL120C,YKL139W,0,0.8059399,0.24879081547260284,0.8164682388305664,0.24869896471500397
YLR066W,YMR063W,0,0.80294937,0.2487156242132187,0.8164682388305664,0.24879904091358185
YGL170C,YOR049C,0,0.8025762,0.24864047765731812,0.8164682388305664,0.24889911711215973
YDR066C,YDL091C,0,0.8023587,0.24856539070606232,0.8164682388305664,0.2489991933107376
YDR254W,YKR072C,0,0.8016304,0.2484903335571289,0.8164682388305664,0.24909928441047668
YML129C,YLR368W,0,0.8014972,0.24841533601284027,0.8164682388305664,0.24919936060905457
YFL024C,YHR161C,0,0.8014576,0.24834036827087402,0.8164682388305664,0.24929943680763245
YMR234W,YPR112C,0,0.8012042,0.24826546013355255,0.8164682388305664,0.24939951300621033
YIL115C,YNL286W,0,0.80068105,0.24819059669971466,0.8164682388305664,0.2494996041059494
YLL040C,YFL046W,0,0.8006334,0.24811576306819916,0.8164682388305664,0.24959968030452728
YIR013C,YGR061C,0,0.7989132,0.24804098904132843,0.8164682388305664,0.24969975650310516
YBR275C,YOR060C,1,0.79649264,0.2482675462961197,0.817460298538208,0.24969975650310516
YKL110C,YOR032C,0,0.79647416,0.24819277226924896,0.817460298538208,0.24979983270168304
YCR028C-A,YLR321C,1,0.79627365,0.2484191507101059,0.8184523582458496,0.24979983270168304
YHR031C,YCL060C,1,0.795558,0.24864539504051208,0.8194444179534912,0.24979983270168304
YHL024W,YOL090W,1,0.7944848,0.24887150526046753,0.8204365372657776,0.24979983270168304
YLR059C,YLR151C,0,0.7942966,0.24879662692546844,0.8204365372657776,0.24989992380142212
YER058W,YNL297C,0,0.7942155,0.24872180819511414,0.8204365372657776,0.25
YOR148C,YGR178C,0,0.7939976,0.24864701926708221,0.8204365372657776,0.2501000761985779
YGL112C,YIL085C,0,0.7937619,0.24857228994369507,0.8204365372657776,0.25020015239715576
YGL215W,YDR533C,0,0.7931345,0.2484975904226303,0.8204365372657776,0.25030022859573364
YKR036C,YMR235C,0,0.79289,0.24842295050621033,0.8204365372657776,0.2504003345966339
YPL050C,YKL002W,0,0.7926542,0.24834835529327393,0.8204365372657776,0.2505004107952118
YBL034C,YLL009C,0,0.79197025,0.2482737898826599,0.8204365372657776,0.2506004869937897
YLR059C,YJR058C,0,0.79181033,0.24819928407669067,0.8204365372657776,0.25070056319236755
YCL010C,YPR042C,0,0.79164046,0.24812480807304382,0.8204365372657776,0.25080063939094543
YCL027W,YER068W,0,0.7900545,0.24805039167404175,0.8204365372657776,0.2509007155895233
YKL125W,YNL051W,0,0.78836197,0.24797600507736206,0.8204365372657776,0.2510007917881012
YDL089W,YJR022W,0,0.7882905,0.24790167808532715,0.8204365372657776,0.2511008679866791
YBL032W,YPL152W,0,0.78744453,0.24782739579677582,0.8204365372657776,0.25120097398757935
YBR046C,YOR073W,0,0.7872538,0.24775314331054688,0.8204365372657776,0.2513010501861572
YJR046W,YDR069C,1,0.7871002,0.24797843396663666,0.8214285969734192,0.2513010501861572
YJL090C,YBR087W,1,0.78709847,0.2482035905122757,0.8224206566810608,0.2513010501861572
YBL032W,YNL087W,0,0.7870831,0.24812930822372437,0.8224206566810608,0.2514011263847351
YBR044C,YDR483W,0,0.7864099,0.24805505573749542,0.8224206566810608,0.251501202583313
YNL110C,YOR094W,0,0.7854953,0.24798086285591125,0.8224206566810608,0.25160127878189087
YMR270C,YDL156W,0,0.7852389,0.24790669977664948,0.8224206566810608,0.25170135498046875
YDL188C,YHR193C,0,0.7851116,0.24783258140087128,0.8224206566810608,0.25180143117904663
YJL084C,YMR156C,0,0.7850308,0.24775852262973785,0.8224206566810608,0.2519015073776245
YMR025W,YBR038W,0,0.78464085,0.24768449366092682,0.8224206566810608,0.2520016133785248
YIL066C,YHR191C,1,0.7841338,0.24790920317173004,0.8234127163887024,0.2520016133785248
YER045C,YMR065W,0,0.7835918,0.247835174202919,0.8234127163887024,0.25210168957710266
YPR106W,YER144C,0,0.78327125,0.24776118993759155,0.8234127163887024,0.25220176577568054
YDR318W,YMR153W,0,0.7829497,0.24768725037574768,0.8234127163887024,0.2523018419742584
YML034W,YDL232W,0,0.78292495,0.24761337041854858,0.8234127163887024,0.2524019181728363
YPR073C,YHR044C,0,0.7824315,0.24753952026367188,0.8234127163887024,0.2525019943714142
YNL118C,YHR198C,0,0.78231204,0.24746571481227875,0.8234127163887024,0.25260207056999207
YBL035C,YDR296W,1,0.7817936,0.24769002199172974,0.824404776096344,0.25260207056999207
YJR101W,YJL100W,0,0.78169066,0.2476162165403366,0.824404776096344,0.25270217657089233
YKL204W,YDR212W,0,0.7810964,0.24754245579242706,0.824404776096344,0.2528022527694702
YGR053C,YNL102W,1,0.78089726,0.24776652455329895,0.8253968358039856,0.2528022527694702
YIL120W,YNL047C,0,0.7808735,0.2476927638053894,0.8253968358039856,0.2529023289680481
YJL200C,YER074W-A,0,0.78077966,0.24761904776096344,0.8253968358039856,0.253002405166626
YBR243C,YBR281C,0,0.7807434,0.24754537642002106,0.8253968358039856,0.25310248136520386
YHR168W,YOR078W,0,0.780436,0.24747174978256226,0.8253968358039856,0.25320255756378174
YLL045C,YPR179C,0,0.779013,0.24739815294742584,0.8253968358039856,0.2533026337623596
YGR244C,YJL054W,0,0.77882653,0.2473246157169342,0.8253968358039856,0.2534027099609375
YNL069C,YHR158C,0,0.7782546,0.24725110828876495,0.8253968358039856,0.25350281596183777
YDR137W,YDR038C,0,0.7774537,0.24717766046524048,0.8253968358039856,0.25360289216041565
YLR382C,YDR172W,0,0.7770935,0.2471042424440384,0.8253968358039856,0.25370296835899353
YKR092C,YMR199W,0,0.77592295,0.24703088402748108,0.8253968358039856,0.2538030445575714
YER143W,YIR032C,0,0.77536637,0.24695755541324615,0.8253968358039856,0.2539031207561493
YHR157W,YBR163W,0,0.7748651,0.2468842715024948,0.8253968358039856,0.2540031969547272
YGR007W,YCL034W,0,0.7748069,0.24681103229522705,0.8253968358039856,0.25410327315330505
YOR310C,YJL076W,0,0.7743518,0.24673783779144287,0.8253968358039856,0.25420334935188293
YKL058W,YFL013C,0,0.77377194,0.24666468799114227,0.8253968358039856,0.2543034553527832
YHR111W,YJR094W-A,0,0.7734869,0.24659158289432526,0.8253968358039856,0.2544035315513611
YDR318W,YKL213C,0,0.77301794,0.24651852250099182,0.8253968358039856,0.25450360774993896
YMR202W,YGL170C,0,0.77215797,0.24644549190998077,0.8253968358039856,0.25460368394851685
YGL105W,YOR174W,0,0.77159184,0.2463725209236145,0.8253968358039856,0.2547037601470947
YPL138C,YOL070C,0,0.7715181,0.24629957973957062,0.8253968358039856,0.2548038363456726
YKR008W,YDL088C,0,0.7708935,0.2462266981601715,0.8253968358039856,0.2549039125442505
YOL156W,YGR198W,0,0.7704281,0.2461538463830948,0.8253968358039856,0.25500398874282837
YER019W,YKL139W,0,0.76973397,0.24608103930950165,0.8253968358039856,0.25510409474372864
YBR026C,YDR005C,0,0.76881915,0.2460082769393921,0.8253968358039856,0.2552041709423065
YBR125C,YNR070W,0,0.7680957,0.2459355592727661,0.8253968358039856,0.2553042471408844
YHR146W,YJR137C,0,0.7678445,0.24586288630962372,0.8253968358039856,0.2554043233394623
YPR068C,YKR100C,0,0.76780343,0.2457902580499649,0.8253968358039856,0.25550439953804016
YMR119W,YLR373C,0,0.76762295,0.24571765959262848,0.8253968358039856,0.25560447573661804
YDR201W,YJL033W,0,0.7671134,0.24564512073993683,0.8253968358039856,0.2557045519351959
YER093C,YKR014C,0,0.76696116,0.24557261168956757,0.8253968358039856,0.2558046579360962
YMR229C,YER040W,0,0.7658455,0.24550014734268188,0.8253968358039856,0.2559047341346741
YPR158W,YJL108C,0,0.7648863,0.24542772769927979,0.8253968358039856,0.25600481033325195
YER171W,YMR146C,0,0.7635153,0.24535535275936127,0.8253968358039856,0.25610488653182983
YKL161C,YOR271C,0,0.76346236,0.24528302252292633,0.8253968358039856,0.2562049627304077
YDR051C,YPR026W,0,0.76258475,0.24521072208881378,0.8253968358039856,0.2563050389289856
YNL300W,YLR167W,0,0.76257426,0.245138481259346,0.8253968358039856,0.2564051151275635
YOL007C,YDL108W,0,0.76183265,0.24506627023220062,0.8253968358039856,0.25650519132614136
YOR109W,YKL210W,0,0.7617807,0.24499410390853882,0.8253968358039856,0.2566052973270416
YGR009C,YBR001C,0,0.7615174,0.2449219971895218,0.8253968358039856,0.2567053735256195
YJR089W,YOL143C,0,0.7614855,0.24484990537166595,0.8253968358039856,0.2568054497241974
YPL159C,YML065W,0,0.76140434,0.2447778731584549,0.8253968358039856,0.25690552592277527
YDR227W,YKL212W,0,0.7608885,0.24470588564872742,0.8253968358039856,0.25700560212135315
YGL064C,YLR259C,0,0.7600245,0.24463392794132233,0.8253968358039856,0.25710567831993103
YMR268W-A,YGR052W,0,0.7599631,0.24456201493740082,0.8253968358039856,0.2572057545185089
YFL036W,YDR303C,1,0.7587667,0.24478401243686676,0.8263888955116272,0.2572057545185089
YLR439W,YDR498C,0,0.7584447,0.24471209943294525,0.8263888955116272,0.2573058307170868
YPL123C,YDR130C,0,0.75811714,0.24464023113250732,0.8263888955116272,0.25740593671798706
YBL018C,YOR092W,0,0.75726694,0.24456840753555298,0.8263888955116272,0.25750601291656494
YIL004C,YPR178W,0,0.75718457,0.24449662864208221,0.8263888955116272,0.2576060891151428
YOL032W,YDR130C,0,0.75667024,0.24442487955093384,0.8263888955116272,0.2577061653137207
YKL022C,YNL290W,1,0.75639415,0.24464651942253113,0.8273809552192688,0.2577061653137207
YGL061C,YGR281W,0,0.75544167,0.24457478523254395,0.8273809552192688,0.2578062415122986
YNL199C,YMR271C,0,0.75458694,0.24450308084487915,0.8273809552192688,0.25790631771087646
YGL197W,YDR470C,0,0.7535053,0.24443142116069794,0.8273809552192688,0.25800639390945435
YML011C,YHR091C,0,0.75288016,0.2443598061800003,0.8273809552192688,0.2581064999103546
YKR014C,YPL076W,0,0.75285804,0.24428822100162506,0.8273809552192688,0.2582065761089325
YLR183C,YDR462W,0,0.75181,0.2442166954278946,0.8273809552192688,0.2583066523075104
YLL019C,YJL026W,0,0.7508772,0.2441451996564865,0.8273809552192688,0.25840672850608826
YDL127W,YMR211W,0,0.7505963,0.244073748588562,0.8273809552192688,0.25850680470466614
YLR016C,YGL048C,0,0.7502904,0.2440023422241211,0.8273809552192688,0.258606880903244
YGR007W,YDR099W,0,0.750238,0.24393098056316376,0.8273809552192688,0.2587069571018219
YAL022C,YER105C,0,0.7493898,0.2438596487045288,0.8273809552192688,0.2588070333003998
YOR229W,YBR058C,0,0.749288,0.24378836154937744,0.8273809552192688,0.25890713930130005
YBR005W,YKR063C,0,0.7492191,0.24371711909770966,0.8273809552192688,0.25900721549987793
YIL010W,YDR273W,0,0.74891084,0.24364592134952545,0.8273809552192688,0.2591072916984558
YOR321W,YPL207W,0,0.747889,0.24357476830482483,0.8273809552192688,0.2592073678970337
YDR160W,YLR131C,0,0.7477043,0.2435036450624466,0.8273809552192688,0.2593074440956116
YDL148C,YAL056W,0,0.7474975,0.24343258142471313,0.8273809552192688,0.25940752029418945
YKL028W,YMR115W,0,0.7472138,0.24336154758930206,0.8273809552192688,0.25950759649276733
YHR072W,YNL021W,0,0.7468386,0.24329054355621338,0.8273809552192688,0.2596076726913452
YDL197C,YJR127C,0,0.7462976,0.24321959912776947,0.8273809552192688,0.2597077786922455
YMR301C,YGR279C,0,0.7460894,0.24314868450164795,0.8273809552192688,0.25980785489082336
YOR278W,YNL330C,0,0.74576044,0.24307781457901,0.8273809552192688,0.25990793108940125
YJL134W,YNL270C,0,0.74575454,0.24300698935985565,0.8273809552192688,0.2600080072879791
YNR060W,YBR280C,0,0.7455859,0.24293620884418488,0.8273809552192688,0.260108083486557
YDR494W,YLR079W,0,0.7454792,0.2428654581308365,0.8273809552192688,0.2602081596851349
YER179W,YLR337C,0,0.745333,0.24279476702213287,0.8273809552192688,0.26030823588371277
YJR153W,YMR042W,0,0.7451277,0.24272409081459045,0.8273809552192688,0.26040831208229065
YFR027W,YHR072W-A,0,0.7451193,0.2426534742116928,0.8273809552192688,0.2605084180831909
YDL210W,YPL206C,0,0.7449759,0.24258290231227875,0.8273809552192688,0.2606084942817688
YOR047C,YAL056W,0,0.7448932,0.24251236021518707,0.8273809552192688,0.2607085704803467
YER147C,YER069W,0,0.7444889,0.24244186282157898,0.8273809552192688,0.26080864667892456
YDR045C,YKL017C,0,0.7442985,0.24237141013145447,0.8273809552192688,0.26090872287750244
YGL168W,YDL164C,1,0.7438014,0.2425915151834488,0.8283730149269104,0.26090872287750244
YNL302C,YNL039W,0,0.7429698,0.24252106249332428,0.8283730149269104,0.2610087990760803
YOL042W,YPL089C,0,0.74292964,0.24245063960552216,0.8283730149269104,0.2611088752746582
YDR083W,YJL110C,0,0.74239856,0.2423802614212036,0.8283730149269104,0.26120898127555847
YLR007W,YBL045C,0,0.74203664,0.24230992794036865,0.8283730149269104,0.26130905747413635
YOR298W,YLR466W,0,0.7414184,0.24223962426185608,0.8283730149269104,0.26140913367271423
YCL059C,YBR170C,0,0.7407448,0.24216938018798828,0.8283730149269104,0.2615092098712921
YEL055C,YGR206W,0,0.7405147,0.24209916591644287,0.8283730149269104,0.26160928606987
YGL075C,YMR300C,0,0.7404694,0.24202898144721985,0.8283730149269104,0.2617093622684479
YEL041W,YJL095W,0,0.73988396,0.2419588565826416,0.8283730149269104,0.26180943846702576
YHR028C,YML095C,0,0.7398213,0.24188876152038574,0.8283730149269104,0.26190951466560364
YMR040W,YOL042W,0,0.73946553,0.24181871116161346,0.8283730149269104,0.2620096206665039
YMR073C,YDR470C,0,0.73942786,0.24174869060516357,0.8283730149269104,0.2621096968650818
YLR113W,YLR117C,1,0.73899287,0.24196815490722656,0.829365074634552,0.2621096968650818
YLR191W,YBR084C-A,0,0.73887664,0.24189814925193787,0.829365074634552,0.26220977306365967
YPR103W,YGL095C,0,0.7386249,0.24182817339897156,0.829365074634552,0.26230984926223755
YDR385W,YDR378C,0,0.7379318,0.24175824224948883,0.829365074634552,0.26240992546081543
YKL160W,YGL169W,0,0.7376041,0.24168835580348969,0.829365074634552,0.2625100016593933
YOR157C,YLR403W,0,0.73745203,0.24161849915981293,0.829365074634552,0.2626100778579712
YHL024W,YNL102W,1,0.7373352,0.24183762073516846,0.8303571343421936,0.2626100778579712
YMR125W,YOR346W,0,0.73655725,0.2417677640914917,0.8303571343421936,0.2627101540565491
YJL173C,YGL210W-A,0,0.7360701,0.24169795215129852,0.8303571343421936,0.26281026005744934
YMR026C,YMR309C,0,0.73512274,0.24162817001342773,0.8303571343421936,0.2629103362560272
YLR368W,YLR205C,0,0.7345143,0.24155844748020172,0.8303571343421936,0.2630104124546051
YGR217W,YLR362W,0,0.73405474,0.2414887547492981,0.8303571343421936,0.263110488653183
YJL180C,YJL035C,0,0.73319024,0.24141909182071686,0.8303571343421936,0.26321056485176086
YDL017W,YOR290C,1,0.7313231,0.24163782596588135,0.8313491940498352,0.26321056485176086
YGL022W,YOL125W,0,0.7307027,0.2415681779384613,0.8313491940498352,0.26331064105033875
YER028C,YDR432W,0,0.73005205,0.24149855971336365,0.8313491940498352,0.2634107172489166
YDR159W,YLR081W,0,0.73005134,0.24142898619174957,0.8313491940498352,0.2635108232498169
YGL056C,YMR019W,0,0.7294592,0.24135944247245789,0.8313491940498352,0.2636108994483948
YJL173C,YJL072C,1,0.7289669,0.2415778934955597,0.8323412537574768,0.2636108994483948
YJL090C,YNL068C,1,0.7287102,0.24179619550704956,0.8333333134651184,0.2636108994483948
YER124C,YIL010W,0,0.72854084,0.24172662198543549,0.8333333134651184,0.26371097564697266
YDR390C,YJL102W,0,0.7282905,0.2416570782661438,0.8333333134651184,0.26381105184555054
YCL033C,YDL013W,0,0.7280461,0.2415875792503357,0.8333333134651184,0.2639111280441284
YJR112W,YAR044W,0,0.727562,0.24151811003684998,0.8333333134651184,0.2640112042427063
YHR029C,YKR100C,0,0.72604966,0.24144868552684784,0.8333333134651184,0.2641112804412842
YOL032W,YGR194C,0,0.72578293,0.24137930572032928,0.8333333134651184,0.26421135663986206
YNL182C,YPR175W,1,0.724636,0.2415972352027893,0.83432537317276,0.26421135663986206
YLR228C,YNL249C,0,0.724428,0.24152785539627075,0.83432537317276,0.26431146264076233
YER148W,YHR167W,0,0.7243895,0.24145850539207458,0.83432537317276,0.2644115388393402
YNL279W,YKL176C,0,0.72432846,0.2413892149925232,0.83432537317276,0.2645116150379181
YAL033W,YMR232W,0,0.723934,0.241319939494133,0.83432537317276,0.26461169123649597
YBR123C,YDR038C,0,0.72379875,0.24125072360038757,0.83432537317276,0.26471176743507385
YIL159W,YDR037W,0,0.72311383,0.24118153750896454,0.83432537317276,0.26481184363365173
YCR002C,YOR088W,0,0.72240585,0.2411123812198639,0.83432537317276,0.2649119198322296
YDR137W,YCL027W,0,0.7224,0.24104328453540802,0.83432537317276,0.2650119960308075
YML094W,YBR119W,0,0.7223982,0.24097421765327454,0.83432537317276,0.26511210203170776
YDR316W,YJR104C,0,0.7220354,0.24090518057346344,0.83432537317276,0.26521217823028564
YPL271W,YOR191W,0,0.72060204,0.24083620309829712,0.83432537317276,0.2653122544288635
YJL137C,YGL086W,0,0.72052246,0.24076725542545319,0.83432537317276,0.2654123306274414
YKL137W,YPR200C,0,0.7204695,0.24069833755493164,0.83432537317276,0.2655124068260193
YBR186W,YML014W,0,0.72000015,0.24062946438789368,0.83432537317276,0.26561248302459717
YDR372C,YPR138C,0,0.7197005,0.2405606359243393,0.83432537317276,0.26571255922317505
YIL046W,YOR358W,0,0.7193279,0.2404918521642685,0.83432537317276,0.26581263542175293
YLR172C,YHR200W,0,0.7192417,0.24042309820652008,0.83432537317276,0.2659127414226532
YBR186W,YML104C,0,0.71868795,0.24035438895225525,0.83432537317276,0.2660128176212311
YEL062W,YPL095C,0,0.7184718,0.2402857095003128,0.83432537317276,0.26611289381980896
YGR192C,YLR227C,0,0.7182415,0.24021707475185394,0.83432537317276,0.26621297001838684
YDR099W,YDR217C,1,0.7176762,0.24043403565883636,0.8353174328804016,0.26621297001838684
YIL044C,YNL314W,0,0.71744245,0.2403654009103775,0.8353174328804016,0.2663130462169647
YFL005W,YLR330W,0,0.7171428,0.24029681086540222,0.8353174328804016,0.2664131224155426
YPL123C,YKR028W,0,0.71639687,0.24022825062274933,0.8353174328804016,0.2665131986141205
YMR235C,YER014W,0,0.71575606,0.24015972018241882,0.8353174328804016,0.26661330461502075
YAL015C,YOL090W,1,0.71522087,0.24037638306617737,0.836309552192688,0.26661330461502075
YGL122C,YDR117C,0,0.7152207,0.24030786752700806,0.836309552192688,0.26671338081359863
YDR092W,YFR008W,0,0.715066,0.24023938179016113,0.836309552192688,0.2668134570121765
YHR059W,YKR061W,0,0.7147539,0.2401709407567978,0.836309552192688,0.2669135332107544
YDR304C,YDL078C,0,0.7146635,0.24010252952575684,0.836309552192688,0.2670136094093323
YER108C,YIR018W,0,0.714258,0.24003416299819946,0.836309552192688,0.26711368560791016
YMR242C,YML013W,0,0.713739,0.23996584117412567,0.836309552192688,0.26721376180648804
YGL151W,YJL026W,0,0.71351206,0.23989754915237427,0.836309552192688,0.2673138380050659
YDR451C,YFL060C,0,0.7131187,0.23982930183410645,0.836309552192688,0.2674139440059662
YML106W,YGR198W,0,0.71268785,0.2397610992193222,0.836309552192688,0.26751402020454407
YLR002C,YER129W,1,0.71234804,0.23997725546360016,0.8373016119003296,0.26751402020454407
YKL011C,YDR320C-A,0,0.7119637,0.23990903794765472,0.8373016119003296,0.26761409640312195
YOR217W,YBR142W,0,0.71071666,0.23984086513519287,0.8373016119003296,0.26771417260169983
YCR066W,YBR058C,0,0.71056175,0.2397727221250534,0.8373016119003296,0.2678142488002777
YGL220W,YOR023C,0,0.7103173,0.23970462381839752,0.8373016119003296,0.2679143249988556
YJR066W,YCL030C,0,0.7102899,0.23963657021522522,0.8373016119003296,0.26801440119743347
YIR002C,YPR023C,1,0.70997393,0.2398523986339569,0.8382936716079712,0.26801440119743347
YLR004C,YPL227C,0,0.70980453,0.2397843301296234,0.8382936716079712,0.26811447739601135
YNL074C,YJL061W,0,0.7095193,0.2397163063287735,0.8382936716079712,0.2682145833969116
YER093C,YCR012W,0,0.70946896,0.23964832723140717,0.8382936716079712,0.2683146595954895
YMR078C,YOR060C,1,0.7093243,0.23986390233039856,0.8392857313156128,0.2683146595954895
YOL063C,YBR160W,0,0.70817363,0.23979592323303223,0.8392857313156128,0.2684147357940674
YGL156W,YMR284W,0,0.7058138,0.23972797393798828,0.8392857313156128,0.26851481199264526
YPL175W,YDR046C,0,0.705416,0.23966005444526672,0.8392857313156128,0.26861488819122314
YKL113C,YHR191C,1,0.7048572,0.23987539112567902,0.8402777910232544,0.26861488819122314
YBR217W,YPL179W,0,0.70460916,0.23980747163295746,0.8402777910232544,0.268714964389801
YGR157W,YNL197C,0,0.704431,0.23973959684371948,0.8402777910232544,0.2688150405883789
YMR110C,YBL104C,0,0.7040518,0.2396717667579651,0.8402777910232544,0.2689151465892792
YBR244W,YOR140W,0,0.70390993,0.23960396647453308,0.8402777910232544,0.26901522278785706
YLR223C,YOR113W,0,0.702354,0.23953619599342346,0.8402777910232544,0.26911529898643494
YNL196C,YHR132C,0,0.7013581,0.23946847021579742,0.8402777910232544,0.2692153751850128
YBR110W,YDR163W,0,0.69990194,0.23940078914165497,0.8402777910232544,0.2693154513835907
YDR051C,YGR084C,0,0.69935066,0.2393331378698349,0.8402777910232544,0.2694155275821686
YGL223C,YMR029C,0,0.69843477,0.2392655313014984,0.8402777910232544,0.26951560378074646
YLR323C,YHR002W,0,0.698067,0.2391979694366455,0.8402777910232544,0.26961567997932434
YDR045C,YLR131C,0,0.6979366,0.239130437374115,0.8402777910232544,0.2697157859802246
YIL009C-A,YBL050W,0,0.6955876,0.23906293511390686,0.8402777910232544,0.2698158621788025
YNL039W,YDR062W,0,0.6952164,0.2389954924583435,0.8402777910232544,0.26991593837738037
YLR206W,YOR275C,0,0.6948525,0.23892806470394135,0.8402777910232544,0.27001601457595825
YBR044C,YLR268W,0,0.6945266,0.23886068165302277,0.8402777910232544,0.27011609077453613
YNL154C,YLR403W,0,0.6943939,0.23879334330558777,0.8402777910232544,0.270216166973114
YGR052W,YDR228C,0,0.69408154,0.23872604966163635,0.8402777910232544,0.2703162431716919
YNL263C,YGL044C,0,0.6935809,0.23865877091884613,0.8402777910232544,0.2704163193702698
YPL221W,YIL127C,0,0.69311947,0.23859155178070068,0.8402777910232544,0.27051642537117004
YPL213W,YDL010W,0,0.69304067,0.23852436244487762,0.8402777910232544,0.2706165015697479
YBR261C,YOL132W,0,0.691971,0.23845720291137695,0.8402777910232544,0.2707165777683258
YDR264C,YOR256C,0,0.69162536,0.23839008808135986,0.8402777910232544,0.2708166539669037
YIL039W,YKL032C,0,0.69141644,0.23832301795482635,0.8402777910232544,0.27091673016548157
YLR272C,YMR015C,0,0.69076896,0.23825597763061523,0.8402777910232544,0.27101680636405945
YLR323C,YDR331W,0,0.6894928,0.2381889820098877,0.8402777910232544,0.27111688256263733
YGL223C,YOR098C,0,0.6893317,0.23812201619148254,0.8402777910232544,0.2712169587612152
YLR284C,YIL005W,0,0.6891634,0.23805508017539978,0.8402777910232544,0.2713170647621155
YKR014C,YLR153C,0,0.6887662,0.2379882037639618,0.8402777910232544,0.27141714096069336
YJL203W,YBR078W,0,0.6886085,0.237921342253685,0.8402777910232544,0.27151721715927124
YGL162W,YIR018W,0,0.6881779,0.23785454034805298,0.8402777910232544,0.2716172933578491
YGL263W,YPL052W-A,0,0.6880011,0.23778775334358215,0.8402777910232544,0.271717369556427
YHR133C,YFR038W,0,0.68761986,0.2377210259437561,0.8402777910232544,0.2718174457550049
YDR315C,YDL008W,0,0.68630683,0.23765432834625244,0.8402777910232544,0.27191752195358276
YDR450W,YPR016C,0,0.68628186,0.23758766055107117,0.8402777910232544,0.27201762795448303
YMR171C,YOR023C,0,0.6853838,0.23752103745937347,0.8402777910232544,0.2721177041530609
YKL129C,YHR110W,0,0.6851454,0.23745444416999817,0.8402777910232544,0.2722177803516388
YMR234W,YJR046W,1,0.6844763,0.23766815662384033,0.841269850730896,0.2722177803516388
YBL084C,YKL198C,0,0.68336135,0.23760156333446503,0.841269850730896,0.2723178565502167
YBR236C,YPL133C,0,0.6822633,0.2375350147485733,0.841269850730896,0.27241793274879456
YNL311C,YOR336W,0,0.6821212,0.23746849596500397,0.841269850730896,0.27251800894737244
YGL169W,YIL098C,0,0.6820578,0.2374020218849182,0.841269850730896,0.2726180851459503
YAR033W,YBL056W,0,0.6813934,0.23733557760715485,0.841269850730896,0.2727181613445282
YNL026W,YOL065C,0,0.6811127,0.23726916313171387,0.841269850730896,0.27281826734542847
YBL037W,YNL049C,0,0.6810427,0.23720279335975647,0.841269850730896,0.27291834354400635
YJL134W,YGL178W,0,0.67958546,0.23713646829128265,0.841269850730896,0.27301841974258423
YKR008W,YFL006W,0,0.67924446,0.23707017302513123,0.841269850730896,0.2731184959411621
YBR237W,YGR090W,0,0.6783855,0.23700390756130219,0.841269850730896,0.27321857213974
YER019W,YMR263W,0,0.6781315,0.23693768680095673,0.841269850730896,0.27331864833831787
YJL014W,YGR233C,0,0.67790276,0.23687151074409485,0.841269850730896,0.27341872453689575
YNL090W,YOL056W,0,0.6775982,0.23680536448955536,0.841269850730896,0.27351880073547363
YBL039C,YER092W,0,0.67749727,0.23673924803733826,0.841269850730896,0.2736189067363739
YGR194C,YDR434W,0,0.676742,0.23667317628860474,0.841269850730896,0.2737189829349518
YPR181C,YER149C,0,0.676188,0.2366071492433548,0.841269850730896,0.27381905913352966
YGL122C,YJR059W,0,0.67469054,0.23654113709926605,0.841269850730896,0.27391913533210754
YEL013W,YMR292W,0,0.673655,0.23647518455982208,0.841269850730896,0.2740192115306854
YBR193C,YLR214W,0,0.67330486,0.2364092618227005,0.841269850730896,0.2741192877292633
YOR264W,YPL036W,0,0.6732862,0.2363433688879013,0.841269850730896,0.2742193639278412
YGL162W,YMR061W,0,0.6732345,0.2362775206565857,0.841269850730896,0.27431946992874146
YDL150W,YNL138W,0,0.6724296,0.23621170222759247,0.841269850730896,0.27441954612731934
YDR171W,YOR159C,0,0.67139393,0.23614591360092163,0.841269850730896,0.2745196223258972
YBL021C,YBR262C,0,0.6702096,0.23608018457889557,0.841269850730896,0.2746196985244751
YPL013C,YPL195W,0,0.67019206,0.2360144704580307,0.841269850730896,0.274719774723053
YDR097C,YAL013W,1,0.67017764,0.23622705042362213,0.8422619104385376,0.274719774723053
YMR306W,YOR211C,0,0.6699765,0.23616133630275726,0.8422619104385376,0.27481985092163086
YFR013W,YNL328C,0,0.6699503,0.23609566688537598,0.8422619104385376,0.27491992712020874
YDR085C,YPR165W,0,0.66928273,0.23603002727031708,0.8422619104385376,0.2750200033187866
YDL222C,YLR309C,0,0.6683441,0.23596441745758057,0.8422619104385376,0.2751201093196869
YJR010W,YNL158W,0,0.668274,0.23589886724948883,0.8422619104385376,0.27522018551826477
YGR097W,YLR021W,0,0.6680908,0.2358333319425583,0.8422619104385376,0.27532026171684265
YGL210W-A,YPL271W,0,0.66747755,0.23576784133911133,0.8422619104385376,0.27542033791542053
YNR016C,YIL115C,0,0.66714865,0.23570238053798676,0.8422619104385376,0.2755204141139984
YLR430W,YJL072C,1,0.6669711,0.23591451346874237,0.8432539701461792,0.2755204141139984
YGR180C,YBR276C,1,0.6668281,0.23612652719020844,0.8442460298538208,0.2755204141139984
YCR033W,YLL018C,0,0.6663328,0.23606102168560028,0.8442460298538208,0.2756204903125763
YHR079C,YDL134C,0,0.6651627,0.2359955608844757,0.8442460298538208,0.2757205665111542
YBL023C,YFL033C,0,0.66475964,0.23593012988567352,0.8442460298538208,0.27582064270973206
YNL138W,YNL053W,0,0.6644152,0.23586474359035492,0.8442460298538208,0.2759207487106323
YIL036W,YDR296W,0,0.6641347,0.2357993870973587,0.8442460298538208,0.2760208249092102
YCR066W,YDL093W,0,0.66369754,0.23573407530784607,0.8442460298538208,0.2761209011077881
YBR136W,YDL031W,0,0.6633088,0.23566879332065582,0.8442460298538208,0.27622097730636597
YDR480W,YHR198C,0,0.6630845,0.23560354113578796,0.8442460298538208,0.27632105350494385
YPR066W,YFL006W,0,0.66114736,0.2355383336544037,0.8442460298538208,0.27642112970352173
YMR200W,YOR177C,0,0.66076547,0.2354731559753418,0.8442460298538208,0.2765212059020996
YDL150W,YPL207W,0,0.6606051,0.2354080229997635,0.8442460298538208,0.2766213119029999
YMR227C,YDL048C,0,0.65992236,0.23534291982650757,0.8442460298538208,0.27672138810157776
YJL090C,YHR085W,1,0.6593528,0.23555432260036469,0.8452380895614624,0.27672138810157776
YDR419W,YPR198W,0,0.65927976,0.23548921942710876,0.8452380895614624,0.27682146430015564
YMR077C,YEL071W,0,0.6588339,0.23542414605617523,0.8452380895614624,0.2769215404987335
YNL326C,YOR165W,0,0.6583614,0.23535911738872528,0.8452380895614624,0.2770216166973114
YER028C,YBR082C,0,0.65815777,0.23529411852359772,0.8452380895614624,0.2771216928958893
YPL147W,YKL188C,0,0.6578226,0.23522914946079254,0.8452380895614624,0.27722176909446716
YGR270W,YER101C,0,0.6574658,0.23516422510147095,0.8452380895614624,0.27732184529304504
YDR475C,YOL044W,0,0.65692466,0.23509933054447174,0.8452380895614624,0.2774219512939453
YBR227C,YGR142W,0,0.6563268,0.23503448069095612,0.8452380895614624,0.2775220274925232
YMR277W,YMR058W,0,0.6559947,0.23496966063976288,0.8452380895614624,0.2776221036911011
YDR036C,YLR085C,0,0.6559925,0.23490488529205322,0.8452380895614624,0.27772217988967896
YGR099W,YOR047C,0,0.6559828,0.23484013974666595,0.8452380895614624,0.27782225608825684
YPL140C,YHR088W,0,0.6558222,0.23477542400360107,0.8452380895614624,0.2779223322868347
YOR163W,YPR181C,0,0.65567595,0.23471073806285858,0.8452380895614624,0.2780224084854126
YHR178W,YOL022C,0,0.6553775,0.23464609682559967,0.8452380895614624,0.2781224846839905
YOR088W,YNL072W,0,0.65486914,0.23458150029182434,0.8452380895614624,0.27822259068489075
YGR249W,YKL017C,0,0.65404737,0.2345169335603714,0.8452380895614624,0.27832266688346863
YOR353C,YHR157W,0,0.6537926,0.23445239663124084,0.8452380895614624,0.2784227430820465
YDL126C,YPR175W,1,0.65366477,0.2346629947423935,0.846230149269104,0.2784227430820465
YJL061W,YDR324C,0,0.652986,0.23459845781326294,0.846230149269104,0.2785228192806244
YGL113W,YKR069W,0,0.6528113,0.23453395068645477,0.846230149269104,0.27862289547920227
YPR065W,YMR197C,0,0.6516126,0.2344694882631302,0.846230149269104,0.27872297167778015
YOL016C,YLR153C,0,0.6509194,0.234405055642128,0.846230149269104,0.27882304787635803
YHR085W,YDR121W,1,0.65047127,0.23461538553237915,0.8472222089767456,0.27882304787635803
YOL061W,YDR407C,0,0.6504273,0.23455095291137695,0.8472222089767456,0.2789231240749359
YGR076C,YKR100C,0,0.65016943,0.23448655009269714,0.8472222089767456,0.2790232300758362
YPL221W,YPL195W,0,0.64852244,0.23442217707633972,0.8472222089767456,0.27912330627441406
YFL018C,YLR353W,0,0.64820546,0.23435784876346588,0.8472222089767456,0.27922338247299194
YER114C,YDR346C,0,0.64691556,0.23429355025291443,0.8472222089767456,0.2793234586715698
YDR326C,YBR082C,0,0.64664716,0.23422929644584656,0.8472222089767456,0.2794235348701477
YDR054C,YER143W,1,0.6466269,0.23443926870822906,0.8482142686843872,0.2794235348701477
YPL095C,YBR082C,0,0.6462311,0.234375,0.8482142686843872,0.2795236110687256
YNL053W,YCR004C,0,0.6461683,0.23431077599525452,0.8482142686843872,0.27962368726730347
YBL056W,YLR213C,0,0.64612955,0.23424658179283142,0.8482142686843872,0.27972379326820374
YPL219W,YOR042W,0,0.64496833,0.2341824173927307,0.8482142686843872,0.2798238694667816
YKL025C,YGL017W,0,0.64403594,0.2341182976961136,0.8482142686843872,0.2799239456653595
YLL015W,YJL047C,0,0.6436052,0.23405420780181885,0.8482142686843872,0.2800240218639374
YNL121C,YDL093W,0,0.64355385,0.2339901477098465,0.8482142686843872,0.28012409806251526
YGL053W,YDR457W,0,0.6433072,0.23392613232135773,0.8482142686843872,0.28022417426109314
YDR106W,YBR121C,0,0.6425354,0.23386214673519135,0.8482142686843872,0.280324250459671
YKL214C,YDR358W,0,0.6419737,0.23379819095134735,0.8482142686843872,0.2804243266582489
YAL062W,YGL230C,0,0.6416691,0.23373427987098694,0.8482142686843872,0.28052443265914917
YNL239W,YDL194W,0,0.6416083,0.2336703985929489,0.8482142686843872,0.28062450885772705
YAR031W,YGR156W,0,0.6413659,0.23360656201839447,0.8482142686843872,0.28072458505630493
YIL022W,YIL014W,0,0.64109355,0.23354275524616241,0.8482142686843872,0.2808246612548828
YFR011C,YDR457W,0,0.64065725,0.23347897827625275,0.8482142686843872,0.2809247374534607
YNL094W,YKL042W,0,0.63995355,0.23341523110866547,0.8482142686843872,0.2810248136520386
YAL005C,YPL167C,0,0.6393283,0.23335152864456177,0.8482142686843872,0.28112488985061646
YKL138C-A,YMR192W,0,0.63906395,0.23328785598278046,0.8482142686843872,0.28122496604919434
YKR036C,YOR219C,0,0.6388976,0.23322422802448273,0.8482142686843872,0.2813250720500946
YIR036C,YOL063C,0,0.63856643,0.2331606149673462,0.8482142686843872,0.2814251482486725
YGL257C,YNL133C,0,0.6378723,0.23309706151485443,0.8482142686843872,0.28152522444725037
YDL004W,YML102W,0,0.63779247,0.23303352296352386,0.8482142686843872,0.28162530064582825
YDR409W,YPL087W,0,0.63775903,0.23297002911567688,0.8482142686843872,0.28172537684440613
YOR119C,YPR124W,0,0.6377444,0.23290656507015228,0.8482142686843872,0.281825453042984
YEL022W,YBR085W,0,0.63722783,0.23284313082695007,0.8482142686843872,0.2819255292415619
YOL043C,YPL052W-A,0,0.6371428,0.23277974128723145,0.8482142686843872,0.28202563524246216
YCR028C-A,YLL004W,1,0.6364315,0.23298856616020203,0.8492063283920288,0.28202563524246216
YLR022C,YCR097W,0,0.635463,0.2329251766204834,0.8492063283920288,0.28212571144104004
YLR268W,YGL223C,0,0.6352921,0.23286180198192596,0.8492063283920288,0.2822257876396179
YJL210W,YOR159C,0,0.63499874,0.2327984720468521,0.8492063283920288,0.2823258638381958
YMR176W,YOR119C,0,0.63447285,0.23273518681526184,0.8492063283920288,0.2824259400367737
YBL035C,YCL060C,1,0.6344586,0.23294372856616974,0.8501983880996704,0.2824259400367737
YDR052C,YJL136C,0,0.6335973,0.23288042843341827,0.8501983880996704,0.28252601623535156
YDL049C,YHR176W,0,0.63358945,0.2328171730041504,0.8501983880996704,0.28262609243392944
YKR014C,YLR079W,0,0.63334936,0.2327539324760437,0.8501983880996704,0.2827261686325073
YHR029C,YIL008W,0,0.6332355,0.2326907366514206,0.8501983880996704,0.2828262746334076
YPL237W,YBL020W,0,0.6325472,0.23262758553028107,0.8501983880996704,0.2829263508319855
YHR193C,YLR337W,0,0.63238186,0.23256444931030273,0.8501983880996704,0.28302642703056335
YKR058W,YGL145W,0,0.632104,0.23250135779380798,0.8501983880996704,0.28312650322914124
YNL003C,YDR460W,0,0.6320037,0.23243829607963562,0.8501983880996704,0.2832265794277191
YKL209C,YKL174C,0,0.63127387,0.23237526416778564,0.8501983880996704,0.283326655626297
YDR515W,YOR019W,0,0.63061476,0.23231227695941925,0.8501983880996704,0.2834267318248749
YMR129W,YOR036W,0,0.62992936,0.23224931955337524,0.8501983880996704,0.28352680802345276
YOL073C,YPL141C,0,0.6293468,0.23218639194965363,0.8501983880996704,0.283626914024353
YPL159C,YNL025C,0,0.6292546,0.2321235090494156,0.8501983880996704,0.2837269902229309
YJL012C-A,YOL061W,0,0.62875605,0.23206065595149994,0.8501983880996704,0.2838270664215088
YPR120C,YNL102W,1,0.62862474,0.2322685420513153,0.851190447807312,0.2838270664215088
YGR082W,YLR078C,0,0.6278696,0.23220568895339966,0.851190447807312,0.28392714262008667
YBR049C,YCR021C,0,0.6277473,0.2321428507566452,0.851190447807312,0.28402721881866455
YNL273W,YLR116W,0,0.62674916,0.23208007216453552,0.851190447807312,0.28412729501724243
YDL035C,YOR070C,0,0.6249708,0.23201730847358704,0.851190447807312,0.2842273712158203
YML034W,YDR101C,0,0.62430555,0.23195458948612213,0.851190447807312,0.2843274474143982
YDL074C,YLR154C,1,0.62327045,0.23216216266155243,0.8521825671195984,0.2843274474143982
YHR156C,YLR268W,0,0.62287325,0.23209942877292633,0.8521825671195984,0.28442755341529846
YLR320W,YCL060C,1,0.6218944,0.23230686783790588,0.85317462682724,0.28442755341529846
YBR111W-A,YKR081C,0,0.6209449,0.2322441190481186,0.85317462682724,0.28452762961387634
YDR086C,YDR251W,0,0.6204536,0.23218142986297607,0.85317462682724,0.2846277058124542
YDR536W,YGR184C,0,0.61925,0.23211875557899475,0.85317462682724,0.2847277820110321
YOR096W,YOR265W,0,0.61878324,0.232056125998497,0.85317462682724,0.28482785820961
YIL135C,YBR271W,0,0.6185791,0.23199352622032166,0.85317462682724,0.28492793440818787
YPL064C,YFL029C,0,0.6185403,0.2319309562444687,0.85317462682724,0.28502801060676575
YHR129C,YNL259C,0,0.61779094,0.2318684309720993,0.85317462682724,0.285128116607666
YCL060C,YPR188C,0,0.6175528,0.2318059355020523,0.85317462682724,0.2852281928062439
YPL175W,YCR091W,0,0.6174284,0.2317434698343277,0.85317462682724,0.2853282690048218
YGL111W,YKR013W,0,0.6172587,0.23168103396892548,0.85317462682724,0.28542834520339966
YKL137W,YOR027W,0,0.6169007,0.23161864280700684,0.85317462682724,0.28552842140197754
YKL039W,YNR011C,0,0.6167699,0.2315562665462494,0.85317462682724,0.2856284976005554
YLR118C,YML103C,0,0.61634195,0.23149394989013672,0.85317462682724,0.2857285737991333
YER155C,YJL153C,0,0.6161271,0.23143164813518524,0.85317462682724,0.2858286499977112
YOR113W,YHR091C,0,0.6160955,0.23136939108371735,0.85317462682724,0.28592875599861145
YOL054W,YOR380W,0,0.6153992,0.23130714893341064,0.85317462682724,0.28602883219718933
YPR052C,YGL153W,0,0.6151405,0.23124495148658752,0.85317462682724,0.2861289083957672
YDR110W,YPR023C,1,0.61500233,0.231451615691185,0.8541666865348816,0.2861289083957672
YHR079C,YDL179W,0,0.6142971,0.23138941824436188,0.8541666865348816,0.2862289845943451
YLR113W,YPL016W,1,0.6139377,0.23159591853618622,0.8551587462425232,0.2862289845943451
YBR102C,YDR263C,0,0.6137824,0.2315337061882019,0.8551587462425232,0.286329060792923
YLR102C,YGL022W,0,0.6134245,0.23147153854370117,0.8551587462425232,0.28642913699150085
YDL074C,YHR197W,1,0.61242217,0.23167784512043,0.8561508059501648,0.28642913699150085
YGL098W,YDR365C,0,0.6118148,0.23161567747592926,0.8561508059501648,0.28652921319007874
YKR020W,YNL192W,0,0.6111171,0.23155352473258972,0.8561508059501648,0.2866292893886566
YGL013C,YOR347C,0,0.61031437,0.23149141669273376,0.8561508059501648,0.2867293953895569
YJR014W,YDR482C,0,0.6096504,0.2314293384552002,0.8561508059501648,0.28682947158813477
YNL119W,YEL006W,0,0.6093017,0.231367290019989,0.8561508059501648,0.28692954778671265
YIL138C,YOR036W,0,0.6080404,0.2313052862882614,0.8561508059501648,0.2870296239852905
YMR304W,YDR460W,0,0.6074669,0.231243297457695,0.8561508059501648,0.2871297001838684
YLR016C,YBR018C,0,0.6073129,0.23118135333061218,0.8561508059501648,0.2872297763824463
YKR010C,YOR140W,0,0.60703975,0.23111943900585175,0.8561508059501648,0.28732985258102417
YDR540C,YFL035C-A,0,0.6067758,0.2310575693845749,0.8561508059501648,0.28742995858192444
YLR136C,YOR094W,0,0.60623676,0.23099571466445923,0.8561508059501648,0.2875300347805023
YOL069W,YGL261C,0,0.6062053,0.23093390464782715,0.8561508059501648,0.2876301109790802
YNL281W,YKL086W,0,0.60463697,0.23087212443351746,0.8561508059501648,0.2877301871776581
YOR140W,YPR042C,0,0.6043238,0.23081037402153015,0.8561508059501648,0.28783026337623596
YPL180W,YGL121C,0,0.60431516,0.23074866831302643,0.8561508059501648,0.28793033957481384
YGR274C,YCR083W,0,0.6034394,0.2306869775056839,0.8561508059501648,0.2880304157733917
YPL129W,YBL101C,0,0.6032982,0.23062533140182495,0.8561508059501648,0.2881304919719696
YGR074W,YDR534C,0,0.6027372,0.2305637151002884,0.8561508059501648,0.2882305979728699
YER164W,YHL015W,0,0.60260934,0.2305021435022354,0.8561508059501648,0.28833067417144775
YHR123W,YIL115C,0,0.6024317,0.23044058680534363,0.8561508059501648,0.28843075037002563
YGL135W,YMR069W,0,0.60213333,0.23037907481193542,0.8561508059501648,0.2885308265686035
YKR102W,YKL221W,0,0.60204834,0.2303175926208496,0.8561508059501648,0.2886309027671814
YAL016W,YPR090W,0,0.60198706,0.23025614023208618,0.8561508059501648,0.2887309789657593
YPR119W,YBR082C,0,0.5998594,0.23019471764564514,0.8561508059501648,0.28883105516433716
YOL043C,YDR524C,0,0.59862304,0.23013333976268768,0.8561508059501648,0.28893113136291504
YDR406W,YLR268W,0,0.59793425,0.23007197678089142,0.8561508059501648,0.2890312373638153
YMR235C,YPL203W,0,0.59767705,0.23001065850257874,0.8561508059501648,0.2891313135623932
YBR062C,YDR451C,0,0.59758145,0.22994937002658844,0.8561508059501648,0.28923138976097107
YLR361C,YDR470C,0,0.5975377,0.22988812625408173,0.8561508059501648,0.28933146595954895
YGL195W,YJL076W,0,0.59720606,0.2298268973827362,0.8561508059501648,0.28943154215812683
YOR155C,YBR245C,0,0.5971779,0.22976571321487427,0.8561508059501648,0.2895316183567047
YAL042W,YLR424W,0,0.59614044,0.22970455884933472,0.8561508059501648,0.2896316945552826
YNL054W,YLR337W,0,0.59603566,0.22964343428611755,0.8561508059501648,0.2897317707538605
YDR120C,YER159C,0,0.59499246,0.22958233952522278,0.8561508059501648,0.28983187675476074
YIR015W,YLR205C,0,0.5949127,0.2295212745666504,0.8561508059501648,0.2899319529533386
YFL036W,YGL113W,1,0.5944306,0.2297261357307434,0.8571428656578064,0.2899319529533386
YML052W,YHR011W,0,0.5926247,0.22966507077217102,0.8571428656578064,0.2900320291519165
YBR160W,YAL021C,1,0.59249187,0.2298697829246521,0.858134925365448,0.2900320291519165
YJL019W,YDR511W,0,0.5910289,0.2298087179660797,0.858134925365448,0.2901321053504944
YBR105C,YGR187C,0,0.5900336,0.2297476828098297,0.858134925365448,0.29023218154907227
YLR056W,YMR263W,0,0.5899543,0.2296866774559021,0.858134925365448,0.29033225774765015
YIL004C,YKL097W-A,0,0.5899306,0.22962570190429688,0.858134925365448,0.290432333946228
YDR013W,YGL068W,0,0.5896885,0.22956475615501404,0.858134925365448,0.2905324399471283
YJR060W,YDR225W,0,0.5890574,0.2295038402080536,0.858134925365448,0.2906325161457062
YJL209W,YDR472W,0,0.5888788,0.22944296896457672,0.858134925365448,0.29073259234428406
YGR271C-A,YNL148C,0,0.5876793,0.22938212752342224,0.858134925365448,0.29083266854286194
YML058W,YBR087W,1,0.5876405,0.2295864224433899,0.8591269850730896,0.29083266854286194
YLR272C,YCR100C,0,0.5868372,0.2295255810022354,0.8591269850730896,0.2909327447414398
YBR034C,YLR387C,0,0.5866664,0.22946475446224213,0.8591269850730896,0.2910328209400177
YDR054C,YER068W,0,0.58616793,0.22940397262573242,0.8591269850730896,0.2911328971385956
YJL173C,YOR060C,1,0.5856872,0.22960804402828217,0.8601190447807312,0.2911328971385956
YJR066W,YOR353C,0,0.5850199,0.22954726219177246,0.8601190447807312,0.29123297333717346
YBR059C,YPR082C,0,0.58453894,0.22948649525642395,0.8601190447807312,0.29133307933807373
YCR003W,YNL293W,0,0.58435214,0.22942577302455902,0.8601190447807312,0.2914331555366516
YJR007W,YNL032W,0,0.5841113,0.22936508059501648,0.8601190447807312,0.2915332317352295
YLR126C,YBR281C,0,0.5839638,0.22930441796779633,0.8601190447807312,0.2916333079338074
YGL210W-A,YNL126W,0,0.5837409,0.22924378514289856,0.8601190447807312,0.29173338413238525
YFR010W,YGL257C,0,0.583634,0.22918318212032318,0.8601190447807312,0.29183346033096313
YOR322C,YOR067C,0,0.58344567,0.22912262380123138,0.8601190447807312,0.291933536529541
YKL087C,YOR193W,0,0.5833686,0.22906208038330078,0.8601190447807312,0.2920336127281189
YGR234W,YER144C,0,0.5830951,0.22900158166885376,0.8601190447807312,0.29213371872901917
YAL043C,YPR086W,0,0.5830367,0.22894111275672913,0.8601190447807312,0.29223379492759705
YJL026W,YAR007C,1,0.58284813,0.22914466261863708,0.8611111044883728,0.29223379492759705
YDR462W,YLR096W,0,0.58269703,0.22908419370651245,0.8611111044883728,0.2923338711261749
YDR041W,YDR308C,0,0.5825375,0.229023739695549,0.8611111044883728,0.2924339473247528
YKL053C-A,YOL125W,0,0.5821772,0.22896333038806915,0.8611111044883728,0.2925340235233307
YIL010W,YDR337W,0,0.5819473,0.22890295088291168,0.8611111044883728,0.29263409972190857
YDR385W,YPL209C,0,0.58102626,0.2288426011800766,0.8611111044883728,0.29273417592048645
YKL117W,YKR063C,0,0.5806789,0.2287822812795639,0.8611111044883728,0.2928342819213867
YDL030W,YNL173C,0,0.5800351,0.2287220060825348,0.8611111044883728,0.2929343581199646
YML012W,YER019C-A,0,0.5798101,0.22866174578666687,0.8611111044883728,0.2930344343185425
YKL138C-A,YPL112C,0,0.5783174,0.22860153019428253,0.8611111044883728,0.29313451051712036
YDR393W,YDL091C,0,0.5781317,0.22854134440422058,0.8611111044883728,0.29323458671569824
YNR060W,YEL041W,0,0.5779744,0.22848117351531982,0.8611111044883728,0.2933346629142761
YGR172C,YHL019C,0,0.5767326,0.22842104732990265,0.8611111044883728,0.293434739112854
YIL062C,YGR096W,0,0.5761755,0.22836095094680786,0.8611111044883728,0.2935348153114319
YLR328W,YJL214W,0,0.5754751,0.22830089926719666,0.8611111044883728,0.29363492131233215
YAR031W,YPR104C,0,0.5752999,0.22824086248874664,0.8611111044883728,0.29373499751091003
YGL005C,YFL045C,0,0.57514375,0.22818085551261902,0.8611111044883728,0.2938350737094879
YGL212W,YGR024C,0,0.5744018,0.22812089323997498,0.8611111044883728,0.2939351499080658
YDR372C,YPL218W,0,0.57297003,0.22806096076965332,0.8611111044883728,0.2940352261066437
YMR285C,YBR006W,0,0.57272893,0.22800105810165405,0.8611111044883728,0.29413530230522156
YIL066C,YPL029W,1,0.57253784,0.22820378839969635,0.8621031641960144,0.29413530230522156
YNL074C,YJL162C,0,0.5719782,0.2281438708305359,0.8621031641960144,0.29423537850379944
YFL009W,YGR199W,0,0.5717841,0.22808398306369781,0.8621031641960144,0.2943354547023773
YDR143C,YNL031C,0,0.5707094,0.22802414000034332,0.8621031641960144,0.2944355607032776
YDR098C,YGR090W,0,0.57018,0.22796432673931122,0.8621031641960144,0.29453563690185547
YCR083W,YML027W,0,0.5700148,0.2279045432806015,0.8621031641960144,0.29463571310043335
YKL155C,YDL079C,0,0.5695335,0.22784478962421417,0.8621031641960144,0.29473578929901123
YEL040W,YKL158W,0,0.56884146,0.22778506577014923,0.8621031641960144,0.2948358654975891
YDL190C,YMR264W,0,0.56874126,0.22772537171840668,0.8621031641960144,0.294935941696167
YBL015W,YGL090W,0,0.56849045,0.2276657074689865,0.8621031641960144,0.2950360178947449
YIR002C,YLR237W,0,0.56847423,0.22760607302188873,0.8621031641960144,0.29513609409332275
YLR274W,YHR191C,1,0.56810886,0.22780832648277283,0.863095223903656,0.29513609409332275
YBL015W,YNL272C,0,0.567431,0.22774869203567505,0.863095223903656,0.295236200094223
YLR069C,YOR154W,0,0.5672745,0.22768908739089966,0.863095223903656,0.2953362762928009
YLR385C,YHL033C,0,0.5667512,0.22762951254844666,0.863095223903656,0.2954363524913788
YMR063W,YGR140W,0,0.56595117,0.22756996750831604,0.863095223903656,0.29553642868995667
YMR198W,YAR020C,0,0.56548196,0.227510467171669,0.863095223903656,0.29563650488853455
YBL005W-A,YNL005C,0,0.5652885,0.22745098173618317,0.863095223903656,0.2957365810871124
YDL120W,YGR231C,0,0.5648872,0.22739152610301971,0.863095223903656,0.2958366572856903
YML033W,YLR068W,0,0.5648293,0.22733211517333984,0.863095223903656,0.2959367632865906
YOL156W,YHR139C,0,0.56444913,0.22727273404598236,0.863095223903656,0.29603683948516846
YOL165C,YJL003W,0,0.56412077,0.22721336781978607,0.863095223903656,0.29613691568374634
YMR202W,YDR517W,0,0.56325424,0.22715404629707336,0.863095223903656,0.2962369918823242
YOR155C,YPR121W,0,0.56309307,0.22709475457668304,0.863095223903656,0.2963370680809021
YAL062W,YMR112C,0,0.5621548,0.2270354926586151,0.863095223903656,0.29643714427948
YPL177C,YBL104C,0,0.561508,0.22697626054286957,0.863095223903656,0.29653722047805786
YOR008C,YPR106W,0,0.56135374,0.2269170582294464,0.863095223903656,0.29663729667663574
YJL013C,YPL052W-A,0,0.561306,0.22685788571834564,0.863095223903656,0.296737402677536
YNL146W,YBL091C,0,0.56115836,0.22679874300956726,0.863095223903656,0.2968374788761139
YDR067C,YEL055C,0,0.5610369,0.22673964500427246,0.863095223903656,0.2969375550746918
YMR200W,YMR198W,0,0.56054914,0.22668056190013885,0.863095223903656,0.29703763127326965
YIL085C,YIR003W,0,0.56026685,0.22662150859832764,0.863095223903656,0.29713770747184753
YMR024W,YHR164C,0,0.5601625,0.2265625,0.863095223903656,0.2972377836704254
YML110C,YNL094W,0,0.5598334,0.22650352120399475,0.863095223903656,0.2973378598690033
YLR002C,YOL086W-A,1,0.55947584,0.22670483589172363,0.8640872836112976,0.2973378598690033
YML067C,YGR156W,0,0.5594321,0.2266458421945572,0.8640872836112976,0.2974379360675812
YCL010C,YOL012C,0,0.5592175,0.22658689320087433,0.8640872836112976,0.29753804206848145
YOL065C,YHR198C,0,0.5589718,0.22652795910835266,0.8640872836112976,0.2976381182670593
YLR144C,YDR066C,0,0.5587119,0.22646905481815338,0.8640872836112976,0.2977381944656372
YAR031W,YOL108C,0,0.5581336,0.22641019523143768,0.8640872836112976,0.2978382706642151
YOR377W,YJL214W,0,0.5576231,0.22635135054588318,0.8640872836112976,0.29793834686279297
YIL166C,YNL248C,0,0.55736,0.22629255056381226,0.8640872836112976,0.29803842306137085
YGR212W,YGR170W,0,0.5564918,0.22623376548290253,0.8640872836112976,0.29813849925994873
YLR307W,YLR078C,0,0.5552784,0.22617502510547638,0.8640872836112976,0.298238605260849
YKL193C,YIL005W,0,0.5550298,0.22611629962921143,0.8640872836112976,0.2983386814594269
YOR349W,YNL321W,0,0.5548826,0.22605761885643005,0.8640872836112976,0.29843875765800476
YOL156W,YLR139C,0,0.5543142,0.22599896788597107,0.8640872836112976,0.29853883385658264
YAL002W,YMR101C,0,0.5538607,0.22594033181667328,0.8640872836112976,0.2986389100551605
YNL154C,YDR498C,0,0.55366397,0.22588174045085907,0.8640872836112976,0.2987389862537384
YJL026W,YNL273W,1,0.55353355,0.226082444190979,0.8650793433189392,0.2987389862537384
YHL031C,YGR218W,0,0.5531601,0.2260238528251648,0.8650793433189392,0.2988390624523163
YDR363W-A,YER023W,0,0.553044,0.22596527636051178,0.8650793433189392,0.29893913865089417
YCL010C,YDR099W,0,0.5526949,0.22590672969818115,0.8650793433189392,0.29903924465179443
YJL170C,YKL116C,0,0.55120355,0.2258482277393341,0.8650793433189392,0.2991393208503723
YBL082C,YER117W,0,0.55100447,0.22578974068164825,0.8650793433189392,0.2992393970489502
YNL325C,YKL182W,0,0.55093807,0.22573129832744598,0.8650793433189392,0.2993394732475281
YFL027C,YDL060W,0,0.5503611,0.2256728708744049,0.8650793433189392,0.29943954944610596
YJL128C,YMR264W,0,0.54989725,0.2256144881248474,0.8650793433189392,0.29953962564468384
YLR353W,YGR043C,0,0.54957366,0.2255561351776123,0.8650793433189392,0.2996397018432617
YOL077C,YMR050C,0,0.54947823,0.2254977971315384,0.8650793433189392,0.2997397780418396
YDL139C,YML081W,0,0.54578054,0.22543950378894806,0.8650793433189392,0.29983988404273987
YOR030W,YDR371W,0,0.54450965,0.22538124024868011,0.8650793433189392,0.29993996024131775
YNR063W,YBR237W,0,0.54397726,0.22532299160957336,0.8650793433189392,0.30004003643989563
YDR085C,YIL138C,0,0.5432259,0.2252647876739502,0.8650793433189392,0.3001401126384735
YBR164C,YHR091C,0,0.54309046,0.22520661354064941,0.8650793433189392,0.3002401888370514
YLR079W,YML095C,0,0.54282385,0.22514846920967102,0.8650793433189392,0.3003402650356293
YDR439W,YIL076W,0,0.5419708,0.22509033977985382,0.8650793433189392,0.30044034123420715
YNL278W,YML121W,0,0.5417314,0.2250322550535202,0.8650793433189392,0.3005404472351074
YGL116W,YML116W,0,0.541142,0.22497420012950897,0.8650793433189392,0.3006405234336853
YKL174C,YOR266W,0,0.54076976,0.22491617500782013,0.8650793433189392,0.3007405996322632
YMR171C,YMR037C,0,0.5393118,0.22485817968845367,0.8650793433189392,0.30084067583084106
YOR177C,YOL113W,0,0.539249,0.2248001992702484,0.8650793433189392,0.30094075202941895
YMR133W,YBR240C,0,0.5389636,0.22474226355552673,0.8650793433189392,0.3010408282279968
YOR386W,YFL004W,0,0.5385373,0.22468435764312744,0.8650793433189392,0.3011409044265747
YML104C,YKL146W,0,0.53842735,0.22462648153305054,0.8650793433189392,0.3012409806251526
YGL141W,YEL069C,0,0.53811693,0.22456863522529602,0.8650793433189392,0.30134108662605286
YPR186C,YPL219W,0,0.53788626,0.2245108187198639,0.8650793433189392,0.30144116282463074
YGR171C,YDR072C,0,0.53754544,0.22445301711559296,0.8650793433189392,0.3015412390232086
YGR221C,YBL071W-A,0,0.53750306,0.2243952602148056,0.8650793433189392,0.3016413152217865
YPL143W,YHR199C-A,0,0.5370741,0.22433753311634064,0.8650793433189392,0.3017413914203644
YPL166W,YDL066W,0,0.5369018,0.22427983582019806,0.8650793433189392,0.30184146761894226
YDR246W,YNL078W,0,0.5366403,0.22422216832637787,0.8650793433189392,0.30194154381752014
YGR053C,YKL108W,1,0.5364416,0.22442159056663513,0.8660714030265808,0.30194154381752014
YGL249W,YOR010C,0,0.53633827,0.22436392307281494,0.8660714030265808,0.302041620016098
YHR074W,YCR089W,0,0.53594846,0.22430627048015594,0.8660714030265808,0.3021417260169983
YAL011W,YBR065C,0,0.535703,0.22424864768981934,0.8660714030265808,0.30224180221557617
YKR064W,YGR192C,0,0.53508,0.2241910696029663,0.8660714030265808,0.30234187841415405
YPR102C,YML010W,0,0.5347,0.22413350641727448,0.8660714030265808,0.30244195461273193
YGR231C,YJR126C,0,0.53468674,0.22407597303390503,0.8660714030265808,0.3025420308113098
YIR008C,YOR155C,0,0.5338641,0.22401846945285797,0.8660714030265808,0.3026421070098877
YOR381W,YNL321W,0,0.5332676,0.2239610105752945,0.8660714030265808,0.3027421832084656
YDR486C,YPR182W,0,0.5328773,0.2239035665988922,0.8660714030265808,0.30284225940704346
YKR031C,YNL230C,0,0.53229713,0.22384615242481232,0.8660714030265808,0.3029423654079437
YIL135C,YKR054C,0,0.53193533,0.2237887680530548,0.8660714030265808,0.3030424416065216
YER045C,YFL035C-A,0,0.5316996,0.2237314134836197,0.8660714030265808,0.3031425178050995
YKL200C,YOL095C,0,0.5315974,0.22367410361766815,0.8660714030265808,0.30324259400367737
YDR129C,YIL154C,0,0.5311773,0.2236168086528778,0.8660714030265808,0.30334267020225525
YML038C,YLL003W,0,0.530863,0.22355954349040985,0.8660714030265808,0.30344274640083313
YER061C,YCR020W-B,0,0.5302894,0.22350230813026428,0.8660714030265808,0.303542822599411
YMR053C,YKL116C,0,0.52900803,0.2234451025724411,0.8660714030265808,0.3036429286003113
YGL005C,YCL027C-A,0,0.5286482,0.2233879268169403,0.8660714030265808,0.30374300479888916
YNL137C,YIL122W,0,0.52775997,0.2233307808637619,0.8660714030265808,0.30384308099746704
YPR185W,YLR350W,0,0.527551,0.22327366471290588,0.8660714030265808,0.3039431571960449
YNL006W,YKL069W,0,0.5272407,0.22321656346321106,0.8660714030265808,0.3040432333946228
YOR067C,YBR155W,0,0.52659196,0.22315950691699982,0.8660714030265808,0.3041433095932007
YJL033W,YER049W,0,0.5262643,0.22310248017311096,0.8660714030265808,0.30424338579177856
YGR048W,YPR023C,1,0.5249092,0.223300963640213,0.8670634627342224,0.30424338579177856
YDR092W,YKL194C,0,0.5243894,0.22324393689632416,0.8670634627342224,0.30434346199035645
YDR086C,YLR291C,0,0.523396,0.2231869250535965,0.8670634627342224,0.3044435679912567
YBR050C,YOR363C,0,0.5228681,0.22312994301319122,0.8670634627342224,0.3045436441898346
YDR400W,YAL013W,0,0.5228223,0.22307299077510834,0.8670634627342224,0.3046437203884125
YIL017C,YOL057W,0,0.52191675,0.22301606833934784,0.8670634627342224,0.30474379658699036
YDR085C,YGL246C,0,0.52191216,0.22295919060707092,0.8670634627342224,0.30484387278556824
YMR023C,YLR314C,0,0.52165455,0.2229023277759552,0.8670634627342224,0.3049439489841461
YJL164C,YDL093W,0,0.5214616,0.22284547984600067,0.8670634627342224,0.305044025182724
YDR089W,YPL208W,0,0.5206587,0.22278867661952972,0.8670634627342224,0.3051441013813019
YGR261C,YHR185C,0,0.5199655,0.22273190319538116,0.8670634627342224,0.30524420738220215
YCR034W,YML103C,0,0.51916015,0.222675159573555,0.8670634627342224,0.30534428358078003
YML126C,YPR178W,0,0.51900893,0.2226184457540512,0.8670634627342224,0.3054443597793579
YMR073C,YBR248C,0,0.5177288,0.22256174683570862,0.8670634627342224,0.3055444359779358
YER108C,YDR126W,0,0.517394,0.2225050926208496,0.8670634627342224,0.30564451217651367
YMR117C,YOR208W,0,0.51590115,0.2224484533071518,0.8670634627342224,0.30574458837509155
YOL086C,YML094W,0,0.515889,0.22239185869693756,0.8670634627342224,0.30584466457366943
YDR372C,YNR006W,0,0.5154269,0.22233527898788452,0.8670634627342224,0.3059447705745697
YOR083W,YHR169W,0,0.51516104,0.22227874398231506,0.8670634627342224,0.3060448467731476
YLR020C,YAR019C,0,0.51434046,0.2222222238779068,0.8670634627342224,0.30614492297172546
YCL035C,YGL178W,0,0.5140235,0.22216573357582092,0.8670634627342224,0.30624499917030334
YCR070W,YJL162C,0,0.5137622,0.22210927307605743,0.8670634627342224,0.3063450753688812
YHR158C,YBL097W,0,0.5128842,0.22205284237861633,0.8670634627342224,0.3064451515674591
YJR153W,YDL066W,0,0.5128234,0.22199644148349762,0.8670634627342224,0.306545227766037
YOL013C,YHR071W,0,0.51210535,0.2219400703907013,0.8670634627342224,0.30664530396461487
YGL156W,YNL167C,0,0.5111428,0.22188372910022736,0.8670634627342224,0.30674540996551514
YFL014W,YGR251W,0,0.5109983,0.2218274176120758,0.8670634627342224,0.306845486164093
YPL047W,YHR205W,0,0.5106699,0.22177112102508545,0.8670634627342224,0.3069455623626709
YIL129C,YNL197C,0,0.5104086,0.22171486914157867,0.8670634627342224,0.3070456385612488
YKL026C,YIR031C,0,0.5097248,0.2216586321592331,0.8670634627342224,0.30714571475982666
YBR243C,YLR404W,0,0.50971663,0.2216024398803711,0.8670634627342224,0.30724579095840454
YOR270C,YDR226W,0,0.5087128,0.2215462625026703,0.8670634627342224,0.3073458671569824
YJR108W,YGL044C,0,0.50849813,0.22149011492729187,0.8670634627342224,0.3074459433555603
YLR445W,YML125C,0,0.5078076,0.22143399715423584,0.8670634627342224,0.30754604935646057
YKR030W,YOR368W,0,0.50778776,0.2213779091835022,0.8670634627342224,0.30764612555503845
YNL328C,YDL212W,0,0.5073324,0.22132185101509094,0.8670634627342224,0.30774620175361633
YDR402C,YNL312W,0,0.50704914,0.22126582264900208,0.8670634627342224,0.3078462779521942
YGR010W,YCR097W,0,0.50703365,0.2212098240852356,0.8670634627342224,0.3079463541507721
YEL018W,YDL198C,0,0.5068883,0.2211538404226303,0.8670634627342224,0.30804643034935
YPR086W,YKL184W,0,0.506846,0.2210979014635086,0.8670634627342224,0.30814650654792786
YOR032C,YOR098C,0,0.50670433,0.2210419774055481,0.8670634627342224,0.30824658274650574
YPL139C,YNL173C,0,0.5065812,0.22098609805107117,0.8670634627342224,0.308346688747406
YCL050C,YNL136W,0,0.50571233,0.22093023359775543,0.8670634627342224,0.3084467649459839
YCL067C,YLR403W,0,0.5056451,0.22087439894676208,0.8670634627342224,0.30854684114456177
YKL160W,YGR202C,0,0.50550133,0.22081859409809113,0.8670634627342224,0.30864691734313965
YDR013W,YJR054W,0,0.50522006,0.22076281905174255,0.8670634627342224,0.30874699354171753
YCL003W,YHR174W,0,0.5046837,0.22070707380771637,0.8670634627342224,0.3088470697402954
YDR259C,YOR048C,0,0.5046803,0.22065134346485138,0.8670634627342224,0.3089471459388733
YBR195C,YPR016C,0,0.5043059,0.22059565782546997,0.8670634627342224,0.30904725193977356
YDR320C-A,YMR013C,0,0.5032862,0.22054000198841095,0.8670634627342224,0.30914732813835144
YER190W,YIL085C,0,0.5029404,0.22048436105251312,0.8670634627342224,0.3092474043369293
YLR333C,YHR166C,0,0.5029221,0.22042874991893768,0.8670634627342224,0.3093474805355072
YJR160C,YBR058C,0,0.50279206,0.22037316858768463,0.8670634627342224,0.3094475567340851
YKR038C,YHR141C,0,0.5026844,0.22031761705875397,0.8670634627342224,0.30954763293266296
YGR133W,YJL014W,0,0.50204384,0.2202620953321457,0.8670634627342224,0.30964770913124084
YCR095C,YDR322W,0,0.50186163,0.2202066034078598,0.8670634627342224,0.3097477853298187
YLR438C-A,YOR256C,0,0.5016883,0.2201511263847351,0.8670634627342224,0.309847891330719
YOR144C,YLR375W,0,0.50154054,0.220095694065094,0.8670634627342224,0.3099479675292969
YLR391W-A,YMR129W,0,0.5014195,0.22004027664661407,0.8670634627342224,0.31004804372787476
YLL040C,YGL060W,0,0.5008746,0.21998490393161774,0.8670634627342224,0.31014811992645264
YKL052C,YPR054W,0,0.50040716,0.2199295461177826,0.8670634627342224,0.3102481961250305
YNL126W,YPL006W,0,0.5001361,0.21987421810626984,0.8670634627342224,0.3103482723236084
YGL175C,YDL198C,0,0.49969274,0.21981891989707947,0.8670634627342224,0.3104483485221863
YLR113W,YOL004W,1,0.49920446,0.22001509368419647,0.8680555820465088,0.3104483485221863
YBR260C,YPR156C,0,0.49908495,0.2199597805738449,0.8680555820465088,0.31054842472076416
YER108C,YGR284C,0,0.49888456,0.21990449726581573,0.8680555820465088,0.31064853072166443
YOR301W,YNL229C,0,0.49877936,0.21984924376010895,0.8680555820465088,0.3107486069202423
YIL107C,YDL077C,0,0.49844712,0.21979402005672455,0.8680555820465088,0.3108486831188202
YPL038W,YDL093W,0,0.49818045,0.21973882615566254,0.8680555820465088,0.31094875931739807
YGR239C,YEL058W,0,0.49597234,0.2196836620569229,0.8680555820465088,0.31104883551597595
YJR049C,YNL098C,0,0.49519247,0.21962851285934448,0.8680555820465088,0.31114891171455383
YDR117C,YFL035C-A,0,0.49391448,0.21957339346408844,0.8680555820465088,0.3112489879131317
YHR072W-A,YOR194C,0,0.49390906,0.21951831877231598,0.8680555820465088,0.311349093914032
YOR011W,YBR173C,0,0.49366456,0.2194632589817047,0.8680555820465088,0.31144917011260986
YPL239W,YDR436W,0,0.49365664,0.21940822899341583,0.8680555820465088,0.31154924631118774
YOR148C,YBL020W,0,0.49350536,0.21935322880744934,0.8680555820465088,0.3116493225097656
YDR488C,YHR188C,0,0.49315172,0.21929824352264404,0.8680555820465088,0.3117493987083435
YKR099W,YNR008W,0,0.49296886,0.21924330294132233,0.8680555820465088,0.3118494749069214
YPR002W,YDR407C,0,0.4929232,0.2191883772611618,0.8680555820465088,0.31194955110549927
YNL284C,YGR261C,0,0.49280912,0.21913348138332367,0.8680555820465088,0.31204962730407715
YPR037C,YHR132W-A,0,0.49279732,0.21907861530780792,0.8680555820465088,0.3121497333049774
YPL146C,YDR479C,0,0.49262756,0.21902377903461456,0.8680555820465088,0.3122498095035553
YOR080W,YOR060C,1,0.49184924,0.21921922266483307,0.8690476417541504,0.3122498095035553
YDR251W,YAR003W,0,0.49183786,0.21916437149047852,0.8690476417541504,0.3123498857021332
YNR007C,YDR378C,0,0.49126238,0.21910955011844635,0.8690476417541504,0.31244996190071106
YLR165C,YLR443W,0,0.49122763,0.21905475854873657,0.8690476417541504,0.31255003809928894
YPL036W,YER129W,0,0.49107462,0.21899999678134918,0.8690476417541504,0.3126501142978668
YOR262W,YKL042W,0,0.49073023,0.21894526481628418,0.8690476417541504,0.3127501904964447
YFR013W,YNL318C,0,0.49066037,0.21889054775238037,0.8690476417541504,0.3128502666950226
YNL325C,YLR222C,0,0.4905116,0.21883587539196014,0.8690476417541504,0.31295037269592285
YJL055W,YBR210W,0,0.4897548,0.2187812179327011,0.8690476417541504,0.31305044889450073
YIL051C,YPL130W,0,0.4895903,0.21872659027576447,0.8690476417541504,0.3131505250930786
YPL103C,YPL112C,0,0.48939174,0.2186719924211502,0.8690476417541504,0.3132506012916565
YOL071W,YPL116W,0,0.48869938,0.21861742436885834,0.8690476417541504,0.3133506774902344
YPR019W,YJR117W,0,0.48857474,0.21856287121772766,0.8690476417541504,0.31345075368881226
YGR157W,YGR212W,0,0.4880075,0.21850836277008057,0.8690476417541504,0.31355082988739014
YEL003W,YML033W,0,0.48753166,0.21845386922359467,0.8690476417541504,0.313650906085968
YMR297W,YPL096W,0,0.4875304,0.21839940547943115,0.8690476417541504,0.3137510120868683
YLR307W,YPL256C,0,0.48669195,0.21834497153759003,0.8690476417541504,0.31385108828544617
YPL003W,YJR060W,0,0.48650795,0.2182905524969101,0.8690476417541504,0.31395116448402405
YLR316C,YNL197C,0,0.4864602,0.21823617815971375,0.8690476417541504,0.31405124068260193
YLL012W,YPR200C,0,0.4859994,0.2181818187236786,0.8690476417541504,0.3141513168811798
YIL069C,YDR164C,0,0.48570096,0.21812748908996582,0.8690476417541504,0.3142513930797577
YNL330C,YHR191C,1,0.4852702,0.21832212805747986,0.870039701461792,0.3142513930797577
YJL047C,YJL090C,1,0.48513204,0.21851667761802673,0.8710317611694336,0.3142513930797577
YDR438W,YBR006W,0,0.48495644,0.21846230328083038,0.8710317611694336,0.31435146927833557
YLR337C,YLR182W,0,0.48483843,0.21840795874595642,0.8710317611694336,0.31445157527923584
YFL059W,YDR386W,0,0.48416716,0.21835364401340485,0.8710317611694336,0.3145516514778137
YOR386W,YLR385C,0,0.48394877,0.21829935908317566,0.8710317611694336,0.3146517276763916
YDL089W,YDR473C,0,0.48309422,0.21824508905410767,0.8710317611694336,0.3147518038749695
YNL236W,YJR117W,0,0.4824311,0.21819084882736206,0.8710317611694336,0.31485188007354736
YMR280C,YKL203C,0,0.48194188,0.21813665330410004,0.8710317611694336,0.31495195627212524
YOR148C,YJL167W,0,0.48152673,0.218082457780838,0.8710317611694336,0.3150520324707031
YBR193C,YPL214C,0,0.48093802,0.21802830696105957,0.8710317611694336,0.315152108669281
YCR052W,YBR055C,0,0.4802714,0.21797418594360352,0.8710317611694336,0.3152522146701813
YGR097W,YDR386W,0,0.47974664,0.21792007982730865,0.8710317611694336,0.31535229086875916
YGL178W,YGR251W,0,0.4797085,0.21786600351333618,0.8710317611694336,0.31545236706733704
YGR144W,YHR031C,0,0.47938097,0.2178119570016861,0.8710317611694336,0.3155524432659149
YNL123W,YLR119W,0,0.4793703,0.2177579402923584,0.8710317611694336,0.3156525194644928
YER126C,YMR019W,0,0.47838825,0.2177039384841919,0.8710317611694336,0.3157525956630707
YLR258W,YPR009W,0,0.4780407,0.21764998137950897,0.8710317611694336,0.31585267186164856
YJL045W,YNL187W,0,0.4779091,0.21759603917598724,0.8710317611694336,0.31595274806022644
YOR311C,YHR039C-B,0,0.47738343,0.2175421267747879,0.8710317611694336,0.3160528540611267
YBR123C,YNL005C,0,0.47712588,0.21748822927474976,0.8710317611694336,0.3161529302597046
YDR329C,YNL283C,0,0.4766888,0.2174343764781952,0.8710317611694336,0.31625300645828247
YPL059W,YNL199C,0,0.47632116,0.21738053858280182,0.8710317611694336,0.31635308265686035
YPL047W,YLR256W,0,0.4760943,0.21732673048973083,0.8710317611694336,0.31645315885543823
YMR143W,YOR073W,0,0.47608364,0.21727295219898224,0.8710317611694336,0.3165532350540161
YLR113W,YJR092W,0,0.47552294,0.21721920371055603,0.8710317611694336,0.316653311252594
YOR059C,YFL009W,0,0.47489,0.21716547012329102,0.8710317611694336,0.31675341725349426
YOR255W,YAR031W,0,0.47481447,0.2171117663383484,0.8710317611694336,0.31685349345207214
YLL040C,YBR264C,0,0.47469026,0.21705809235572815,0.8710317611694336,0.31695356965065
YER012W,YIR022W,0,0.47390133,0.2170044481754303,0.8710317611694336,0.3170536458492279
YLR145W,YLR452C,0,0.47370672,0.21695083379745483,0.8710317611694336,0.3171537220478058
YPL177C,YJR014W,0,0.4735034,0.21689723432064056,0.8710317611694336,0.31725379824638367
YGL230C,YPL046C,0,0.4734887,0.21684366464614868,0.8710317611694336,0.31735387444496155
YJL026W,YNL088W,1,0.47323132,0.21703703701496124,0.8720238208770752,0.31735387444496155
YDR202C,YNL087W,0,0.4732263,0.21698346734046936,0.8720238208770752,0.31745395064353943
YHR156C,YPR181C,0,0.47284395,0.21692991256713867,0.8720238208770752,0.3175540566444397
YJL056C,YMR013C,0,0.47282422,0.21687638759613037,0.8720238208770752,0.3176541328430176
YDR503C,YIL148W,0,0.47276443,0.21682289242744446,0.8720238208770752,0.31775420904159546
YGL128C,YGR279C,0,0.47130203,0.21676942706108093,0.8720238208770752,0.31785428524017334
YML129C,YIL130W,0,0.47034454,0.2167159765958786,0.8720238208770752,0.3179543614387512
YGL046W,YPR167C,0,0.4703347,0.21666255593299866,0.8720238208770752,0.3180544376373291
YDR296W,YPR175W,1,0.4700098,0.21685560047626495,0.8730158805847168,0.3180544376373291
YDR032C,YLR275W,0,0.46939653,0.21680216491222382,0.8730158805847168,0.318154513835907
YHL024W,YNL088W,1,0.46898466,0.21699507534503937,0.8740079402923584,0.318154513835907
YKL124W,YFL033C,0,0.46885145,0.21694163978099823,0.8740079402923584,0.31825459003448486
YIL013C,YPR072W,0,0.4687699,0.21688823401927948,0.8740079402923584,0.31835469603538513
YJL029C,YGR200C,0,0.46852607,0.21683485805988312,0.8740079402923584,0.318454772233963
YKR103W,YKL034W,0,0.46833324,0.21678149700164795,0.8740079402923584,0.3185548484325409
YPR045C,YKL055C,0,0.46681064,0.21672816574573517,0.8740079402923584,0.3186549246311188
YDR302W,YBR125C,0,0.4666434,0.21667486429214478,0.8740079402923584,0.31875500082969666
YDR240C,YDR012W,0,0.4663462,0.21662159264087677,0.8740079402923584,0.31885507702827454
YLR391W-A,YMR123W,0,0.46585214,0.21656833589076996,0.8740079402923584,0.3189551532268524
YFL045C,YNL172W,0,0.46565616,0.21651510894298553,0.8740079402923584,0.3190552294254303
YEL036C,YKL183W,0,0.46496904,0.2164619117975235,0.8740079402923584,0.31915533542633057
YDL061C,YNR011C,0,0.46477872,0.21640874445438385,0.8740079402923584,0.31925541162490845
YHR101C,YOR060C,0,0.46461892,0.2163555920124054,0.8740079402923584,0.31935548782348633
YIL120W,YAL032C,0,0.46418226,0.21630248427391052,0.8740079402923584,0.3194555640220642
YOR350C,YLR238W,0,0.46360725,0.21624939143657684,0.8740079402923584,0.3195556402206421
YBR123C,YHR198C,0,0.4634347,0.21619631350040436,0.8740079402923584,0.31965571641921997
YJR112W,YHR019C,0,0.4631456,0.21614328026771545,0.8740079402923584,0.31975579261779785
YPR052C,YFL013C,0,0.46169972,0.21609026193618774,0.8740079402923584,0.3198558986186981
YPR054W,YDL060W,0,0.4615625,0.21603727340698242,0.8740079402923584,0.319955974817276
YNL117W,YGL035C,0,0.46117556,0.2159843146800995,0.8740079402923584,0.3200560510158539
YOL096C,YPR061C,0,0.4611746,0.21593137085437775,0.8740079402923584,0.32015612721443176
YJL189W,YIL106W,0,0.46110272,0.2158784568309784,0.8740079402923584,0.32025620341300964
YMR236W,YOR349W,0,0.46106452,0.21582557260990143,0.8740079402923584,0.3203562796115875
YJR040W,YGR033C,0,0.4608119,0.21577271819114685,0.8740079402923584,0.3204563558101654
YER041W,YKL080W,0,0.46075207,0.21571987867355347,0.8740079402923584,0.3205564320087433
YKL210W,YKR068C,0,0.45991963,0.21566706895828247,0.8740079402923584,0.32065653800964355
YPL130W,YER174C,0,0.45946258,0.21561428904533386,0.8740079402923584,0.32075661420822144
YLR453C,YDL156W,0,0.45945746,0.21556153893470764,0.8740079402923584,0.3208566904067993
YKL198C,YHL032C,0,0.45927113,0.21550880372524261,0.8740079402923584,0.3209567666053772
YOL011W,YLR360W,0,0.45888072,0.21545609831809998,0.8740079402923584,0.3210568428039551
YOR020W-A,YLL056C,0,0.45886582,0.21540342271327972,0.8740079402923584,0.32115691900253296
YFR024C-A,YGL060W,0,0.4582498,0.21535077691078186,0.8740079402923584,0.32125699520111084
YER048W-A,YJR046W,0,0.45686954,0.2152981460094452,0.8740079402923584,0.3213570713996887
YCR106W,YOL077W-A,0,0.4566313,0.2152455449104309,0.8740079402923584,0.321457177400589
YJR048W,YPL101W,0,0.45524448,0.21519295871257782,0.8740079402923584,0.32155725359916687
YNR019W,YBR130C,0,0.4543711,0.2151404172182083,0.8740079402923584,0.32165732979774475
YJL136C,YLR452C,0,0.45411164,0.215087890625,0.8740079402923584,0.32175740599632263
YDR477W,YPL176C,0,0.45366687,0.21503539383411407,0.8740079402923584,0.3218574821949005
YDL013W,YPR102C,0,0.45333773,0.21498291194438934,0.8740079402923584,0.3219575583934784
YNL187W,YPL076W,0,0.45259458,0.2149304747581482,0.8740079402923584,0.3220576345920563
YIL120W,YKR095W-A,0,0.45244408,0.21487805247306824,0.8740079402923584,0.32215774059295654
YFR046C,YBR294W,0,0.45241356,0.21482564508914948,0.8740079402923584,0.3222578167915344
YGL092W,YOR027W,0,0.4520223,0.2147732824087143,0.8740079402923584,0.3223578929901123
YLR013W,YGL207W,0,0.45198065,0.2147209346294403,0.8740079402923584,0.3224579691886902
YKL214C,YKL143W,0,0.45195466,0.2146686166524887,0.8740079402923584,0.32255804538726807
YDL134C-A,YFL048C,0,0.45180273,0.2146163284778595,0.8740079402923584,0.32265812158584595
YDR363W-A,YDR479C,0,0.45066404,0.21456405520439148,0.8740079402923584,0.32275819778442383
YOR388C,YJR076C,0,0.4504441,0.21451181173324585,0.8740079402923584,0.3228582739830017
YFL043C,YPL183C,0,0.44954938,0.2144595980644226,0.8740079402923584,0.322958379983902
YJR034W,YLR200W,0,0.44866633,0.21440739929676056,0.8740079402923584,0.32305845618247986
YML112W,YOL132W,0,0.4472756,0.2143552303314209,0.8740079402923584,0.32315853238105774
YBR119W,YLL011W,0,0.44638488,0.21430309116840363,0.8740079402923584,0.3232586085796356
YCR063W,YJL207C,0,0.4457578,0.21425096690654755,0.8740079402923584,0.3233586847782135
YOR071C,YGL210W-A,0,0.4456028,0.21419888734817505,0.8740079402923584,0.3234587609767914
YGL001C,YPL164C,0,0.4455899,0.21414682269096375,0.8740079402923584,0.32355883717536926
YIL066C,YBR170C,1,0.44536024,0.2143377959728241,0.875,0.32355883717536926
YOL082W,YLR116W,0,0.44361508,0.2142857164144516,0.875,0.32365891337394714
YMR316W,YBR123C,0,0.44348514,0.2142336666584015,0.875,0.3237590193748474
YGR078C,YDR337W,0,0.44346517,0.21418164670467377,0.875,0.3238590955734253
YOL044W,YML043C,0,0.44293687,0.21412964165210724,0.875,0.3239591717720032
YMR119W,YBR221C,0,0.44224685,0.2140776664018631,0.875,0.32405924797058105
YFL059W,YFR005C,0,0.44150433,0.21402572095394135,0.875,0.32415932416915894
YBL082C,YOL009C,0,0.44150233,0.21397380530834198,0.875,0.3242594003677368
YDL088C,YEL058W,0,0.44117844,0.2139219045639038,0.875,0.3243594765663147
YOL005C,YEL071W,0,0.44094604,0.21387003362178802,0.875,0.3244595527648926
YJR159W,YFR019W,0,0.4409384,0.21381817758083344,0.875,0.32455965876579285
YLR246W,YNL199C,0,0.44033688,0.21376636624336243,0.875,0.3246597349643707
YLR316C,YBR175W,0,0.44020277,0.2137145698070526,0.875,0.3247598111629486
YKL025C,YDR289C,0,0.44016665,0.213662788271904,0.875,0.3248598873615265
YLR026C,YJL141C,0,0.43964964,0.21361103653907776,0.875,0.32495996356010437
YLR328W,YLR370C,0,0.43941683,0.2135593146085739,0.875,0.32506003975868225
YBR100W,YGR173W,0,0.43880925,0.21350762248039246,0.875,0.32516011595726013
YLR013W,YER046W,0,0.43858117,0.2134559601545334,0.875,0.3252602219581604
YHL031C,YDL193W,0,0.43818372,0.2134043127298355,0.875,0.3253602981567383
YML013W,YMR228W,0,0.4379843,0.21335268020629883,0.875,0.32546037435531616
YNL161W,YCR083W,0,0.43753088,0.21330109238624573,0.875,0.32556045055389404
YPR016C,YBL031W,0,0.43720007,0.21324951946735382,0.875,0.3256605267524719
YIL027C,YGR109C,0,0.4371103,0.2131979763507843,0.875,0.3257606029510498
YGR081C,YKL129C,0,0.4357208,0.21314644813537598,0.875,0.3258606791496277
YPR166C,YDR385W,0,0.4356534,0.21309494972229004,0.875,0.32596075534820557
YJR134C,YIL111W,0,0.43557626,0.2130434811115265,0.875,0.32606086134910583
YBR130C,YGR279C,0,0.43528035,0.21299202740192413,0.875,0.3261609375476837
YPL128C,YJL186W,0,0.43521342,0.21294060349464417,0.875,0.3262610137462616
YPL084W,YDR517W,0,0.43514615,0.21288920938968658,0.875,0.3263610899448395
YKL026C,YJL023C,0,0.4349066,0.2128378450870514,0.875,0.32646116614341736
YDR223W,YIL131C,0,0.4343849,0.2127864956855774,0.875,0.32656124234199524
YGR255C,YLR453C,0,0.4338175,0.2127351611852646,0.875,0.3266613185405731
YOR278W,YER174C,0,0.43334025,0.21268387138843536,0.875,0.326761394739151
YDL044C,YJL002C,0,0.4321307,0.21263259649276733,0.875,0.32686150074005127
YDR329C,YLR310C,0,0.4320923,0.2125813513994217,0.875,0.32696157693862915
YGL169W,YKR100C,0,0.4313835,0.21253012120723724,0.875,0.32706165313720703
YDR080W,YLR154W-A,0,0.4310673,0.21247892081737518,0.875,0.3271617293357849
YCL037C,YGL090W,0,0.43081844,0.2124277502298355,0.875,0.3272618055343628
YKR054C,YLR248W,0,0.43069136,0.21237659454345703,0.875,0.3273618817329407
YIR014W,YKL063C,0,0.43065187,0.21232546865940094,0.875,0.32746195793151855
YBL063W,YHR033W,0,0.43047425,0.21227437257766724,0.875,0.3275620639324188
YOR067C,YGR034W,0,0.4304186,0.21222329139709473,0.875,0.3276621401309967
YDR065W,YLR154W-C,0,0.42914715,0.2121722400188446,0.875,0.3277622163295746
YJL187C,YPR183W,0,0.42867494,0.21212121844291687,0.875,0.32786229252815247
YOR077W,YLR037C,0,0.42864975,0.21207021176815033,0.875,0.32796236872673035
YPR073C,YML066C,0,0.42820677,0.21201923489570618,0.875,0.3280624449253082
YMR123W,YMR207C,0,0.42806166,0.21196827292442322,0.875,0.3281625211238861
YBR073W,YMR170C,0,0.42661458,0.21191734075546265,0.875,0.328262597322464
YJR144W,YML047C,0,0.42647648,0.21186643838882446,0.875,0.32836270332336426
YGL258W,YBL031W,0,0.4262541,0.21181556582450867,0.875,0.32846277952194214
YPR065W,YJR019C,0,0.42609772,0.21176470816135406,0.875,0.32856285572052
YCL051W,YML101C,0,0.42581078,0.21171388030052185,0.875,0.3286629319190979
YOL086W-A,YNL273W,1,0.42549652,0.21190305054187775,0.8759920597076416,0.3286629319190979
YLR105C,YDR103W,0,0.42534924,0.21185220777988434,0.8759920597076416,0.3287630081176758
YDL248W,YOR194C,0,0.42517447,0.21180139482021332,0.8759920597076416,0.32886308431625366
YMR165C,YNR047W,0,0.425053,0.2117505967617035,0.8759920597076416,0.32896316051483154
YOR205C,YFL051C,0,0.42460847,0.21169982850551605,0.8759920597076416,0.3290632367134094
YJL038C,YPL012W,0,0.42456463,0.211649090051651,0.8759920597076416,0.3291633427143097
YDR529C,YER185W,0,0.42420676,0.21159836649894714,0.8759920597076416,0.3292634189128876
YAR007C,YHR033W,0,0.4242065,0.21154767274856567,0.8759920597076416,0.32936349511146545
YPL133C,YDR294C,0,0.423602,0.2114970088005066,0.8759920597076416,0.32946357131004333
YLL045C,YIL147C,0,0.4234543,0.2114463597536087,0.8759920597076416,0.3295636475086212
YCL044C,YOL113W,0,0.42335814,0.2113957405090332,0.8759920597076416,0.3296637237071991
YOR077W,YBR115C,0,0.42297927,0.2113451361656189,0.8759920597076416,0.329763799905777
YJR066W,YLR141W,0,0.42277938,0.21129456162452698,0.8759920597076416,0.32986390590667725
YOR189W,YOR214C,0,0.4222303,0.21124401688575745,0.8759920597076416,0.3299639821052551
YER164W,YHR029C,0,0.42079473,0.2111934870481491,0.8759920597076416,0.330064058303833
YBR236C,YER182W,0,0.41981292,0.21114298701286316,0.8759920597076416,0.3301641345024109
YPL123C,YLR341W,0,0.41915333,0.2110925167798996,0.8759920597076416,0.33026421070098877
YER044C,YKR091W,0,0.41898012,0.21104206144809723,0.8759920597076416,0.33036428689956665
YNL271C,YNL051W,0,0.41790372,0.21099163591861725,0.8759920597076416,0.33046436309814453
YOR258W,YDL146W,0,0.4177519,0.21094122529029846,0.8759920597076416,0.3305644392967224
YOL043C,YLR116W,0,0.41763398,0.21089085936546326,0.8759920597076416,0.3306645452976227
YNL188W,YNL294C,0,0.41750643,0.21084049344062805,0.8759920597076416,0.33076462149620056
YDR518W,YBR180W,0,0.41738302,0.21079015731811523,0.8759920597076416,0.33086469769477844
YLR361C,YMR026C,0,0.41717994,0.2107398509979248,0.8759920597076416,0.3309647738933563
YGL112C,YMR238W,0,0.41702092,0.21068957448005676,0.8759920597076416,0.3310648500919342
YPL027W,YJR004C,0,0.41637772,0.21063931286334991,0.8759920597076416,0.3311649262905121
YDR255C,YOR326W,0,0.4155061,0.21058908104896545,0.8759920597076416,0.33126500248908997
YDR318W,YDL067C,0,0.41460294,0.2105388641357422,0.8759920597076416,0.33136507868766785
YMR184W,YLR165C,0,0.41397864,0.2104886770248413,0.8759920597076416,0.3314651846885681
YML036W,YKL035W,0,0.41369402,0.21043851971626282,0.8759920597076416,0.331565260887146
YNL049C,YJR046W,0,0.41338265,0.21038837730884552,0.8759920597076416,0.3316653370857239
YER094C,YLR347C,0,0.41331547,0.21033824980258942,0.8759920597076416,0.33176541328430176
YCL048W-A,YHR123W,0,0.41148707,0.2102881669998169,0.8759920597076416,0.33186548948287964
YIL066C,YNL261W,1,0.4112684,0.21047618985176086,0.8769841194152832,0.33186548948287964
YAL034C,YGL254W,0,0.4112264,0.21042609214782715,0.8769841194152832,0.3319655656814575
YDL150W,YKR052C,0,0.41102716,0.21037600934505463,0.8769841194152832,0.3320656418800354
YGL027C,YPR082C,0,0.41062123,0.2103259563446045,0.8769841194152832,0.3321657180786133
YJR052W,YDR221W,0,0.41007477,0.21027593314647675,0.8769841194152832,0.33226582407951355
YOR278W,YLR105C,0,0.40980238,0.2102259248495102,0.8769841194152832,0.33236590027809143
YMR001C,YGR028W,0,0.40916482,0.21017594635486603,0.8769841194152832,0.3324659764766693
YIL023C,YFL046W,0,0.40877593,0.21012598276138306,0.8769841194152832,0.3325660526752472
YCR028C-A,YHR164C,1,0.40860146,0.21031369268894196,0.8779761791229248,0.3325660526752472
YDR438W,YPR019W,0,0.40805185,0.2102637141942978,0.8779761791229248,0.3326661288738251
YHR193C,YGL027C,0,0.40766037,0.2102137804031372,0.8779761791229248,0.33276620507240295
YMR156C,YDL178W,0,0.40703678,0.21016386151313782,0.8779761791229248,0.33286628127098083
YDR231C,YNL282W,0,0.40633947,0.21011395752429962,0.8779761791229248,0.3329663872718811
YJR153W,YIL143C,0,0.4060474,0.2100640833377838,0.8779761791229248,0.333066463470459
YFR046C,YER108C,0,0.40555492,0.2100142389535904,0.8779761791229248,0.33316653966903687
YMR042W,YHR017W,0,0.4048164,0.20996440947055817,0.8779761791229248,0.33326661586761475
YJR147W,YPL174C,0,0.4047687,0.20991460978984833,0.8779761791229248,0.3333666920661926
YBR081C,YDR084C,0,0.40385172,0.20986483991146088,0.8779761791229248,0.3334667682647705
YCR095C,YNR065C,0,0.40298936,0.20981508493423462,0.8779761791229248,0.3335668444633484
YHR012W,YEL009C,0,0.40205467,0.20976534485816956,0.8779761791229248,0.33366692066192627
YER074W-A,YJL036W,0,0.4017538,0.20971563458442688,0.8779761791229248,0.33376702666282654
YDR252W,YLR427W,0,0.4016924,0.2096659541130066,0.8779761791229248,0.3338671028614044
YGL115W,YCR033W,0,0.4006874,0.2096162885427475,0.8779761791229248,0.3339671790599823
YNL119W,YGL004C,0,0.4006375,0.2095666527748108,0.8779761791229248,0.3340672552585602
YAL008W,YKL186C,0,0.40014288,0.20951704680919647,0.8779761791229248,0.33416733145713806
YCR042C,YLR295C,0,0.39987603,0.20946745574474335,0.8779761791229248,0.33426740765571594
YGR024C,YDL043C,0,0.39982182,0.2094178944826126,0.8779761791229248,0.3343674838542938
YJL012C-A,YOR287C,0,0.399684,0.20936834812164307,0.8779761791229248,0.3344675600528717
YGR198W,YCR030C,0,0.39875,0.2093188315629959,0.8779761791229248,0.334567666053772
YJL030W,YGL194C-A,0,0.39804912,0.20926932990550995,0.8779761791229248,0.33466774225234985
YHR039C-B,YJL078C,0,0.39734083,0.20921985805034637,0.8779761791229248,0.33476781845092773
YCL048W-A,YDR457W,0,0.3972608,0.2091704159975052,0.8779761791229248,0.3348678946495056
YDR308C,YPR165W,0,0.39689177,0.2091209888458252,0.8779761791229248,0.3349679708480835
YPR008W,YBR288C,0,0.39688846,0.2090715765953064,0.8779761791229248,0.3350680470466614
YBR192W,YDL066W,0,0.3964378,0.20902219414710999,0.8779761791229248,0.33516812324523926
YKL072W,YDL025C,0,0.3958679,0.20897284150123596,0.8779761791229248,0.3352682292461395
YOR008C,YMR212C,0,0.3954777,0.20892351865768433,0.8779761791229248,0.3353683054447174
YGL075C,YBR191W,0,0.39436516,0.20887421071529388,0.8779761791229248,0.3354683816432953
YDR099W,YGR078C,0,0.39428443,0.20882491767406464,0.8779761791229248,0.33556845784187317
YKL059C,YCL067C,0,0.3941717,0.20877565443515778,0.8779761791229248,0.33566853404045105
YJR112W,YOL127W,0,0.39352396,0.2087264209985733,0.8779761791229248,0.33576861023902893
YBR154C,YGR279C,0,0.39295107,0.20867720246315002,0.8779761791229248,0.3358686864376068
YBR302C,YJL162C,0,0.3928153,0.20862799882888794,0.8779761791229248,0.3359687626361847
YJR141W,YDR039C,0,0.39278415,0.20857883989810944,0.8779761791229248,0.33606886863708496
YLR079W,YCL067C,0,0.39231753,0.20852969586849213,0.8779761791229248,0.33616894483566284
YDL160C-A,YOR080W,1,0.3905527,0.20871613919734955,0.8789682388305664,0.33616894483566284
YOL077C,YGR103W,0,0.3904525,0.20866698026657104,0.8789682388305664,0.3362690210342407
YBL074C,YKL053C-A,0,0.3901772,0.20861785113811493,0.8789682388305664,0.3363690972328186
YGR275W,YJL046W,0,0.38919705,0.20856873691082,0.8789682388305664,0.3364691734313965
YDR144C,YGR037C,0,0.38869128,0.20851965248584747,0.8789682388305664,0.33656924962997437
YBL015W,YOL043C,0,0.38855714,0.20847058296203613,0.8789682388305664,0.33666932582855225
YJL058C,YJR099W,0,0.3884886,0.20842154324054718,0.8789682388305664,0.3367694020271301
YHR168W,YPR181C,0,0.38831684,0.20837253332138062,0.8789682388305664,0.3368695080280304
YLR391W-A,YGR206W,0,0.38829875,0.20832353830337524,0.8789682388305664,0.3369695842266083
YHR085W,YGL192W,1,0.38737926,0.2085096389055252,0.879960298538208,0.3369695842266083
YCL048W,YGR094W,0,0.38625684,0.20846062898635864,0.879960298538208,0.33706966042518616
YGL125W,YGR223C,0,0.38598487,0.20841164886951447,0.879960298538208,0.33716973662376404
YNL136W,YKR075C,0,0.38598007,0.20836269855499268,0.879960298538208,0.3372698128223419
YJL162C,YDR069C,0,0.385498,0.20831376314163208,0.879960298538208,0.3373698890209198
YER180C,YHR010W,0,0.38536972,0.20826485753059387,0.879960298538208,0.3374699652194977
YFL054C,YMR060C,0,0.3853007,0.20821596682071686,0.879960298538208,0.33757004141807556
YNL055C,YBR188C,0,0.38327962,0.20816709101200104,0.879960298538208,0.33767014741897583
YDL142C,YCL001W,0,0.3827433,0.2081182599067688,0.879960298538208,0.3377702236175537
YDR463W,YDL084W,0,0.38259876,0.20806942880153656,0.879960298538208,0.3378702998161316
YPR023C,YPL180W,0,0.3823786,0.2080206423997879,0.879960298538208,0.3379703760147095
YOR155C,YOR219C,0,0.3818188,0.20797187089920044,0.879960298538208,0.33807045221328735
YJR144W,YGR197C,0,0.38141602,0.20792311429977417,0.879960298538208,0.33817052841186523
YKL069W,YDL132W,0,0.38110277,0.2078743875026703,0.879960298538208,0.3382706046104431
YER001W,YDR420W,0,0.38089526,0.2078256756067276,0.879960298538208,0.3383707106113434
YML081C-A,YAL034W-A,0,0.38026732,0.2077769935131073,0.879960298538208,0.33847078680992126
YIL128W,YLR409C,0,0.38025126,0.2077283412218094,0.879960298538208,0.33857086300849915
YBR149W,YOR126C,0,0.3799652,0.20767970383167267,0.879960298538208,0.338670939207077
YDL067C,YNL025C,0,0.379674,0.20763108134269714,0.879960298538208,0.3387710154056549
YDL042C,YJL026W,1,0.3795355,0.20781652629375458,0.8809523582458496,0.3387710154056549
YFL038C,YCR057C,0,0.37947154,0.20776790380477905,0.8809523582458496,0.3388710916042328
YPL101W,YGR247W,0,0.37923676,0.20771929621696472,0.8809523582458496,0.33897116780281067
YER048W-A,YBR294W,0,0.37881646,0.20767071843147278,0.8809523582458496,0.33907124400138855
YPR108W,YDR128W,0,0.37848336,0.20762217044830322,0.8809523582458496,0.3391713500022888
YLL041C,YGR188C,0,0.37790614,0.20757363736629486,0.8809523582458496,0.3392714262008667
YBL037W,YBR162W-A,0,0.37640646,0.2075251191854477,0.8809523582458496,0.3393715023994446
YBR158W,YFR019W,0,0.3758118,0.2074766308069229,0.8809523582458496,0.33947157859802246
YMR073C,YLR287C,0,0.37579447,0.20742817223072052,0.8809523582458496,0.33957165479660034
YHR029C,YBL002W,0,0.37528747,0.20737972855567932,0.8809523582458496,0.3396717309951782
YJL085W,YOL142W,0,0.37526083,0.2073313146829605,0.8809523582458496,0.3397718071937561
YKL113C,YPR023C,1,0.3746529,0.20751634240150452,0.8819444179534912,0.3397718071937561
YFL004W,YPL170W,0,0.37402305,0.2074679136276245,0.8819444179534912,0.339871883392334
YHR192W,YDR073W,0,0.37384212,0.2074194997549057,0.8819444179534912,0.33997198939323425
YML106W,YBR180W,0,0.37369153,0.20737111568450928,0.8819444179534912,0.34007206559181213
YJR112W,YOR349W,0,0.37233734,0.20732276141643524,0.8819444179534912,0.34017214179039
YHL031C,YDR434W,0,0.37151244,0.2072744220495224,0.8819444179534912,0.3402722179889679
YJL061W,YIL014W,0,0.37150592,0.20722611248493195,0.8819444179534912,0.3403722941875458
YGR233C,YDR151C,0,0.3714745,0.20717781782150269,0.8819444179534912,0.34047237038612366
YGL009C,YML047C,0,0.3713379,0.20712953805923462,0.8819444179534912,0.34057244658470154
YDR189W,YNL281W,0,0.37056085,0.20708128809928894,0.8819444179534912,0.3406725525856018
YNL064C,YKL221W,0,0.36991423,0.20703306794166565,0.8819444179534912,0.3407726287841797
YKR058W,YNR048W,0,0.3697817,0.20698486268520355,0.8819444179534912,0.34087270498275757
YNL129W,YBR167C,0,0.3697211,0.20693668723106384,0.8819444179534912,0.34097278118133545
YDR155C,YDL013W,0,0.36969984,0.20688852667808533,0.8819444179534912,0.34107285737991333
YLR330W,YNL300W,0,0.36921895,0.2068403959274292,0.8819444179534912,0.3411729335784912
YBL082C,YBR236C,0,0.36889297,0.20679228007793427,0.8819444179534912,0.3412730097770691
YFR008W,YKL065W-A,0,0.36843628,0.20674417912960052,0.8819444179534912,0.341373085975647
YDR170C,YHR143W-A,0,0.36812156,0.20669612288475037,0.8819444179534912,0.34147319197654724
YCL060C,YMR195W,0,0.3680672,0.2066480666399002,0.8819444179534912,0.3415732681751251
YBR015C,YPL010W,0,0.36758578,0.20660004019737244,0.8819444179534912,0.341673344373703
YAR031W,YBR160W,0,0.3675444,0.20655204355716705,0.8819444179534912,0.3417734205722809
YDR373W,YDL048C,0,0.36706057,0.20650406181812286,0.8819444179534912,0.34187349677085876
YOR028C,YLR414C,0,0.36638018,0.20645610988140106,0.8819444179534912,0.34197357296943665
YJR004C,YOR190W,0,0.3661356,0.20640817284584045,0.8819444179534912,0.3420736491680145
YMR038C,YGR058W,0,0.36585844,0.20636026561260223,0.8819444179534912,0.3421737253665924
YLR340W,YGL207W,0,0.36577147,0.2063123732805252,0.8819444179534912,0.3422738313674927
YKL173W,YHR190W,0,0.36459577,0.20626449584960938,0.8819444179534912,0.34237390756607056
YKR097W,YGL244W,0,0.3643902,0.20621664822101593,0.8819444179534912,0.34247398376464844
YKL127W,YBL093C,0,0.36417305,0.20616883039474487,0.8819444179534912,0.3425740599632263
YAL014C,YJL035C,0,0.36408356,0.206121027469635,0.8819444179534912,0.3426741361618042
YLR431C,YHL007C,0,0.3639761,0.20607325434684753,0.8819444179534912,0.3427742123603821
YJL079C,YDL045C,0,0.36392486,0.20602549612522125,0.8819444179534912,0.34287428855895996
YPR158W-B,YGR052W,0,0.36370784,0.20597775280475616,0.8819444179534912,0.34297436475753784
YAL040C,YHR164C,0,0.3635395,0.20593003928661346,0.8819444179534912,0.3430744707584381
YGL156W,YLL014W,0,0.3625909,0.20588235557079315,0.8819444179534912,0.343174546957016
YPL249C-A,YOL073C,0,0.3620556,0.20583468675613403,0.8819444179534912,0.34327462315559387
YHR053C,YOL034W,0,0.36173683,0.2057870328426361,0.8819444179534912,0.34337469935417175
YIL106W,YGL022W,0,0.36165842,0.20573940873146057,0.8819444179534912,0.34347477555274963
YLR260W,YPR030W,0,0.36087227,0.20569181442260742,0.8819444179534912,0.3435748517513275
YBR110W,YOR219C,0,0.36058998,0.20564423501491547,0.8819444179534912,0.3436749279499054
YMR304W,YBR130C,0,0.3602825,0.2055966705083847,0.8819444179534912,0.34377503395080566
YJL117W,YER040W,0,0.35942852,0.20554913580417633,0.8819444179534912,0.34387511014938354
YGR198W,YBR162W-A,0,0.35940158,0.20550161600112915,0.8819444179534912,0.3439751863479614
YFR032C-A,YCR072C,0,0.35838816,0.20545412600040436,0.8819444179534912,0.3440752625465393
YOR326W,YKL152C,0,0.35744205,0.20540665090084076,0.8819444179534912,0.3441753387451172
YBR293W,YBR038W,0,0.35705677,0.20535920560359955,0.8819444179534912,0.34427541494369507
YPR135W,YLL009C,0,0.35606572,0.20531177520751953,0.8819444179534912,0.34437549114227295
YJL012C-A,YOR326W,0,0.3557841,0.2052643746137619,0.8819444179534912,0.34447556734085083
YOL045W,YLR362W,0,0.3556766,0.20521698892116547,0.8819444179534912,0.3445756733417511
YBR207W,YML097C,0,0.35555333,0.20516963303089142,0.8819444179534912,0.344675749540329
YAR008W,YDR320C-A,0,0.35515335,0.20512229204177856,0.8819444179534912,0.34477582573890686
YLR390W-A,YML088W,0,0.35514587,0.2050749659538269,0.8819444179534912,0.34487590193748474
YGR138C,YEL029C,0,0.35433865,0.20502766966819763,0.8819444179534912,0.3449759781360626
YER095W,YLR430W,1,0.3540024,0.20521096885204315,0.8829365372657776,0.3449759781360626
YMR236W,YGR024C,0,0.35383248,0.20516367256641388,0.8829365372657776,0.3450760543346405
YER023W,YJL057C,0,0.35331854,0.2051163911819458,0.8829365372657776,0.3451761305332184
YCL027W,YIL177C,0,0.35319978,0.20506912469863892,0.8829365372657776,0.34527620673179626
YNL182C,YNL072W,1,0.35278842,0.2052522450685501,0.8839285969734192,0.34527620673179626
YOL021C,YJL110C,0,0.35249794,0.20520497858524323,0.8839285969734192,0.34537631273269653
YLR295C,YNL078W,0,0.35216895,0.20515772700309753,0.8839285969734192,0.3454763889312744
YLR096W,YOR375C,0,0.35151118,0.20511049032211304,0.8839285969734192,0.3455764651298523
YLR026C,YIL133C,0,0.35104963,0.20506329834461212,0.8839285969734192,0.3456765413284302
YOR153W,YPL082C,0,0.35104644,0.2050161063671112,0.8839285969734192,0.34577661752700806
YMR073C,YDR103W,0,0.35091332,0.20496894419193268,0.8839285969734192,0.34587669372558594
YNL327W,YDL069C,0,0.3506891,0.20492179691791534,0.8839285969734192,0.3459767699241638
YJL090C,YKL022C,1,0.35027274,0.20510461926460266,0.8849206566810608,0.3459767699241638
YIR036C,YPL096W,0,0.35026395,0.20505747199058533,0.8849206566810608,0.3460768759250641
YLR367W,YDR524C,0,0.3498937,0.2050103396177292,0.8849206566810608,0.34617695212364197
YJR160C,YNL054W-B,0,0.34961364,0.20496323704719543,0.8849206566810608,0.34627702832221985
YDR443C,YJL076W,0,0.34867448,0.20491614937782288,0.8849206566810608,0.34637710452079773
YPR083W,YKL207W,0,0.34758908,0.2048690915107727,0.8849206566810608,0.3464771807193756
YKR084C,YEL058W,0,0.34752965,0.20482204854488373,0.8849206566810608,0.3465772569179535
YDR058C,YLR068W,0,0.34711313,0.20477502048015594,0.8849206566810608,0.34667733311653137
YHR117W,YOL047C,0,0.34671667,0.20472802221775055,0.8849206566810608,0.34677740931510925
YDL081C,YOR231W,0,0.34654427,0.20468105375766754,0.8849206566810608,0.3468775153160095
YDR398W,YBR018C,0,0.34617335,0.20463408529758453,0.8849206566810608,0.3469775915145874
YFR031C-A,YDL069C,0,0.3451181,0.2045871615409851,0.8849206566810608,0.3470776677131653
YLR312C-B,YCL048W,0,0.3449617,0.20454023778438568,0.8849206566810608,0.34717774391174316
YIL126W,YLL048C,0,0.3439986,0.20449335873126984,0.8849206566810608,0.34727782011032104
YLL009C,YKL033W-A,0,0.343979,0.204446479678154,0.8849206566810608,0.3473778963088989
YGL215W,YNL330C,0,0.3431384,0.20439963042736053,0.8849206566810608,0.3474779725074768
YIL147C,YPL017C,0,0.34294698,0.20435281097888947,0.8849206566810608,0.3475780487060547
YDR515W,YCR075W-A,0,0.342323,0.2043060064315796,0.8849206566810608,0.34767815470695496
YDR443C,YJR112W-A,0,0.34232104,0.2042592167854309,0.8849206566810608,0.34777823090553284
YBL055C,YPR186C,0,0.3421885,0.20421245694160461,0.8849206566810608,0.3478783071041107
YDR054C,YOR080W,1,0.34216106,0.20439459383487701,0.8859127163887024,0.3478783071041107
YDR201W,YDR165W,0,0.34180558,0.20434781908988953,0.8859127163887024,0.3479783833026886
YNL328C,YJL008C,0,0.34166676,0.20430107414722443,0.8859127163887024,0.3480784595012665
YIL111W,YNR059W,0,0.3414893,0.20425434410572052,0.8859127163887024,0.34817853569984436
YLR150W,YGL261C,0,0.3405333,0.204207643866539,0.8859127163887024,0.34827861189842224
YMR073C,YDR362C,0,0.34039953,0.20416094362735748,0.8859127163887024,0.3483786880970001
YAL021C,YIR008C,1,0.3402258,0.20434285700321198,0.886904776096344,0.3483786880970001
YER166W,YFL062W,0,0.33959764,0.20429615676403046,0.886904776096344,0.3484787940979004
YDR414C,YPL018W,0,0.3395848,0.20424948632717133,0.886904776096344,0.34857887029647827
YNL121C,YOR239W,0,0.3394356,0.2042028307914734,0.886904776096344,0.34867894649505615
YLR154W-C,YBR146W,0,0.339167,0.20415620505809784,0.886904776096344,0.34877902269363403
YKL034W,YDR005C,0,0.3391477,0.20410959422588348,0.886904776096344,0.3488790988922119
YER017C,YNR032C-A,0,0.33864093,0.20406299829483032,0.886904776096344,0.3489791750907898
YMR098C,YLR207W,0,0.33814496,0.20401643216609955,0.886904776096344,0.3490792512893677
YOL045W,YJR033C,0,0.33812195,0.20396988093852997,0.886904776096344,0.34917935729026794
YKL005C,YLR329W,0,0.3379456,0.20392335951328278,0.886904776096344,0.3492794334888458
YOR005C,YDR069C,1,0.337858,0.20410490036010742,0.8878968358039856,0.3492794334888458
YML010W,YDR524C,0,0.33782458,0.20405836403369904,0.8878968358039856,0.3493795096874237
YLR006C,YGL223C,0,0.33740914,0.20401185750961304,0.8878968358039856,0.3494795858860016
YNL007C,YBR242W,0,0.33736157,0.20396536588668823,0.8878968358039856,0.34957966208457947
YOR104W,YGR204W,0,0.3365003,0.20391888916492462,0.8878968358039856,0.34967973828315735
YML069W,YDR069C,1,0.3360934,0.20410022139549255,0.8888888955116272,0.34967973828315735
YIL166C,YER133W,0,0.33490548,0.20405374467372894,0.8888888955116272,0.34977981448173523
YKL221W,YPL048W,0,0.33443868,0.20400728285312653,0.8888888955116272,0.3498798906803131
YOL158C,YIL177C,0,0.33436924,0.2039608508348465,0.8888888955116272,0.3499799966812134
YHR157W,YLR057W,0,0.33431137,0.20391443371772766,0.8888888955116272,0.35008007287979126
YGL005C,YML066C,0,0.33416438,0.20386803150177002,0.8888888955116272,0.35018014907836914
YOL128C,YML103C,0,0.33405074,0.20382165908813477,0.8888888955116272,0.350280225276947
YIL061C,YLR449W,0,0.33384088,0.2037753015756607,0.8888888955116272,0.3503803014755249
YLR223C,YDR524C,0,0.3335926,0.20372897386550903,0.8888888955116272,0.3504803776741028
YGR095C,YDR176W,0,0.33320457,0.20368266105651855,0.8888888955116272,0.35058045387268066
YMR322C,YCR020C-A,0,0.3327047,0.20363636314868927,0.8888888955116272,0.35068053007125854
YBR089C-A,YLL048C,0,0.33243117,0.20359009504318237,0.8888888955116272,0.3507806360721588
YPL013C,YPR100W,0,0.33231515,0.20354384183883667,0.8888888955116272,0.3508807122707367
YER003C,YNL056W,0,0.33121407,0.20349761843681335,0.8888888955116272,0.3509807884693146
YDR016C,YCL058W-A,0,0.33115888,0.20345140993595123,0.8888888955116272,0.35108086466789246
YMR032W,YJR135W-A,0,0.3310253,0.2034052163362503,0.8888888955116272,0.35118094086647034
YDR211W,YKL221W,0,0.33102047,0.20335905253887177,0.8888888955116272,0.3512810170650482
YHR060W,YBR167C,0,0.33071125,0.2033129185438156,0.8888888955116272,0.3513810932636261
YOR343W-A,YDR163W,0,0.3304331,0.20326678454875946,0.8888888955116272,0.35148119926452637
YKL221W,YHR052W,0,0.32917953,0.2032206803560257,0.8888888955116272,0.35158127546310425
YOR075W,YOR157C,0,0.32901084,0.20317460596561432,0.8888888955116272,0.35168135166168213
YHR019C,YHR103W,0,0.32878357,0.20312854647636414,0.8888888955116272,0.35178142786026
YAL022C,YPL189C-A,0,0.32771498,0.20308250188827515,0.8888888955116272,0.3518815040588379
YFL035C-B,YOL154W,0,0.32743138,0.20303648710250854,0.8888888955116272,0.35198158025741577
YIL066C,YPR023C,1,0.32738775,0.2032170295715332,0.8898809552192688,0.35198158025741577
YJR094W-A,YMR167W,0,0.32716087,0.2031710147857666,0.8898809552192688,0.35208165645599365
YHR020W,YER005W,0,0.32702646,0.203125,0.8898809552192688,0.35218173265457153
YJR019C,YDR225W,0,0.32684588,0.2030790150165558,0.8898809552192688,0.3522818386554718
YLR113W,YDR419W,1,0.326477,0.2032593935728073,0.8908730149269104,0.3522818386554718
YDR374W-A,YGL086W,0,0.32542035,0.2032133936882019,0.8908730149269104,0.3523819148540497
YGL257C,YML103C,0,0.32483497,0.20316742360591888,0.8908730149269104,0.35248199105262756
YOL142W,YBR018C,0,0.3243149,0.20312146842479706,0.8908730149269104,0.35258206725120544
YLR382C,YGR031W,0,0.32418433,0.20307552814483643,0.8908730149269104,0.3526821434497833
YCR055C,YLL009C,0,0.3232763,0.20302961766719818,0.8908730149269104,0.3527822196483612
YBL059C-A,YGR038W,0,0.3231902,0.20298372209072113,0.8908730149269104,0.3528822958469391
YPL270W,YNR008W,0,0.32307243,0.20293785631656647,0.8908730149269104,0.35298237204551697
YNR057C,YDR034W-B,0,0.32236397,0.202892005443573,0.8908730149269104,0.35308247804641724
YPL147W,YPR079W,0,0.3220285,0.20284616947174072,0.8908730149269104,0.3531825542449951
YDR379C-A,YFR018C,0,0.3211324,0.20280036330223083,0.8908730149269104,0.353282630443573
YCR058C,YML100W,0,0.32092196,0.20275457203388214,0.8908730149269104,0.3533827066421509
YLR446W,YLR183C,0,0.3206992,0.20270881056785583,0.8908730149269104,0.35348278284072876
YDR341C,YMR228W,0,0.32030708,0.20266304910182953,0.8908730149269104,0.35358285903930664
YHR105W,YHR193C,0,0.32007998,0.2026173323392868,0.8908730149269104,0.3536829352378845
YLR008C,YLR387C,0,0.32004204,0.20257161557674408,0.8908730149269104,0.3537830412387848
YOR177C,YGL253W,0,0.31958598,0.20252592861652374,0.8908730149269104,0.35388311743736267
YOR322C,YPL115C,0,0.31956127,0.2024802714586258,0.8908730149269104,0.35398319363594055
YKL072W,YLR006C,0,0.31932873,0.20243462920188904,0.8908730149269104,0.35408326983451843
YEL044W,YOR231W,0,0.31929588,0.20238900184631348,0.8908730149269104,0.3541833460330963
YEL060C,YMR063W,0,0.31921244,0.2023434042930603,0.8908730149269104,0.3542834222316742
YJL033W,YKL129C,0,0.31875688,0.20229782164096832,0.8908730149269104,0.3543834984302521
YBR057C,YLR023C,0,0.31842908,0.20225225389003754,0.8908730149269104,0.35448357462882996
YJR066W,YBL071W-A,0,0.31827748,0.20220671594142914,0.8908730149269104,0.3545836806297302
YFR029W,YBL097W,0,0.31800622,0.20216119289398193,0.8908730149269104,0.3546837568283081
YPR168W,YLL048C,0,0.31796974,0.20211568474769592,0.8908730149269104,0.354783833026886
YKL129C,YKL038W,0,0.3179145,0.2020702064037323,0.8908730149269104,0.35488390922546387
YER074W-A,YGR202C,0,0.31756198,0.20202474296092987,0.8908730149269104,0.35498398542404175
YFL043C,YOR319W,0,0.31741083,0.20197930932044983,0.8908730149269104,0.35508406162261963
YHR199C-A,YGR105W,0,0.3170931,0.20193389058113098,0.8908730149269104,0.3551841378211975
YIL093C,YDR388W,0,0.31702006,0.20188848674297333,0.8908730149269104,0.3552842140197754
YOL148C,YGL084C,0,0.31676453,0.20184311270713806,0.8908730149269104,0.35538432002067566
YOL156W,YCR033W,0,0.31647933,0.201797753572464,0.8908730149269104,0.35548439621925354
YER070W,YKL207W,0,0.31607282,0.2017524093389511,0.8908730149269104,0.3555844724178314
YDL222C,YPL257W-A,0,0.3157713,0.20170709490776062,0.8908730149269104,0.3556845486164093
YBR081C,YCR063W,0,0.315418,0.20166179537773132,0.8908730149269104,0.3557846248149872
YKL072W,YOR242C,0,0.3153348,0.20161652565002441,0.8908730149269104,0.35588470101356506
YLR216C,YIL122W,0,0.31489754,0.2015712708234787,0.8908730149269104,0.35598477721214294
YBR131W,YLR378C,0,0.31431168,0.20152603089809418,0.8908730149269104,0.3560848534107208
YKL164C,YBR275C,0,0.31396133,0.20148082077503204,0.8908730149269104,0.3561849594116211
YHR028C,YPR158W-A,0,0.31317636,0.2014356255531311,0.8908730149269104,0.356285035610199
YNL263C,YMR060C,0,0.31299764,0.20139044523239136,0.8908730149269104,0.35638511180877686
YPL078C,YOL124C,0,0.31270093,0.201345294713974,0.8908730149269104,0.35648518800735474
YLR113W,YJL090C,1,0.3126662,0.20152431726455688,0.891865074634552,0.35648518800735474
YDL160C-A,YNL149C,0,0.31260565,0.20147915184497833,0.891865074634552,0.3565852642059326
YOR076C,YJL180C,0,0.31253242,0.20143401622772217,0.891865074634552,0.3566853404045105
YOR211C,YNL221C,0,0.31212005,0.2013888955116272,0.891865074634552,0.3567854166030884
YPR037C,YFL001W,0,0.31122017,0.20134378969669342,0.891865074634552,0.35688552260398865
YGR284C,YLR383W,0,0.31114754,0.20129869878292084,0.891865074634552,0.35698559880256653
YPR200C,YER131W,0,0.3110018,0.20125363767147064,0.891865074634552,0.3570856750011444
YGR124W,YNL172W,0,0.3103996,0.20120859146118164,0.891865074634552,0.3571857511997223
YGR276C,YKR106W,0,0.31021708,0.20116357505321503,0.891865074634552,0.35728582739830017
YGL210W-A,YDR034C,0,0.31012893,0.2011185735464096,0.891865074634552,0.35738590359687805
YCR070W,YEL029C,0,0.30999953,0.20107358694076538,0.891865074634552,0.35748597979545593
YBR160W,YGL091C,0,0.3094895,0.20102861523628235,0.891865074634552,0.3575860559940338
YDL217C,YMR268W-A,0,0.3090902,0.2009836733341217,0.891865074634552,0.3576861619949341
YLR408C,YBL054W,0,0.30858842,0.20093876123428345,0.891865074634552,0.35778623819351196
YJL093C,YGR206W,0,0.3076483,0.2008938491344452,0.891865074634552,0.35788631439208984
YJL026W,YNL290W,1,0.30701596,0.20107237994670868,0.8928571343421936,0.35788631439208984
YDR406W,YOL103W-A,0,0.30582348,0.20102746784687042,0.8928571343421936,0.3579863905906677
YFR014C,YGR090W,0,0.3054679,0.20098258554935455,0.8928571343421936,0.3580864667892456
YIR002C,YNL024C-A,0,0.30526137,0.20093770325183868,0.8928571343421936,0.3581865429878235
YBR075W,YIL112W,0,0.30488724,0.2008928507566452,0.8928571343421936,0.35828661918640137
YFL023W,YHR097C,0,0.3044486,0.2008480280637741,0.8928571343421936,0.35838669538497925
YPL274W,YBR152W,0,0.3041353,0.2008032202720642,0.8928571343421936,0.3584868013858795
YDL005C,YBL008W-A,0,0.30412686,0.2007584273815155,0.8928571343421936,0.3585868775844574
YEL044W,YGR195W,0,0.30405998,0.200713649392128,0.8928571343421936,0.3586869537830353
YBR049C,YDR313C,0,0.303868,0.20066890120506287,0.8928571343421936,0.35878702998161316
YOR163W,YMR122W-A,0,0.30354077,0.20062416791915894,0.8928571343421936,0.35888710618019104
YNL119W,YKL051W,0,0.303182,0.2005794495344162,0.8928571343421936,0.3589871823787689
YGL210W-A,YDL010W,0,0.30299222,0.20053476095199585,0.8928571343421936,0.3590872585773468
YGR280C,YMR306W,0,0.30292842,0.2004900872707367,0.8928571343421936,0.35918736457824707
YLR404W,YBR148W,0,0.30278152,0.20044542849063873,0.8928571343421936,0.35928744077682495
YKR035W-A,YLR409C,0,0.30200267,0.20040079951286316,0.8928571343421936,0.35938751697540283
YGL141W,YGR272C,0,0.30177653,0.20035618543624878,0.8928571343421936,0.3594875931739807
YJL137C,YDR176W,0,0.3005191,0.2003116011619568,0.8928571343421936,0.3595876693725586
YIR018W,YOR224C,0,0.3000722,0.2002670168876648,0.8928571343421936,0.3596877455711365
YJL110C,YDL132W,0,0.29989874,0.2002224624156952,0.8928571343421936,0.35978782176971436
YDR171W,YGL254W,0,0.29959548,0.20017793774604797,0.8928571343421936,0.35988789796829224
YLR061W,YOR219C,0,0.29956475,0.20013342797756195,0.8928571343421936,0.3599880039691925
YGR027W-A,YHR088W,0,0.29925877,0.20008893311023712,0.8928571343421936,0.3600880801677704
YLR154W-A,YKL042W,0,0.29924142,0.2000444531440735,0.8928571343421936,0.36018815636634827
YAL044C,YMR125W,0,0.29907846,0.20000000298023224,0.8928571343421936,0.36028823256492615
YDR284C,YNL072W,0,0.2985795,0.19995556771755219,0.8928571343421936,0.36038830876350403
YGL022W,YBL059C-A,0,0.29769456,0.19991114735603333,0.8928571343421936,0.3604883849620819
YOR350C,YDR449C,0,0.29751652,0.19986675679683685,0.8928571343421936,0.3605884611606598
YDR462W,YPL096W,0,0.29749045,0.19982238113880157,0.8928571343421936,0.36068853735923767
YLR024C,YDR475C,0,0.2967749,0.1997780203819275,0.8928571343421936,0.36078864336013794
YDR043C,YMR019W,0,0.29675287,0.1997336894273758,0.8928571343421936,0.3608887195587158
YDR198C,YDR023W,0,0.2966916,0.1996893733739853,0.8928571343421936,0.3609887957572937
YDR255C,YPL259C,0,0.29663375,0.19964507222175598,0.8928571343421936,0.3610888719558716
YMR156C,YFL053W,0,0.29599157,0.19960080087184906,0.8928571343421936,0.36118894815444946
YJL172W,YLR312W-A,0,0.2954789,0.19955654442310333,0.8928571343421936,0.36128902435302734
YIL125W,YIL156W-B,0,0.2953863,0.1995123028755188,0.8928571343421936,0.3613891005516052
YCL048W-A,YOL075C,0,0.29472727,0.19946809113025665,0.8928571343421936,0.3614891767501831
YBL103C,YBR119W,0,0.2946676,0.1994238793849945,0.8928571343421936,0.3615892827510834
YKR020W,YBR042C,0,0.29378343,0.19937971234321594,0.8928571343421936,0.36168935894966125
YMR322C,YDL231C,0,0.29372495,0.19933554530143738,0.8928571343421936,0.36178943514823914
YGR253C,YJL178C,0,0.2933676,0.1992914080619812,0.8928571343421936,0.361889511346817
YDL160C-A,YMR075W,1,0.2918578,0.1994686722755432,0.8938491940498352,0.361889511346817
YDR014W-A,YER151C,0,0.2913291,0.19942452013492584,0.8938491940498352,0.3619895875453949
YGL244W,YKL065W-A,0,0.29128674,0.19938039779663086,0.8938491940498352,0.3620896637439728
YBR100W,YJR046W,1,0.29084048,0.19955752789974213,0.8948412537574768,0.3620896637439728
YEL060C,YLR421C,0,0.29076254,0.19951337575912476,0.8948412537574768,0.36218973994255066
YBR057C,YML052W,0,0.29047433,0.19946926832199097,0.8948412537574768,0.3622898459434509
YCL039W,YBL104C,0,0.2902861,0.19942516088485718,0.8948412537574768,0.3623899221420288
YML093W,YOR310C,0,0.28995043,0.19938108325004578,0.8948412537574768,0.3624899983406067
YGR245C,YOR115C,0,0.2894667,0.19933702051639557,0.8948412537574768,0.36259007453918457
YDR279W,YGR053C,1,0.28943086,0.19951391220092773,0.8958333134651184,0.36259007453918457
YLR227C,YIL094C,0,0.28905725,0.19946984946727753,0.8958333134651184,0.36269015073776245
YIL015W,YMR154C,0,0.28885132,0.1994258016347885,0.8958333134651184,0.36279022693634033
YDR092W,YPL176C,0,0.28841013,0.1993817687034607,0.8958333134651184,0.3628903031349182
YKL210W,YGL194C-A,0,0.28833342,0.19933775067329407,0.8958333134651184,0.3629903793334961
YIL168W,YMR190C,0,0.28794622,0.19929374754428864,0.8958333134651184,0.36309048533439636
YDR525W-A,YGR184C,0,0.28791437,0.1992497742176056,0.8958333134651184,0.36319056153297424
YOR192C-A,YBR245C,0,0.28702813,0.19920583069324493,0.8958333134651184,0.3632906377315521
YBR097W,YGR170W,0,0.2868845,0.19916188716888428,0.8958333134651184,0.36339071393013
YJR058C,YGR295C,0,0.28606164,0.199117973446846,0.8958333134651184,0.3634907901287079
YOR377W,YLR024C,0,0.28595093,0.19907407462596893,0.8958333134651184,0.36359086632728577
YGL187C,YDR365W-A,0,0.28591037,0.19903019070625305,0.8958333134651184,0.36369094252586365
YPL168W,YOL030W,0,0.28540176,0.19898633658885956,0.8958333134651184,0.36379101872444153
YLR391W-A,YHR175W,0,0.28475568,0.19894249737262726,0.8958333134651184,0.3638911247253418
YNR012W,YDR045C,0,0.28461203,0.19889867305755615,0.8958333134651184,0.3639912009239197
YMR205C,YFL060C,0,0.28399783,0.19885487854480743,0.8958333134651184,0.36409127712249756
YMR194C-B,YOL086W-A,0,0.28356868,0.1988110989332199,0.8958333134651184,0.36419135332107544
YNL194C,YOR335C,0,0.28344882,0.19876733422279358,0.8958333134651184,0.3642914295196533
YJL013C,YDL179W,0,0.28334713,0.19872358441352844,0.8958333134651184,0.3643915057182312
YGR280C,YBR110W,0,0.28264076,0.1986798644065857,0.8958333134651184,0.3644915819168091
YLR329W,YJL165C,0,0.2826386,0.19863615930080414,0.8958333134651184,0.36459168791770935
YPR054W,YGL220W,0,0.2816165,0.19859248399734497,0.8958333134651184,0.36469176411628723
YBL066C,YGR090W,0,0.28158897,0.1985488086938858,0.8958333134651184,0.3647918403148651
YNL182C,YGR048W,1,0.28143424,0.19872500002384186,0.89682537317276,0.3647918403148651
YHR099W,YCR075C,0,0.28137457,0.1986813247203827,0.89682537317276,0.364891916513443
YBR036C,YLR453C,0,0.28114057,0.19863766431808472,0.89682537317276,0.3649919927120209
YDR005C,YKL065W-A,0,0.2803386,0.19859401881694794,0.89682537317276,0.36509206891059875
YML058W,YGL192W,1,0.27990314,0.19877004623413086,0.8978174328804016,0.36509206891059875
YOL077C,YNL284C-B,0,0.2798376,0.19872640073299408,0.8978174328804016,0.36519214510917664
YPL257W-A,YHR088W,0,0.27926737,0.1986827701330185,0.8978174328804016,0.3652922213077545
YDR524C-B,YLR107W,0,0.27899557,0.1986391544342041,0.8978174328804016,0.3653923273086548
YMR267W,YAL019W,0,0.27886394,0.1985955685377121,0.8978174328804016,0.36549240350723267
YFL017W-A,YBR018C,0,0.2782213,0.1985519975423813,0.8978174328804016,0.36559247970581055
YAL021C,YLL004W,1,0.2780781,0.1987277865409851,0.898809552192688,0.36559247970581055
YJL026W,YDR296W,1,0.27780044,0.19890351593494415,0.8998016119003296,0.36559247970581055
YMR033W,YDR268W,0,0.2777431,0.19885990023612976,0.8998016119003296,0.3656925559043884
YDL160C-A,YLR381W,1,0.277723,0.19903551042079926,0.9007936716079712,0.3656925559043884
YGL030W,YCL027C-A,0,0.27740675,0.19899189472198486,0.9007936716079712,0.3657926321029663
YPR118W,YDR422C,0,0.2773341,0.19894829392433167,0.9007936716079712,0.3658927083015442
YGL194C-A,YJL141C,0,0.27708125,0.19890470802783966,0.9007936716079712,0.36599278450012207
YDR160W,YDR079C-A,0,0.27627024,0.19886115193367004,0.9007936716079712,0.36609286069869995
YPR158W-A,YHR005C-A,0,0.2761875,0.19881761074066162,0.9007936716079712,0.3661929666996002
YLR321C,YMR234W,1,0.2757498,0.1989929974079132,0.9017857313156128,0.3661929666996002
YFL062W,YDR170C,0,0.27571565,0.1989494413137436,0.9017857313156128,0.3662930428981781
YBR191W,YNR075W,0,0.27565247,0.19890591502189636,0.9017857313156128,0.366393119096756
YGL002W,YPR165W,0,0.27560967,0.19886238873004913,0.9017857313156128,0.36649319529533386
YKL127W,YLR289W,0,0.27547833,0.1988188922405243,0.9017857313156128,0.36659327149391174
YNL187W,YJL192C,0,0.27498809,0.19877542555332184,0.9017857313156128,0.3666933476924896
YBL059C-A,YAL068C,0,0.27482408,0.19873195886611938,0.9017857313156128,0.3667934238910675
YPR065W,YMR264W,0,0.2741394,0.19868852198123932,0.9017857313156128,0.3668935000896454
YOL053C-A,YBR262C,0,0.27396595,0.19864509999752045,0.9017857313156128,0.36699360609054565
YER053C,YGR218W,0,0.27382752,0.19860170781612396,0.9017857313156128,0.36709368228912354
YCL069W,YKL130C,0,0.27382138,0.19855831563472748,0.9017857313156128,0.3671937584877014
YGL108C,YIL085C,0,0.27362525,0.19851495325565338,0.9017857313156128,0.3672938346862793
YER046W,YJR112W-A,0,0.27336687,0.19847162067890167,0.9017857313156128,0.3673939108848572
YMR300C,YER014W,0,0.27301234,0.19842828810214996,0.9017857313156128,0.36749398708343506
YLR395C,YPL257W-B,0,0.27262932,0.19838498532772064,0.9017857313156128,0.36759406328201294
YDR471W,YGL258W-A,0,0.2726218,0.19834169745445251,0.9017857313156128,0.3676941692829132
YGL148W,YJR138W,0,0.27259958,0.19829842448234558,0.9017857313156128,0.3677942454814911
YLR011W,YPL149W,0,0.27215725,0.19825518131256104,0.9017857313156128,0.36789432168006897
YPR081C,YOL043C,0,0.2718835,0.19821195304393768,0.9017857313156128,0.36799439787864685
YGL049C,YBL066C,0,0.27141583,0.19816873967647552,0.9017857313156128,0.36809447407722473
YFL035C,YNR071C,0,0.2712704,0.19812554121017456,0.9017857313156128,0.3681945502758026
YLL024C,YNL032W,0,0.27088183,0.19808237254619598,0.9017857313156128,0.3682946264743805
YDR510W,YFR003C,0,0.27069286,0.1980392187833786,0.9017857313156128,0.3683947026729584
YGL150C,YJL191W,0,0.27018452,0.1979960799217224,0.9017857313156128,0.36849480867385864
YGR287C,YGR272C,0,0.26979953,0.19795295596122742,0.9017857313156128,0.3685948848724365
YMR063W,YER048C,0,0.2693324,0.1979098618030548,0.9017857313156128,0.3686949610710144
YER101C,YNL073W,0,0.26926196,0.1978667825460434,0.9017857313156128,0.3687950372695923
YEL061C,YHL044W,0,0.2691106,0.19782371819019318,0.9017857313156128,0.36889511346817017
YDL074C,YGR053C,1,0.26892436,0.1979982554912567,0.9027777910232544,0.36889511346817017
YNL309W,YPR002W,0,0.2687738,0.1979551911354065,0.9027777910232544,0.36899518966674805
YNL270C,YML060W,0,0.26874638,0.19791214168071747,0.9027777910232544,0.3690952658653259
YCL024W,YBR246W,0,0.26869497,0.19786910712718964,0.9027777910232544,0.3691953420639038
YOR245C,YBL101W-A,0,0.2685272,0.197826087474823,0.9027777910232544,0.3692954480648041
YJR001W,YKR077W,0,0.2682993,0.19778309762477875,0.9027777910232544,0.36939552426338196
YBR265W,YDR210C-C,0,0.26811278,0.1977401077747345,0.9027777910232544,0.36949560046195984
YPR170W-B,YBR279W,0,0.26740462,0.19769714772701263,0.9027777910232544,0.3695956766605377
YBL039W-A,YMR292W,0,0.26733983,0.19765421748161316,0.9027777910232544,0.3696957528591156
YOR381W,YNL236W,0,0.26728994,0.19761128723621368,0.9027777910232544,0.3697958290576935
YEL069C,YDR005C,0,0.2672801,0.1975683867931366,0.9027777910232544,0.36989590525627136
YJR001W,YDR246W,0,0.26713166,0.1975255012512207,0.9027777910232544,0.36999601125717163
YLR213C,YDR389W,0,0.2670377,0.1974826455116272,0.9027777910232544,0.3700960874557495
YGR070W,YFL060C,0,0.2668637,0.1974397897720337,0.9027777910232544,0.3701961636543274
YMR098C,YMR197C,0,0.2668553,0.19739696383476257,0.9027777910232544,0.3702962398529053
YPR158W-A,YJL136C,0,0.26628983,0.19735415279865265,0.9027777910232544,0.37039631605148315
YML013W,YLR043C,0,0.2662829,0.19731135666370392,0.9027777910232544,0.37049639225006104
YPR037C,YDL171C,0,0.26617134,0.19726859033107758,0.9027777910232544,0.3705964684486389
YNL107W,YKL138C,0,0.26590005,0.19722583889961243,0.9027777910232544,0.3706965446472168
YCL003W,YOR389W,0,0.2650445,0.19718310236930847,0.9027777910232544,0.37079665064811707
YDR245W,YKL119C,0,0.26452672,0.1971403807401657,0.9027777910232544,0.37089672684669495
YOR275C,YPR028W,0,0.2644409,0.19709768891334534,0.9027777910232544,0.3709968030452728
YAL001C,YER045C,0,0.26395673,0.19705499708652496,0.9027777910232544,0.3710968792438507
YGR122W,YBL008W-A,0,0.26357424,0.19701233506202698,0.9027777910232544,0.3711969554424286
YPL098C,YJR108W,0,0.26323825,0.19696970283985138,0.9027777910232544,0.37129703164100647
YOR322C,YAL026C,0,0.2629162,0.19692707061767578,0.9027777910232544,0.37139710783958435
YGL207W,YLR205C,0,0.26250222,0.19688446819782257,0.9027777910232544,0.37149718403816223
YLR201C,YNL126W,0,0.262434,0.19684188067913055,0.9027777910232544,0.3715972900390625
YOR142W,YJL140W,0,0.26232255,0.19679930806159973,0.9027777910232544,0.3716973662376404
YNL196C,YGR292W,0,0.2616664,0.1967567503452301,0.9027777910232544,0.37179744243621826
YOR035C,YGR010W,0,0.26120904,0.19671422243118286,0.9027777910232544,0.37189751863479614
YKL058W,YDR023W,0,0.26056,0.19667170941829681,0.9027777910232544,0.371997594833374
YBR100W,YPL167C,1,0.26038557,0.19684529304504395,0.903769850730896,0.371997594833374
YLR360W,YJL137C,0,0.25988623,0.1968027651309967,0.903769850730896,0.3720976710319519
YGL099W,YDL080C,0,0.25945294,0.19676025211811066,0.903769850730896,0.3721977472305298
YOL007C,YGR084C,0,0.25873768,0.196717768907547,0.903769850730896,0.37229782342910767
YBL023C,YJL078C,0,0.25859633,0.19667530059814453,0.903769850730896,0.37239792943000793
YOR192C-A,YPL146C,0,0.2583089,0.19663284718990326,0.903769850730896,0.3724980056285858
YDR160W,YLR362W,0,0.25821954,0.19659042358398438,0.903769850730896,0.3725980818271637
YGR200C,YJL207C,0,0.25820506,0.1965479999780655,0.903769850730896,0.3726981580257416
YDL101C,YDR099W,1,0.2580214,0.19672131538391113,0.9047619104385376,0.3726981580257416
YKR031C,YKL065W-A,0,0.25765464,0.19667889177799225,0.9047619104385376,0.37279823422431946
YFR025C,YKL198C,0,0.25733572,0.19663648307323456,0.9047619104385376,0.37289831042289734
YGL194C-A,YCR084C,0,0.25725886,0.19659408926963806,0.9047619104385376,0.3729983866214752
YDR489W,YDR513W,0,0.25694686,0.19655172526836395,0.9047619104385376,0.3730984926223755
YLR106C,YOR093C,0,0.25671062,0.19650937616825104,0.9047619104385376,0.37319856882095337
YGR010W,YBL085W,0,0.25663483,0.19646704196929932,0.9047619104385376,0.37329864501953125
YPL059W,YBL039W-A,0,0.25650463,0.1964247226715088,0.9047619104385376,0.37339872121810913
YLR372W,YLR021W,0,0.25644118,0.19638243317604065,0.9047619104385376,0.373498797416687
YLR009W,YDL056W,0,0.25547776,0.1963401436805725,0.9047619104385376,0.3735988736152649
YMR215W,YJL073W,0,0.2549547,0.19629788398742676,0.9047619104385376,0.3736989498138428
YAL019W,YOR063W,0,0.25494725,0.1962556540966034,0.9047619104385376,0.37379902601242065
YCL029C,YOR002W,0,0.25456244,0.19621342420578003,0.9047619104385376,0.3738991320133209
YOR092W,YFL011W-A,0,0.25357696,0.19617122411727905,0.9047619104385376,0.3739992082118988
YNL061W,YER184C,0,0.2534434,0.19612903892993927,0.9047619104385376,0.3740992844104767
YML012W,YDR292C,0,0.2533728,0.19608686864376068,0.9047619104385376,0.37419936060905457
YGR038C-A,YER075C,0,0.2530409,0.1960447132587433,0.9047619104385376,0.37429943680763245
YKL084W,YML102W,0,0.252541,0.19600257277488708,0.9047619104385376,0.3743995130062103
YLR070C,YBL101W-A,0,0.25238216,0.19596046209335327,0.9047619104385376,0.3744995892047882
YOR049C,YKL152C,0,0.25172514,0.19591836631298065,0.9047619104385376,0.3745996654033661
YLL017W,YER149C,0,0.25105292,0.19587628543376923,0.9047619104385376,0.37469977140426636
YDL247W,YNL282W,0,0.25086328,0.1958342343568802,0.9047619104385376,0.37479984760284424
YOR106W,YLR150W,0,0.25085518,0.19579218327999115,0.9047619104385376,0.3748999238014221
YBR109C,YFL035C-A,0,0.25060594,0.1957501620054245,0.9047619104385376,0.375
YDR217C,YJR095W,0,0.2505216,0.19570815563201904,0.9047619104385376,0.3751000761985779
YBR097W,YLR026C,0,0.25049758,0.19566616415977478,0.9047619104385376,0.37520015239715576
YCR101C,YMR194C-B,0,0.25034112,0.1956242024898529,0.9047619104385376,0.37530022859573364
YDR365W-A,YNL032W,0,0.25030595,0.19558224081993103,0.9047619104385376,0.3754003345966339
YMR316W,YFL039C,0,0.25008315,0.19554030895233154,0.9047619104385376,0.3755004107952118
YCL016C,YOL086W-A,1,0.25004303,0.19571276009082794,0.9057539701461792,0.3755004107952118
YDL017W,YDL160C-A,1,0.24998921,0.19588512182235718,0.9067460298538208,0.3755004107952118
YBR231C,YKL156W,0,0.24990833,0.1958431601524353,0.9067460298538208,0.3756004869937897
YOR098C,YJL057C,0,0.24887627,0.19580119848251343,0.9067460298538208,0.37570056319236755
YBR281C,YGL121C,0,0.24868637,0.19575926661491394,0.9067460298538208,0.37580063939094543
YCL048W-A,YER014W,0,0.24847654,0.19571734964847565,0.9067460298538208,0.3759007155895233
YNL221C,YMR238W,0,0.24803671,0.19567544758319855,0.9067460298538208,0.3760007917881012
YGL147C,YDL098C,0,0.24717182,0.19563356041908264,0.9067460298538208,0.3761008679866791
YLR035C-A,YIL166C,0,0.24711144,0.19559170305728912,0.9067460298538208,0.37620097398757935
YJL026W,YLR320W,1,0.24667436,0.19576379656791687,0.9077380895614624,0.37620097398757935
YDR284C,YPR181C,0,0.2466726,0.19572192430496216,0.9077380895614624,0.3763010501861572
YHR066W,YJL020C,0,0.24662983,0.19568006694316864,0.9077380895614624,0.3764011263847351
YDR146C,YML120C,0,0.2460962,0.19563822448253632,0.9077380895614624,0.376501202583313
YMR276W,YHR033W,0,0.24593985,0.19559641182422638,0.9077380895614624,0.37660127878189087
YCL003W,YML131W,0,0.24580789,0.19555459916591644,0.9077380895614624,0.37670135498046875
YMR211W,YBR030W,0,0.24554393,0.1955128163099289,0.9077380895614624,0.37680143117904663
YDR524C-B,YHR150W,0,0.2453826,0.19547104835510254,0.9077380895614624,0.3769015073776245
YBR145W,YPR102C,0,0.244553,0.19542931020259857,0.9077380895614624,0.3770016133785248
YDR180W,YCR080W,0,0.24410921,0.1953875720500946,0.9077380895614624,0.37710168957710266
YNR008W,YGR251W,0,0.24385735,0.19534586369991302,0.9077380895614624,0.37720176577568054
YER095W,YER164W,1,0.2435255,0.1955176144838333,0.908730149269104,0.37720176577568054
YHR177W,YCL058W-A,0,0.24346039,0.19547589123249054,0.908730149269104,0.3773018419742584
YDR255C,YLR313C,0,0.24305245,0.19543418288230896,0.908730149269104,0.3774019181728363
YDR210C-C,YNL051W,0,0.24262613,0.19539248943328857,0.908730149269104,0.3775019943714142
YGL194C-A,YNL230C,0,0.24261963,0.19535082578659058,0.908730149269104,0.37760207056999207
YIL089W,YIR022W,0,0.2425108,0.19530916213989258,0.908730149269104,0.37770217657089233
YHR155W,YDL063C,0,0.24231762,0.19526752829551697,0.908730149269104,0.3778022527694702
YER053C-A,YOR167C,0,0.24226075,0.19522590935230255,0.908730149269104,0.3779023289680481
YPL227C,YMR121C,0,0.24190146,0.19518432021141052,0.908730149269104,0.378002405166626
YJL002C,YJR014W,0,0.24149543,0.1951427310705185,0.908730149269104,0.37810248136520386
YER014C-A,YFR049W,0,0.24131751,0.19510117173194885,0.908730149269104,0.37820255756378174
YMR235C,YJL133C-A,0,0.24121046,0.1950596272945404,0.908730149269104,0.3783026337623596
YNL156C,YKL200C,0,0.24111146,0.19501809775829315,0.908730149269104,0.3784027099609375
YMR301C,YNL231C,0,0.24096039,0.1949765831232071,0.908730149269104,0.37850281596183777
YOL032W,YHL007C,0,0.24084008,0.19493509829044342,0.908730149269104,0.37860289216041565
YPR173C,YKL056C,0,0.23936814,0.19489361345767975,0.908730149269104,0.37870296835899353
YPR081C,YDR122W,0,0.23916906,0.19485215842723846,0.908730149269104,0.3788030445575714
YLR227W-B,YDR324C,0,0.23857859,0.19481071829795837,0.908730149269104,0.3789031207561493
YML034W,YBR180W,0,0.23855329,0.19476929306983948,0.908730149269104,0.3790031969547272
YDR198C,YBR153W,0,0.23836917,0.19472789764404297,0.908730149269104,0.37910327315330505
YDR474C,YDR266C,0,0.23824984,0.19468650221824646,0.908730149269104,0.37920334935188293
YPL257W-A,YHR157W,0,0.23788133,0.19464513659477234,0.908730149269104,0.3793034553527832
YLR227W-A,YFR033C,0,0.2378571,0.1946037858724594,0.908730149269104,0.3794035315513611
YLR035C-A,YCR021C,0,0.23781362,0.19456245005130768,0.908730149269104,0.37950360774993896
YKL192C,YLL018C-A,0,0.23780105,0.19452112913131714,0.908730149269104,0.37960368394851685
YMR230W,YLR319C,0,0.23762354,0.1944798231124878,0.908730149269104,0.3797037601470947
YGL186C,YPR156C,0,0.23750687,0.19443854689598083,0.908730149269104,0.3798038363456726
YCR058C,YOR120W,0,0.23726481,0.19439728558063507,0.908730149269104,0.3799039125442505
YGR157W,YKL087C,0,0.23693314,0.1943560391664505,0.908730149269104,0.38000398874282837
YDR333C,YJL133C-A,0,0.23685646,0.19431480765342712,0.908730149269104,0.38010409474372864
YGR003W,YHR181W,0,0.23685366,0.19427359104156494,0.908730149269104,0.3802041709423065
YCL060C,YDR266C,0,0.23624468,0.19423240423202515,0.908730149269104,0.3803042471408844
YMR077C,YAL038W,0,0.2362319,0.19419121742248535,0.908730149269104,0.3804043233394623
YJR031C,YGL031C,0,0.23598951,0.19415006041526794,0.908730149269104,0.38050439953804016
YCL020W,YCR070W,0,0.23566997,0.19410891830921173,0.908730149269104,0.38060447573661804
YMR234W,YAL013W,1,0.23548353,0.19427965581417084,0.9097222089767456,0.38060447573661804
YEL048C,YDR524C-B,0,0.23505944,0.19423851370811462,0.9097222089767456,0.3807045519351959
YLR154W-A,YJL113W,0,0.2345806,0.1941973716020584,0.9097222089767456,0.3808046579360962
YFL035C-A,YDR337W,0,0.23419037,0.19415625929832458,0.9097222089767456,0.3809047341346741
YDL160C-A,YNL088W,1,0.23394686,0.19432684779167175,0.9107142686843872,0.3809047341346741
YJL173C,YPL012W,0,0.23378852,0.19428572058677673,0.9107142686843872,0.38100481033325195
YNL129W,YOL146W,0,0.23351818,0.1942446082830429,0.9107142686843872,0.38110488653182983
YCR015C,YGR078C,0,0.23331475,0.19420351088047028,0.9107142686843872,0.3812049627304077
YGR271C-A,YGR031C-A,0,0.23265296,0.19416244328022003,0.9107142686843872,0.3813050389289856
YIL027C,YLR439W,0,0.23229343,0.1941213756799698,0.9107142686843872,0.3814051151275635
YDR518W,YOR159C,0,0.23217547,0.19408033788204193,0.9107142686843872,0.38150519132614136
YOR119C,YDL066W,0,0.2321282,0.19403931498527527,0.9107142686843872,0.3816052973270416
YLL014W,YNL328C,0,0.23126522,0.1939983069896698,0.9107142686843872,0.3817053735256195
YDR170W-A,YPR127W,0,0.23124152,0.19395731389522552,0.9107142686843872,0.3818054497241974
YOR350C,YDL134C,0,0.23090887,0.19391635060310364,0.9107142686843872,0.38190552592277527
YDR051C,YNL318C,0,0.23065406,0.19387540221214294,0.9107142686843872,0.38200560212135315
YLR253W,YDL245C,0,0.23060912,0.19383445382118225,0.9107142686843872,0.38210567831993103
YDL160C-A,YGL201C,1,0.2305786,0.19400463998317719,0.9117063283920288,0.38210567831993103
YOR329C,YJL050W,0,0.22979218,0.1939636915922165,0.9117063283920288,0.3822057545185089
YPR015C,YLR238W,0,0.22966492,0.19392277300357819,0.9117063283920288,0.3823058307170868
YCR053W,YBR055C,0,0.22894323,0.19388185441493988,0.9117063283920288,0.38240593671798706
YAR007C,YDR296W,1,0.22833726,0.19405189156532288,0.9126983880996704,0.38240593671798706
YDL215C,YJR067C,0,0.22829038,0.19401097297668457,0.9126983880996704,0.38250601291656494
YLR395C,YJL127C-A,0,0.22825164,0.19397005438804626,0.9126983880996704,0.3826060891151428
YBR301W,YMR211W,0,0.22761333,0.19392918050289154,0.9126983880996704,0.3827061653137207
YDL012C,YML033W,0,0.22739583,0.19388830661773682,0.9126983880996704,0.3828062415122986
YGL215W,YMR122W-A,0,0.22737002,0.1938474476337433,0.9126983880996704,0.38290631771087646
YJR043C,YDR266C,0,0.22715217,0.19380661845207214,0.9126983880996704,0.38300639390945435
YMR188C,YDR533C,0,0.22702426,0.193765789270401,0.9126983880996704,0.3831064999103546
YGR113W,YPL131W,0,0.22679341,0.19372498989105225,0.9126983880996704,0.3832065761089325
YJR070C,YBR109C,0,0.22666696,0.19368420541286469,0.9126983880996704,0.3833066523075104
YPL269W,YER117W,0,0.22659057,0.1936434507369995,0.9126983880996704,0.38340672850608826
YBR154C,YMR025W,0,0.22518069,0.19360269606113434,0.9126983880996704,0.38350680470466614
YMR088C,YDR240C,0,0.22488683,0.19356195628643036,0.9126983880996704,0.383606880903244
YNL271C,YMR063W,0,0.22473562,0.19352124631404877,0.9126983880996704,0.3837069571018219
YDR277C,YNL306W,0,0.22447658,0.19348055124282837,0.9126983880996704,0.3838070333003998
YKR009C,YJL133C-A,0,0.22437784,0.19343987107276917,0.9126983880996704,0.38390713930130005
YMR176W,YOR337W,0,0.22433367,0.19339920580387115,0.9126983880996704,0.38400721549987793
YDR361C,YAL009W,0,0.22428608,0.19335855543613434,0.9126983880996704,0.3841072916984558
YPL213W,YGL258W-A,0,0.2242848,0.19331791996955872,0.9126983880996704,0.3842073678970337
YHR089C,YKL125W,0,0.22410768,0.19327731430530548,0.9126983880996704,0.3843074440956116
YGL215W,YLR209C,0,0.22357515,0.19323670864105225,0.9126983880996704,0.38440752029418945
YDR273W,YHR190W,0,0.22350407,0.1931961327791214,0.9126983880996704,0.38450759649276733
YCR093W,YLR229C,0,0.22306162,0.19315557181835175,0.9126983880996704,0.3846076726913452
YOL108C,YBL004W,0,0.2227754,0.1931150257587433,0.9126983880996704,0.3847077786922455
YLR352W,YKL138C-A,0,0.22261173,0.19307449460029602,0.9126983880996704,0.38480785489082336
YLR385C,YGR172C,0,0.22231191,0.19303399324417114,0.9126983880996704,0.38490793108940125
YNR045W,YML078W,0,0.22223166,0.19299349188804626,0.9126983880996704,0.3850080072879791
YMR051C,YGR239C,0,0.22148713,0.19295302033424377,0.9126983880996704,0.385108083486557
YOL156W,YPR170W-B,0,0.2214846,0.19291256368160248,0.9126983880996704,0.3852081596851349
YNL154C,YGL043W,0,0.22140199,0.19287212193012238,0.9126983880996704,0.38530823588371277
YKL214C,YGR027W-A,0,0.22079155,0.19283169507980347,0.9126983880996704,0.38540831208229065
YIL150C,YCL075W,0,0.22034764,0.19279128313064575,0.9126983880996704,0.3855084180831909
YOR388C,YDR084C,0,0.22033358,0.19275088608264923,0.9126983880996704,0.3856084942817688
YDR189W,YER099C,0,0.21976995,0.1927105188369751,0.9126983880996704,0.3857085704803467
YMR194C-B,YJL001W,0,0.21906105,0.19267015159130096,0.9126983880996704,0.38580864667892456
YPR066W,YBL008W-A,0,0.2188513,0.19262981414794922,0.9126983880996704,0.38590872287750244
YEL012W,YOR143C,0,0.21882445,0.19258949160575867,0.9126983880996704,0.3860087990760803
YPL213W,YKR049C,0,0.21866733,0.1925491839647293,0.9126983880996704,0.3861088752746582
YLL031C,YCR055C,0,0.21864974,0.19250889122486115,0.9126983880996704,0.38620898127555847
YPL147W,YLR216C,0,0.2181454,0.19246861338615417,0.9126983880996704,0.38630905747413635
YNL098C,YLR410W-B,0,0.2180421,0.1924283653497696,0.9126983880996704,0.38640913367271423
YLR234W,YNL103W,0,0.2179564,0.192388117313385,0.9126983880996704,0.3865092098712921
YPR090W,YMR237W,0,0.21742842,0.19234789907932281,0.9126983880996704,0.38660928606987
YER129W,YOL086W-A,1,0.21734962,0.1925167292356491,0.913690447807312,0.38660928606987
YNL024C-A,YBR040W,0,0.21734303,0.19247649610042572,0.913690447807312,0.3867093622684479
YOR226C,YGL254W,0,0.21731058,0.19243627786636353,0.913690447807312,0.38680943846702576
YOR096W,YJL115W,0,0.21696311,0.19239607453346252,0.913690447807312,0.38690951466560364
YDL160C-A,YJL090C,1,0.21654618,0.19256474077701569,0.9146825671195984,0.38690951466560364
YGR230W,YEL060C,0,0.21603441,0.19252453744411469,0.9146825671195984,0.3870096206665039
YDR148C,YGR031C-A,0,0.21570337,0.19248434901237488,0.9146825671195984,0.3871096968650818
YER087C-B,YDR407C,0,0.21540251,0.19244416058063507,0.9146825671195984,0.38720977306365967
YNR020C,YPR002W,0,0.21532083,0.19240400195121765,0.9146825671195984,0.38730984926223755
YGL037C,YDR128W,0,0.21487296,0.19236385822296143,0.9146825671195984,0.38740992546081543
YKL199C,YKL064W,0,0.21397024,0.1923237442970276,0.9146825671195984,0.3875100016593933
YDR365W-A,YCR020W-B,0,0.21384063,0.19228363037109375,0.9146825671195984,0.3876100778579712
YHR024C,YNL182C,0,0.21353126,0.1922435313463211,0.9146825671195984,0.3877101540565491
YER029C,YGR031W,0,0.21319097,0.19220346212387085,0.9146825671195984,0.38781026005744934
YML110C,YNL307C,0,0.21309423,0.1921634078025818,0.9146825671195984,0.3879103362560272
YNL299W,YPL188W,0,0.21270806,0.19212335348129272,0.9146825671195984,0.3880104124546051
YOR083W,YOR155C,0,0.2123357,0.19208332896232605,0.9146825671195984,0.388110488653183
YNL327W,YIL165C,0,0.21200943,0.19204331934452057,0.9146825671195984,0.38821056485176086
YER012W,YLR155C,0,0.2117554,0.19200332462787628,0.9146825671195984,0.38831064105033875
YNL156C,YGL201C,0,0.21146858,0.19196335971355438,0.9146825671195984,0.3884107172489166
YDL197C,YOR096W,0,0.21118164,0.19192339479923248,0.9146825671195984,0.3885108232498169
YPR028W,YDR397C,0,0.21082318,0.19188345968723297,0.9146825671195984,0.3886108994483948
YOL053C-A,YJR010C-A,0,0.2107555,0.19184352457523346,0.9146825671195984,0.38871097564697266
YOR062C,YLR165C,0,0.21016908,0.19180361926555634,0.9146825671195984,0.38881105184555054
YDL180W,YGL063W,0,0.21005958,0.1917637288570404,0.9146825671195984,0.3889111280441284
YAL033W,YBL101W-B,0,0.20994166,0.19172385334968567,0.9146825671195984,0.3890112042427063
YJR094C,YDR160W,0,0.20973927,0.19168399274349213,0.9146825671195984,0.3891112804412842
YDR323C,YHR035W,0,0.20876539,0.19164414703845978,0.9146825671195984,0.38921135663986206
YOL053C-A,YDL161W,0,0.20865971,0.19160431623458862,0.9146825671195984,0.38931146264076233
YKL171W,YDR210C-D,0,0.20850256,0.19156451523303986,0.9146825671195984,0.3894115388393402
YEL044W,YDR037W,0,0.20757598,0.1915247142314911,0.9146825671195984,0.3895116150379181
YBL103C,YFR021W,0,0.20757389,0.1914849430322647,0.9146825671195984,0.38961169123649597
YIL089W,YHR127W,0,0.20729554,0.19144518673419952,0.9146825671195984,0.38971176743507385
YOR023C,YBL101W-A,0,0.20727551,0.19140544533729553,0.9146825671195984,0.38981184363365173
YNL186W,YPL181W,0,0.20726416,0.19136571884155273,0.9146825671195984,0.3899119198322296
YIL065C,YPL112C,0,0.2071715,0.19132600724697113,0.9146825671195984,0.3900119960308075
YKL055C,YDL132W,0,0.2069878,0.19128631055355072,0.9146825671195984,0.39011210203170776
YER098W,YHR136C,0,0.20686516,0.1912466287612915,0.9146825671195984,0.39021217823028564
YBR100W,YDR069C,1,0.20672578,0.19141435623168945,0.91567462682724,0.39021217823028564
YLR210W,YGR227W,0,0.20619148,0.19137465953826904,0.91567462682724,0.3903122544288635
YLR227W-A,YJL168C,0,0.20611751,0.19133499264717102,0.91567462682724,0.3904123306274414
YPR192W,YJR106W,0,0.20601344,0.1912953406572342,0.91567462682724,0.3905124068260193
YNL315C,YGR014W,0,0.20580453,0.19125570356845856,0.91567462682724,0.39061248302459717
YNL201C,YJL172W,0,0.20558411,0.19121608138084412,0.91567462682724,0.39071255922317505
YNL161W,YKL035W,0,0.20548049,0.19117647409439087,0.91567462682724,0.39081263542175293
YNR060W,YDR034C-D,0,0.20525649,0.19113688170909882,0.91567462682724,0.3909127414226532
YER003C,YNR006W,0,0.20519584,0.19109730422496796,0.91567462682724,0.3910128176212311
YOL040C,YOR358W,0,0.20483443,0.19105775654315948,0.91567462682724,0.39111289381980896
YLR234W,YGR031C-A,0,0.2046018,0.191018208861351,0.91567462682724,0.39121297001838684
YDR022C,YPR137C-B,0,0.20423225,0.19097869098186493,0.91567462682724,0.3913130462169647
YJR112W-A,YFR012W,0,0.2041969,0.19093918800354004,0.91567462682724,0.3914131224155426
YBR065C,YFL017W-A,0,0.20409322,0.19089968502521515,0.91567462682724,0.3915131986141205
YGL205W,YDR333C,0,0.20368862,0.19086021184921265,0.91567462682724,0.39161330461502075
YHR107C,YOR020C,0,0.20350781,0.19082075357437134,0.91567462682724,0.39171338081359863
YLR114C,YKL039W,0,0.20328623,0.19078131020069122,0.91567462682724,0.3918134570121765
YDR486C,YMR017W,0,0.2031411,0.1907418817281723,0.91567462682724,0.3919135332107544
YPL183C,YGR010W,0,0.20301685,0.19070248305797577,0.91567462682724,0.3920136094093323
YER094C,YOR060C,0,0.20281452,0.19066308438777924,0.91567462682724,0.39211368560791016
YDL134C-A,YER038C,0,0.2026211,0.1906237155199051,0.91567462682724,0.39221376180648804
YKR095W-A,YFR045W,0,0.20259681,0.19058434665203094,0.91567462682724,0.3923138380050659
YGL030W,YGR031C-A,0,0.20224425,0.1905450075864792,0.91567462682724,0.3924139440059662
YJR043C,YLR423C,0,0.2019935,0.19050566852092743,0.91567462682724,0.39251402020454407
YER147C,YDR098C-B,0,0.20198298,0.19046635925769806,0.91567462682724,0.39261409640312195
YMR207C,YGL148W,0,0.20198101,0.19042706489562988,0.91567462682724,0.39271417260169983
YDR369C,YDR374W-A,0,0.20193368,0.1903877854347229,0.91567462682724,0.3928142488002777
YER014C-A,YOL084W,0,0.20178983,0.1903485208749771,0.91567462682724,0.3929143249988556
YMR238W,YMR153W,0,0.20148396,0.19030927121639252,0.91567462682724,0.39301440119743347
YNL090W,YMR053C,0,0.20146611,0.1902700513601303,0.91567462682724,0.39311447739601135
YBL101W-B,YNL295W,0,0.20046714,0.1902308315038681,0.91567462682724,0.3932145833969116
YML038C,YPL122C,0,0.20036569,0.19019164144992828,0.91567462682724,0.3933146595954895
YLR035C-A,YFL046W,0,0.20029503,0.19015245139598846,0.91567462682724,0.3934147357940674
YJL187C,YKL065W-A,0,0.20000952,0.19011329114437103,0.91567462682724,0.39351481199264526
YER046W,YPL235W,0,0.19968224,0.1900741308927536,0.91567462682724,0.39361488819122314
YAL009W,YIL162W,0,0.19909194,0.19003500044345856,0.91567462682724,0.393714964389801
YOR290C,YDR475C,0,0.19903132,0.1899958848953247,0.91567462682724,0.3938150405883789
YJL084C,YDR087C,0,0.19828594,0.18995678424835205,0.91567462682724,0.3939151465892792
YGR095C,YPL257W-A,0,0.1982821,0.1899176985025406,0.91567462682724,0.39401522278785706
YMR284W,YER038C,0,0.1979754,0.18987862765789032,0.91567462682724,0.39411529898643494
YDR524C-B,YMR019W,0,0.19774777,0.18983957171440125,0.91567462682724,0.3942153751850128
YMR122W-A,YLR328W,0,0.1977463,0.18980053067207336,0.91567462682724,0.3943154513835907
YFL002C,YGL013C,0,0.19771439,0.18976151943206787,0.91567462682724,0.3944155275821686
YAL014C,YBL090W,0,0.19759452,0.18972250819206238,0.91567462682724,0.39451560378074646
YMR295C,YGL090W,0,0.19752187,0.18968351185321808,0.91567462682724,0.39461567997932434
YJR129C,YGR031C-A,0,0.19752151,0.18964454531669617,0.91567462682724,0.3947157859802246
YOR343W-A,YDR237W,0,0.19750574,0.18960559368133545,0.91567462682724,0.3948158621788025
YER028C,YHR009C,0,0.19708046,0.18956664204597473,0.91567462682724,0.39491593837738037
YBR010W,YNL284C-B,0,0.19702432,0.1895277202129364,0.91567462682724,0.39501601457595825
YPR043W,YKR013W,0,0.19675347,0.18948881328105927,0.91567462682724,0.39511609077453613
YOR163W,YFL017W-A,0,0.19570169,0.18944992125034332,0.91567462682724,0.395216166973114
YBR192W,YLR013W,0,0.19564185,0.18941104412078857,0.91567462682724,0.3953162431716919
YOL033W,YDR470C,0,0.19529784,0.18937218189239502,0.91567462682724,0.3954163193702698
YLR445W,YDR012W,0,0.19487634,0.18933333456516266,0.91567462682724,0.39551642537117004
YDR089W,YPR120C,0,0.19471338,0.1892945021390915,0.91567462682724,0.3956165015697479
YBR108W,YNL024C-A,0,0.1945228,0.18925568461418152,0.91567462682724,0.3957165777683258
YBR039W,YKL074C,0,0.19411817,0.18921689689159393,0.91567462682724,0.3958166539669037
YAL036C,YKL065W-A,0,0.1940749,0.18917810916900635,0.91567462682724,0.39591673016548157
YFR048W,YDR107C,0,0.19399676,0.18913935124874115,0.91567462682724,0.39601680636405945
YHR212W-A,YNL086W,0,0.19317403,0.18910059332847595,0.91567462682724,0.39611688256263733
YCL048W,YJR104C,0,0.19295472,0.18906186521053314,0.91567462682724,0.3962169587612152
YGL105W,YDR346C,0,0.19285598,0.18902313709259033,0.91567462682724,0.3963170647621155
YMR247W-A,YDR190C,0,0.1928514,0.1889844387769699,0.91567462682724,0.39641714096069336
YGR030C,YML095C,0,0.19278264,0.18894575536251068,0.91567462682724,0.39651721715927124
YDL122W,YLR138W,0,0.19264477,0.18890708684921265,0.91567462682724,0.3966172933578491
YML045W-A,YKR028W,0,0.19258198,0.1888684332370758,0.91567462682724,0.396717369556427
YLR113W,YGR141W,0,0.19232503,0.18882979452610016,0.91567462682724,0.3968174457550049
YGL143C,YDR192C,0,0.19232115,0.1887911707162857,0.91567462682724,0.39691752195358276
YLR053C,YMR172W,0,0.19192734,0.18875256180763245,0.91567462682724,0.39701762795448303
YCL048W-A,YOR133W,0,0.19106412,0.18871396780014038,0.91567462682724,0.3971177041530609
YBR092C,YPL192C,0,0.19087523,0.1886753886938095,0.91567462682724,0.3972177803516388
YDL139C,YCR004C,0,0.19056135,0.18863682448863983,0.91567462682724,0.3973178565502167
YOL032W,YPR137C-A,0,0.19039744,0.18859829008579254,0.91567462682724,0.39741793274879456
YNL054W-A,YHR044C,0,0.1903348,0.18855975568294525,0.91567462682724,0.39751800894737244
YBL017C,YPL091W,0,0.19017756,0.18852123618125916,0.91567462682724,0.3976180851459503
YOR221C,YFL031W,0,0.18991473,0.18848274648189545,0.91567462682724,0.3977181613445282
YBR180W,YPL259C,0,0.18990386,0.18844425678253174,0.91567462682724,0.39781826734542847
YBR094W,YKL065W-A,0,0.18986392,0.18840579688549042,0.91567462682724,0.39791834354400635
YKR010C,YMR193W,0,0.18963683,0.1883673518896103,0.91567462682724,0.39801841974258423
YDL188C,YKL065W-A,0,0.18941066,0.18832890689373016,0.91567462682724,0.3981184959411621
YPR108W,YDR365W-A,0,0.18875924,0.18829049170017242,0.91567462682724,0.39821857213974
YMR159C,YNL054W-A,0,0.1886333,0.18825209140777588,0.91567462682724,0.39831864833831787
YPL094C,YJL127C-A,0,0.18809512,0.18821370601654053,0.91567462682724,0.39841872453689575
YGL168W,YDR069C,1,0.1880914,0.1883791983127594,0.9166666865348816,0.39841872453689575
YNL031C,YLR362W,0,0.18700337,0.18834081292152405,0.9166666865348816,0.39851880073547363
YDR407C,YDR316W-A,0,0.18681607,0.1883024275302887,0.9166666865348816,0.3986189067363739
YNL159C,YDL015C,0,0.18673038,0.18826405704021454,0.9166666865348816,0.3987189829349518
YDR014W-A,YML077W,0,0.18639156,0.18822570145130157,0.9166666865348816,0.39881905913352966
YIL106W,YHR063C,0,0.18635777,0.188187375664711,0.9166666865348816,0.39891913533210754
YDR261C-D,YIL067C,0,0.1863111,0.18814904987812042,0.9166666865348816,0.3990192115306854
YBR158W,YNR057C,0,0.18622807,0.18811075389385223,0.9166666865348816,0.3991192877292633
YDL165W,YLR021W,0,0.18616822,0.18807245790958405,0.9166666865348816,0.3992193639278412
YIL102C-A,YKL198C,0,0.18566939,0.18803419172763824,0.9166666865348816,0.39931946992874146
YDR333C,YHR212W-A,0,0.1855391,0.18799592554569244,0.9166666865348816,0.39941954612731934
YLR213C,YER118C,0,0.18455768,0.18795768916606903,0.9166666865348816,0.3995196223258972
YDR374W-A,YGR218W,0,0.18440527,0.1879194676876068,0.9166666865348816,0.3996196985244751
YIL102C-A,YBR142W,0,0.18411332,0.1878812462091446,0.9166666865348816,0.399719774723053
YKR064W,YOR002W,0,0.18375611,0.18784305453300476,0.9166666865348816,0.39981985092163086
YOL026C,YKR044W,0,0.18363404,0.18780487775802612,0.9166666865348816,0.39991992712020874
YMR188C,YGR016W,0,0.18338472,0.18776671588420868,0.9166666865348816,0.4000200033187866
YIL084C,YMR292W,0,0.18303394,0.18772856891155243,0.9166666865348816,0.4001201093196869
YPR137C-A,YCL052C,0,0.18249848,0.18769043684005737,0.9166666865348816,0.40022018551826477
YPR025C,YJR112W-A,0,0.18243802,0.1876523196697235,0.9166666865348816,0.40032026171684265
YDR284C,YLR410W-B,0,0.182423,0.18761421740055084,0.9166666865348816,0.40042033791542053
YMR194C-B,YFR042W,0,0.18207479,0.18757613003253937,0.9166666865348816,0.4005204141139984
YJL021C,YPR152C,0,0.18168706,0.1875380575656891,0.9166666865348816,0.4006204903125763
YOR211C,YDR331W,0,0.18143529,0.1875,0.9166666865348816,0.4007205665111542
YHR108W,YDR261C-D,0,0.18136474,0.1874619573354721,0.9166666865348816,0.40082064270973206
YGL008C,YDR323C,0,0.18114021,0.1874239295721054,0.9166666865348816,0.4009207487106323
YNL033W,YBL010C,0,0.18088925,0.1873859316110611,0.9166666865348816,0.4010208249092102
YMR301C,YNL106C,0,0.18077376,0.18734793365001678,0.9166666865348816,0.4011209011077881
YER067W,YDR123C,0,0.18074185,0.18730995059013367,0.9166666865348816,0.40122097730636597
YHR035W,YFR019W,0,0.18066227,0.18727199733257294,0.9166666865348816,0.40132105350494385
YER059W,YOR003W,0,0.17998135,0.1872340440750122,0.9166666865348816,0.40142112970352173
YDR407C,YGR027W-B,0,0.17996994,0.18719610571861267,0.9166666865348816,0.4015212059020996
YDR123C,YDR057W,0,0.17847589,0.18715819716453552,0.9166666865348816,0.4016213119029999
YPR158W-B,YJL206C,0,0.17838675,0.18712028861045837,0.9166666865348816,0.40172138810157776
YLR098C,YKL065W-A,0,0.17627364,0.1870824098587036,0.9166666865348816,0.40182146430015564
YPR009W,YJL168C,0,0.17618299,0.18704453110694885,0.9166666865348816,0.4019215404987335
YOR264W,YFL001W,0,0.17614302,0.18700668215751648,0.9166666865348816,0.4020216166973114
YGR141W,YNL078W,0,0.1754117,0.1869688332080841,0.9166666865348816,0.4021216928958893
YNL183C,YFR047C,0,0.17537591,0.18693101406097412,0.9166666865348816,0.40222176909446716
YOR192C-A,YBR159W,0,0.17517132,0.18689320981502533,0.9166666865348816,0.40232184529304504
YBR291C,YDR422C,0,0.17477125,0.18685540556907654,0.9166666865348816,0.4024219512939453
YLR106C,YPR140W,0,0.17444646,0.18681763112545013,0.9166666865348816,0.4025220274925232
YER044C,YDR126W,0,0.17430124,0.18677987158298492,0.9166666865348816,0.4026221036911011
YJR067C,YKL065W-A,0,0.1741629,0.18674211204051971,0.9166666865348816,0.40272217988967896
YHR123W,YLR116W,0,0.17387578,0.1867043823003769,0.9166666865348816,0.40282225608825684
YLR154W-A,YER140W,0,0.17347744,0.18666666746139526,0.9166666865348816,0.4029223322868347
YOR343W-B,YPR020W,0,0.17275456,0.18662896752357483,0.9166666865348816,0.4030224084854126
YCR063W,YNL284C-A,0,0.17265487,0.1865912824869156,0.9166666865348816,0.4031224846839905
YER070W,YOR060C,1,0.17214558,0.18675550818443298,0.9176587462425232,0.4031224846839905
YFL035C,YMR121C,0,0.17173651,0.18671780824661255,0.9176587462425232,0.40322259068489075
YMR284W,YML081W,0,0.1715315,0.1866801232099533,0.9176587462425232,0.40332266688346863
YDR533C,YDR365W-A,0,0.17115355,0.18664245307445526,0.9176587462425232,0.4034227430820465
YHL024W,YMR190C,1,0.17115244,0.18680652976036072,0.9186508059501648,0.4034227430820465
YJR040W,YOL125W,0,0.1709671,0.18676885962486267,0.9186508059501648,0.4035228192806244
YJR137C,YGR295C,0,0.17094502,0.18673118948936462,0.9186508059501648,0.40362289547920227
YPR170W-B,YLR341W,0,0.17084485,0.18669354915618896,0.9186508059501648,0.40372297167778015
YPR125W,YDL007W,0,0.17050248,0.1866559088230133,0.9186508059501648,0.40382304787635803
YLL022C,YDR011W,0,0.1703245,0.18661829829216003,0.9186508059501648,0.4039231240749359
YDL165W,YDR210C-D,0,0.17023876,0.18658070266246796,0.9186508059501648,0.4040232300758362
YJL176C,YKL060C,0,0.1701527,0.18654310703277588,0.9186508059501648,0.40412330627441406
YGR027W-A,YFL040W,0,0.17013016,0.1865055412054062,0.9186508059501648,0.40422338247299194
YAR070W-A,YIR028W,0,0.17009705,0.1864679753780365,0.9186508059501648,0.4043234586715698
YEL068C,YDR210W-C,0,0.17009705,0.1864304393529892,0.9186508059501648,0.4044235348701477
YBL108C-A,YLR410W-A,0,0.17009705,0.1863929182291031,0.9186508059501648,0.4045236110687256
YHR138C,YJR107C-A,0,0.17009705,0.18635539710521698,0.9186508059501648,0.40462368726730347
YCL001W-B,YBL101W-B,0,0.17009705,0.18631790578365326,0.9186508059501648,0.40472379326820374
YHR138C,YBL039W-A,0,0.17009705,0.18628042936325073,0.9186508059501648,0.4048238694667816
YBR090C-A,YDR261W-B,0,0.17009705,0.1862429678440094,0.9186508059501648,0.4049239456653595
YAR070W-A,YOR332W,0,0.17009705,0.18620550632476807,0.9186508059501648,0.4050240218639374
YAR070W-A,YOL072W,0,0.17009705,0.18616807460784912,0.9186508059501648,0.40512409806251526
YCL001W-B,YCL062W,0,0.17009705,0.18613065779209137,0.9186508059501648,0.40522417426109314
YOR172W,YDR210W-C,0,0.17009705,0.18609324097633362,0.9186508059501648,0.405324250459671
YHR138C,YJL012C-A,0,0.17009705,0.18605585396289825,0.9186508059501648,0.4054243266582489
YER046W,YJR107C-A,0,0.17009705,0.18601848185062408,0.9186508059501648,0.40552443265914917
YHL030W,YJR107C-A,0,0.17009705,0.1859811246395111,0.9186508059501648,0.40562450885772705
YDR097C,YOR343C-B,0,0.17009705,0.18594378232955933,0.9186508059501648,0.40572458505630493
YJL012C-A,YNL054W-B,0,0.17009705,0.18590644001960754,0.9186508059501648,0.4058246612548828
YJL012C-A,YDR365W-A,0,0.17009705,0.18586912751197815,0.9186508059501648,0.4059247374534607
YNL156C,YJR107C-A,0,0.17009705,0.18583182990550995,0.9186508059501648,0.4060248136520386
YOR020W-A,YDR316W-A,0,0.17009705,0.18579454720020294,0.9186508059501648,0.40612488985061646
YBL071W-A,YDR210W-C,0,0.17009705,0.18575726449489594,0.9186508059501648,0.40622496604919434
YBL005W-A,YJL012C-A,0,0.17009705,0.18572001159191132,0.9186508059501648,0.4063250720500946
YEL068C,YOL053C-A,0,0.17009705,0.1856827735900879,0.9186508059501648,0.4064251482486725
YER076C,YFL035C-A,0,0.17009705,0.18564555048942566,0.9186508059501648,0.40652522444725037
YAR070W-A,YOR335C,0,0.17009705,0.18560834228992462,0.9186508059501648,0.40662530064582825
YDR210W-C,YHL017W,0,0.17009705,0.18557114899158478,0.9186508059501648,0.40672537684440613
YGR109W-A,YKL158W,0,0.17009705,0.18553395569324493,0.9186508059501648,0.406825453042984
YPR110C,YOR343C-A,0,0.17009705,0.18549679219722748,0.9186508059501648,0.4069255292415619
YKL158W,YDR261C-D,0,0.17009705,0.18545964360237122,0.9186508059501648,0.40702563524246216
YGL147C,YOR343C-A,0,0.17009705,0.18542250990867615,0.9186508059501648,0.40712571144104004
YJR107C-A,YCR033W,0,0.17009705,0.18538539111614227,0.9186508059501648,0.4072257876396179
YJR044C,YAR070W-A,0,0.17009705,0.1853482723236084,0.9186508059501648,0.4073258638381958
YHR140W,YOL053C-A,0,0.17009705,0.1853111833333969,0.9186508059501648,0.4074259400367737
YLR158C,YOR343C-B,0,0.17009705,0.18527410924434662,0.9186508059501648,0.40752601623535156
YOR070C,YJR107C-A,0,0.17009705,0.18523705005645752,0.9186508059501648,0.40762609243392944
YEL061C,YOR343C-A,0,0.17009705,0.18520000576972961,0.9186508059501648,0.4077261686325073
YJL180C,YDR210W-C,0,0.17009705,0.1851629614830017,0.9186508059501648,0.4078262746334076
YER143W,YOR343C-B,0,0.17009705,0.1851259469985962,0.9186508059501648,0.4079263508319855
YHR214W-G,YMR162C,0,0.17009705,0.18508894741535187,0.9186508059501648,0.40802642703056335
YHR133C,YOR343C-B,0,0.17009705,0.18505196273326874,0.9186508059501648,0.40812650322914124
YDR210W-C,YNR062C,0,0.17009705,0.1850149780511856,0.9186508059501648,0.4082265794277191
YLR228C,YOR343C-A,0,0.17009705,0.18497802317142487,0.9186508059501648,0.408326655626297
YDL208W,YOR343C-B,0,0.17009705,0.18494108319282532,0.9186508059501648,0.4084267318248749
YIL082W-A,YBL008W-A,0,0.17009705,0.18490415811538696,0.9186508059501648,0.40852680802345276
YDR210W-C,YKL027W,0,0.17009705,0.1848672330379486,0.9186508059501648,0.408626914024353
YCR052W,YHR214W-G,0,0.17009705,0.18483033776283264,0.9186508059501648,0.4087269902229309
YNL074C,YLR002C,0,0.17009422,0.18479345738887787,0.9186508059501648,0.4088270664215088
YLR035C-A,YGR253C,0,0.1700055,0.1847565770149231,0.9186508059501648,0.40892714262008667
YJL133W,YCL052C,0,0.16975322,0.1847197264432907,0.9186508059501648,0.40902721881866455
YDL017W,YJL026W,1,0.16965929,0.18488232791423798,0.9196428656578064,0.40902721881866455
YLR070C,YDR510W,0,0.1696257,0.1848454624414444,0.9196428656578064,0.40912729501724243
YPL115C,YJR150C,0,0.16936764,0.184808611869812,0.9196428656578064,0.4092273712158203
YLL033W,YDR287W,0,0.16934517,0.18477177619934082,0.9196428656578064,0.4093274474143982
YGR294W,YLR244C,0,0.16912752,0.18473495543003082,0.9196428656578064,0.40942755341529846
YMR232W,YNL252C,0,0.16871986,0.18469814956188202,0.9196428656578064,0.40952762961387634
YDR034C-C,YOR115C,0,0.16853157,0.1846613585948944,0.9196428656578064,0.4096277058124542
YOR343W-B,YOR178C,0,0.16746575,0.184624582529068,0.9196428656578064,0.4097277820110321
YNL329C,YNL154C,0,0.16734937,0.18458780646324158,0.9196428656578064,0.40982785820961
YMR247W-A,YFL033C,0,0.16722992,0.18455106019973755,0.9196428656578064,0.40992793440818787
YDR072C,YHR028C,0,0.16714716,0.18451432883739471,0.9196428656578064,0.41002801060676575
YJL053W,YLR382C,0,0.16704038,0.18447761237621307,0.9196428656578064,0.410128116607666
YDL160C-A,YDR121W,1,0.16687724,0.18463987112045288,0.920634925365448,0.410128116607666
YPL116W,YDR316W-A,0,0.16674414,0.18460313975811005,0.920634925365448,0.4102281928062439
YPL138C,YDR079C-A,0,0.1659483,0.1845664232969284,0.920634925365448,0.4103282690048218
YGR038C-B,YKL156W,0,0.16587505,0.18452972173690796,0.920634925365448,0.41042834520339966
YBR266C,YLR277C,0,0.1656571,0.1844930350780487,0.920634925365448,0.41052842140197754
YDR210C-D,YCR021C,0,0.16543943,0.18445636332035065,0.920634925365448,0.4106284976005554
YPL164C,YLR452C,0,0.16530922,0.18441970646381378,0.920634925365448,0.4107285737991333
YKR055W,YKL007W,0,0.16495878,0.1843830645084381,0.920634925365448,0.4108286499977112
YOR224C,YJR002W,0,0.16492677,0.18434643745422363,0.920634925365448,0.41092875599861145
YHR186C,YLR139C,0,0.16368023,0.18430982530117035,0.920634925365448,0.41102883219718933
YER166W,YOL055C,0,0.16310617,0.18427322804927826,0.920634925365448,0.4111289083957672
YFL048C,YKL152C,0,0.16281411,0.18423664569854736,0.920634925365448,0.4112289845943451
YGR156W,YHR212W-A,0,0.16279966,0.18420007824897766,0.920634925365448,0.411329060792923
YER125W,YDR378C,0,0.16260663,0.18416352570056915,0.920634925365448,0.41142913699150085
YAL034C,YLR289W,0,0.1621438,0.18412698805332184,0.920634925365448,0.41152921319007874
YGL151W,YMR194C-B,0,0.16212854,0.18409046530723572,0.920634925365448,0.4116292893886566
YER061C,YGR062C,0,0.1619794,0.1840539425611496,0.920634925365448,0.4117293953895569
YIL132C,YHL033C,0,0.16156235,0.18401744961738586,0.920634925365448,0.41182947158813477
YOR278W,YKL004W,0,0.16139579,0.18398097157478333,0.920634925365448,0.41192954778671265
YOR245C,YKL018W,0,0.1613484,0.1839444935321808,0.920634925365448,0.4120296239852905
YHL048W,YCL021W-A,0,0.1606375,0.18390804529190063,0.920634925365448,0.4121297001838684
YBL108C-A,YPR031W,0,0.16040501,0.18387161195278168,0.920634925365448,0.4122297763824463
YDR004W,YFR043C,0,0.16016698,0.18383517861366272,0.920634925365448,0.41232985258102417
YML030W,YLR073C,0,0.15999308,0.18379877507686615,0.920634925365448,0.41242995858192444
YGR103W,YMR129W,0,0.15994346,0.18376237154006958,0.920634925365448,0.4125300347805023
YDR446W,YMR197C,0,0.1597667,0.1837259978055954,0.920634925365448,0.4126301109790802
YNL281W,YNL330C,0,0.1595208,0.18368962407112122,0.920634925365448,0.4127301871776581
YMR196W,YMR122W-A,0,0.1594716,0.18365328013896942,0.920634925365448,0.41283026337623596
YMR247W-A,YKL032C,0,0.15936685,0.18361693620681763,0.920634925365448,0.41293033957481384
YKL113C,YGR180C,1,0.15929532,0.18377843499183655,0.9216269850730896,0.41293033957481384
YHR214C-C,YIL115C,0,0.15913248,0.18374209105968475,0.9216269850730896,0.4130304157733917
YHR214C-C,YKL195W,0,0.15868944,0.18370574712753296,0.9216269850730896,0.4131304919719696
YOL002C,YIL078W,0,0.15832317,0.18366943299770355,0.9216269850730896,0.4132305979728699
YJL132W,YGR272C,0,0.15828991,0.18363313376903534,0.9216269850730896,0.41333067417144775
YDR014W-A,YGR015C,0,0.15797311,0.18359683454036713,0.9216269850730896,0.41343075037002563
YDR080W,YPL274W,0,0.1579279,0.1835605651140213,0.9216269850730896,0.4135308265686035
YLR239C,YKL189W,0,0.15780148,0.18352429568767548,0.9216269850730896,0.4136309027671814
YDL160C-A,YOR279C,1,0.1574558,0.1836855560541153,0.9226190447807312,0.4136309027671814
YKL054C,YPR008W,0,0.15633404,0.18364928662776947,0.9226190447807312,0.4137309789657593
YPL156C,YDR083W,0,0.15610164,0.18361303210258484,0.9226190447807312,0.41383105516433716
YJL142C,YGR098C,0,0.15579829,0.1835767924785614,0.9226190447807312,0.41393113136291504
YLR157C-A,YKL162C,0,0.15541756,0.18354055285453796,0.9226190447807312,0.4140312373638153
YDR267C,YOL001W,0,0.15541112,0.18350434303283691,0.9226190447807312,0.4141313135623932
YCR005C,YOR143C,0,0.1550256,0.18346813321113586,0.9226190447807312,0.41423138976097107
YDR125C,YNL054W-A,0,0.15499473,0.1834319531917572,0.9226190447807312,0.41433146595954895
YMR247W-A,YER179W,0,0.15390664,0.18339577317237854,0.9226190447807312,0.41443154215812683
YHR212W-A,YPL230W,0,0.15366903,0.18335962295532227,0.9226190447807312,0.4145316183567047
YHR119W,YKL100C,0,0.15322566,0.183323472738266,0.9226190447807312,0.4146316945552826
YDL042C,YDR210W-A,0,0.15297282,0.1832873523235321,0.9226190447807312,0.4147317707538605
YDR096W,YDL225W,0,0.15282488,0.18325123190879822,0.9226190447807312,0.41483187675476074
YDR515W,YOL057W,0,0.15281859,0.18321512639522552,0.9226190447807312,0.4149319529533386
YJL128C,YPR137C-A,0,0.15280092,0.18317903578281403,0.9226190447807312,0.4150320291519165
YGR053C,YAL013W,1,0.15275845,0.1833398938179016,0.9236111044883728,0.4150320291519165
YPR187W,YHR123W,0,0.15268794,0.1833038032054901,0.9236111044883728,0.4151321053504944
YNR012W,YHR157W,0,0.15225524,0.1832677125930786,0.9236111044883728,0.41523218154907227
YMR008C,YJR002W,0,0.15224487,0.1832316517829895,0.9236111044883728,0.41533225774765015
YCL012W,YHR182W,0,0.15210044,0.1831955909729004,0.9236111044883728,0.415432333946228
YJL104W,YJR117W,0,0.15145028,0.18315954506397247,0.9236111044883728,0.4155324399471283
YAR018C,YKR066C,0,0.15137765,0.18312352895736694,0.9236111044883728,0.4156325161457062
YOL158C,YPR204W,0,0.151326,0.1830875128507614,0.9236111044883728,0.41573259234428406
YOL161C,YPR124W,0,0.15118977,0.18305151164531708,0.9236111044883728,0.41583266854286194
YER048W-A,YLR446W,0,0.1507841,0.18301552534103394,0.9236111044883728,0.4159327447414398
YPL234C,YPR158W-A,0,0.15075472,0.182979553937912,0.9236111044883728,0.4160328209400177
YCR052W,YPL239W,0,0.15062153,0.18294359743595123,0.9236111044883728,0.4161328971385956
YBR097W,YML045W,0,0.15062061,0.18290765583515167,0.9236111044883728,0.41623297333717346
YER053C-A,YHL046C,0,0.15054753,0.1828717291355133,0.9236111044883728,0.41633307933807373
YDL134C-A,YMR283C,0,0.15036356,0.18283581733703613,0.9236111044883728,0.4164331555366516
YJL189W,YNR059W,0,0.15019259,0.18279992043972015,0.9236111044883728,0.4165332317352295
YKL180W,YBL008W-A,0,0.14966533,0.18276403844356537,0.9236111044883728,0.4166333079338074
YGL181W,YDR328C,0,0.14921018,0.18272817134857178,0.9236111044883728,0.41673338413238525
YER014C-A,YPL191C,0,0.14903912,0.18269230425357819,0.9236111044883728,0.41683346033096313
YOL128C,YHL018W,0,0.14889473,0.18265646696090698,0.9236111044883728,0.416933536529541
YLR312C-B,YJL046W,0,0.1488446,0.18262062966823578,0.9236111044883728,0.4170336127281189
YJL129C,YHR017W,0,0.14868864,0.18258482217788696,0.9236111044883728,0.41713371872901917
YDL160C-A,YLR442C,1,0.14848724,0.182745099067688,0.9246031641960144,0.41713371872901917
YBR012W-A,YER070W,0,0.14827213,0.18270927667617798,0.9246031641960144,0.41723379492759705
YER016W,YDR034C-C,0,0.14812589,0.18267345428466797,0.9246031641960144,0.4173338711261749
YBR046C,YMR163C,0,0.14766827,0.18263766169548035,0.9246031641960144,0.4174339473247528
YNL262W,YDR069C,1,0.14755428,0.18279780447483063,0.925595223903656,0.4174339473247528
YGL223C,YBL091C,0,0.14732051,0.1827619969844818,0.925595223903656,0.4175340235233307
YDR365W-A,YGR105W,0,0.14723125,0.1827262043952942,0.925595223903656,0.41763409972190857
YMR261C,YML031W,0,0.14715737,0.18269042670726776,0.925595223903656,0.41773417592048645
YPL047W,YJR013W,0,0.14715028,0.18265466392040253,0.925595223903656,0.4178342819213867
YAL014C,YER162C,0,0.14699164,0.1826189011335373,0.925595223903656,0.4179343581199646
YBR039W,YIL156W-B,0,0.14621472,0.18258316814899445,0.925595223903656,0.4180344343185425
YOR391C,YDR265W,0,0.14617667,0.1825474500656128,0.925595223903656,0.41813451051712036
YHR115C,YJL208C,0,0.14603478,0.18251173198223114,0.925595223903656,0.41823458671569824
YIR015W,YIR018W,0,0.14549613,0.18247604370117188,0.925595223903656,0.4183346629142761
YMR203W,YNL054W-B,0,0.14547431,0.1824403554201126,0.925595223903656,0.418434739112854
YKL138C-A,YDR296W,0,0.14534825,0.18240469694137573,0.925595223903656,0.4185348153114319
YCR028C-A,YPL041C,0,0.14524353,0.18236903846263885,0.925595223903656,0.41863492131233215
YDR238C,YLR397C,0,0.14520663,0.18233339488506317,0.925595223903656,0.41873499751091003
YBL039W-A,YPL004C,0,0.14512354,0.18229776620864868,0.925595223903656,0.4188350737094879
YPL129W,YBL008W-A,0,0.14504296,0.18226216733455658,0.925595223903656,0.4189351499080658
YPR158W-A,YGL038C,0,0.1447553,0.18222656846046448,0.925595223903656,0.4190352261066437
YGL011C,YDR375C,0,0.14464536,0.18219098448753357,0.925595223903656,0.41913530230522156
YER142C,YGL259W,0,0.14425123,0.18215541541576385,0.925595223903656,0.41923537850379944
YDL120W,YOR229W,0,0.1441592,0.18211984634399414,0.925595223903656,0.4193354547023773
YFL017C,YHR132W-A,0,0.14401758,0.18208430707454681,0.925595223903656,0.4194355607032776
YHR070W,YBR018C,0,0.14373952,0.18204878270626068,0.925595223903656,0.41953563690185547
YOL055C,YBL097W,0,0.14255089,0.18201325833797455,0.925595223903656,0.41963571310043335
YOR035C,YNL129W,0,0.14251405,0.1819777637720108,0.925595223903656,0.41973578929901123
YNR032W,YIL107C,0,0.14223978,0.18194228410720825,0.925595223903656,0.4198358654975891
YPR017C,YPR075C,0,0.14219517,0.1819068044424057,0.925595223903656,0.419935941696167
YDR379C-A,YDR123C,0,0.1420818,0.18187133967876434,0.925595223903656,0.4200360178947449
YMR003W,YBR294W,0,0.14204338,0.18183590471744537,0.925595223903656,0.42013609409332275
YGR097W,YLR423C,0,0.14198607,0.1818004697561264,0.925595223903656,0.420236200094223
YDR040C,YLR460C,0,0.14192468,0.18176504969596863,0.925595223903656,0.4203362762928009
YML125C,YGR195W,0,0.14188063,0.18172964453697205,0.925595223903656,0.4204363524913788
YIL043C,YOL063C,0,0.141502,0.18169425427913666,0.925595223903656,0.42053642868995667
YOR130C,YLR410W-B,0,0.14147374,0.18165887892246246,0.925595223903656,0.42063650488853455
YIL006W,YML102W,0,0.1413238,0.18162351846694946,0.925595223903656,0.4207365810871124
YBR015C,YBR035C,0,0.14131457,0.18158817291259766,0.925595223903656,0.4208366572856903
YBL005W-A,YLR215C,0,0.14076859,0.18155282735824585,0.925595223903656,0.4209367632865906
YBR083W,YHR181W,0,0.14064977,0.18151751160621643,0.925595223903656,0.42103683948516846
YNL188W,YDL140C,0,0.14029923,0.181482195854187,0.925595223903656,0.42113691568374634
YLL051C,YGL017W,0,0.13988543,0.18144690990447998,0.925595223903656,0.4212369918823242
YPR093C,YDR192C,0,0.13956103,0.18141162395477295,0.925595223903656,0.4213370680809021
YPL027W,YJL184W,0,0.13939288,0.1813763678073883,0.925595223903656,0.42143714427948
YGR236C,YDL231C,0,0.13929662,0.18134111166000366,0.925595223903656,0.42153722047805786
YMR200W,YJL102W,0,0.13925293,0.1813058704137802,0.925595223903656,0.42163729667663574
YMR225C,YBR246W,0,0.13910148,0.18127064406871796,0.925595223903656,0.421737402677536
YEL013W,YBR221C,0,0.13895026,0.1812354326248169,0.925595223903656,0.4218374788761139
YBR175W,YBR160W,0,0.13881701,0.18120023608207703,0.925595223903656,0.4219375550746918
YHR085W,YCL060C,1,0.13845351,0.1813592165708542,0.9265872836112976,0.4219375550746918
YNL036W,YNL102W,0,0.13804448,0.18132402002811432,0.9265872836112976,0.42203763127326965
YCR080W,YJR098C,0,0.13786024,0.18128882348537445,0.9265872836112976,0.42213770747184753
YIL159W,YDR131C,0,0.13740236,0.18125364184379578,0.9265872836112976,0.4222377836704254
YJR067C,YDR259C,0,0.13717347,0.1812184751033783,0.9265872836112976,0.4223378598690033
YCL048W,YDR365W-A,0,0.13706732,0.181183323264122,0.9265872836112976,0.4224379360675812
YNL054W-B,YJL059W,0,0.13683075,0.18114817142486572,0.9265872836112976,0.42253804206848145
YDR351W,YGL158W,0,0.13677016,0.18111304938793182,0.9265872836112976,0.4226381182670593
YLR227W-A,YLR301W,0,0.13656572,0.18107794225215912,0.9265872836112976,0.4227381944656372
YGR038C-A,YER096W,0,0.13642612,0.1810428351163864,0.9265872836112976,0.4228382706642151
YOR343W-A,YBR080C,0,0.13618141,0.1810077577829361,0.9265872836112976,0.42293834686279297
YOR058C,YKR049C,0,0.13523683,0.18097268044948578,0.9265872836112976,0.42303842306137085
YOL141W,YLR283W,0,0.13502255,0.18093761801719666,0.9265872836112976,0.42313849925994873
YKL214C,YBR240C,0,0.13494444,0.18090257048606873,0.9265872836112976,0.423238605260849
YBL101W-A,YBR007C,0,0.13463303,0.180867537856102,0.9265872836112976,0.4233386814594269
YHR185C,YDR265W,0,0.13462654,0.18083252012729645,0.9265872836112976,0.42343875765800476
YFR032C-A,YPL194W,0,0.13444847,0.1807975172996521,0.9265872836112976,0.42353883385658264
YLR227W-A,YJL036W,0,0.13440636,0.18076252937316895,0.9265872836112976,0.4236389100551605
YDR365W-A,YJR042W,0,0.13407609,0.18072755634784698,0.9265872836112976,0.4237389862537384
YHR102W,YDR371W,0,0.13396999,0.18069258332252502,0.9265872836112976,0.4238390624523163
YOR189W,YDL138W,0,0.13375396,0.18065764009952545,0.9265872836112976,0.42393913865089417
YJL170C,YHR214C-C,0,0.13348457,0.18062269687652588,0.9265872836112976,0.42403924465179443
YDR365W-A,YGL252C,0,0.13270715,0.1805877834558487,0.9265872836112976,0.4241393208503723
YGL143C,YDL132W,0,0.13259697,0.1805528700351715,0.9265872836112976,0.4242393970489502
YML038C,YDR005C,0,0.13235766,0.18051797151565552,0.9265872836112976,0.4243394732475281
YKR030W,YOL086W-A,0,0.13226545,0.18048308789730072,0.9265872836112976,0.42443954944610596
YKL155C,YOL103W-A,0,0.1321511,0.18044821918010712,0.9265872836112976,0.42453962564468384
YIL066C,YLR442C,1,0.13176721,0.18060652911663055,0.9275793433189392,0.42453962564468384
YHR155W,YOR214C,0,0.13061294,0.18057164549827576,0.9275793433189392,0.4246397018432617
YDL160C-A,YBR100W,1,0.13055578,0.18072986602783203,0.9285714030265808,0.4246397018432617
YOR077W,YLR153C,0,0.13041228,0.18069498240947723,0.9285714030265808,0.4247397780418396
YLR144C,YNL054W-B,0,0.13040707,0.18066009879112244,0.9285714030265808,0.42483988404273987
YGR038C-B,YOL141W,0,0.13031003,0.18062524497509003,0.9285714030265808,0.42493996024131775
YDL235C,YDR316W-A,0,0.13003534,0.18059039115905762,0.9285714030265808,0.42504003643989563
YCR101C,YNL054W-B,0,0.12997532,0.1805555522441864,0.9285714030265808,0.4251401126384735
YKL170W,YDR261C-D,0,0.12988347,0.18052072823047638,0.9285714030265808,0.4252401888370514
YGR038C-A,YML115C,0,0.12972367,0.18048591911792755,0.9285714030265808,0.4253402650356293
YHR212W-A,YHR143W-A,0,0.12971935,0.18045112490653992,0.9285714030265808,0.42544034123420715
YER031C,YJR119C,0,0.12930685,0.18041634559631348,0.9285714030265808,0.4255404472351074
YBL039W-A,YOR174W,0,0.12928107,0.18038158118724823,0.9285714030265808,0.4256405234336853
YGL124C,YLR337W,0,0.12924081,0.18034681677818298,0.9285714030265808,0.4257405996322632
YGL194C-A,YFL036W,0,0.12915105,0.18031208217144012,0.9285714030265808,0.42584067583084106
YGL234W,YMR075W,0,0.12890905,0.18027734756469727,0.9285714030265808,0.42594075202941895
YMR300C,YGL207W,0,0.1283789,0.1802426278591156,0.9285714030265808,0.4260408282279968
YOR192C-A,YLR138W,0,0.12794128,0.18020793795585632,0.9285714030265808,0.4261409044265747
YLR158C,YCR075W-A,0,0.12781724,0.18017324805259705,0.9285714030265808,0.4262409806251526
YKR060W,YPL096W,0,0.12751547,0.18013857305049896,0.9285714030265808,0.42634108662605286
YCL050C,YIL115C,0,0.12678215,0.18010391294956207,0.9285714030265808,0.42644116282463074
YDR367W,YLR382C,0,0.12628034,0.18006925284862518,0.9285714030265808,0.4265412390232086
YLL004W,YJR014W,0,0.12618962,0.18003462255001068,0.9285714030265808,0.4266413152217865
YAL015C,YBR274W,1,0.12577057,0.18019230663776398,0.9295634627342224,0.4266413152217865
YOL103W-B,YPR001W,0,0.12496907,0.18015766143798828,0.9295634627342224,0.4267413914203644
YNL027W,YCR104W,0,0.12492522,0.18012303113937378,0.9295634627342224,0.42684146761894226
YJL162C,YPL091W,0,0.12465116,0.18008841574192047,0.9295634627342224,0.42694154381752014
YDR298C,YDR118W,0,0.12454306,0.18005380034446716,0.9295634627342224,0.427041620016098
YNR030W,YER133W,0,0.12439861,0.18001921474933624,0.9295634627342224,0.4271417260169983
YNL154C,YJL127C-A,0,0.12399339,0.17998462915420532,0.9295634627342224,0.42724180221557617
YLL033W,YPL010W,0,0.12374442,0.1799500733613968,0.9295634627342224,0.42734187841415405
YFL048C,YJL026W,0,0.12362575,0.17991551756858826,0.9295634627342224,0.42744195461273193
YMR322C,YBR012W-A,0,0.123527505,0.17988097667694092,0.9295634627342224,0.4275420308113098
YNR073C,YKL189W,0,0.12337866,0.17984645068645477,0.9295634627342224,0.4276421070098877
YJL003W,YDR210C-D,0,0.12328353,0.17981193959712982,0.9295634627342224,0.4277421832084656
YDR374W-A,YGR225W,0,0.12287568,0.17977744340896606,0.9295634627342224,0.42784225940704346
YDR410C,YDL003W,0,0.12278675,0.1797429472208023,0.9295634627342224,0.4279423654079437
YKL140W,YOR321W,0,0.12255382,0.17970848083496094,0.9295634627342224,0.4280424416065216
YDL160C-A,YDL102W,1,0.12252634,0.1798657774925232,0.9305555820465088,0.4280424416065216
YJR066W,YKR065C,0,0.12152221,0.17983128130435944,0.9305555820465088,0.4281425178050995
YOL051W,YDR402C,0,0.12114171,0.17979681491851807,0.9305555820465088,0.42824259400367737
YGR161C-D,YIL091C,0,0.12109106,0.1797623634338379,0.9305555820465088,0.42834267020225525
YDR034C-C,YNR045W,0,0.12102754,0.17972791194915771,0.9305555820465088,0.42844274640083313
YLR157C-A,YFR008W,0,0.12097909,0.17969349026679993,0.9305555820465088,0.428542822599411
YGR084C,YOR088W,0,0.120846786,0.17965906858444214,0.9305555820465088,0.4286429286003113
YGL004C,YGL044C,0,0.120822765,0.17962466180324554,0.9305555820465088,0.42874300479888916
YML009C,YNL284C-B,0,0.120763056,0.17959026992321014,0.9305555820465088,0.42884308099746704
YLR447C,YJL108C,0,0.12075656,0.17955589294433594,0.9305555820465088,0.4289431571960449
YOR153W,YBR175W,0,0.120268025,0.17952153086662292,0.9305555820465088,0.4290432333946228
YGR038C-B,YBR107C,0,0.11998593,0.1794871836900711,0.9305555820465088,0.4291433095932007
YDR210C-C,YPR023C,0,0.11958044,0.1794528365135193,0.9305555820465088,0.42924338579177856
YNL284C-B,YLR021W,0,0.11937218,0.17941851913928986,0.9305555820465088,0.42934346199035645
YCL055W,YJL036W,0,0.1188732,0.17938420176506042,0.9305555820465088,0.4294435679912567
YDR318W,YNL054W-B,0,0.11866354,0.1793498992919922,0.9305555820465088,0.4295436441898346
YGR161W-A,YOR150W,0,0.11850261,0.17931561172008514,0.9305555820465088,0.4296437203884125
YPR199C,YMR081C,0,0.11833178,0.1792813390493393,0.9305555820465088,0.42974379658699036
YMR281W,YDL243C,0,0.11801397,0.17924708127975464,0.9305555820465088,0.42984387278556824
YFL035C-B,YHR103W,0,0.11785676,0.17921283841133118,0.9305555820465088,0.4299439489841461
YGL008C,YFR019W,0,0.11759224,0.1791786104440689,0.9305555820465088,0.430044025182724
YCL005W,YPR158W-A,0,0.11745041,0.17914438247680664,0.9305555820465088,0.4301441013813019
YER031C,YNL234W,0,0.11717782,0.17911018431186676,0.9305555820465088,0.43024420738220215
YDR389W,YNR062C,0,0.11713577,0.17907598614692688,0.9305555820465088,0.43034428358078003
YOR192C-A,YKR096W,0,0.11701109,0.1790418028831482,0.9305555820465088,0.4304443597793579
YOR341W,YLR227W-B,0,0.11700534,0.1790076345205307,0.9305555820465088,0.4305444359779358
YMR247W-A,YLR446W,0,0.11659307,0.1789734810590744,0.9305555820465088,0.43064451217651367
YPR157W,YOR062C,0,0.1159059,0.1789393424987793,0.9305555820465088,0.43074458837509155
YER016W,YJL166W,0,0.115834944,0.1789052039384842,0.9305555820465088,0.43084466457366943
YNL172W,YDR261W-B,0,0.115768336,0.17887109518051147,0.9305555820465088,0.4309447705745697
YDR369C,YHL048W,0,0.11573645,0.17883698642253876,0.9305555820465088,0.4310448467731476
YOR231W,YKL218C,0,0.115677424,0.17880289256572723,0.9305555820465088,0.43114492297172546
YNR059W,YGR027W-B,0,0.115577094,0.1787688136100769,0.9305555820465088,0.43124499917030334
YOR098C,YHL018W,0,0.115562536,0.17873474955558777,0.9305555820465088,0.4313450753688812
YBR243C,YHL009W-A,0,0.115163885,0.17870070040225983,0.9305555820465088,0.4314451515674591
YPL189C-A,YOR365C,0,0.114883445,0.17866666615009308,0.9305555820465088,0.431545227766037
YML070W,YDR122W,0,0.11487218,0.17863264679908752,0.9305555820465088,0.43164530396461487
YBR126W-A,YNL316C,0,0.11465829,0.17859862744808197,0.9305555820465088,0.43174540996551514
YLR227W-A,YNL065W,0,0.11463473,0.1785646229982376,0.9305555820465088,0.431845486164093
YDR487C,YGL061C,0,0.114551656,0.17853064835071564,0.9305555820465088,0.4319455623626709
YFL036W,YCL060C,1,0.11432036,0.1786869615316391,0.9315476417541504,0.4319455623626709
YPR137C-B,YBL075C,0,0.11425445,0.17865297198295593,0.9315476417541504,0.4320456385612488
YHR111W,YLR410W-B,0,0.113509975,0.17861898243427277,0.9315476417541504,0.43214571475982666
YBL101W-A,YKL048C,0,0.1134341,0.1785850077867508,0.9315476417541504,0.43224579095840454
YDR240C,YHR212W-A,0,0.113413624,0.17855104804039001,0.9315476417541504,0.4323458671569824
YDR261W-A,YGR036C,0,0.11321039,0.17851710319519043,0.9315476417541504,0.4324459433555603
YBR220C,YJR002W,0,0.11313363,0.17848317325115204,0.9315476417541504,0.43254604935646057
YOR312C,YJR112W-A,0,0.11281871,0.17844925820827484,0.9315476417541504,0.43264612555503845
YLR227W-B,YAR020C,0,0.11279126,0.17841535806655884,0.9315476417541504,0.43274620175361633
YNL312W,YML051W,0,0.11258594,0.17838145792484283,0.9315476417541504,0.4328462779521942
YDR019C,YOR343W-B,0,0.112276696,0.17834757268428802,0.9315476417541504,0.4329463541507721
YDR463W,YPR158W-A,0,0.11211983,0.1783137172460556,0.9315476417541504,0.43304643034935
YDR410C,YNL284C-B,0,0.11198791,0.17827986180782318,0.9315476417541504,0.43314650654792786
YCL029C,YPL119C,0,0.11196885,0.17824600636959076,0.9315476417541504,0.43324658274650574
YDR074W,YGR038C-B,0,0.111930035,0.17821218073368073,0.9315476417541504,0.433346688747406
YHR083W,YGL017W,0,0.111645155,0.17817836999893188,0.9315476417541504,0.4334467649459839
YFL017C,YGR121C,0,0.110969044,0.17814455926418304,0.9315476417541504,0.43354684114456177
YPL257W-B,YKL174C,0,0.11068969,0.1781107783317566,0.9315476417541504,0.43364691734313965
YGR276C,YDL160C,0,0.11048611,0.17807699739933014,0.9315476417541504,0.43374699354171753
YOR120W,YLR145W,0,0.11027055,0.17804323136806488,0.9315476417541504,0.4338470697402954
YOR219C,YMR194W,0,0.10997262,0.17800948023796082,0.9315476417541504,0.4339471459388733
YPR158C-C,YML023C,0,0.10964771,0.17797574400901794,0.9315476417541504,0.43404725193977356
YPR106W,YJL214W,0,0.10933264,0.17794200778007507,0.9315476417541504,0.43414732813835144
YDR487C,YJL168C,0,0.10828666,0.1779083013534546,0.9315476417541504,0.4342474043369293
YLR035C-A,YBR001C,0,0.108256884,0.1778745949268341,0.9315476417541504,0.4343474805355072
YLR178C,YBL093C,0,0.10814353,0.17784090340137482,0.9315476417541504,0.4344475567340851
YJL225C,YMR172W,0,0.108078115,0.17780722677707672,0.9315476417541504,0.43454763293266296
YPR147C,YKL065W-A,0,0.108026974,0.17777356505393982,0.9315476417541504,0.43464770913124084
YFR001W,YBL095W,0,0.10763464,0.1777399182319641,0.9315476417541504,0.4347477853298187
YCL016C,YOL042W,0,0.10742935,0.1777062863111496,0.9315476417541504,0.434847891330719
YER053C-A,YMR152W,0,0.10733179,0.17767265439033508,0.9315476417541504,0.4349479675292969
YPR198W,YPL269W,0,0.10728183,0.17763905227184296,0.9315476417541504,0.43504804372787476
YCR095C,YPR107C,0,0.106528364,0.17760545015335083,0.9315476417541504,0.43514811992645264
YDR298C,YMR065W,0,0.10605388,0.1775718629360199,0.9315476417541504,0.4352481961250305
YIL099W,YBR275C,0,0.10596902,0.17753829061985016,0.9315476417541504,0.4353482723236084
YDL246C,YKR068C,0,0.10546454,0.1775047332048416,0.9315476417541504,0.4354483485221863
YNL260C,YLR220W,0,0.10527783,0.17747117578983307,0.9315476417541504,0.43554842472076416
YNL054W-B,YCL021W-A,0,0.105188034,0.1774376481771469,0.9315476417541504,0.43564853072166443
YER053C-A,YJL084C,0,0.105121635,0.17740412056446075,0.9315476417541504,0.4357486069202423
YLR312C-B,YMR157C,0,0.10507653,0.1773706078529358,0.9315476417541504,0.4358486831188202
YEL040W,YDR034C-C,0,0.10506787,0.17733711004257202,0.9315476417541504,0.43594875931739807
YNL284C-B,YNR053C,0,0.10499566,0.17730362713336945,0.9315476417541504,0.43604883551597595
YOR343W-B,YOR004W,0,0.1046605,0.17727015912532806,0.9315476417541504,0.43614891171455383
YOL086W-A,YMR315W,0,0.10463574,0.17723669111728668,0.9315476417541504,0.4362489879131317
YDR263C,YPR071W,0,0.104602985,0.1772032529115677,0.9315476417541504,0.436349093914032
YFR010W,YDR040C,0,0.10455107,0.1771698147058487,0.9315476417541504,0.43644917011260986
YMR322C,YDR303C,0,0.104431264,0.1771363914012909,0.9315476417541504,0.43654924631118774
YMR277W,YCR075W-A,0,0.10425945,0.1771029829978943,0.9315476417541504,0.4366493225097656
YBR120C,YKL065W-A,0,0.10412688,0.17706958949565887,0.9315476417541504,0.4367493987083435
YER017C,YDR273W,0,0.10412683,0.17703619599342346,0.9315476417541504,0.4368494749069214
YDR210C-C,YPL214C,0,0.10408648,0.17700283229351044,0.9315476417541504,0.43694955110549927
YHR128W,YEL022W,0,0.104031466,0.1769694685935974,0.9315476417541504,0.43704962730407715
YOR255W,YOR273C,0,0.10324248,0.17693611979484558,0.9315476417541504,0.4371497333049774
YCR047C,YJR001W,0,0.10305125,0.17690278589725494,0.9315476417541504,0.4372498095035553
YOR390W,YKL065W-A,0,0.102858834,0.1768694669008255,0.9315476417541504,0.4373498857021332
YAL040C,YBL020W,0,0.10279586,0.17683616280555725,0.9315476417541504,0.43744996190071106
YHR212W-A,YDR346C,0,0.1024423,0.176802858710289,0.9315476417541504,0.43755003809928894
YOL147C,YOR035C,0,0.10221713,0.17676958441734314,0.9315476417541504,0.4376501142978668
YOR343W-B,YML004C,0,0.10207101,0.17673631012439728,0.9315476417541504,0.4377501904964447
YNL106C,YDR261W-B,0,0.10190081,0.1767030507326126,0.9315476417541504,0.4378502666950226
YML109W,YEL046C,0,0.101616494,0.17666980624198914,0.9315476417541504,0.43795037269592285
YKR099W,YHR039C-B,0,0.10143735,0.17663656175136566,0.9315476417541504,0.43805044889450073
YOR030W,YMR205C,0,0.10132507,0.17660334706306458,0.9315476417541504,0.4381505250930786
YJL012C-A,YMR194C-B,0,0.10101088,0.1765701323747635,0.9315476417541504,0.4382506012916565
YOR093C,YLL056C,0,0.09977167,0.1765369474887848,0.9315476417541504,0.4383506774902344
YGR042W,YDR261C-D,0,0.09928965,0.1765037626028061,0.9315476417541504,0.43845075368881226
YCL045C,YOL071W,0,0.09885334,0.1764705926179886,0.9315476417541504,0.43855082988739014
YDL093W,YPL170W,0,0.09876909,0.17643742263317108,0.9315476417541504,0.438650906085968
YHR020W,YDR210W-A,0,0.098203264,0.17640428245067596,0.9315476417541504,0.4387510120868683
YMR134W,YDR534C,0,0.09813387,0.17637114226818085,0.9315476417541504,0.43885108828544617
YLL012W,YGR027W-B,0,0.098047175,0.17633803188800812,0.9315476417541504,0.43895116448402405
YLR385C,YNL052W,0,0.097996004,0.1763049215078354,0.9315476417541504,0.43905124068260193
YJL200C,YDL246C,0,0.097691976,0.17627182602882385,0.9315476417541504,0.4391513168811798
YER053C-A,YCL005W-A,0,0.09735512,0.1762387454509735,0.9315476417541504,0.4392513930797577
YDL160C-A,YFR027W,1,0.09698906,0.1763933151960373,0.932539701461792,0.4392513930797577
YLR385C,YIL125W,0,0.09652548,0.17636021971702576,0.932539701461792,0.43935146927833557
YDL105W,YPR137C-A,0,0.09560887,0.17632713913917542,0.932539701461792,0.43945157527923584
YLR011W,YOR036W,0,0.09560733,0.17629407346248627,0.932539701461792,0.4395516514778137
YPR187W,YOR332W,0,0.09529593,0.1762610226869583,0.932539701461792,0.4396517276763916
YFL016C,YGR027W-A,0,0.095281996,0.17622797191143036,0.932539701461792,0.4397518038749695
YHR070W,YHR150W,0,0.09512933,0.1761949360370636,0.932539701461792,0.43985188007354736
YOL031C,YGL095C,0,0.09479644,0.17616191506385803,0.932539701461792,0.43995195627212524
YNL133C,YMR131C,0,0.094635345,0.17612890899181366,0.932539701461792,0.4400520324707031
YKL007W,YPL257W-B,0,0.094302244,0.17609591782093048,0.932539701461792,0.440152108669281
YDR051C,YOL142W,0,0.09424686,0.1760629266500473,0.932539701461792,0.4402522146701813
YLL048C,YBR084C-A,0,0.09355944,0.1760299652814865,0.932539701461792,0.44035229086875916
YCR055C,YKL049C,0,0.09336447,0.17599700391292572,0.932539701461792,0.44045236706733704
YFR022W,YJL109C,0,0.093197115,0.17596405744552612,0.932539701461792,0.4405524432659149
YFL043C,YEL056W,0,0.09293505,0.17593112587928772,0.932539701461792,0.4406525194644928
YDR358W,YER041W,0,0.092508234,0.1758982092142105,0.932539701461792,0.4407525956630707
YMR161W,YDR247W,0,0.09194521,0.1758652925491333,0.932539701461792,0.44085267186164856
YHR214C-C,YPR079W,0,0.091047846,0.17583239078521729,0.932539701461792,0.44095274806022644
YGL140C,YJL054W,0,0.090329,0.17579951882362366,0.932539701461792,0.4410528540611267
YNL181W,YDL165W,0,0.09027486,0.17576664686203003,0.932539701461792,0.4411529302597046
YDR369C,YKR091W,0,0.09018055,0.1757337749004364,0.932539701461792,0.44125300645828247
YPL167C,YDR296W,1,0.08978122,0.1758878529071808,0.9335317611694336,0.44125300645828247
YPL249C-A,YPL228W,0,0.08963255,0.17585498094558716,0.9335317611694336,0.44135308265686035
YGL060W,YKL216W,0,0.08961915,0.17582212388515472,0.9335317611694336,0.44145315885543823
YPL213W,YIL160C,0,0.08946546,0.17578928172588348,0.9335317611694336,0.4415532350540161
YPL275W,YNL306W,0,0.089355044,0.17575643956661224,0.9335317611694336,0.441653311252594
YOR343W-A,YBL076C,0,0.089100264,0.1757236272096634,0.9335317611694336,0.44175341725349426
YGR131W,YGR037C,0,0.08891409,0.17569081485271454,0.9335317611694336,0.44185349345207214
YDR320C-A,YHL032C,0,0.088592164,0.17565801739692688,0.9335317611694336,0.44195356965065
YHR091C,YJL020C,0,0.08859073,0.17562523484230042,0.9335317611694336,0.4420536458492279
YGL064C,YCR035C,0,0.08826255,0.17559246718883514,0.9335317611694336,0.4421537220478058
YDL114W,YMR061W,0,0.08822007,0.17555969953536987,0.9335317611694336,0.44225379824638367
YMR143W,YKL139W,0,0.08814346,0.1755269467830658,0.9335317611694336,0.44235387444496155
YOR226C,YPR158W-B,0,0.08783489,0.1754942238330841,0.9335317611694336,0.44245395064353943
YOR340C,YCR075W-A,0,0.0878033,0.17546150088310242,0.9335317611694336,0.4425540566444397
YKL005C,YER007C-A,0,0.08750107,0.17542877793312073,0.9335317611694336,0.4426541328430176
YBR046C,YKL127W,0,0.08745886,0.17539608478546143,0.9335317611694336,0.44275420904159546
YGR215W,YHR039C-B,0,0.08736188,0.17536340653896332,0.9335317611694336,0.44285428524017334
YDL101C,YJL026W,1,0.08722334,0.17551705241203308,0.9345238208770752,0.44285428524017334
YNR049C,YJL167W,0,0.08702696,0.17548434436321259,0.9345238208770752,0.4429543614387512
YJR059W,YDL220C,0,0.08700656,0.17545166611671448,0.9345238208770752,0.4430544376373291
YNR019W,YER147C,0,0.08660328,0.17541898787021637,0.9345238208770752,0.443154513835907
YDR034W-B,YOR396W,0,0.08644556,0.17538633942604065,0.9345238208770752,0.44325459003448486
YBR191W,YNL068C,0,0.08621269,0.17535369098186493,0.9345238208770752,0.44335469603538513
YLR210W,YDL160C,0,0.08611638,0.1753210425376892,0.9345238208770752,0.443454772233963
YML091C,YHR045W,0,0.08558094,0.17528842389583588,0.9345238208770752,0.4435548484325409
YKR101W,YOL059W,0,0.08426192,0.17525582015514374,0.9345238208770752,0.4436549246311188
YDR170W-A,YLR380W,0,0.084217764,0.1752232164144516,0.9345238208770752,0.44375500082969666
YKR066C,YNL054W-A,0,0.08410507,0.17519062757492065,0.9345238208770752,0.44385507702827454
YCR043C,YCL003W,0,0.08407899,0.1751580536365509,0.9345238208770752,0.4439551532268524
YBL075C,YML060W,0,0.08404841,0.17512549459934235,0.9345238208770752,0.4440552294254303
YDL035C,YGR094W,0,0.084042154,0.1750929355621338,0.9345238208770752,0.44415533542633057
YMR021C,YIL076W,0,0.084030844,0.17506039142608643,0.9345238208770752,0.44425541162490845
YOR106W,YGL010W,0,0.08382674,0.17502787709236145,0.9345238208770752,0.44435548782348633
YHR039C-B,YDR333C,0,0.0836192,0.17499536275863647,0.9345238208770752,0.4444555640220642
YOR028C,YPL208W,0,0.08312958,0.1749628484249115,0.9345238208770752,0.4445556402206421
YMR113W,YER087C-B,0,0.08280026,0.1749303638935089,0.9345238208770752,0.44465571641921997
YGR233C,YHL009W-A,0,0.08275663,0.17489787936210632,0.9345238208770752,0.44475579261779785
YMR171C,YOR192C-A,0,0.082675,0.17486540973186493,0.9345238208770752,0.4448558986186981
YHR079C-B,YGR183C,0,0.08267162,0.17483295500278473,0.9345238208770752,0.444955974817276
YML045W-A,YLR050C,0,0.082533814,0.17480051517486572,0.9345238208770752,0.4450560510158539
YPR186C,YKL181W,0,0.08206452,0.1747680902481079,0.9345238208770752,0.44515612721443176
YPL150W,YBL108C-A,0,0.08159923,0.1747356653213501,0.9345238208770752,0.44525620341300964
YGR187C,YLR403W,0,0.081426464,0.17470327019691467,0.9345238208770752,0.4453562796115875
YHR155W,YGL187C,0,0.08095109,0.17467087507247925,0.9345238208770752,0.4454563558101654
YLR023C,YMR052W,0,0.079572715,0.17463847994804382,0.9345238208770752,0.4455564320087433
YMR268C,YOR294W,0,0.07894341,0.1746061146259308,0.9345238208770752,0.44565653800964355
YNL015W,YEL029C,0,0.07860362,0.17457376420497894,0.9345238208770752,0.44575661420822144
YLR345W,YMR001C,0,0.07833756,0.1745414137840271,0.9345238208770752,0.4458566904067993
YOR343W-B,YGR157W,0,0.07808221,0.17450907826423645,0.9345238208770752,0.4459567666053772
YDL003W,YMR318C,0,0.07790064,0.174476757645607,0.9345238208770752,0.4460568428039551
YML029W,YLR430W,0,0.077833824,0.17444443702697754,0.9345238208770752,0.44615691900253296
YHR016C,YOL103W-B,0,0.07718665,0.17441214621067047,0.9345238208770752,0.44625699520111084
YGL012W,YGL053W,0,0.0770924,0.1743798553943634,0.9345238208770752,0.4463570713996887
YGR027W-B,YBL045C,0,0.076977365,0.17434757947921753,0.9345238208770752,0.446457177400589
YOR127W,YAL014C,0,0.07696047,0.17431531846523285,0.9345238208770752,0.44655725359916687
YBR214W,YNL284C-B,0,0.07630753,0.17428307235240936,0.9345238208770752,0.44665732979774475
YGR234W,YDL065C,0,0.076086245,0.17425082623958588,0.9345238208770752,0.44675740599632263
YDR362C,YBL101W-A,0,0.07533344,0.17421860992908478,0.9345238208770752,0.4468574821949005
YNR057C,YLR356W,0,0.07524442,0.17418639361858368,0.9345238208770752,0.4469575583934784
YPR135W,YDR210W-A,0,0.07524005,0.17415419220924377,0.9345238208770752,0.4470576345920563
YPR181C,YGL129C,0,0.07518812,0.17412199079990387,0.9345238208770752,0.44715774059295654
YDR320C,YML003W,0,0.07512761,0.17408981919288635,0.9345238208770752,0.4472578167915344
YBL028C,YJL107C,0,0.07454143,0.17405764758586884,0.9345238208770752,0.4473578929901123
YGR109C,YHR202W,0,0.07434436,0.1740254908800125,0.9345238208770752,0.4474579691886902
YIL156W-B,YKL218C,0,0.074041344,0.17399334907531738,0.9345238208770752,0.44755804538726807
YLR284C,YFL006W,0,0.073895715,0.17396122217178345,0.9345238208770752,0.44765812158584595
YPL198W,YOR384W,0,0.0735059,0.1739290952682495,0.9345238208770752,0.44775819778442383
YHR002W,YNL133C,0,0.0734516,0.17389699816703796,0.9345238208770752,0.4478582739830017
YHR214C-C,YER039C,0,0.07302545,0.17386490106582642,0.9345238208770752,0.447958379983902
YKR103W,YFR006W,0,0.07301941,0.17383280396461487,0.9345238208770752,0.44805845618247986
YMR202W,YFR038W,0,0.07289377,0.1738007366657257,0.9345238208770752,0.44815853238105774
YLR185W,YKL010C,0,0.0719972,0.17376868426799774,0.9345238208770752,0.4482586085796356
YMR268W-A,YPR006C,0,0.07169237,0.17373663187026978,0.9345238208770752,0.4483586847782135
YJL090C,YJL127C-A,0,0.07097685,0.173704594373703,0.9345238208770752,0.4484587609767914
YKL007W,YLR410W-A,0,0.070862785,0.17367257177829742,0.9345238208770752,0.44855883717536926
YHR153C,YOR390W,0,0.07047232,0.17364054918289185,0.9345238208770752,0.44865891337394714
YGL004C,YIL022W,0,0.07034864,0.17360855638980865,0.9345238208770752,0.4487590193748474
YPR090W,YJL136C,0,0.07006403,0.17357656359672546,0.9345238208770752,0.4488590955734253
YAL022C,YDR261W-B,0,0.06978426,0.17354458570480347,0.9345238208770752,0.4489591717720032
YBR046C,YLR227W-B,0,0.069722965,0.17351262271404266,0.9345238208770752,0.44905924797058105
YJL128C,YCR002C,0,0.069697075,0.17348065972328186,0.9345238208770752,0.44915932416915894
YLR337C,YLR423C,0,0.069169365,0.17344872653484344,0.9345238208770752,0.4492594003677368
YIL129C,YDR542W,0,0.06909123,0.17341679334640503,0.9345238208770752,0.4493594765663147
YDL160C-A,YKL063C,0,0.06850027,0.1733848750591278,0.9345238208770752,0.4494595527648926
YHR185C,YKR095W-A,0,0.06839964,0.17335295677185059,0.9345238208770752,0.44955965876579285
YLR042C,YOR346W,0,0.06814278,0.17332106828689575,0.9345238208770752,0.4496597349643707
YLR118C,YGR161W-B,0,0.06775224,0.17328917980194092,0.9345238208770752,0.4497598111629486
YLR405W,YDR261W-A,0,0.06747197,0.17325730621814728,0.9345238208770752,0.4498598873615265
YCR080W,YBR281C,0,0.067299366,0.17322544753551483,0.9345238208770752,0.44995996356010437
YGR240C,YLR440C,0,0.067008205,0.17319360375404358,0.9345238208770752,0.45006003975868225
YDL198C,YDR034C-D,0,0.06648377,0.17316175997257233,0.9345238208770752,0.45016011595726013
YOR301W,YMR243C,0,0.06630356,0.17312994599342346,0.9345238208770752,0.4502602219581604
YMR258C,YGR065C,0,0.065849714,0.1730981320142746,0.9345238208770752,0.4503602981567383
YPR158W-B,YDR330W,0,0.06565981,0.17306631803512573,0.9345238208770752,0.45046037435531616
YGR179C,YDR374W-A,0,0.06495509,0.17303453385829926,0.9345238208770752,0.45056045055389404
YJL145W,YPR140W,0,0.06471333,0.17300274968147278,0.9345238208770752,0.4506605267524719
YBR150C,YJL062W,0,0.064692505,0.1729709953069687,0.9345238208770752,0.4507606029510498
YLR144C,YCL039W,0,0.06463628,0.1729392260313034,0.9345238208770752,0.4508606791496277
YHR072W,YGR033C,0,0.06453908,0.1729074865579605,0.9345238208770752,0.45096075534820557
YFR018C,YGR078C,0,0.06437292,0.1728757619857788,0.9345238208770752,0.45106086134910583
YLR388W,YDR261W-A,0,0.06434932,0.1728440374135971,0.9345238208770752,0.4511609375476837
YNL243W,YLR154W-A,0,0.063923344,0.1728123277425766,0.9345238208770752,0.4512610137462616
YAR044W,YMR273C,0,0.06348984,0.17278063297271729,0.9345238208770752,0.4513610899448395
YCR014C,YGR227W,0,0.06338947,0.17274893820285797,0.9345238208770752,0.45146116614341736
YBL029C-A,YJR098C,0,0.06317557,0.17271727323532104,0.9345238208770752,0.45156124234199524
YBR280C,YOR159C,0,0.0628789,0.17268560826778412,0.9345238208770752,0.4516613185405731
YMR143W,YHR161C,0,0.06284996,0.1726539582014084,0.9345238208770752,0.451761394739151
YLR227W-A,YMR136W,0,0.062831864,0.17262232303619385,0.9345238208770752,0.45186150074005127
YHR206W,YKR079C,0,0.062299542,0.1725906878709793,0.9345238208770752,0.45196157693862915
YDR474C,YKL222C,0,0.061831318,0.17255908250808716,0.9345238208770752,0.45206165313720703
YOL128C,YGR121C,0,0.06178754,0.172527477145195,0.9345238208770752,0.4521617293357849
YGR161W-B,YDR479C,0,0.061610796,0.17249588668346405,0.9345238208770752,0.4522618055343628
YJL083W,YFL028C,0,0.061193354,0.1724642962217331,0.9345238208770752,0.4523618817329407
YPL257W-B,YPR013C,0,0.06098243,0.17243273556232452,0.9345238208770752,0.45246195793151855
YOR241W,YDL130W,0,0.060398214,0.17240117490291595,0.9345238208770752,0.4525620639324188
YOR307C,YKR067W,0,0.060261577,0.17236962914466858,0.9345238208770752,0.4526621401309967
YBR233W-A,YKL091C,0,0.060112394,0.1723380833864212,0.9345238208770752,0.4527622163295746
YDR261W-B,YDR310C,0,0.059912093,0.17230656743049622,0.9345238208770752,0.45286229252815247
YBR126W-A,YER126C,0,0.05974427,0.17227505147457123,0.9345238208770752,0.45296236872673035
YOR106W,YDR245W,0,0.0591873,0.17224355041980743,0.9345238208770752,0.4530624449253082
YER056C-A,YNL218W,0,0.058119677,0.17221206426620483,0.9345238208770752,0.4531625211238861
YER172C,YKL107W,0,0.057962246,0.17218059301376343,0.9345238208770752,0.453262597322464
YJL021C,YBR234C,0,0.05773201,0.17214912176132202,0.9345238208770752,0.45336270332336426
YLL015W,YOR343W-B,0,0.05761929,0.1721176654100418,0.9345238208770752,0.45346277952194214
YJL094C,YGR170W,0,0.0567405,0.1720862239599228,0.9345238208770752,0.45356285572052
YLR207W,YKR006C,0,0.05602645,0.17205479741096497,0.9345238208770752,0.4536629319190979
YDR487C,YNL284C-A,0,0.05600731,0.17202337086200714,0.9345238208770752,0.4537630081176758
YMR305C,YBR153W,0,0.05551278,0.1719919592142105,0.9345238208770752,0.45386308431625366
YDR517W,YNL103W,0,0.055359893,0.17196056246757507,0.9345238208770752,0.45396316051483154
YLR360W,YDL235C,0,0.054789536,0.17192918062210083,0.9345238208770752,0.4540632367134094
YFL035C-B,YDR122W,0,0.054743223,0.17189781367778778,0.9345238208770752,0.4541633427143097
YBR100W,YOL086W-A,1,0.05473855,0.1720488965511322,0.9355158805847168,0.4541633427143097
YFL062W,YPL015C,0,0.054138064,0.17201751470565796,0.9355158805847168,0.4542634189128876
YCR057C,YKR096W,0,0.053424753,0.17198613286018372,0.9355158805847168,0.45436349511146545
YGL194C-A,YDR449C,0,0.05318293,0.17195478081703186,0.9355158805847168,0.45446357131004333
YBL005W,YLR378C,0,0.052879147,0.17192342877388,0.9355158805847168,0.4545636475086212
YBL055C,YJL010C,0,0.052674048,0.17189209163188934,0.9355158805847168,0.4546637237071991
YBR041W,YNL221C,0,0.052494638,0.17186075448989868,0.9355158805847168,0.454763799905777
YNL279W,YGR031C-A,0,0.052286103,0.1718294471502304,0.9355158805847168,0.45486390590667725
YER120W,YNL270C,0,0.050907627,0.17179813981056213,0.9355158805847168,0.4549639821052551
YIL027C,YOL045W,0,0.050814375,0.17176684737205505,0.9355158805847168,0.455064058303833
YDL126C,YDR099W,1,0.050523154,0.17191767692565918,0.9365079402923584,0.455064058303833
YLR391W-A,YER165W,0,0.050375387,0.1718863844871521,0.9365079402923584,0.4551641345024109
YGR027W-A,YGL003C,0,0.050112292,0.17185509204864502,0.9365079402923584,0.45526421070098877
YNR043W,YOR007C,0,0.049885653,0.17182381451129913,0.9365079402923584,0.45536428689956665
YFL059W,YNL230C,0,0.0497201,0.17179253697395325,0.9365079402923584,0.45546436309814453
YMR136W,YIL132C,0,0.04965774,0.17176127433776855,0.9365079402923584,0.4555644392967224
YDR390C,YKL107W,0,0.049381815,0.17173004150390625,0.9365079402923584,0.4556645452976227
YGR099W,YPL132W,0,0.04919388,0.17169879376888275,0.9365079402923584,0.45576462149620056
YKL178C,YIL095W,0,0.04911784,0.17166757583618164,0.9365079402923584,0.45586469769477844
YCL010C,YOR290C,0,0.04840964,0.17163635790348053,0.9365079402923584,0.4559647738933563
YJL180C,YDR260C,0,0.04776188,0.1716051697731018,0.9365079402923584,0.4560648500919342
YPR137C-B,YPR035W,0,0.047519773,0.1715739667415619,0.9365079402923584,0.4561649262905121
YGR093W,YGR092W,0,0.04737156,0.17154279351234436,0.9365079402923584,0.45626500248908997
YPR102C,YDR421W,0,0.047090612,0.17151163518428802,0.9365079402923584,0.45636507868766785
YJR010C-A,YBR299W,0,0.047071286,0.1714804768562317,0.9365079402923584,0.4564651846885681
YGL151W,YMR081C,0,0.046765387,0.17144933342933655,0.9365079402923584,0.456565260887146
YIL102C-A,YDR498C,0,0.046561994,0.1714181900024414,0.9365079402923584,0.4566653370857239
YKR023W,YDR004W,0,0.04654651,0.17138707637786865,0.9365079402923584,0.45676541328430176
YGR150C,YDR034C,0,0.04648011,0.1713559627532959,0.9365079402923584,0.45686548948287964
YGR238C,YER140W,0,0.046081714,0.17132486402988434,0.9365079402923584,0.4569655656814575
YMR014W,YJL042W,0,0.045997165,0.17129378020763397,0.9365079402923584,0.4570656418800354
YDR014W-A,YNL051W,0,0.045904048,0.1712626963853836,0.9365079402923584,0.4571657180786133
YJL094C,YDR098C-B,0,0.04547452,0.17123162746429443,0.9365079402923584,0.45726582407951355
YLR070C,YKL129C,0,0.045306616,0.17120057344436646,0.9365079402923584,0.45736590027809143
YOR336W,YDL048C,0,0.044520833,0.17116953432559967,0.9365079402923584,0.4574659764766693
YDL005C,YHL047C,0,0.0442765,0.17113851010799408,0.9365079402923584,0.4575660526752472
YMR133W,YMR309C,0,0.044089682,0.1711074858903885,0.9365079402923584,0.4576661288738251
YKL150W,YER159C,0,0.04395569,0.1710764765739441,0.9365079402923584,0.45776620507240295
YBR100W,YLR135W,1,0.043620437,0.17122666537761688,0.9375,0.45776620507240295
YAL018C,YPL043W,0,0.043620147,0.17119565606117249,0.9375,0.45786628127098083
YER125W,YNR049C,0,0.043180883,0.1711646467447281,0.9375,0.4579663872718811
YPR075C,YDR151C,0,0.0423221,0.17113365232944489,0.9375,0.458066463470459
YCL052C,YCR059C,0,0.042168543,0.17110265791416168,0.9375,0.45816653966903687
YLR107W,YKL139W,0,0.041213565,0.17107169330120087,0.9375,0.45826661586761475
YER083C,YEL039C,0,0.040999554,0.17104072868824005,0.9375,0.4583666920661926
YDR119W,YGR184C,0,0.040948942,0.17100977897644043,0.9375,0.4584667682647705
YPR042C,YDR137W,0,0.040679142,0.1709788292646408,0.9375,0.4585668444633484
YLR455W,YAL060W,0,0.040276036,0.17094789445400238,0.9375,0.45866692066192627
YKL144C,YDL236W,0,0.040119477,0.17091698944568634,0.9375,0.45876702666282654
YOR035C,YJL127C-A,0,0.03993421,0.1708860695362091,0.9375,0.4588671028614044
YMR027W,YLL018C-A,0,0.039831057,0.17085517942905426,0.9375,0.4589671790599823
YCL025C,YJL165C,0,0.039334662,0.17082428932189941,0.9375,0.4590672552585602
YLR113W,YER048C,0,0.039220802,0.17079341411590576,0.9375,0.45916733145713806
YOR396W,YEL049W,0,0.039065957,0.1707625538110733,0.9375,0.45926740765571594
YKL092C,YNL270C,0,0.038896315,0.17073170840740204,0.9375,0.4593674838542938
YOL026C,YLR050C,0,0.03787931,0.17070086300373077,0.9375,0.4594675600528717
YER160C,YHL018W,0,0.037576996,0.1706700325012207,0.9375,0.459567666053772
YNL074C,YKR068C,0,0.03649526,0.17063921689987183,0.9375,0.45966774225234985
YOR172W,YFR014C,0,0.03648851,0.17060841619968414,0.9375,0.45976781845092773
YAL013W,YOR181W,0,0.03629782,0.17057761549949646,0.9375,0.4598678946495056
YGL015C,YCL019W,0,0.03629084,0.17054682970046997,0.9375,0.4599679708480835
YPR058W,YLL019C,0,0.035601653,0.17051605880260468,0.9375,0.4600680470466614
YGL230C,YFL002W-A,0,0.03551556,0.17048530280590057,0.9375,0.46016812324523926
YER014C-A,YKR068C,0,0.035370164,0.17045454680919647,0.9375,0.4602682292461395
YMR113W,YBR159W,0,0.035200275,0.17042380571365356,0.9375,0.4603683054447174
YIL082W-A,YOL115W,0,0.03501282,0.17039307951927185,0.9375,0.4604683816432953
YJL140W,YDL160C,0,0.03484004,0.17036235332489014,0.9375,0.46056845784187317
YDR034C-C,YDR385W,0,0.03444103,0.1703316569328308,0.9375,0.46066853404045105
YLR107W,YDR212W,0,0.03269785,0.17030096054077148,0.9375,0.46076861023902893
YAR010C,YNL186W,0,0.03267426,0.17027026414871216,0.9375,0.4608686864376068
YOL153C,YDR210C-C,0,0.0322764,0.17023959755897522,0.9375,0.4609687626361847
YLR289W,YGL027C,0,0.0322221,0.17020893096923828,0.9375,0.46106886863708496
YDR302W,YCL058W-A,0,0.032123283,0.17017827928066254,0.9375,0.46116894483566284
YOR167C,YJL047C,0,0.031587593,0.17014764249324799,0.9375,0.4612690210342407
YDR178W,YCR070W,0,0.031184934,0.17011700570583344,0.9375,0.4613690972328186
YGR014W,YDR289C,0,0.031090178,0.17008639872074127,0.9375,0.4614691734313965
YOR343W-A,YMR042W,0,0.031077005,0.1700557917356491,0.9375,0.46156924962997437
YDR430C,YOR208W,0,0.03093002,0.17002518475055695,0.9375,0.46166932582855225
YDL044C,YMR029C,0,0.030820377,0.16999460756778717,0.9375,0.4617694020271301
YKL210W,YPR028W,0,0.030814044,0.1699640303850174,0.9375,0.4618695080280304
YDR034C-C,YPR018W,0,0.030485645,0.1699334681034088,0.9375,0.4619695842266083
YBL108C-A,YML081W,0,0.02993691,0.16990290582180023,0.9375,0.46206966042518616
YIL126W,YMR215W,0,0.029824205,0.16987237334251404,0.9375,0.46216973662376404
YBR126W-A,YCL005W-A,0,0.029789455,0.16984184086322784,0.9375,0.4622698128223419
YPR073C,YNL199C,0,0.029779933,0.16981132328510284,0.9375,0.4623698890209198
YHR059W,YDL193W,0,0.029724233,0.16978080570697784,0.9375,0.4624699652194977
YIL010W,YCR020C-A,0,0.029301167,0.16975031793117523,0.9375,0.46257004141807556
YIL149C,YJL225C,0,0.02882506,0.16971983015537262,0.9375,0.46267014741897583
YLR035C-A,YNR061C,0,0.027750127,0.1696893572807312,0.9375,0.4627702236175537
YAL018C,YHR150W,0,0.027373992,0.16965888440608978,0.9375,0.4628702998161316
YOL086W-A,YIL067C,0,0.026940018,0.16962842643260956,0.9375,0.4629703760147095
YPL131W,YOR346W,0,0.026713036,0.16959798336029053,0.9375,0.46307045221328735
YER172C,YNL181W,0,0.026679255,0.1695675551891327,0.9375,0.46317052841186523
YOR255W,YNL033W,0,0.026445337,0.16953714191913605,0.9375,0.4632706046104431
YOR343W-A,YDR365C,0,0.026002146,0.1695067286491394,0.9375,0.4633707106113434
YDR316W,YDL179W,0,0.02571664,0.16947633028030396,0.9375,0.46347078680992126
YBR136W,YHR033W,0,0.025326349,0.1694459319114685,0.9375,0.46357086300849915
YDR487C,YMR232W,0,0.02529893,0.16941556334495544,0.9375,0.463670939207077
YPR020W,YIL095W,0,0.025285244,0.16938519477844238,0.9375,0.4637710154056549
YDL074C,YJL026W,1,0.024973549,0.16953405737876892,0.9384920597076416,0.4637710154056549
YLR207W,YGR161W-A,0,0.024971135,0.16950367391109467,0.9384920597076416,0.4638710916042328
YPR185W,YGR161C-D,0,0.024945728,0.1694733053445816,0.9384920597076416,0.46397116780281067
YJR066W,YER095W,0,0.024811715,0.16944295167922974,0.9384920597076416,0.46407124400138855
YPL221W,YBL079W,0,0.024788462,0.16941261291503906,0.9384920597076416,0.4641713500022888
YDL111C,YDL160C-A,0,0.024739213,0.1693822741508484,0.9384920597076416,0.4642714262008667
YMR174C,YMR204C,0,0.024442367,0.1693519502878189,0.9384920597076416,0.4643715023994446
YPR158C-C,YLL048C,0,0.024176955,0.16932164132595062,0.9384920597076416,0.46447157859802246
YDR050C,YIL084C,0,0.023916118,0.16929133236408234,0.9384920597076416,0.46457165479660034
YFL031W,YOR283W,0,0.023750238,0.16926105320453644,0.9384920597076416,0.4646717309951782
YGL108C,YBR222C,0,0.023515247,0.16923077404499054,0.9384920597076416,0.4647718071937561
YBR049C,YLR034C,0,0.023127116,0.16920049488544464,0.9384920597076416,0.464871883392334
YPR035W,YLR362W,0,0.022787936,0.16917024552822113,0.9384920597076416,0.46497198939323425
YDL005C,YNL302C,0,0.022503786,0.16913999617099762,0.9384920597076416,0.46507206559181213
YIL050W,YDR422C,0,0.02227401,0.1691097617149353,0.9384920597076416,0.46517214179039
YKL222C,YMR281W,0,0.02198489,0.16907954216003418,0.9384920597076416,0.4652722179889679
YEL036C,YBR302C,0,0.021931536,0.16904932260513306,0.9384920597076416,0.4653722941875458
YNL024C-A,YJL011C,0,0.021696873,0.16901911795139313,0.9384920597076416,0.46547237038612366
YOL005C,YGR211W,0,0.021354035,0.1689889281988144,0.9384920597076416,0.46557244658470154
YER074W,YDR524C-B,0,0.02130016,0.16895873844623566,0.9384920597076416,0.4656725525856018
YHL009W-B,YML057W,0,0.02101811,0.1689285784959793,0.9384920597076416,0.4657726287841797
YOL103W-B,YNR039C,0,0.020989187,0.16889840364456177,0.9384920597076416,0.46587270498275757
YGR142W,YGR199W,0,0.02059739,0.1688682585954666,0.9384920597076416,0.46597278118133545
YMR259C,YLR211C,0,0.020582259,0.16883812844753265,0.9384920597076416,0.46607285737991333
YPR196W,YNR011C,0,0.02027835,0.1688079982995987,0.9384920597076416,0.4661729335784912
YDR403W,YNL106C,0,0.020272233,0.16877788305282593,0.9384920597076416,0.4662730097770691
YPR156C,YLR244C,0,0.020171091,0.16874776780605316,0.9384920597076416,0.466373085975647
YLR237W,YDL044C,0,0.020064317,0.1687176674604416,0.9384920597076416,0.46647319197654724
YKL192C,YOL103W-A,0,0.019938394,0.1686875820159912,0.9384920597076416,0.4665732681751251
YOL063C,YGL091C,0,0.019302346,0.16865751147270203,0.9384920597076416,0.466673344373703
YMR268C,YGR234W,0,0.01869043,0.16862745583057404,0.9384920597076416,0.4667734205722809
YOR192C-A,YFR021W,0,0.018624716,0.16859740018844604,0.9384920597076416,0.46687349677085876
YIL099W,YCR070W,0,0.018375508,0.16856735944747925,0.9384920597076416,0.46697357296943665
YKL213C,YMR236W,0,0.018192641,0.16853731870651245,0.9384920597076416,0.4670736491680145
YNL054W-A,YJL026W,0,0.017943755,0.16850730776786804,0.9384920597076416,0.4671737253665924
YDL247W,YKL018W,0,0.017906792,0.16847729682922363,0.9384920597076416,0.4672738313674927
YJR013W,YDL008W,0,0.017334037,0.16844730079174042,0.9384920597076416,0.46737390756607056
YGL113W,YNL054W-B,0,0.017317884,0.1684173047542572,0.9384920597076416,0.46747398376464844
YLR223C,YMR116C,0,0.017147236,0.16838732361793518,0.9384920597076416,0.4675740599632263
YKL117W,YCL058W-A,0,0.017010115,0.16835735738277435,0.9384920597076416,0.4676741361618042
YDL036C,YML092C,0,0.016853206,0.16832740604877472,0.9384920597076416,0.4677742123603821
YLR260W,YLR213C,0,0.016725302,0.16829745471477509,0.9384920597076416,0.46787428855895996
YKL077W,YML076C,0,0.016078614,0.16826751828193665,0.9384920597076416,0.46797436475753784
YDL160C,YDR346C,0,0.015705481,0.1682375967502594,0.9384920597076416,0.4680744707584381
YNR032W,YLR410W-B,0,0.01562757,0.16820767521858215,0.9384920597076416,0.468174546957016
YMR309C,YHL019C,0,0.015561186,0.1681777834892273,0.9384920597076416,0.46827462315559387
YGR005C,YMR272C,0,0.015010908,0.16814789175987244,0.9384920597076416,0.46837469935417175
YDL120W,YML124C,0,0.013986029,0.16811800003051758,0.9384920597076416,0.46847477555274963
YCL055W,YDR073W,0,0.013968788,0.1680881381034851,0.9384920597076416,0.4685748517513275
YAR002C-A,YJR078W,0,0.0139590725,0.16805827617645264,0.9384920597076416,0.4686749279499054
YAR015W,YDR034W-B,0,0.013645969,0.16802841424942017,0.9384920597076416,0.46877503395080566
YLR211C,YLR411W,0,0.013527073,0.16799858212471008,0.9384920597076416,0.46887511014938354
YIL026C,YJR061W,0,0.013281815,0.16796875,0.9384920597076416,0.4689751863479614
YPR052C,YLL040C,0,0.012889944,0.1679389327764511,0.9384920597076416,0.4690752625465393
YMR168C,YLL017W,0,0.012352884,0.16790913045406342,0.9384920597076416,0.4691753387451172
YDL220C,YHR122W,0,0.012050368,0.16787932813167572,0.9384920597076416,0.46927541494369507
YJL187C,YGR027W-B,0,0.0118758455,0.16784954071044922,0.9384920597076416,0.46937549114227295
YMR220W,YCR075W-A,0,0.011634953,0.1678197681903839,0.9384920597076416,0.46947556734085083
YKL124W,YHR198C,0,0.0106713995,0.1677899956703186,0.9384920597076416,0.4695756733417511
YDR034C-C,YBR240C,0,0.010642804,0.1677602380514145,0.9384920597076416,0.469675749540329
YIL008W,YPL127C,0,0.010591496,0.16773049533367157,0.9384920597076416,0.46977582573890686
YNL054W-A,YIL117C,0,0.010326266,0.16770076751708984,0.9384920597076416,0.46987590193748474
YDR409W,YIL033C,0,0.010048464,0.16767103970050812,0.9384920597076416,0.4699759781360626
YLR325C,YDL043C,0,0.009684853,0.16764132678508759,0.9384920597076416,0.4700760543346405
YLR426W,YML104C,0,0.0095901415,0.16761162877082825,0.9384920597076416,0.4701761305332184
YBR162C,YLR084C,0,0.009538136,0.1675819307565689,0.9384920597076416,0.47027620673179626
YLR213C,YFL043C,0,0.009418644,0.16755224764347076,0.9384920597076416,0.47037631273269653
YLR154W-C,YKL172W,0,0.009159561,0.1675225794315338,0.9384920597076416,0.4704763889312744
YMR212C,YCL001W,0,0.008578114,0.16749291121959686,0.9384920597076416,0.4705764651298523
YOR239W,YIL133C,0,0.008522712,0.1674632728099823,0.9384920597076416,0.4706765413284302
YLR071C,YGL002W,0,0.008446477,0.16743363440036774,0.9384920597076416,0.47077661752700806
YPR158W-B,YNL149C,0,0.008384801,0.16740399599075317,0.9384920597076416,0.47087669372558594
YLL054C,YJL003W,0,0.007917263,0.167374387383461,0.9384920597076416,0.4709767699241638
YGR296W,YLR314C,0,0.007736359,0.16734477877616882,0.9384920597076416,0.4710768759250641
YNL068C,YBR146W,0,0.0074107125,0.16731517016887665,0.9384920597076416,0.47117695212364197
YKL176C,YNL098C,0,0.006798856,0.16728559136390686,0.9384920597076416,0.47127702832221985
YOR193W,YLR043C,0,0.006754808,0.16725601255893707,0.9384920597076416,0.47137710452079773
YGR180C,YHR164C,1,0.0065069124,0.1674032211303711,0.9394841194152832,0.47137710452079773
YBR101C,YJL047C,0,0.006422598,0.1673736274242401,0.9394841194152832,0.4714771807193756
YJR044C,YBL067C,0,0.006355159,0.16734404861927032,0.9394841194152832,0.4715772569179535
YHR140W,YJR136C,0,0.006237589,0.16731448471546173,0.9394841194152832,0.47167733311653137
YPL258C,YDR261W-A,0,0.0061244667,0.16728493571281433,0.9394841194152832,0.47177740931510925
YER022W,YMR194W,0,0.004829649,0.16725538671016693,0.9394841194152832,0.4718775153160095
YDR460W,YNR053C,0,0.0047143325,0.16722585260868073,0.9394841194152832,0.4719775915145874
YOR382W,YCL001W-A,0,0.004296005,0.1671963334083557,0.9394841194152832,0.4720776677131653
YBR031W,YGR161C-D,0,0.0040832534,0.1671668142080307,0.9394841194152832,0.47217774391174316
YFR014C,YDR287W,0,0.0037935376,0.16713730990886688,0.9394841194152832,0.47227782011032104
YCL060C,YDR110W,1,0.0037550703,0.1672842800617218,0.9404761791229248,0.47227782011032104
YFL002W-B,YML125C,0,0.0028185248,0.1672547608613968,0.9404761791229248,0.4723778963088989
YCR095C,YOR054C,0,0.0025149956,0.16722525656223297,0.9404761791229248,0.4724779725074768
YBR159W,YOR396W,0,0.0023082048,0.16719576716423035,0.9404761791229248,0.4725780487060547
YMR024W,YLR410W-B,0,0.0020008385,0.16716627776622772,0.9404761791229248,0.47267815470695496
YJR046W,YOR080W,1,0.0019313693,0.1673131138086319,0.9414682388305664,0.47267815470695496
YLR323C,YLR173W,0,0.0015927777,0.16728362441062927,0.9414682388305664,0.47277823090553284
YOR179C,YML051W,0,0.0015927777,0.16725413501262665,0.9414682388305664,0.4728783071041107
YOL082W,YKR103W,0,0.000850521,0.1672246754169464,0.9414682388305664,0.4729783833026886
YOL097C,YBR274W,0,-0.00029955804,0.16719520092010498,0.9414682388305664,0.4730784595012665
YNL117W,YLL048C,0,-0.0003661886,0.16716575622558594,0.9414682388305664,0.47317853569984436
YPR073C,YAR031W,0,-0.00052241236,0.1671363115310669,0.9414682388305664,0.47327861189842224
YDR054C,YKL018W,0,-0.0013025329,0.16710688173770905,0.9414682388305664,0.4733786880970001
YDR372C,YGR204W,0,-0.0014192834,0.1670774668455124,0.9414682388305664,0.4734787940979004
YJR153W,YHR052W,0,-0.002329439,0.16704805195331573,0.9414682388305664,0.47357887029647827
YML029W,YKR100C,0,-0.0029150844,0.16701865196228027,0.9414682388305664,0.47367894649505615
YIL115C,YIL165C,0,-0.0030904338,0.166989266872406,0.9414682388305664,0.47377902269363403
YBR186W,YCR063W,0,-0.003142871,0.16695988178253174,0.9414682388305664,0.4738790988922119
YDR089W,YPR052C,0,-0.003389679,0.16693051159381866,0.9414682388305664,0.4739791750907898
YAL012W,YBL029C-A,0,-0.0035038814,0.16690115630626678,0.9414682388305664,0.4740792512893677
YLR330W,YFL022C,0,-0.0036114678,0.1668718159198761,0.9414682388305664,0.47417935729026794
YHR115C,YAL035W,0,-0.0040083304,0.1668424755334854,0.9414682388305664,0.4742794334888458
YPR017C,YLR372W,0,-0.0041757002,0.16681315004825592,0.9414682388305664,0.4743795096874237
YDL240W,YDR044W,0,-0.004234813,0.16678382456302643,0.9414682388305664,0.4744795858860016
YDL079C,YNR008W,0,-0.004332464,0.16675452888011932,0.9414682388305664,0.47457966208457947
YDR367W,YMR100W,0,-0.004547648,0.16672523319721222,0.9414682388305664,0.47467973828315735
YFL024C,YJR019C,0,-0.0046544448,0.16669593751430511,0.9414682388305664,0.47477981448173523
YOR176W,YLR248W,0,-0.0047440007,0.1666666716337204,0.9414682388305664,0.4748798906803131
YPR137C-B,YER023W,0,-0.0050981343,0.16663740575313568,0.9414682388305664,0.4749799966812134
YNL133C,YBR101C,0,-0.0053232536,0.16660813987255096,0.9414682388305664,0.47508007287979126
YIL084C,YDR387C,0,-0.0055563524,0.16657890379428864,0.9414682388305664,0.47518014907836914
YKL033W-A,YOR375C,0,-0.0057619475,0.1665496677160263,0.9414682388305664,0.475280225276947
YGR279C,YMR219W,0,-0.005936779,0.16652044653892517,0.9414682388305664,0.4753803014755249
YNL049C,YER073W,0,-0.005948052,0.16649122536182404,0.9414682388305664,0.4754803776741028
YDR451C,YBL101C,0,-0.0059526935,0.1664620190858841,0.9414682388305664,0.47558045387268066
YER069W,YBR181C,0,-0.006005086,0.16643282771110535,0.9414682388305664,0.47568053007125854
YER041W,YLR029C,0,-0.006898649,0.1664036512374878,0.9414682388305664,0.4757806360721588
YGL030W,YBR155W,0,-0.0072795823,0.16637447476387024,0.9414682388305664,0.4758807122707367
YHR101C,YNL005C,0,-0.007526405,0.16634531319141388,0.9414682388305664,0.4759807884693146
YDR192C,YJR098C,0,-0.007700257,0.16631615161895752,0.9414682388305664,0.47608086466789246
YGR183C,YMR019W,0,-0.007948913,0.16628701984882355,0.9414682388305664,0.47618094086647034
YER048W-A,YML102W,0,-0.007983603,0.16625788807868958,0.9414682388305664,0.4762810170650482
YPL226W,YDR098C-B,0,-0.008274816,0.1662287563085556,0.9414682388305664,0.4763810932636261
YOR073W,YBL029C-A,0,-0.008823007,0.16619965434074402,0.9414682388305664,0.47648119926452637
YDR320C-A,YER140W,0,-0.00954226,0.16617055237293243,0.9414682388305664,0.47658127546310425
YBR241C,YNL102W,0,-0.0095664635,0.16614145040512085,0.9414682388305664,0.47668135166168213
YAR071W,YJR093C,0,-0.009807982,0.16611237823963165,0.9414682388305664,0.47678142786026
YPR149W,YHL009W-A,0,-0.009810474,0.16608330607414246,0.9414682388305664,0.4768815040588379
YPR058W,YGL044C,0,-0.009944342,0.16605424880981445,0.9414682388305664,0.47698158025741577
YOR304C-A,YGR052W,0,-0.009982444,0.16602519154548645,0.9414682388305664,0.47708165645599365
YKL192C,YIL125W,0,-0.0100436285,0.16599614918231964,0.9414682388305664,0.47718173265457153
YKR091W,YDR185C,0,-0.010165401,0.16596712172031403,0.9414682388305664,0.4772818386554718
YAL034C,YOR127W,0,-0.01021377,0.1659380942583084,0.9414682388305664,0.4773819148540497
YOR104W,YDL091C,0,-0.010903485,0.16590909659862518,0.9414682388305664,0.47748199105262756
YJR153W,YFL045C,0,-0.011062786,0.16588008403778076,0.9414682388305664,0.47758206725120544
YMR143W,YNL062C,0,-0.0110851005,0.16585110127925873,0.9414682388305664,0.4776821434497833
YAL012W,YKL162C,0,-0.0113874525,0.1658221185207367,0.9414682388305664,0.4777822196483612
YNL058C,YLR320W,0,-0.011575125,0.16579315066337585,0.9414682388305664,0.4778822958469391
YDR020C,YBR090C-A,0,-0.0124685615,0.1657641977071762,0.9414682388305664,0.47798237204551697
YDL126C,YDR296W,1,-0.012786694,0.16590988636016846,0.942460298538208,0.47798237204551697
YGR184C,YOR332W,0,-0.013597123,0.16588091850280762,0.942460298538208,0.47808247804641724
YLR353W,YNL096C,0,-0.013681896,0.16585195064544678,0.942460298538208,0.4781825542449951
YGR065C,YFR019W,0,-0.013803683,0.16582301259040833,0.942460298538208,0.478282630443573
YLR071C,YBR100W,0,-0.01386822,0.16579405963420868,0.942460298538208,0.4783827066421509
YEL013W,YHL009W-A,0,-0.013960496,0.16576513648033142,0.942460298538208,0.47848278284072876
YMR042W,YHR205W,0,-0.01416076,0.16573621332645416,0.942460298538208,0.47858285903930664
YIL002C,YGR189C,0,-0.014618762,0.1657073050737381,0.942460298538208,0.4786829352378845
YJL157C,YBR058C,0,-0.0147837885,0.16567841172218323,0.942460298538208,0.4787830412387848
YDL160C-A,YNL330C,1,-0.014896866,0.16582389175891876,0.9434523582458496,0.4787830412387848
YDL139C,YLR461W,0,-0.01597865,0.1657949835062027,0.9434523582458496,0.47888311743736267
YPR158W-A,YER179W,0,-0.016370207,0.16576607525348663,0.9434523582458496,0.47898319363594055
YKL143W,YDL119C,0,-0.016400035,0.16573719680309296,0.9434523582458496,0.47908326983451843
YOR045W,YMR201C,0,-0.017498352,0.16570831835269928,0.9434523582458496,0.4791833460330963
YGR076C,YHR024C,0,-0.017612435,0.1656794399023056,0.9434523582458496,0.4792834222316742
YNR018W,YMR213W,0,-0.017950207,0.16565057635307312,0.9434523582458496,0.4793834984302521
YHL009W-B,YHR074W,0,-0.018029016,0.16562172770500183,0.9434523582458496,0.47948357462882996
YMR159C,YDR001C,0,-0.018718787,0.16559289395809174,0.9434523582458496,0.4795836806297302
YMR061W,YPL130W,0,-0.01880277,0.16556406021118164,0.9434523582458496,0.4796837568283081
YJR061W,YBR171W,0,-0.018816113,0.16553524136543274,0.9434523582458496,0.479783833026886
YGR245C,YMR162C,0,-0.019090362,0.16550643742084503,0.9434523582458496,0.47988390922546387
YDL174C,YOR020W-A,0,-0.019219741,0.16547763347625732,0.9434523582458496,0.47998398542404175
YJL055W,YLL003W,0,-0.019320674,0.1654488444328308,0.9434523582458496,0.48008406162261963
YMR211W,YKL016C,0,-0.020170368,0.1654200702905655,0.9434523582458496,0.4801841378211975
YGR271C-A,YDR261C-D,0,-0.020725943,0.16539131104946136,0.9434523582458496,0.4802842140197754
YIL148W,YOR030W,0,-0.020803638,0.16536255180835724,0.9434523582458496,0.48038432002067566
YGL250W,YPR052C,0,-0.021125399,0.1653337925672531,0.9434523582458496,0.48048439621925354
YAL017W,YDR296W,0,-0.021322794,0.16530506312847137,0.9434523582458496,0.4805844724178314
YCL060C,YMR119W,0,-0.022406362,0.16527633368968964,0.9434523582458496,0.4806845486164093
YAR014C,YDR261C-D,0,-0.022989951,0.1652476042509079,0.9434523582458496,0.4807846248149872
YOR298W,YGR036C,0,-0.023078978,0.16521890461444855,0.9434523582458496,0.48088470101356506
YGR161C-D,YKL129C,0,-0.023112446,0.1651902049779892,0.9434523582458496,0.48098477721214294
YCL025C,YER173W,0,-0.023193747,0.16516152024269104,0.9434523582458496,0.4810848534107208
YDL177C,YLR289W,0,-0.02377721,0.16513283550739288,0.9434523582458496,0.4811849594116211
YNL182C,YCL060C,1,-0.0240632,0.16527777910232544,0.9444444179534912,0.4811849594116211
YOR008C,YFR029W,0,-0.024444498,0.16524909436702728,0.9444444179534912,0.481285035610199
YBL021C,YMR050C,0,-0.024769835,0.16522040963172913,0.9444444179534912,0.48138511180877686
YGR161W-B,YNL318C,0,-0.024786122,0.16519173979759216,0.9444444179534912,0.48148518800735474
YIL102C-A,YBR268W,0,-0.025117002,0.1651630848646164,0.9444444179534912,0.4815852642059326
YCL043C,YPR181C,0,-0.025543325,0.16513442993164062,0.9444444179534912,0.4816853404045105
YLR385C,YDL088C,0,-0.025980912,0.16510578989982605,0.9444444179534912,0.4817854166030884
YML087C,YER022W,0,-0.026477583,0.16507716476917267,0.9444444179534912,0.48188552260398865
YML088W,YML033W,0,-0.026742987,0.1650485396385193,0.9444444179534912,0.48198559880256653
YOR188W,YKL081W,0,-0.026818492,0.1650199294090271,0.9444444179534912,0.4820856750011444
YNL250W,YDL140C,0,-0.026841886,0.1649913340806961,0.9444444179534912,0.4821857511997223
YNL282W,YER184C,0,-0.026846223,0.1649627387523651,0.9444444179534912,0.48228582739830017
YDL006W,YCL044C,0,-0.027032338,0.1649341583251953,0.9444444179534912,0.48238590359687805
YDL134C-A,YML075C,0,-0.027579527,0.1649055927991867,0.9444444179534912,0.48248597979545593
YLR098C,YEL058W,0,-0.027828492,0.1648770421743393,0.9444444179534912,0.4825860559940338
YCL026C-B,YLR234W,0,-0.028135426,0.16484849154949188,0.9444444179534912,0.4826861619949341
YDR148C,YER139C,0,-0.02843652,0.16481994092464447,0.9444444179534912,0.48278623819351196
YMR101C,YGR090W,0,-0.028721556,0.16479142010211945,0.9444444179534912,0.48288631439208984
YCL051W,YOR192C-A,0,-0.028856412,0.16476289927959442,0.9444444179534912,0.4829863905906677
YPR105C,YMR174C,0,-0.028957054,0.1647343784570694,0.9444444179534912,0.4830864667892456
YNL310C,YHR035W,0,-0.029066436,0.16470588743686676,0.9444444179534912,0.4831865429878235
YBR100W,YOL004W,1,-0.030056186,0.1648503690958023,0.9454365372657776,0.4831865429878235
YLR336C,YBL059C-A,0,-0.030567065,0.16482186317443848,0.9454365372657776,0.48328661918640137
YHR028C,YDR292C,0,-0.030953117,0.16479335725307465,0.9454365372657776,0.48338669538497925
YBR261C,YFR018C,0,-0.031065352,0.164764866232872,0.9454365372657776,0.4834868013858795
YOL165C,YIR031C,0,-0.03116411,0.16473639011383057,0.9454365372657776,0.4835868775844574
YGL259W,YML025C,0,-0.031250723,0.16470791399478912,0.9454365372657776,0.4836869537830353
YBR073W,YBR040W,0,-0.031634472,0.16467945277690887,0.9454365372657776,0.48378702998161316
YDR399W,YKL074C,0,-0.031652696,0.16465100646018982,0.9454365372657776,0.48388710618019104
YML130C,YOR162C,0,-0.03239972,0.16462256014347076,0.9454365372657776,0.4839871823787689
YDR196C,YIL046W,0,-0.032563053,0.1645941287279129,0.9454365372657776,0.4840872585773468
YBR128C,YPR028W,0,-0.033001207,0.16456571221351624,0.9454365372657776,0.48418736457824707
YGR162W,YBR281C,0,-0.033364184,0.16453729569911957,0.9454365372657776,0.48428744077682495
YLR276C,YPL022W,0,-0.033985265,0.1645088940858841,0.9454365372657776,0.48438751697540283
YDL191W,YMR153W,0,-0.034490563,0.16448049247264862,0.9454365372657776,0.4844875931739807
YIL102C-A,YGR199W,0,-0.034600064,0.16445212066173553,0.9454365372657776,0.4845876693725586
YJL132W,YDR448W,0,-0.03513155,0.16442373394966125,0.9454365372657776,0.4846877455711365
YDR210C-C,YDR517W,0,-0.035354517,0.16439537703990936,0.9454365372657776,0.48478782176971436
YOL159C,YNL054W-B,0,-0.035465837,0.16436702013015747,0.9454365372657776,0.48488789796829224
YER180C,YPR020W,0,-0.035709925,0.16433867812156677,0.9454365372657776,0.4849880039691925
YOR241W,YKL162C,0,-0.036210246,0.16431035101413727,0.9454365372657776,0.4850880801677704
YBR278W,YLR375W,0,-0.036325015,0.16428202390670776,0.9454365372657776,0.48518815636634827
YNL312W,YHR091C,0,-0.036616616,0.16425371170043945,0.9454365372657776,0.48528823256492615
YDR201W,YDL004W,0,-0.037042074,0.16422539949417114,0.9454365372657776,0.48538830876350403
YLL007C,YGL210W,0,-0.037353344,0.16419710218906403,0.9454365372657776,0.4854883849620819
YHR075C,YOR208W,0,-0.037370987,0.1641688197851181,0.9454365372657776,0.4855884611606598
YHR132W-A,YLR362W,0,-0.03841176,0.16414053738117218,0.9454365372657776,0.48568853735923767
YGL173C,YOL053W,0,-0.038513698,0.16411228477954865,0.9454365372657776,0.48578864336013794
YAR018C,YCR075W-A,0,-0.03871063,0.16408401727676392,0.9454365372657776,0.4858887195587158
YBR291C,YLR079W,0,-0.038983412,0.16405577957630157,0.9454365372657776,0.4859887957572937
YLR312C-B,YML132W,0,-0.03917245,0.16402754187583923,0.9454365372657776,0.4860888719558716
YHR107C,YMR268W-A,0,-0.03975869,0.16399931907653809,0.9454365372657776,0.48618894815444946
YLR201C,YPL061W,0,-0.0397991,0.16397109627723694,0.9454365372657776,0.48628902435302734
YPL119C,YDL194W,0,-0.040130176,0.16394288837909698,0.9454365372657776,0.4863891005516052
YMR186W,YOR221C,0,-0.040335946,0.16391469538211823,0.9454365372657776,0.4864891767501831
YHR124W,YLR248W,0,-0.040881447,0.16388650238513947,0.9454365372657776,0.4865892827510834
YJL050W,YDL122W,0,-0.04106275,0.1638583242893219,0.9454365372657776,0.48668935894966125
YLR013W,YGR084C,0,-0.041086547,0.16383014619350433,0.9454365372657776,0.48678943514823914
YGR276C,YGL046W,0,-0.041129053,0.16380199790000916,0.9454365372657776,0.486889511346817
YGR085C,YCL027W,0,-0.04146371,0.16377384960651398,0.9454365372657776,0.4869895875453949
YLR013W,YGR016W,0,-0.042529985,0.1637457013130188,0.9454365372657776,0.4870896637439728
YLR157C-A,YBR078W,0,-0.042551234,0.16371756792068481,0.9454365372657776,0.48718973994255066
YDR058C,YOL125W,0,-0.04274887,0.16368944942951202,0.9454365372657776,0.4872898459434509
YLR174W,YJL165C,0,-0.042784862,0.16366134583950043,0.9454365372657776,0.4873899221420288
YCL021W-A,YDR260C,0,-0.043209977,0.16363324224948883,0.9454365372657776,0.4874899983406067
YNL176C,YLL009C,0,-0.043376736,0.16360515356063843,0.9454365372657776,0.48759007453918457
YDR267C,YBR295W,0,-0.043710716,0.16357706487178802,0.9454365372657776,0.48769015073776245
YPR027C,YOR057W,0,-0.043814227,0.16354899108409882,0.9454365372657776,0.48779022693634033
YNL260C,YNL325C,0,-0.044749327,0.1635209321975708,0.9454365372657776,0.4878903031349182
YLR390W-A,YDR265W,0,-0.04489266,0.16349287331104279,0.9454365372657776,0.4879903793334961
YER139C,YDR210C-D,0,-0.0449695,0.16346484422683716,0.9454365372657776,0.48809048533439636
YGR277C,YML033W,0,-0.04500106,0.16343680024147034,0.9454365372657776,0.48819056153297424
YIL065C,YDR296W,0,-0.045072384,0.1634087860584259,0.9454365372657776,0.4882906377315521
YIL066C,YJR068W,1,-0.045635015,0.1635522097349167,0.9464285969734192,0.4882906377315521
YHL009W-B,YDR148C,0,-0.045739524,0.16352416574954987,0.9464285969734192,0.48839071393013
YDR160W,YHR111W,0,-0.045862637,0.16349613666534424,0.9464285969734192,0.4884907901287079
YLR410W-A,YLR455W,0,-0.046328317,0.1634681224822998,0.9464285969734192,0.48859086632728577
YBL071W-A,YCL075W,0,-0.04655867,0.16344012320041656,0.9464285969734192,0.48869094252586365
YJR134C,YMR131C,0,-0.04656882,0.16341212391853333,0.9464285969734192,0.48879101872444153
YNL280C,YHL009W-A,0,-0.046575885,0.16338413953781128,0.9464285969734192,0.4888911247253418
YKR035W-A,YKL100C,0,-0.04717616,0.16335617005825043,0.9464285969734192,0.4889912009239197
YLR295C,YPL281C,0,-0.047840096,0.16332820057868958,0.9464285969734192,0.48909127712249756
YNL058C,YDR422C,0,-0.048361517,0.16330024600028992,0.9464285969734192,0.48919135332107544
YMR167W,YMR194C-B,0,-0.04856486,0.16327229142189026,0.9464285969734192,0.4892914295196533
YNL152W,YLR154W-A,0,-0.048614666,0.1632443517446518,0.9464285969734192,0.4893915057182312
YCL051W,YML081C-A,0,-0.04899577,0.16321642696857452,0.9464285969734192,0.4894915819168091
YDL035C,YMR201C,0,-0.049432218,0.16318850219249725,0.9464285969734192,0.48959168791770935
YJL197W,YJR058C,0,-0.049444668,0.16316059231758118,0.9464285969734192,0.48969176411628723
YPR181C,YBR288C,0,-0.049482785,0.1631326973438263,0.9464285969734192,0.4897918403148651
YCL016C,YCR028C-A,1,-0.04969854,0.16327577829360962,0.9474206566810608,0.4897918403148651
YMR268C,YOL048C,0,-0.049752556,0.16324786841869354,0.9474206566810608,0.489891916513443
YGL114W,YER126C,0,-0.050157465,0.16321995854377747,0.9474206566810608,0.4899919927120209
YGR007W,YHR087W,0,-0.050435312,0.16319207847118378,0.9474206566810608,0.49009206891059875
YEL063C,YPL052W-A,0,-0.050578423,0.1631641834974289,0.9474206566810608,0.49019214510917664
YML085C,YDR079C-A,0,-0.051040802,0.1631363183259964,0.9474206566810608,0.4902922213077545
YOR242C,YLR248W,0,-0.051149286,0.1631084531545639,0.9474206566810608,0.4903923273086548
YKR031C,YDL177C,0,-0.051149875,0.1630806028842926,0.9474206566810608,0.49049240350723267
YEL072W,YDR083W,0,-0.051441923,0.1630527526140213,0.9474206566810608,0.49059247970581055
YJL019W,YFL059W,0,-0.05146735,0.1630249172449112,0.9474206566810608,0.4906925559043884
YMR214W,YEL017C-A,0,-0.051792733,0.16299709677696228,0.9474206566810608,0.4907926321029663
YHR056C,YHR102W,0,-0.052093036,0.16296927630901337,0.9474206566810608,0.4908927083015442
YIL088C,YLR005W,0,-0.052170373,0.16294147074222565,0.9474206566810608,0.49099278450012207
YOL107W,YBR179C,0,-0.052438132,0.16291368007659912,0.9474206566810608,0.49109286069869995
YHR139C,YLR086W,0,-0.05247823,0.1628858894109726,0.9474206566810608,0.4911929666996002
YHR053C,YOR353C,0,-0.05288715,0.16285811364650726,0.9474206566810608,0.4912930428981781
YKL120W,YCL062W,0,-0.053060256,0.16283035278320312,0.9474206566810608,0.491393119096756
YIL044C,YLR410W-A,0,-0.053474717,0.162802591919899,0.9474206566810608,0.49149319529533386
YNL152W,YBL039C,0,-0.0537671,0.16277484595775604,0.9474206566810608,0.49159327149391174
YNL118C,YPL135W,0,-0.05385889,0.1627470999956131,0.9474206566810608,0.4916933476924896
YPR166C,YLR025W,0,-0.05413217,0.16271936893463135,0.9474206566810608,0.4917934238910675
YKL187C,YDR173C,0,-0.05519945,0.1626916527748108,0.9474206566810608,0.4918935000896454
YPR021C,YML104C,0,-0.055420153,0.16266393661499023,0.9474206566810608,0.49199360609054565
YNL302C,YOL011W,0,-0.05592058,0.16263623535633087,0.9474206566810608,0.49209368228912354
YMR268W-A,YDL171C,0,-0.056061283,0.1626085489988327,0.9474206566810608,0.4921937584877014
YDR485C,YOL047C,0,-0.0561639,0.16258086264133453,0.9474206566810608,0.4922938346862793
YCR101C,YDR540C,0,-0.05616781,0.16255319118499756,0.9474206566810608,0.4923939108848572
YIR031C,YDL072C,0,-0.056519076,0.16252553462982178,0.9474206566810608,0.49249398708343506
YMR174C,YHR172W,0,-0.0569321,0.162497878074646,0.9474206566810608,0.49259406328201294
YLR042C,YDR367W,0,-0.05715447,0.16247022151947021,0.9474206566810608,0.4926941692829132
YER145C,YGR042W,0,-0.05731502,0.16244259476661682,0.9474206566810608,0.4927942454814911
YFR046C,YMR015C,0,-0.057321742,0.16241496801376343,0.9474206566810608,0.49289432168006897
YGR161C-D,YPL235W,0,-0.057470776,0.16238735616207123,0.9474206566810608,0.49299439787864685
YOR136W,YKL033W,0,-0.057613295,0.16235974431037903,0.9474206566810608,0.49309447407722473
YDL066W,YLR337W,0,-0.057837717,0.16233214735984802,0.9474206566810608,0.4931945502758026
YIL102C-A,YER105C,0,-0.059064925,0.16230455040931702,0.9474206566810608,0.4932946264743805
YNR016C,YKR009C,0,-0.05910144,0.1622769683599472,0.9474206566810608,0.4933947026729584
YOR340C,YLR173W,0,-0.05945801,0.1622494012117386,0.9474206566810608,0.49349480867385864
YDR531W,YGR225W,0,-0.060056157,0.16222184896469116,0.9474206566810608,0.4935948848724365
YNL229C,YPR100W,0,-0.060132332,0.16219429671764374,0.9474206566810608,0.4936949610710144
YPL158C,YCR097W,0,-0.060201354,0.1621667444705963,0.9474206566810608,0.4937950372695923
YEL062W,YOR337W,0,-0.06027525,0.16213922202587128,0.9474206566810608,0.49389511346817017
YNR020C,YJL033W,0,-0.060407586,0.16211169958114624,0.9474206566810608,0.49399518966674805
YKL033W,YER096W,0,-0.060596682,0.1620841771364212,0.9474206566810608,0.4940952658653259
YLR080W,YNL070W,0,-0.06115014,0.16205668449401855,0.9474206566810608,0.4941953420639038
YEL022W,YBR213W,0,-0.06152038,0.1620291769504547,0.9474206566810608,0.4942954480648041
YCR028C-A,YLR297W,0,-0.06164916,0.16200169920921326,0.9474206566810608,0.49439552426338196
YMR186W,YBR299W,0,-0.0618143,0.1619742214679718,0.9474206566810608,0.49449560046195984
YNR062C,YGL124C,0,-0.06191793,0.16194675862789154,0.9474206566810608,0.4945956766605377
YOR188W,YKL152C,0,-0.06221894,0.16191929578781128,0.9474206566810608,0.4946957528591156
YOL100W,YKR095W-A,0,-0.062325697,0.1618918478488922,0.9474206566810608,0.4947958290576935
YDR363W-A,YDR261W-B,0,-0.06260779,0.16186439990997314,0.9474206566810608,0.49489590525627136
YDR494W,YHL009W-A,0,-0.06267571,0.16183698177337646,0.9474206566810608,0.49499601125717163
YFR024C-A,YOR070C,0,-0.062768646,0.1618095487356186,0.9474206566810608,0.4950960874557495
YDR409W,YDR435C,0,-0.062820636,0.1617821455001831,0.9474206566810608,0.4951961636543274
YPL233W,YGR027W-A,0,-0.06287143,0.16175474226474762,0.9474206566810608,0.4952962398529053
YPL228W,YOR214C,0,-0.063079394,0.16172735393047333,0.9474206566810608,0.49539631605148315
YLR369W,YOR349W,0,-0.06319464,0.16169996559619904,0.9474206566810608,0.49549639225006104
YOR264W,YCL019W,0,-0.06370019,0.16167259216308594,0.9474206566810608,0.4955964684486389
YIL120W,YOR104W,0,-0.06412287,0.16164523363113403,0.9474206566810608,0.4956965446472168
YCL030C,YKL158W,0,-0.06461356,0.16161787509918213,0.9474206566810608,0.49579665064811707
YLR300W,YLR287C,0,-0.06461752,0.16159053146839142,0.9474206566810608,0.49589672684669495
YPR081C,YKL199C,0,-0.06490921,0.1615631878376007,0.9474206566810608,0.4959968030452728
YBR110W,YER029C,0,-0.06511721,0.1615358591079712,0.9474206566810608,0.4960968792438507
YMR250W,YGR161W-B,0,-0.0651983,0.16150854527950287,0.9474206566810608,0.4961969554424286
YNL252C,YCL067C,0,-0.06533272,0.16148123145103455,0.9474206566810608,0.49629703164100647
YMR044W,YNL052W,0,-0.065588005,0.16145393252372742,0.9474206566810608,0.49639710783958435
YML014W,YML126C,0,-0.065961465,0.1614266335964203,0.9474206566810608,0.49649718403816223
YJL194W,YOR005C,1,-0.066184886,0.16156835854053497,0.9484127163887024,0.49649718403816223
YJR129C,YDR348C,0,-0.06686739,0.16154105961322784,0.9484127163887024,0.4965972900390625
YDL142C,YLR466W,0,-0.06721861,0.1615137755870819,0.9484127163887024,0.4966973662376404
YGR245C,YER007W,0,-0.06748486,0.16148649156093597,0.9484127163887024,0.49679744243621826
YDR454C,YHR101C,0,-0.06813092,0.16145920753479004,0.9484127163887024,0.49689751863479614
YCR069W,YPL183C,0,-0.06819529,0.1614319533109665,0.9484127163887024,0.496997594833374
YKR042W,YNL284C-B,0,-0.06820565,0.16140469908714294,0.9484127163887024,0.4970976710319519
YCR075C,YBR173C,0,-0.06830043,0.1613774448633194,0.9484127163887024,0.4971977472305298
YJR028W,YNL307C,0,-0.06832213,0.16135020554065704,0.9484127163887024,0.49729782342910767
YJL110C,YCR021C,0,-0.06871802,0.16132298111915588,0.9484127163887024,0.49739792943000793
YER171W,YJL192C,0,-0.0689364,0.16129577159881592,0.9484127163887024,0.4974980056285858
YDR074W,YIR021W,0,-0.06901074,0.16126856207847595,0.9484127163887024,0.4975980818271637
YJR129C,YLR253W,0,-0.06903392,0.161241352558136,0.9484127163887024,0.4976981580257416
YPL221W,YCL001W,0,-0.06919233,0.16121415793895721,0.9484127163887024,0.49779823422431946
YMR061W,YOR063W,0,-0.06944264,0.16118697822093964,0.9484127163887024,0.49789831042289734
YML129C,YJL140W,0,-0.06982487,0.16115981340408325,0.9484127163887024,0.4979983866214752
YGR261C,YDR461W,0,-0.06983889,0.16113264858722687,0.9484127163887024,0.4980984926223755
YOR060C,YNL261W,1,-0.069897294,0.1612740159034729,0.949404776096344,0.4980984926223755
YDR475C,YCR070W,0,-0.070252575,0.16124683618545532,0.949404776096344,0.49819856882095337
YJL197W,YJR070C,0,-0.07043835,0.16121967136859894,0.949404776096344,0.49829864501953125
YNL257C,YPL097W,0,-0.07053096,0.16119252145290375,0.949404776096344,0.49839872121810913
YDL126C,YBR247C,0,-0.07087832,0.16116537153720856,0.949404776096344,0.498498797416687
YEL012W,YGL128C,0,-0.071002156,0.16113823652267456,0.949404776096344,0.4985988736152649
YKR023W,YDR138W,0,-0.07121656,0.16111111640930176,0.949404776096344,0.4986989498138428
YLR391W-A,YOL048C,0,-0.072319955,0.16108399629592896,0.949404776096344,0.49879902601242065
YIR041W,YHR214C-C,0,-0.0729916,0.16105687618255615,0.949404776096344,0.4988991320133209
YBR118W,YPL171C,0,-0.07334012,0.16102978587150574,0.949404776096344,0.4989992082118988
YDR159W,YML087C,0,-0.07352998,0.16100269556045532,0.949404776096344,0.4990992844104767
YOR311C,YDR409W,0,-0.0737087,0.1609756052494049,0.949404776096344,0.49919936060905457
YGL194C-A,YKR072C,0,-0.073817246,0.16094852983951569,0.949404776096344,0.49929943680763245
YDR041W,YHL048W,0,-0.07400634,0.16092146933078766,0.949404776096344,0.4993995130062103
YNL292W,YKR061W,0,-0.07438833,0.16089442372322083,0.949404776096344,0.4994995892047882
YKL192C,YJL186W,0,-0.0744771,0.160867378115654,0.949404776096344,0.4995996654033661
YNR040W,YPR196W,0,-0.07519614,0.16084033250808716,0.949404776096344,0.49969977140426636
YPR015C,YOR311C,0,-0.075678825,0.16081330180168152,0.949404776096344,0.49979984760284424
YJL210W,YHR182W,0,-0.07578095,0.16078628599643707,0.949404776096344,0.4998999238014221
YER138C,YNL182C,0,-0.07596827,0.16075928509235382,0.949404776096344,0.5
YKL204W,YPL177C,0,-0.07637296,0.16073228418827057,0.949404776096344,0.5001000761985779
YLR181C,YCL019W,0,-0.0766193,0.16070528328418732,0.949404776096344,0.5002001523971558
YLR229C,YMR025W,0,-0.076798774,0.16067831218242645,0.949404776096344,0.5003002285957336
YDR333C,YDR338C,0,-0.07690515,0.1606513410806656,0.949404776096344,0.5004003047943115
YLR436C,YLR209C,0,-0.07725354,0.16062436997890472,0.949404776096344,0.5005003809928894
YML075C,YGR251W,0,-0.07742994,0.16059741377830505,0.949404776096344,0.5006004571914673
YPL173W,YOR363C,0,-0.07748527,0.16057047247886658,0.949404776096344,0.5007005333900452
YFL004W,YGR029W,0,-0.07761383,0.1605435311794281,0.949404776096344,0.5008006691932678
YER083C,YML051W,0,-0.078148015,0.16051660478115082,0.949404776096344,0.5009007453918457
YGL045W,YDR434W,0,-0.079103395,0.16048969328403473,0.949404776096344,0.5010008215904236
YJR010W,YNL232W,0,-0.07937265,0.16046278178691864,0.949404776096344,0.5011008977890015
YDR170W-A,YNL065W,0,-0.079647325,0.16043587028980255,0.949404776096344,0.5012009739875793
YGL013C,YLR350W,0,-0.07967714,0.16040898859500885,0.949404776096344,0.5013010501861572
YPL194W,YGR199W,0,-0.079796486,0.16038210690021515,0.949404776096344,0.5014011263847351
YPL017C,YOR363C,0,-0.08013927,0.16035522520542145,0.949404776096344,0.501501202583313
YLR227W-A,YMR053C,0,-0.080212764,0.16032835841178894,0.949404776096344,0.5016012787818909
YCL044C,YER140W,0,-0.08034027,0.16030150651931763,0.949404776096344,0.5017013549804688
YLR385C,YGR161W-B,0,-0.08034232,0.1602746546268463,0.949404776096344,0.5018014311790466
YCR012W,YDR034C-C,0,-0.08055283,0.1602478176355362,0.949404776096344,0.5019015073776245
YMR098C,YKR053C,0,-0.08071535,0.16022099554538727,0.949404776096344,0.5020015835762024
YHR072W,YLR227W-B,0,-0.081384376,0.16019417345523834,0.949404776096344,0.5021016597747803
YDL074C,YMR131C,0,-0.08142675,0.1601673662662506,0.949404776096344,0.5022017359733582
YGL187C,YOR275C,0,-0.081491806,0.16014055907726288,0.949404776096344,0.502301812171936
YFL043C,YNL020C,0,-0.08165059,0.16011376678943634,0.949404776096344,0.5024019479751587
YPL047W,YMR200W,0,-0.0817915,0.160086989402771,0.949404776096344,0.5025020241737366
YGR113W,YHL001W,0,-0.081883125,0.16006021201610565,0.949404776096344,0.5026021003723145
YER171W,YLR410W-A,0,-0.08190051,0.1600334495306015,0.949404776096344,0.5027021765708923
YPR043W,YBR090C-A,0,-0.0821743,0.16000668704509735,0.949404776096344,0.5028022527694702
YGR161W-A,YKR067W,0,-0.0823147,0.1599799394607544,0.949404776096344,0.5029023289680481
YML049C,YOL127W,0,-0.08235771,0.15995320677757263,0.949404776096344,0.503002405166626
YGR016W,YJL083W,0,-0.08259841,0.15992647409439087,0.949404776096344,0.5031024813652039
YPL128C,YDL176W,0,-0.08285486,0.1598997563123703,0.949404776096344,0.5032025575637817
YCR035C,YCL003W,0,-0.083114766,0.15987303853034973,0.949404776096344,0.5033026337623596
YOL139C,YDR432W,0,-0.08317674,0.15984633564949036,0.949404776096344,0.5034027099609375
YMR209C,YGR047C,0,-0.08338512,0.15981963276863098,0.949404776096344,0.5035027861595154
YBL108C-A,YHR012W,0,-0.084060244,0.159792959690094,0.949404776096344,0.5036028623580933
YMR142C,YKL032C,0,-0.08414955,0.1597662717103958,0.949404776096344,0.5037029385566711
YNL328C,YDL060W,0,-0.08471588,0.15973961353302002,0.949404776096344,0.503803014755249
YBR234C,YDL048C,0,-0.08479906,0.15971295535564423,0.949404776096344,0.5039031505584717
YDR058C,YBR243C,0,-0.085000195,0.15968629717826843,0.949404776096344,0.5040032267570496
YOR324C,YNL318C,0,-0.08500858,0.15965965390205383,0.949404776096344,0.5041033029556274
YPR185W,YDR098C-B,0,-0.08501228,0.15963302552700043,0.949404776096344,0.5042033791542053
YCR015C,YML109W,0,-0.085027464,0.15960639715194702,0.949404776096344,0.5043034553527832
YGL082W,YNL039W,0,-0.085135974,0.1595797836780548,0.949404776096344,0.5044035315513611
YAR009C,YLR244C,0,-0.08573474,0.1595531851053238,0.949404776096344,0.504503607749939
YNL218W,YFL004W,0,-0.08663818,0.15952658653259277,0.949404776096344,0.5046036839485168
YHR181W,YLR297W,0,-0.08664339,0.15950000286102295,0.949404776096344,0.5047037601470947
YHR009C,YHL019C,0,-0.08676318,0.15947341918945312,0.949404776096344,0.5048038363456726
YPL129W,YBR192W,0,-0.086916104,0.1594468504190445,0.949404776096344,0.5049039125442505
YOR177C,YJR117W,0,-0.08699485,0.15942029654979706,0.949404776096344,0.5050039887428284
YGL058W,YIL155C,0,-0.08726444,0.15939374268054962,0.949404776096344,0.5051040649414062
YIL150C,YJR116W,0,-0.087493055,0.15936718881130219,0.949404776096344,0.5052041411399841
YKL200C,YNL003C,0,-0.08863195,0.15934066474437714,0.949404776096344,0.505304217338562
YJL084C,YBR283C,0,-0.08994333,0.1593141406774521,0.949404776096344,0.5054043531417847
YPL066W,YDR098C-B,0,-0.09020615,0.15928761661052704,0.949404776096344,0.5055044293403625
YBR275C,YGR053C,1,-0.09035232,0.15942752361297607,0.9503968358039856,0.5055044293403625
YGL095C,YPR112C,0,-0.09047165,0.15940099954605103,0.9503968358039856,0.5056045055389404
YLR103C,YKL071W,0,-0.0904899,0.15937447547912598,0.9503968358039856,0.5057045817375183
YMR171C,YPL172C,0,-0.0905262,0.15934796631336212,0.9503968358039856,0.5058046579360962
YCL074W,YLR081W,0,-0.09081685,0.15932147204875946,0.9503968358039856,0.5059047341346741
YML051W,YGR281W,0,-0.0912117,0.1592949777841568,0.9503968358039856,0.506004810333252
YGL008C,YNR054C,0,-0.09127808,0.15926849842071533,0.9503968358039856,0.5061048865318298
YMR215W,YCR086W,0,-0.09145362,0.15924201905727386,0.9503968358039856,0.5062049627304077
YER028C,YMR047C,0,-0.09167681,0.1592155545949936,0.9503968358039856,0.5063050389289856
YOR150W,YKL010C,0,-0.09170938,0.1591891050338745,0.9503968358039856,0.5064051151275635
YCL029C,YKL103C,0,-0.092378266,0.15916265547275543,0.9503968358039856,0.5065051913261414
YPL215W,YHR107C,0,-0.092502244,0.15913620591163635,0.9503968358039856,0.5066052675247192
YBR043C,YDR237W,0,-0.092521705,0.15910978615283966,0.9503968358039856,0.5067053437232971
YNL275W,YPL043W,0,-0.092604876,0.15908336639404297,0.9503968358039856,0.506805419921875
YJL058C,YDL136W,0,-0.09288678,0.15905694663524628,0.9503968358039856,0.5069054961204529
YNL156C,YPR005C,0,-0.09292469,0.15903054177761078,0.9503968358039856,0.5070056319236755
YCR080W,YAL005C,0,-0.09338045,0.15900415182113647,0.9503968358039856,0.5071057081222534
YLR262C-A,YPL176C,0,-0.09359852,0.15897776186466217,0.9503968358039856,0.5072057843208313
YOL093W,YJL177W,0,-0.093764134,0.15895138680934906,0.9503968358039856,0.5073058605194092
YLR155C,YIL117C,0,-0.09381267,0.15892501175403595,0.9503968358039856,0.5074059367179871
YNL154C,YMR281W,0,-0.09387611,0.15889865159988403,0.9503968358039856,0.5075060129165649
YIL043C,YDR320C,0,-0.09441937,0.1588723063468933,0.9503968358039856,0.5076060891151428
YBR043C,YLR090W,0,-0.09501337,0.1588459610939026,0.9503968358039856,0.5077061653137207
YLR211C,YHR050W,0,-0.09512062,0.15881963074207306,0.9503968358039856,0.5078062415122986
YPR158C-C,YNL239W,0,-0.095179245,0.15879330039024353,0.9503968358039856,0.5079063177108765
YDR074W,YGR004W,0,-0.0951894,0.1587669849395752,0.9503968358039856,0.5080063939094543
YNL032W,YPL041C,0,-0.09541202,0.15874068439006805,0.9503968358039856,0.5081064701080322
YDR096W,YOR396W,0,-0.09594121,0.1587143838405609,0.9503968358039856,0.5082065463066101
YFL033C,YFR049W,0,-0.09597915,0.15868808329105377,0.9503968358039856,0.508306622505188
YMR305C,YDR057W,0,-0.09640389,0.15866181254386902,0.9503968358039856,0.5084066987037659
YNL009W,YCR059C,0,-0.09668163,0.15863554179668427,0.9503968358039856,0.5085068345069885
YJL173C,YJR063W,0,-0.09697086,0.1586092710494995,0.9503968358039856,0.5086069107055664
YPR137C-B,YGR282C,0,-0.09702172,0.15858301520347595,0.9503968358039856,0.5087069869041443
YJL196C,YKL139W,0,-0.097922124,0.1585567742586136,0.9503968358039856,0.5088070631027222
YOR078W,YPL010W,0,-0.09869229,0.15853053331375122,0.9503968358039856,0.5089071393013
YLR053C,YBR128C,0,-0.09874638,0.15850430727005005,0.9503968358039856,0.5090072154998779
YGR156W,YDR259C,0,-0.09892238,0.15847808122634888,0.9503968358039856,0.5091072916984558
YFL002W-B,YDL073W,0,-0.09893264,0.1584518700838089,0.9503968358039856,0.5092073678970337
YBR084W,YKL032C,0,-0.099251755,0.15842565894126892,0.9503968358039856,0.5093074440956116
YAL019W,YOR347C,0,-0.09939468,0.15839947760105133,0.9503968358039856,0.5094075202941895
YGR133W,YPL246C,0,-0.09956501,0.15837328135967255,0.9503968358039856,0.5095075964927673
YDL214C,YMR050C,0,-0.099688224,0.15834710001945496,0.9503968358039856,0.5096076726913452
YIL171W,YLR248W,0,-0.10015966,0.15832093358039856,0.9503968358039856,0.5097077488899231
YNL315C,YCL016C,0,-0.10022173,0.15829478204250336,0.9503968358039856,0.509807825088501
YML123C,YHR196W,0,-0.100463144,0.15826863050460815,0.9503968358039856,0.5099079012870789
YBR172C,YLR262C-A,0,-0.10107461,0.15824247896671295,0.9503968358039856,0.5100079774856567
YNL273W,YLR064W,0,-0.10117195,0.15821635723114014,0.9503968358039856,0.5101081132888794
YOR088W,YML102W,0,-0.10121157,0.15819022059440613,0.9503968358039856,0.5102081894874573
YGR215W,YLR438C-A,0,-0.10191832,0.1581641137599945,0.9503968358039856,0.5103082656860352
YGR087C,YPR103W,0,-0.10266562,0.1581379920244217,0.9503968358039856,0.510408341884613
YGL178W,YHR205W,0,-0.10294084,0.15811190009117126,0.9503968358039856,0.5105084180831909
YLR157C-A,YMR084W,0,-0.10382427,0.15808580815792084,0.9503968358039856,0.5106084942817688
YLR048W,YOL115W,0,-0.10401834,0.1580597311258316,0.9503968358039856,0.5107085704803467
YNL263C,YNL270C,0,-0.10407368,0.15803365409374237,0.9503968358039856,0.5108086466789246
YER020W,YLR053C,0,-0.10424377,0.15800759196281433,0.9503968358039856,0.5109087228775024
YLR080W,YDL101C,0,-0.10487725,0.1579815298318863,0.9503968358039856,0.5110087990760803
YML126C,YPR112C,0,-0.10553188,0.15795548260211945,0.9503968358039856,0.5111088752746582
YER048W-A,YLR224W,0,-0.106076635,0.1579294353723526,0.9503968358039856,0.5112089514732361
YDR147W,YNL113W,0,-0.106083214,0.15790341794490814,0.9503968358039856,0.511309027671814
YBR093C,YFL002W-A,0,-0.10624885,0.1578773856163025,0.9503968358039856,0.5114091038703918
YIL066C,YLR430W,1,-0.10625947,0.1580161452293396,0.9513888955116272,0.5114091038703918
YER122C,YGR296W,0,-0.10670197,0.15799011290073395,0.9513888955116272,0.5115091800689697
YLR272C,YFL040W,0,-0.10725457,0.1579640954732895,0.9513888955116272,0.5116093158721924
YAL036C,YNL311C,0,-0.107300065,0.15793807804584503,0.9513888955116272,0.5117093920707703
YFL036W,YDR069C,1,-0.108476944,0.15807673335075378,0.9523809552192688,0.5117093920707703
YDR367W,YLR128W,0,-0.108608805,0.15805070102214813,0.9523809552192688,0.5118094682693481
YHL024W,YDL101C,1,-0.10868614,0.1581892967224121,0.9533730149269104,0.5118094682693481
YBL071W-A,YNL094W,0,-0.10874928,0.15816326439380646,0.9533730149269104,0.511909544467926
YBR169C,YDR192C,0,-0.10897512,0.1581372320652008,0.9533730149269104,0.5120096206665039
YHR113W,YPL193W,0,-0.10942129,0.15811121463775635,0.9533730149269104,0.5121096968650818
YHL003C,YIL099W,0,-0.11005607,0.15808521211147308,0.9533730149269104,0.5122097730636597
YGL163C,YGR038C-B,0,-0.11031082,0.15805920958518982,0.9533730149269104,0.5123098492622375
YKR061W,YJL140W,0,-0.11050885,0.15803322196006775,0.9533730149269104,0.5124099254608154
YBL005W-A,YGR199W,0,-0.11058175,0.15800723433494568,0.9533730149269104,0.5125100016593933
YNL310C,YCL027C-A,0,-0.11063921,0.1579812616109848,0.9533730149269104,0.5126100778579712
YNL127W,YDR122W,0,-0.11066332,0.15795528888702393,0.9533730149269104,0.5127101540565491
YGR230W,YLR285W,0,-0.11105264,0.15792933106422424,0.9533730149269104,0.512810230255127
YIL135C,YBR193C,0,-0.111529954,0.15790338814258575,0.9533730149269104,0.5129103064537048
YBR290W,YGR049W,0,-0.11153547,0.15787744522094727,0.9533730149269104,0.5130103826522827
YGL004C,YDR126W,0,-0.11177686,0.15785151720046997,0.9533730149269104,0.5131104588508606
YBR073W,YDR073W,0,-0.11224825,0.15782558917999268,0.9533730149269104,0.5132105946540833
YDR399W,YER019W,0,-0.11310852,0.15779967606067657,0.9533730149269104,0.5133106708526611
YGL191W,YLR360W,0,-0.11354276,0.15777376294136047,0.9533730149269104,0.513410747051239
YNL273W,YER134C,0,-0.113657154,0.15774786472320557,0.9533730149269104,0.5135108232498169
YNL038W,YHL032C,0,-0.11395342,0.15772198140621185,0.9533730149269104,0.5136108994483948
YDR261W-B,YER031C,0,-0.11420397,0.15769609808921814,0.9533730149269104,0.5137109756469727
YDL215C,YDR498C,0,-0.11533623,0.15767021477222443,0.9533730149269104,0.5138110518455505
YDR251W,YFL043C,0,-0.11585026,0.1576443612575531,0.9533730149269104,0.5139111280441284
YDR034C-C,YBR299W,0,-0.11592612,0.15761850774288177,0.9533730149269104,0.5140112042427063
YGL186C,YHR111W,0,-0.11598966,0.15759265422821045,0.9533730149269104,0.5141112804412842
YOL165C,YPL146C,0,-0.11614513,0.15756681561470032,0.9533730149269104,0.5142113566398621
YER169W,YLR408C,0,-0.116651855,0.15754097700119019,0.9533730149269104,0.5143114328384399
YLL001W,YDR038C,0,-0.117172845,0.15751516819000244,0.9533730149269104,0.5144115090370178
YDL142C,YDL108W,0,-0.11733086,0.1574893444776535,0.9533730149269104,0.5145115852355957
YML056C,YOR195W,0,-0.11746872,0.15746353566646576,0.9533730149269104,0.5146116614341736
YOR188W,YML081C-A,0,-0.1178201,0.1574377417564392,0.9533730149269104,0.5147117972373962
YBR093C,YLR312C,0,-0.11787381,0.15741196274757385,0.9533730149269104,0.5148118734359741
YNL024C-A,YIL009W,0,-0.11883876,0.1573861837387085,0.9533730149269104,0.514911949634552
YBR004C,YIL063C,0,-0.119175635,0.15736040472984314,0.9533730149269104,0.5150120258331299
YKL091C,YPL140C,0,-0.11968405,0.15733464062213898,0.9533730149269104,0.5151121020317078
YLR137W,YDL211C,0,-0.119800515,0.157308891415596,0.9533730149269104,0.5152121782302856
YPR052C,YOL105C,0,-0.1201889,0.15728314220905304,0.9533730149269104,0.5153122544288635
YHR197W,YGL223C,0,-0.120899975,0.15725740790367126,0.9533730149269104,0.5154123306274414
YNL047C,YOR224C,0,-0.12090242,0.1572316735982895,0.9533730149269104,0.5155124068260193
YDR223W,YMR209C,0,-0.12101055,0.1572059541940689,0.9533730149269104,0.5156124830245972
YLR362W,YGR135W,0,-0.12122942,0.15718023478984833,0.9533730149269104,0.515712559223175
YHR048W,YER071C,0,-0.1213312,0.15715454518795013,0.9533730149269104,0.5158126354217529
YNL250W,YPL106C,0,-0.12167174,0.15712884068489075,0.9533730149269104,0.5159127116203308
YDR261W-B,YOR057W,0,-0.12174623,0.15710315108299255,0.9533730149269104,0.5160127878189087
YJL145W,YNL098C,0,-0.12205503,0.15707747638225555,0.9533730149269104,0.5161128640174866
YOR071C,YDL247W,0,-0.122273736,0.15705180168151855,0.9533730149269104,0.5162129998207092
YLR260W,YOR045W,0,-0.12230712,0.15702614188194275,0.9533730149269104,0.5163130760192871
YDL114W,YKL048C,0,-0.122357406,0.15700049698352814,0.9533730149269104,0.516413152217865
YKL110C,YOL093W,0,-0.122488685,0.15697485208511353,0.9533730149269104,0.5165132284164429
YNL094W,YGL046W,0,-0.12298111,0.1569492071866989,0.9533730149269104,0.5166133046150208
YEL056W,YJL225C,0,-0.12349913,0.1569235771894455,0.9533730149269104,0.5167133808135986
YMR145C,YIR009W,0,-0.12390075,0.15689796209335327,0.9533730149269104,0.5168134570121765
YBR040W,YMR309C,0,-0.12417921,0.15687234699726105,0.9533730149269104,0.5169135332107544
YBR039W,YNL133C,0,-0.12455649,0.15684674680233002,0.9533730149269104,0.5170136094093323
YDR318W,YGR010W,0,-0.1248604,0.156821146607399,0.9533730149269104,0.5171136856079102
YGL125W,YFR003C,0,-0.12555504,0.15679556131362915,0.9533730149269104,0.517213761806488
YMR227C,YGR031W,0,-0.12560649,0.1567699909210205,0.9533730149269104,0.5173138380050659
YHL047C,YJL196C,0,-0.12666416,0.15674442052841187,0.9533730149269104,0.5174139142036438
YER176W,YGR292W,0,-0.12684648,0.15671885013580322,0.9533730149269104,0.5175139904022217
YKL125W,YCR059C,0,-0.12690213,0.15669329464435577,0.9533730149269104,0.5176140666007996
YIL009C-A,YBR110W,0,-0.1275529,0.15666775405406952,0.9533730149269104,0.5177141427993774
YJL014W,YDR317W,0,-0.12782311,0.15664221346378326,0.9533730149269104,0.5178142786026001
YLR228C,YOL132W,0,-0.12784559,0.1566166877746582,0.9533730149269104,0.517914354801178
YDR399W,YGR031W,0,-0.12847495,0.15659116208553314,0.9533730149269104,0.5180144309997559
YJR010W,YDL150W,0,-0.12881753,0.15656565129756927,0.9533730149269104,0.5181145071983337
YHL023C,YPL281C,0,-0.12923941,0.1565401554107666,0.9533730149269104,0.5182145833969116
YNL084C,YNR066C,0,-0.1292617,0.15651465952396393,0.9533730149269104,0.5183146595954895
YHR117W,YDR261W-A,0,-0.1295268,0.15648917853832245,0.9533730149269104,0.5184147357940674
YER048W-A,YMR275C,0,-0.13023093,0.15646369755268097,0.9533730149269104,0.5185148119926453
YDL088C,YBR240C,0,-0.13064936,0.1564382165670395,0.9533730149269104,0.5186148881912231
YBR039W,YKL027W,0,-0.13070413,0.1564127653837204,0.9533730149269104,0.518714964389801
YHL009W-B,YGR028W,0,-0.13075906,0.1563873142004013,0.9533730149269104,0.5188150405883789
YLR237W,YER075C,0,-0.13106823,0.15636186301708221,0.9533730149269104,0.5189151167869568
YJL073W,YDR331W,0,-0.13144028,0.15633642673492432,0.9533730149269104,0.5190151929855347
YGR282C,YGR031W,0,-0.13216168,0.15631099045276642,0.9533730149269104,0.5191152691841125
YDL230W,YPL018W,0,-0.13227442,0.15628556907176971,0.9533730149269104,0.5192153453826904
YOL162W,YBR109C,0,-0.13269556,0.1562601625919342,0.9533730149269104,0.5193154811859131
YDR247W,YCL043C,0,-0.13282552,0.1562347561120987,0.9533730149269104,0.519415557384491
YDR201W,YDL215C,0,-0.13292465,0.15620936453342438,0.9533730149269104,0.5195156335830688
YGR004W,YGR142W,0,-0.13293573,0.15618397295475006,0.9533730149269104,0.5196157097816467
YOR293W,YCR063W,0,-0.13317567,0.15615859627723694,0.9533730149269104,0.5197157859802246
YML046W,YGR061C,0,-0.13325185,0.15613321959972382,0.9533730149269104,0.5198158621788025
YER093C,YGR150C,0,-0.13372976,0.1561078578233719,0.9533730149269104,0.5199159383773804
YBR145W,YMR241W,0,-0.13382584,0.15608251094818115,0.9533730149269104,0.5200160145759583
YMR216C,YBR008C,0,-0.13394254,0.15605716407299042,0.9533730149269104,0.5201160907745361
YLR350W,YDR472W,0,-0.13439652,0.15603181719779968,0.9533730149269104,0.520216166973114
YMR297W,YGL125W,0,-0.13441816,0.15600650012493134,0.9533730149269104,0.5203162431716919
YKL054C,YKL218C,0,-0.13461007,0.1559811681509018,0.9533730149269104,0.5204163193702698
YGR133W,YNL135C,0,-0.13485037,0.15595585107803345,0.9533730149269104,0.5205163955688477
YAL009W,YGL084C,0,-0.1351949,0.1559305489063263,0.9533730149269104,0.5206164717674255
YDR255C,YJR060W,0,-0.13592988,0.15590526163578033,0.9533730149269104,0.5207165479660034
YGR087C,YNL039W,0,-0.13604507,0.15587997436523438,0.9533730149269104,0.5208166241645813
YDR480W,YHR071W,0,-0.13619354,0.15585468709468842,0.9533730149269104,0.520916759967804
YPR032W,YAR027W,0,-0.13638353,0.15582941472530365,0.9533730149269104,0.5210168361663818
YBR251W,YPL015C,0,-0.1365158,0.15580415725708008,0.9533730149269104,0.5211169123649597
YDL160C-A,YGL251C,1,-0.13662952,0.15594099462032318,0.954365074634552,0.5211169123649597
YMR168C,YFL018W-A,0,-0.1366741,0.15591572225093842,0.954365074634552,0.5212169885635376
YLR404W,YOR380W,0,-0.13744764,0.15589044988155365,0.954365074634552,0.5213170647621155
YDR407C,YBL028C,0,-0.13748434,0.15586519241333008,0.954365074634552,0.5214171409606934
YHR148W,YOR396W,0,-0.1377261,0.1558399498462677,0.954365074634552,0.5215172171592712
YGR194C,YPL106C,0,-0.13801637,0.15581470727920532,0.954365074634552,0.5216172933578491
YPL279C,YKR095W,0,-0.13810837,0.15578947961330414,0.954365074634552,0.521717369556427
YCL021W-A,YNL293W,0,-0.13837585,0.15576425194740295,0.954365074634552,0.5218174457550049
YER110C,YFR026C,0,-0.13841096,0.15573903918266296,0.954365074634552,0.5219175219535828
YNL136W,YGL046W,0,-0.13858214,0.15571382641792297,0.954365074634552,0.5220175981521606
YML071C,YML066C,0,-0.1387172,0.15568862855434418,0.954365074634552,0.5221176743507385
YER118C,YOL044W,0,-0.1400375,0.15566343069076538,0.954365074634552,0.5222177505493164
YHL036W,YBR274W,0,-0.1403937,0.15563824772834778,0.954365074634552,0.5223178267478943
YNL305C,YDL064W,0,-0.14044464,0.15561306476593018,0.954365074634552,0.5224179625511169
YHR197W,YDR196C,0,-0.1413204,0.15558789670467377,0.954365074634552,0.5225180387496948
YJL141C,YAL024C,0,-0.14197963,0.15556274354457855,0.954365074634552,0.5226181149482727
YDL171C,YMR153W,0,-0.14236557,0.15553759038448334,0.954365074634552,0.5227181911468506
YDR399W,YDR213W,0,-0.14272034,0.15551245212554932,0.954365074634552,0.5228182673454285
YFR048W,YKL168C,0,-0.14297056,0.1554873138666153,0.954365074634552,0.5229183435440063
YLR114C,YKL157W,0,-0.14394578,0.15546219050884247,0.954365074634552,0.5230184197425842
YJL156C,YNL223W,0,-0.14464796,0.15543706715106964,0.954365074634552,0.5231184959411621
YJR010W,YER129W,0,-0.1448003,0.155411958694458,0.954365074634552,0.52321857213974
YPL017C,YNR066C,0,-0.14495075,0.15538685023784637,0.954365074634552,0.5233186483383179
YER019W,YOR008C,0,-0.14569366,0.15536175668239594,0.954365074634552,0.5234187245368958
YJR097W,YJL045W,0,-0.14570785,0.1553366631269455,0.954365074634552,0.5235188007354736
YDR085C,YDR330W,0,-0.1461573,0.15531158447265625,0.954365074634552,0.5236188769340515
YMR161W,YAL033W,0,-0.14644167,0.1552865207195282,0.954365074634552,0.5237189531326294
YOL103W-B,YNL072W,0,-0.1468113,0.15526145696640015,0.954365074634552,0.5238190293312073
YNL164C,YOR096W,0,-0.14681935,0.1552364081144333,0.954365074634552,0.5239191055297852
YDR441C,YGL003C,0,-0.14706472,0.15521135926246643,0.954365074634552,0.5240192413330078
YOR287C,YCR033W,0,-0.1473727,0.15518632531166077,0.954365074634552,0.5241193175315857
YIL119C,YPR002W,0,-0.14825588,0.1551612913608551,0.954365074634552,0.5242193937301636
YPR083W,YAL018C,0,-0.14829251,0.15513627231121063,0.954365074634552,0.5243194699287415
YLL045C,YJL129C,0,-0.14874285,0.15511125326156616,0.954365074634552,0.5244195461273193
YKR099W,YPL084W,0,-0.14875767,0.15508624911308289,0.954365074634552,0.5245196223258972
YBL033C,YOL141W,0,-0.14913887,0.1550612449645996,0.954365074634552,0.5246196985244751
YJR097W,YKL139W,0,-0.14917377,0.15503625571727753,0.954365074634552,0.524719774723053
YGL120C,YJL008C,0,-0.1492433,0.15501128137111664,0.954365074634552,0.5248198509216309
YGR131W,YDR021W,0,-0.14926094,0.15498630702495575,0.954365074634552,0.5249199271202087
YDL084W,YBR092C,0,-0.14994767,0.15496134757995605,0.954365074634552,0.5250200033187866
YPL059W,YMR084W,0,-0.15001497,0.15493638813495636,0.954365074634552,0.5251200795173645
YAL018C,YDR117C,0,-0.15016557,0.15491142868995667,0.954365074634552,0.5252201557159424
YJR028W,YDR378C,0,-0.15065706,0.15488649904727936,0.954365074634552,0.5253202319145203
YHL036W,YJR138W,0,-0.15127265,0.15486155450344086,0.954365074634552,0.5254203081130981
YNL236W,YAR044W,0,-0.15199418,0.15483663976192474,0.954365074634552,0.5255204439163208
YAR009C,YML088W,0,-0.15256271,0.15481171011924744,0.954365074634552,0.5256205201148987
YML069W,YER143W,1,-0.15263575,0.15494771301746368,0.9553571343421936,0.5256205201148987
YKL191W,YDR337W,0,-0.15340716,0.15492278337478638,0.9553571343421936,0.5257205963134766
YKL051W,YMR138W,0,-0.15473837,0.15489785373210907,0.9553571343421936,0.5258206725120544
YDL088C,YPL175W,0,-0.15527967,0.15487295389175415,0.9553571343421936,0.5259207487106323
YGL026C,YJR126C,0,-0.15541133,0.15484803915023804,0.9553571343421936,0.5260208249092102
YML058W,YOR080W,1,-0.15576422,0.15498392283916473,0.9563491940498352,0.5260208249092102
YGR275W,YKR100C,0,-0.15587693,0.15495900809764862,0.9563491940498352,0.5261209011077881
YDR260C,YOL022C,0,-0.15604568,0.1549341082572937,0.9563491940498352,0.526220977306366
YER125W,YDL074C,0,-0.15638706,0.15490920841693878,0.9563491940498352,0.5263210535049438
YPL213W,YDR107C,0,-0.15738845,0.15488432347774506,0.9563491940498352,0.5264211297035217
YJL091C,YPL101W,0,-0.15757817,0.15485943853855133,0.9563491940498352,0.5265212059020996
YBR231C,YKR091W,0,-0.15758109,0.1548345685005188,0.9563491940498352,0.5266212821006775
YMR088C,YDR138W,0,-0.15763208,0.15480969846248627,0.9563491940498352,0.5267213582992554
YLR042C,YGL009C,0,-0.15790746,0.15478484332561493,0.9563491940498352,0.5268214344978333
YGR215W,YOL105C,0,-0.1581426,0.1547599881887436,0.9563491940498352,0.5269215106964111
YMR044W,YHL009W-A,0,-0.15949488,0.15473514795303345,0.9563491940498352,0.5270216464996338
YJL019W,YIL160C,0,-0.16019052,0.1547103226184845,0.9563491940498352,0.5271217226982117
YBR166C,YDR107C,0,-0.16060245,0.15468549728393555,0.9563491940498352,0.5272217988967896
YBL067C,YER101C,0,-0.16097248,0.1546606719493866,0.9563491940498352,0.5273218750953674
YKL013C,YFR051C,0,-0.1610888,0.15463586151599884,0.9563491940498352,0.5274219512939453
YLR376C,YLR398C,0,-0.16115361,0.15461106598377228,0.9563491940498352,0.5275220274925232
YMR186W,YLR205C,0,-0.16142899,0.15458627045154572,0.9563491940498352,0.5276221036911011
YDL179W,YOR295W,0,-0.1616303,0.15456148982048035,0.9563491940498352,0.527722179889679
YKL224C,YKL027W,0,-0.16209388,0.15453670918941498,0.9563491940498352,0.5278222560882568
YPL167C,YOL086W-A,1,-0.16211364,0.15467222034931183,0.9573412537574768,0.5278222560882568
YIR015W,YGR266W,0,-0.16219598,0.15464743971824646,0.9573412537574768,0.5279223322868347
YBR059C,YDL078C,0,-0.1631568,0.1546226590871811,0.9573412537574768,0.5280224084854126
YPR144C,YKL158W,0,-0.1635153,0.15459787845611572,0.9573412537574768,0.5281224846839905
YJR046W,YKL034W,0,-0.16455525,0.15457312762737274,0.9573412537574768,0.5282225608825684
YER113C,YGR110W,0,-0.16483894,0.15454836189746857,0.9573412537574768,0.5283226370811462
YDR052C,YBR246W,0,-0.16512263,0.15452362596988678,0.9573412537574768,0.5284227132797241
YMR119W,YGR142W,0,-0.16596705,0.1544988751411438,0.9573412537574768,0.528522789478302
YLL041C,YGL033W,0,-0.16698399,0.1544741541147232,0.9573412537574768,0.5286229252815247
YDR420W,YDR294C,0,-0.16720533,0.15444941818714142,0.9573412537574768,0.5287230014801025
YLR107W,YBR246W,0,-0.16723412,0.15442471206188202,0.9573412537574768,0.5288230776786804
YHR134W,YAL040C,0,-0.16735491,0.15440000593662262,0.9573412537574768,0.5289231538772583
YNL136W,YLR164W,0,-0.1681132,0.15437529981136322,0.9573412537574768,0.5290232300758362
YCR094W,YNL006W,0,-0.16811435,0.15435060858726501,0.9573412537574768,0.5291233062744141
YLL017W,YLR008C,0,-0.16827333,0.1543259173631668,0.9573412537574768,0.5292233824729919
YPR137C-B,YLL018C,0,-0.16833308,0.1543012410402298,0.9573412537574768,0.5293234586715698
YDL248W,YJR141W,0,-0.16930282,0.15427657961845398,0.9573412537574768,0.5294235348701477
YHR035W,YDL231C,0,-0.16972116,0.15425191819667816,0.9573412537574768,0.5295236110687256
YDR384C,YBL066C,0,-0.16982725,0.15422727167606354,0.9573412537574768,0.5296236872673035
YJL061W,YDL235C,0,-0.16983381,0.1542026251554489,0.9573412537574768,0.5297237634658813
YCR070W,YDR513W,0,-0.16994733,0.1541779786348343,0.9573412537574768,0.5298238396644592
YKL096W-A,YKL033W-A,0,-0.17001292,0.15415336191654205,0.9573412537574768,0.5299239158630371
YGL205W,YKL161C,0,-0.17037079,0.15412873029708862,0.9573412537574768,0.530023992061615
YDR079W,YPR125W,0,-0.17058688,0.1541041135787964,0.9573412537574768,0.5301241278648376
YOR144C,YDL243C,0,-0.17060769,0.15407951176166534,0.9573412537574768,0.5302242040634155
YOL060C,YKR055W,0,-0.17061129,0.1540549099445343,0.9573412537574768,0.5303242802619934
YDR226W,YAL013W,1,-0.17069031,0.15418994426727295,0.9583333134651184,0.5303242802619934
YLL033W,YKL033W-A,0,-0.17096773,0.1541653424501419,0.9583333134651184,0.5304243564605713
YHL009W-B,YGR231C,0,-0.17106268,0.15414074063301086,0.9583333134651184,0.5305244326591492
YMR259C,YHR177W,0,-0.1716817,0.15411613881587982,0.9583333134651184,0.530624508857727
YKR099W,YOR332W,0,-0.17206107,0.15409156680107117,0.9583333134651184,0.5307245850563049
YFR053C,YKL012W,0,-0.17233875,0.15406697988510132,0.9583333134651184,0.5308246612548828
YBR024W,YDL230W,0,-0.17241019,0.15404242277145386,0.9583333134651184,0.5309247374534607
YNL263C,YER070W,0,-0.17248526,0.1540178507566452,0.9583333134651184,0.5310248136520386
YHR189W,YPL156C,0,-0.17286511,0.15399330854415894,0.9583333134651184,0.5311248898506165
YLR034C,YOR259C,0,-0.17303506,0.15396876633167267,0.9583333134651184,0.5312249660491943
YNL187W,YDL191W,0,-0.17328328,0.1539442241191864,0.9583333134651184,0.5313250422477722
YBL005W,YJL083W,0,-0.17330846,0.15391969680786133,0.9583333134651184,0.5314251184463501
YMR047C,YJL100W,0,-0.17444116,0.15389516949653625,0.9583333134651184,0.531525194644928
YHR133C,YPL036W,0,-0.17502472,0.15387065708637238,0.9583333134651184,0.5316252708435059
YML050W,YLR098C,0,-0.17517892,0.1538461595773697,0.9583333134651184,0.5317254066467285
YJR041C,YBR012W-A,0,-0.17576328,0.153821662068367,0.9583333134651184,0.5318254828453064
YNL159C,YJL178C,0,-0.1761924,0.15379716455936432,0.9583333134651184,0.5319255590438843
YBR266C,YDR460W,0,-0.1771853,0.15377268195152283,0.9583333134651184,0.5320256352424622
YCL020W,YLR342W,0,-0.17750806,0.15374821424484253,0.9583333134651184,0.53212571144104
YMR113W,YDL179W,0,-0.17759863,0.15372374653816223,0.9583333134651184,0.5322257876396179
YDR147W,YNL190W,0,-0.17779717,0.15369927883148193,0.9583333134651184,0.5323258638381958
YDR387C,YKR063C,0,-0.17844766,0.15367482602596283,0.9583333134651184,0.5324259400367737
YLR002C,YNL031C,0,-0.17852387,0.15365038812160492,0.9583333134651184,0.5325260162353516
YDR256C,YGR143W,0,-0.17884642,0.153625950217247,0.9583333134651184,0.5326260924339294
YGR121C,YGL025C,0,-0.1791479,0.1536015272140503,0.9583333134651184,0.5327261686325073
YNL274C,YDR004W,0,-0.17924461,0.15357710421085358,0.9583333134651184,0.5328262448310852
YNL328C,YPR079W,0,-0.17926225,0.15355269610881805,0.9583333134651184,0.5329263210296631
YDL114W,YOR262W,0,-0.17956817,0.15352828800678253,0.9583333134651184,0.533026397228241
YOL005C,YIL085C,0,-0.17969018,0.1535038948059082,0.9583333134651184,0.5331264734268188
YMR262W,YMR050C,0,-0.17978296,0.15347950160503387,0.9583333134651184,0.5332266092300415
YDR424C,YDR446W,0,-0.18015996,0.15345512330532074,0.9583333134651184,0.5333266854286194
YDL006W,YBR056W,0,-0.18049294,0.1534307450056076,0.9583333134651184,0.5334267616271973
YLR355C,YOR175C,0,-0.18157348,0.15340638160705566,0.9583333134651184,0.5335268378257751
YPR042C,YCR091W,0,-0.18159828,0.15338203310966492,0.9583333134651184,0.533626914024353
YGR245C,YBR041W,0,-0.18177497,0.15335766971111298,0.9583333134651184,0.5337269902229309
YPL257W-B,YLR237W,0,-0.18179402,0.15333333611488342,0.9583333134651184,0.5338270664215088
YBR207W,YAR028W,0,-0.18199733,0.15330900251865387,0.9583333134651184,0.5339271426200867
YER129W,YKL022C,1,-0.18230844,0.1534433513879776,0.95932537317276,0.5339271426200867
YOR221C,YIR022W,0,-0.18252268,0.15341900289058685,0.95932537317276,0.5340272188186646
YFL001W,YDL243C,0,-0.18261105,0.1533946692943573,0.95932537317276,0.5341272950172424
YMR168C,YML132W,0,-0.18267691,0.15337033569812775,0.95932537317276,0.5342273712158203
YGR005C,YDL022W,0,-0.1835891,0.1533460170030594,0.95932537317276,0.5343274474143982
YLR376C,YLR253W,0,-0.18379328,0.15332171320915222,0.95932537317276,0.5344275236129761
YGL263W,YOR215C,0,-0.18412367,0.15329739451408386,0.95932537317276,0.534527599811554
YER184C,YBR245C,0,-0.18510646,0.1532731056213379,0.95932537317276,0.5346276760101318
YKR101W,YBR149W,0,-0.18519044,0.15324881672859192,0.95932537317276,0.5347278118133545
YGL125W,YGL230C,0,-0.18522984,0.15322452783584595,0.95932537317276,0.5348278880119324
YJR099W,YOR396W,0,-0.18531996,0.15320025384426117,0.95932537317276,0.5349279642105103
YKL011C,YHR074W,0,-0.18563792,0.1531759798526764,0.95932537317276,0.5350280404090881
YBR043C,YOR119C,0,-0.18564782,0.1531517207622528,0.95932537317276,0.535128116607666
YJL176C,YBL005W-B,0,-0.18596885,0.15312747657299042,0.95932537317276,0.5352281928062439
YHR039C-B,YGR225W,0,-0.18604872,0.15310323238372803,0.95932537317276,0.5353282690048218
YBR044C,YPR128C,0,-0.18612838,0.15307898819446564,0.95932537317276,0.5354283452033997
YHR128W,YGR109W-A,0,-0.18616903,0.15305475890636444,0.95932537317276,0.5355284214019775
YCL060C,YPR023C,1,-0.18679634,0.1531887948513031,0.9603174328804016,0.5355284214019775
YOL016C,YFL022C,0,-0.18726853,0.1531645506620407,0.9603174328804016,0.5356284976005554
YHL009W-B,YLL017W,0,-0.18754452,0.15314032137393951,0.9603174328804016,0.5357285737991333
YNR066C,YJR076C,0,-0.18838185,0.1531161069869995,0.9603174328804016,0.5358286499977112
YGR095C,YHR039C-B,0,-0.1886625,0.1530918926000595,0.9603174328804016,0.5359287261962891
YJR010W,YER155C,0,-0.18869194,0.1530676782131195,0.9603174328804016,0.5360288023948669
YJL137C,YCL001W-A,0,-0.18872297,0.1530434787273407,0.9603174328804016,0.5361288785934448
YBL076C,YGL181W,0,-0.18872938,0.1530192792415619,0.9603174328804016,0.5362289547920227
YHR002W,YOR265W,0,-0.18880412,0.15299509465694427,0.9603174328804016,0.5363290905952454
YML093W,YMR012W,0,-0.18883103,0.15297092497348785,0.9603174328804016,0.5364291667938232
YOR278W,YOR140W,0,-0.18885669,0.15294675529003143,0.9603174328804016,0.5365292429924011
YKR099C-A,YOL110W,0,-0.18920308,0.152922585606575,0.9603174328804016,0.536629319190979
YKR042W,YGL210W-A,0,-0.18942988,0.15289843082427979,0.9603174328804016,0.5367293953895569
YKL023W,YCR041W,0,-0.18960273,0.15287429094314575,0.9603174328804016,0.5368294715881348
YDR040C,YGR224W,0,-0.18981972,0.15285015106201172,0.9603174328804016,0.5369295477867126
YLR372W,YMR162C,0,-0.19009656,0.15282601118087769,0.9603174328804016,0.5370296239852905
YOR283W,YFL049W,0,-0.1907444,0.15280190110206604,0.9603174328804016,0.5371297001838684
YLR333C,YNL046W,0,-0.19102457,0.1527777761220932,0.9603174328804016,0.5372297763824463
YER125W,YNL086W,0,-0.19123754,0.15275366604328156,0.9603174328804016,0.5373298525810242
YGL012W,YNL249C,0,-0.19131368,0.1527295708656311,0.9603174328804016,0.537429928779602
YNL328C,YFR006W,0,-0.19149026,0.15270547568798065,0.9603174328804016,0.5375300049781799
YGR054W,YNL230C,0,-0.19192037,0.1526813954114914,0.9603174328804016,0.5376300811767578
YGR198W,YGR016W,0,-0.19202551,0.15265731513500214,0.9603174328804016,0.5377301573753357
YKL222C,YLR285W,0,-0.19210061,0.15263323485851288,0.9603174328804016,0.5378302931785583
YLR025W,YAL038W,0,-0.19225654,0.15260916948318481,0.9603174328804016,0.5379303693771362
YNL022C,YOL095C,0,-0.19279537,0.15258511900901794,0.9603174328804016,0.5380304455757141
YOR240W,YGR083C,0,-0.19403207,0.15256106853485107,0.9603174328804016,0.538130521774292
YHR132W-A,YAL060W,0,-0.19408587,0.1525370329618454,0.9603174328804016,0.5382305979728699
YDL168W,YLL018C,0,-0.19418442,0.15251299738883972,0.9603174328804016,0.5383306741714478
YBR010W,YDR222W,0,-0.19435647,0.15248897671699524,0.9603174328804016,0.5384307503700256
YDR235W,YPL058C,0,-0.19451237,0.15246495604515076,0.9603174328804016,0.5385308265686035
YFL054C,YNL192W,0,-0.19464806,0.15244095027446747,0.9603174328804016,0.5386309027671814
YPR196W,YLR060W,0,-0.19465625,0.15241694450378418,0.9603174328804016,0.5387309789657593
YPL002C,YDR432W,0,-0.19514862,0.15239295363426208,0.9603174328804016,0.5388310551643372
YDL240W,YLR126C,0,-0.19525439,0.15236896276474,0.9603174328804016,0.538931131362915
YML046W,YGR105W,0,-0.1955094,0.1523449867963791,0.9603174328804016,0.5390312075614929
YDR255C,YGL210W,0,-0.19594446,0.1523210108280182,0.9603174328804016,0.5391312837600708
YMR200W,YGR038C-A,0,-0.1971927,0.1522970348596573,0.9603174328804016,0.5392313599586487
YAL027W,YPR049C,0,-0.19751048,0.15227308869361877,0.9603174328804016,0.5393314361572266
YPL158C,YJR019C,0,-0.19767681,0.15224912762641907,0.9603174328804016,0.5394315719604492
YAL011W,YGL231C,0,-0.19795671,0.15222519636154175,0.9603174328804016,0.5395316481590271
YDR381C-A,YGL128C,0,-0.19821796,0.15220126509666443,0.9603174328804016,0.539631724357605
YHR192W,YOR317W,0,-0.19835624,0.1521773338317871,0.9603174328804016,0.5397318005561829
YCR028C-A,YCR067C,0,-0.19888714,0.15215341746807098,0.9603174328804016,0.5398318767547607
YBR267W,YGL108C,0,-0.19891375,0.15212950110435486,0.9603174328804016,0.5399319529533386
YPL050C,YBL047C,0,-0.19892445,0.15210559964179993,0.9603174328804016,0.5400320291519165
YBR216C,YDL063C,0,-0.19896737,0.152081698179245,0.9603174328804016,0.5401321053504944
YGL113W,YCL060C,1,-0.19899917,0.1522148847579956,0.961309552192688,0.5401321053504944
YBR145W,YFL004W,0,-0.1999282,0.15219098329544067,0.961309552192688,0.5402321815490723
YDL210W,YHR012W,0,-0.20035881,0.15216708183288574,0.961309552192688,0.5403322577476501
YML026C,YAR007C,0,-0.20123583,0.152143195271492,0.961309552192688,0.540432333946228
YBL017C,YDL243C,0,-0.2014794,0.15211930871009827,0.961309552192688,0.5405324101448059
YML034W,YDR319C,0,-0.20150179,0.15209543704986572,0.961309552192688,0.5406324863433838
YHR156C,YFL045C,0,-0.2021743,0.15207156538963318,0.961309552192688,0.5407325625419617
YBR033W,YIL015W,0,-0.20237952,0.15204770863056183,0.961309552192688,0.5408326387405396
YCR060W,YBL099W,0,-0.20238999,0.15202385187149048,0.961309552192688,0.5409327745437622
YLL051C,YNL218W,0,-0.20336282,0.15199999511241913,0.961309552192688,0.5410328507423401
YBL034C,YJR108W,0,-0.20353213,0.15197615325450897,0.961309552192688,0.541132926940918
YDL235C,YKL199C,0,-0.20355088,0.15195232629776,0.961309552192688,0.5412330031394958
YBR009C,YHL033C,0,-0.20384979,0.15192849934101105,0.961309552192688,0.5413330793380737
YMR176W,YBR146W,0,-0.2041226,0.15190468728542328,0.961309552192688,0.5414331555366516
YNL064C,YNL133C,0,-0.20436391,0.1518808752298355,0.961309552192688,0.5415332317352295
YOL053W,YDL047W,0,-0.20459175,0.15185707807540894,0.961309552192688,0.5416333079338074
YBR062C,YLR398C,0,-0.20522803,0.15183328092098236,0.961309552192688,0.5417333841323853
YDR171W,YER116C,0,-0.20560536,0.15180949866771698,0.961309552192688,0.5418334603309631
YER052C,YDR206W,0,-0.2059432,0.1517857164144516,0.961309552192688,0.541933536529541
YIL079C,YPR022C,0,-0.20673057,0.1517619490623474,0.961309552192688,0.5420336127281189
YOL147C,YER039C,0,-0.20684972,0.15173818171024323,0.961309552192688,0.5421336889266968
YOR019W,YPR070W,0,-0.20691559,0.15171441435813904,0.961309552192688,0.5422337651252747
YNR012W,YPR071W,0,-0.20783797,0.15169067680835724,0.961309552192688,0.5423338413238525
YER044C-A,YER108C,0,-0.20785588,0.15166692435741425,0.961309552192688,0.5424339175224304
YKL137W,YBL020W,0,-0.20801887,0.15164318680763245,0.961309552192688,0.5425340533256531
YLL019C,YHR103W,0,-0.20835754,0.15161946415901184,0.961309552192688,0.542634129524231
YJL047C,YPR164W,1,-0.20976555,0.15175218880176544,0.9623016119003296,0.542634129524231
YNL069C,YJL162C,0,-0.20987749,0.15172845125198364,0.9623016119003296,0.5427342057228088
YKL096W-A,YCL044C,0,-0.21002764,0.15170472860336304,0.9623016119003296,0.5428342819213867
YKL173W,YPR147C,0,-0.21042573,0.15168100595474243,0.9623016119003296,0.5429343581199646
YML058W,YAR007C,1,-0.21154949,0.15181362628936768,0.9632936716079712,0.5429343581199646
YAL001C,YGR121C,0,-0.21234038,0.15178990364074707,0.9632936716079712,0.5430344343185425
YIL037C,YBR240C,0,-0.21284878,0.15176618099212646,0.9632936716079712,0.5431345105171204
YNL230C,YLR403W,0,-0.2130728,0.15174245834350586,0.9632936716079712,0.5432345867156982
YGR004W,YBR100W,0,-0.21339634,0.15171875059604645,0.9632936716079712,0.5433346629142761
YGL108C,YBL029C-A,0,-0.21375611,0.15169504284858704,0.9632936716079712,0.543434739112854
YOL077W-A,YIL154C,0,-0.213815,0.15167135000228882,0.9632936716079712,0.5435348153114319
YCR096C,YML100W,0,-0.21421653,0.1516476720571518,0.9632936716079712,0.5436348915100098
YJL144W,YFL034W,0,-0.21431267,0.15162397921085358,0.9632936716079712,0.5437349677085876
YOL096C,YBR126C,0,-0.21508485,0.15160031616687775,0.9632936716079712,0.5438350439071655
YNL248C,YCL064C,0,-0.21508837,0.15157665312290192,0.9632936716079712,0.5439351201057434
YER116C,YOR390W,0,-0.21525997,0.1515529900789261,0.9632936716079712,0.5440352559089661
YPR022C,YHR205W,0,-0.21543604,0.15152934193611145,0.9632936716079712,0.544135332107544
YOR109W,YGR131W,0,-0.21566394,0.15150569379329681,0.9632936716079712,0.5442354083061218
YNL122C,YOR020W-A,0,-0.21578139,0.15148206055164337,0.9632936716079712,0.5443354845046997
YDL024C,YIR018W,0,-0.21584839,0.15145842730998993,0.9632936716079712,0.5444355607032776
YPR017C,YAR020C,0,-0.21590486,0.15143480896949768,0.9632936716079712,0.5445356369018555
YIR011C,YDR313C,0,-0.21601325,0.15141119062900543,0.9632936716079712,0.5446357131004333
YHR202W,YDR021W,0,-0.2166324,0.15138758718967438,0.9632936716079712,0.5447357892990112
YLR395C,YJL036W,0,-0.21720922,0.15136398375034332,0.9632936716079712,0.5448358654975891
YIL082W-A,YJR140C,0,-0.21750137,0.15134039521217346,0.9632936716079712,0.544935941696167
YGL236C,YIR037W,0,-0.21822181,0.1513168215751648,0.9632936716079712,0.5450360178947449
YER130C,YOR388C,0,-0.21874619,0.15129323303699493,0.9632936716079712,0.5451360940933228
YML005W,YLR250W,0,-0.21922675,0.15126967430114746,0.9632936716079712,0.5452361702919006
YNL047C,YKL193C,0,-0.21936786,0.1512461006641388,0.9632936716079712,0.5453362464904785
YOR297C,YLR102C,0,-0.21963257,0.15122255682945251,0.9632936716079712,0.5454363226890564
YBR255W,YBR302C,0,-0.21970376,0.15119899809360504,0.9632936716079712,0.545536458492279
YER134C,YGL032C,0,-0.22004637,0.15117546916007996,0.9632936716079712,0.5456365346908569
YNL257C,YLR034C,0,-0.22013304,0.15115192532539368,0.9632936716079712,0.5457366108894348
YDL018C,YOL056W,0,-0.22016135,0.15112841129302979,0.9632936716079712,0.5458366870880127
YDR533C,YLR330W,0,-0.22082835,0.1511048823595047,0.9632936716079712,0.5459367632865906
YNL061W,YLR364W,0,-0.2212654,0.1510813683271408,0.9632936716079712,0.5460368394851685
YLR446W,YBR191W,0,-0.22147956,0.1510578691959381,0.9632936716079712,0.5461369156837463
YDR459C,YGR194C,0,-0.22196308,0.1510343700647354,0.9632936716079712,0.5462369918823242
YML029W,YFR012W,0,-0.221984,0.1510108858346939,0.9632936716079712,0.5463370680809021
YGR249W,YLR409C,0,-0.2223357,0.1509874016046524,0.9632936716079712,0.54643714427948
YPL174C,YDL075W,0,-0.22256336,0.1509639322757721,0.9632936716079712,0.5465372204780579
YIL069C,YGR271W,0,-0.22305167,0.15094046294689178,0.9632936716079712,0.5466372966766357
YFL047W,YOR028C,0,-0.2236343,0.15091700851917267,0.9632936716079712,0.5467373728752136
YOR009W,YGL198W,0,-0.22476083,0.15089355409145355,0.9632936716079712,0.5468374490737915
YDL046W,YDR422C,0,-0.2249246,0.15087009966373444,0.9632936716079712,0.5469375252723694
YOL127W,YBR205W,0,-0.2254931,0.1508466750383377,0.9632936716079712,0.5470376014709473
YDR316W,YER014W,0,-0.22580802,0.15082323551177979,0.9632936716079712,0.5471377372741699
YAL007C,YPL163C,0,-0.226017,0.15079981088638306,0.9632936716079712,0.5472378134727478
YKL150W,YML033W,0,-0.22602612,0.15077640116214752,0.9632936716079712,0.5473378896713257
YNL329C,YNL131W,0,-0.22607738,0.150752991437912,0.9632936716079712,0.5474379658699036
YBR219C,YJR092W,0,-0.22614694,0.15072958171367645,0.9632936716079712,0.5475380420684814
YKL200C,YER045C,0,-0.22662222,0.1507061868906021,0.9632936716079712,0.5476381182670593
YJL051W,YER035W,0,-0.22662976,0.15068280696868896,0.9632936716079712,0.5477381944656372
YPL047W,YEL012W,0,-0.22708619,0.15065942704677582,0.9632936716079712,0.5478382706642151
YEL034W,YIL078W,0,-0.22813725,0.15063604712486267,0.9632936716079712,0.547938346862793
YPR105C,YHR150W,0,-0.2284481,0.15061268210411072,0.9632936716079712,0.5480384230613708
YDL177C,YLR135W,0,-0.22857025,0.15058933198451996,0.9632936716079712,0.5481384992599487
YCL060C,YDR406W,0,-0.22872066,0.1505659818649292,0.9632936716079712,0.5482385754585266
YPL254W,YHR214W,0,-0.22877026,0.15054263174533844,0.9632936716079712,0.5483386516571045
YNR075W,YGR054W,0,-0.22889242,0.15051929652690887,0.9632936716079712,0.5484387278556824
YIL052C,YDR388W,0,-0.22900355,0.1504959762096405,0.9632936716079712,0.5485388040542603
YCR097WB,YJL047C,0,-0.2290732,0.15047264099121094,0.9632936716079712,0.5486389398574829
YOL011W,YOR378W,0,-0.22966,0.15044933557510376,0.9632936716079712,0.5487390160560608
YBL023C,YGL168W,1,-0.22976908,0.15058094263076782,0.9642857313156128,0.5487390160560608
YPR182W,YKR100C,0,-0.23073491,0.15055762231349945,0.9642857313156128,0.5488390922546387
YML110C,YKL140W,0,-0.2312544,0.15053430199623108,0.9642857313156128,0.5489391684532166
YCL037C,YNL033W,0,-0.23171625,0.1505109965801239,0.9642857313156128,0.5490392446517944
YER020W,YMR236W,0,-0.23229024,0.15048769116401672,0.9642857313156128,0.5491393208503723
YMR210W,YEL062W,0,-0.23232031,0.15046440064907074,0.9642857313156128,0.5492393970489502
YOR172W,YIL105C,0,-0.23268464,0.15044111013412476,0.9642857313156128,0.5493394732475281
YDR119W,YDR461W,0,-0.23269644,0.15041783452033997,0.9642857313156128,0.549439549446106
YGL228W,YIL040W,0,-0.23289257,0.15039455890655518,0.9642857313156128,0.5495396256446838
YDR363W-A,YDR370C,0,-0.23300609,0.15037128329277039,0.9642857313156128,0.5496397018432617
YFL066C,YGL216W,0,-0.23356679,0.1503480225801468,0.9642857313156128,0.5497397780418396
YKL150W,YNL122C,0,-0.23416045,0.1503247767686844,0.9642857313156128,0.5498398542404175
YNL133C,YMR219W,0,-0.23434615,0.15030153095722198,0.9642857313156128,0.5499399304389954
YER074W,YCR002C,0,-0.23519552,0.15027830004692078,0.9642857313156128,0.5500400066375732
YOL059W,YDR319C,0,-0.23591128,0.15025506913661957,0.9642857313156128,0.5501400828361511
YLR336C,YOR226C,0,-0.23611504,0.15023183822631836,0.9642857313156128,0.5502402186393738
YHL035C,YDR452W,0,-0.23612502,0.15020862221717834,0.9642857313156128,0.5503402948379517
YBR085W,YDR083W,0,-0.23631531,0.15018542110919952,0.9642857313156128,0.5504403710365295
YPL249C-A,YGR194C,0,-0.23638979,0.1501622051000595,0.9642857313156128,0.5505404472351074
YER160C,YMR159C,0,-0.23746085,0.15013901889324188,0.9642857313156128,0.5506405234336853
YGR279C,YBR002C,0,-0.23776466,0.15011583268642426,0.9642857313156128,0.5507405996322632
YOL026C,YNL131W,0,-0.23804465,0.15009264647960663,0.9642857313156128,0.5508406758308411
YAL040C,YOR343W-B,0,-0.23845017,0.1500694751739502,0.9642857313156128,0.550940752029419
YIL097W,YKL203C,0,-0.2385096,0.15004630386829376,0.9642857313156128,0.5510408282279968
YOR270C,YJR019C,0,-0.23867607,0.15002314746379852,0.9642857313156128,0.5511409044265747
YDR016C,YFL062W,0,-0.23871034,0.15000000596046448,0.9642857313156128,0.5512409806251526
YGL058W,YDR503C,0,-0.2388627,0.14997684955596924,0.9642857313156128,0.5513410568237305
YKL059C,YKL181W,0,-0.23961037,0.1499537229537964,0.9642857313156128,0.5514411330223083
YPL143W,YNL297C,0,-0.23965228,0.14993058145046234,0.9642857313156128,0.5515412092208862
YKL013C,YBR150C,0,-0.23982647,0.14990746974945068,0.9642857313156128,0.5516412854194641
YBL079W,YJL214W,0,-0.24000171,0.14988434314727783,0.9642857313156128,0.5517414212226868
YEL017C-A,YGL003C,0,-0.2400575,0.14986124634742737,0.9642857313156128,0.5518414974212646
YOR151C,YPL004C,0,-0.24020657,0.1498381346464157,0.9642857313156128,0.5519415736198425
YJL102W,YJR121W,0,-0.24047261,0.14981503784656525,0.9642857313156128,0.5520416498184204
YNL176C,YIL009W,0,-0.24056536,0.14979195594787598,0.9642857313156128,0.5521417260169983
YJL117W,YNL210W,0,-0.24066189,0.1497688740491867,0.9642857313156128,0.5522418022155762
YIL155C,YDR152W,0,-0.24076635,0.14974580705165863,0.9642857313156128,0.552341878414154
YDR087C,YBL024W,0,-0.240883,0.14972274005413055,0.9642857313156128,0.5524419546127319
YPL130W,YFR042W,0,-0.24091062,0.14969967305660248,0.9642857313156128,0.5525420308113098
YJL129C,YIL090W,0,-0.24097511,0.1496766209602356,0.9642857313156128,0.5526421070098877
YBR038W,YLR312C,0,-0.24135998,0.1496535837650299,0.9642857313156128,0.5527421832084656
YDR302W,YDR034W-B,0,-0.24152008,0.14963054656982422,0.9642857313156128,0.5528422594070435
YML081W,YBR199W,0,-0.2418158,0.14960750937461853,0.9642857313156128,0.5529423356056213
YPL250C,YOR093C,0,-0.24183431,0.14958448708057404,0.9642857313156128,0.5530424118041992
YNL036W,YDL073W,0,-0.2419231,0.14956146478652954,0.9642857313156128,0.5531424880027771
YJR065C,YKL189W,0,-0.24204254,0.14953845739364624,0.9642857313156128,0.5532426238059998
YLR008C,YEL058W,0,-0.24229163,0.14951546490192413,0.9642857313156128,0.5533427000045776
YGR097W,YPR081C,0,-0.24279621,0.14949245750904083,0.9642857313156128,0.5534427762031555
YKL160W,YDR259C,0,-0.24293602,0.14946947991847992,0.9642857313156128,0.5535428524017334
YJL091C,YLR025W,0,-0.24319002,0.1494464874267578,0.9642857313156128,0.5536429286003113
YJR046W,YGR096W,0,-0.24320903,0.1494235247373581,0.9642857313156128,0.5537430047988892
YLR316C,YDL243C,0,-0.2433748,0.14940054714679718,0.9642857313156128,0.553843080997467
YMR295C,YLR211C,0,-0.24358827,0.14937759935855865,0.9642857313156128,0.5539431571960449
YCR031C,YML033W,0,-0.2438007,0.14935463666915894,0.9642857313156128,0.5540432333946228
YNL232W,YFL029C,0,-0.24383345,0.1493316888809204,0.9642857313156128,0.5541433095932007
YCL060C,YPL166W,0,-0.24391627,0.14930875599384308,0.9642857313156128,0.5542433857917786
YLR071C,YCR007C,0,-0.24449912,0.14928582310676575,0.9642857313156128,0.5543434619903564
YNL261W,YNL068C,1,-0.24466753,0.1494164615869522,0.9652777910232544,0.5543434619903564
YPR138C,YGL231C,0,-0.24478704,0.14939351379871368,0.9652777910232544,0.5544435381889343
YBR025C,YMR284W,0,-0.24479741,0.14937058091163635,0.9652777910232544,0.5545436143875122
YDL177C,YLR446W,0,-0.24483407,0.14934766292572021,0.9652777910232544,0.5546436905860901
YPR015C,YGR249W,0,-0.24518147,0.14932474493980408,0.9652777910232544,0.554743766784668
YLR276C,YDR260C,0,-0.24539247,0.14930182695388794,0.9652777910232544,0.5548439025878906
YDR234W,YGR074W,0,-0.24576288,0.149278923869133,0.9652777910232544,0.5549439787864685
YGR258C,YCR021C,0,-0.24593315,0.14925602078437805,0.9652777910232544,0.5550440549850464
YGL204C,YOR242C,0,-0.24681878,0.1492331326007843,0.9652777910232544,0.5551441311836243
YBR075W,YIL085C,0,-0.24780765,0.14921024441719055,0.9652777910232544,0.5552442073822021
YLR467W,YAL008W,0,-0.24780986,0.149187371134758,0.9652777910232544,0.55534428358078
YPR183W,YHR182W,0,-0.24811703,0.14916449785232544,0.9652777910232544,0.5554443597793579
YJR129C,YPR173C,0,-0.24827453,0.14914162456989288,0.9652777910232544,0.5555444359779358
YJR046W,YMR030W,0,-0.24840274,0.14911878108978271,0.9652777910232544,0.5556445121765137
YGR296W,YLR227W-B,0,-0.24841163,0.14909592270851135,0.9652777910232544,0.5557445883750916
YBR013C,YDL156W,0,-0.24844146,0.14907307922840118,0.9652777910232544,0.5558446645736694
YCR105W,YEL034W,0,-0.24848402,0.1490502506494522,0.9652777910232544,0.5559447407722473
YOR148C,YHR074W,0,-0.2487905,0.14902742207050323,0.9652777910232544,0.5560448169708252
YGL163C,YIL148W,0,-0.2489518,0.14900459349155426,0.9652777910232544,0.5561448931694031
YML043C,YDR354W,0,-0.248959,0.14898177981376648,0.9652777910232544,0.556244969367981
YOL005C,YDR075W,0,-0.24986595,0.1489589661359787,0.9652777910232544,0.5563451051712036
YDL236W,YGL087C,0,-0.24991506,0.1489361673593521,0.9652777910232544,0.5564451813697815
YLL040C,YGL204C,0,-0.25063664,0.14891338348388672,0.9652777910232544,0.5565452575683594
YOR369C,YFL011W-A,0,-0.25172144,0.14889058470726013,0.9652777910232544,0.5566453337669373
YDL208W,YGR238C,0,-0.252027,0.14886781573295593,0.9652777910232544,0.5567454099655151
YKR003W,YIL122W,0,-0.2522728,0.14884503185749054,0.9652777910232544,0.556845486164093
YMR316C-A,YKL138C,0,-0.25229153,0.14882226288318634,0.9652777910232544,0.5569455623626709
YER003C,YPL256C,0,-0.25254437,0.14879950881004333,0.9652777910232544,0.5570456385612488
YDL055C,YOR299W,0,-0.25270036,0.14877675473690033,0.9652777910232544,0.5571457147598267
YOR045W,YNL033W,0,-0.25285727,0.14875401556491852,0.9652777910232544,0.5572457909584045
YIL172C,YKR069W,0,-0.25289384,0.1487312763929367,0.9652777910232544,0.5573458671569824
YJL145W,YHR083W,0,-0.2532175,0.1487085372209549,0.9652777910232544,0.5574459433555603
YJL185C,YNL139C,0,-0.25386485,0.14868581295013428,0.9652777910232544,0.5575460195541382
YPL271W,YER087C-B,0,-0.25399113,0.14866310358047485,0.9652777910232544,0.5576460957527161
YGL008C,YMR052W,0,-0.2545841,0.14864039421081543,0.9652777910232544,0.557746171951294
YBL005W-A,YOR106W,0,-0.25490433,0.148617684841156,0.9652777910232544,0.5578462481498718
YJL111W,YNL221C,0,-0.25500596,0.14859499037265778,0.9652777910232544,0.5579463839530945
YPL259C,YDR043C,0,-0.2550818,0.14857229590415955,0.9652777910232544,0.5580464601516724
YBR265W,YMR134W,0,-0.25516933,0.1485496163368225,0.9652777910232544,0.5581465363502502
YKL004W,YEL071W,0,-0.25523293,0.14852693676948547,0.9652777910232544,0.5582466125488281
YDR171W,YJL059W,0,-0.25525144,0.14850427210330963,0.9652777910232544,0.558346688747406
YNL275W,YJL096W,0,-0.2561977,0.1484816074371338,0.9652777910232544,0.5584467649459839
YNL213C,YBL095W,0,-0.25622886,0.14845895767211914,0.9652777910232544,0.5585468411445618
YOR093C,YGR271W,0,-0.25638568,0.1484363079071045,0.9652777910232544,0.5586469173431396
YNL137C,YPR153W,0,-0.25639153,0.14841367304325104,0.9652777910232544,0.5587469935417175
YKL137W,YER060W-A,0,-0.25641856,0.14839103817939758,0.9652777910232544,0.5588470697402954
YJL078C,YMR153W,0,-0.25654694,0.14836840331554413,0.9652777910232544,0.5589471459388733
YCL001W-A,YLR363C,0,-0.25695664,0.14834578335285187,0.9652777910232544,0.5590472221374512
YCL075W,YML104C,0,-0.2573197,0.1483231633901596,0.9652777910232544,0.559147298336029
YNL281W,YER179W,0,-0.257346,0.14830055832862854,0.9652777910232544,0.5592473745346069
YDR077W,YLL016W,0,-0.25781977,0.14827796816825867,0.9652777910232544,0.5593474507331848
YFL036W,YJR046W,1,-0.2581047,0.1484077423810959,0.966269850730896,0.5593474507331848
YDR256C,YHR107C,0,-0.25852248,0.14838513731956482,0.966269850730896,0.5594475865364075
YLR265C,YOL084W,0,-0.25877905,0.14836253225803375,0.966269850730896,0.5595476627349854
YDR266C,YHR004C,0,-0.25884262,0.14833992719650269,0.966269850730896,0.5596477389335632
YHR079C,YDR489W,0,-0.25892046,0.1483173370361328,0.966269850730896,0.5597478151321411
YLR035C-A,YKR043C,0,-0.25932738,0.14829476177692413,0.966269850730896,0.559847891330719
YJR028W,YJR015W,0,-0.25940296,0.14827218651771545,0.966269850730896,0.5599479675292969
YCR077C,YLR312C,0,-0.25975987,0.14824962615966797,0.966269850730896,0.5600480437278748
YLR312W-A,YDL119C,0,-0.26071715,0.1482270509004593,0.966269850730896,0.5601481199264526
YOR349W,YJR136C,0,-0.2608419,0.148204505443573,0.966269850730896,0.5602481961250305
YOR123C,YHR132W-A,0,-0.2612844,0.1481819599866867,0.966269850730896,0.5603482723236084
YMR059W,YLR264W,0,-0.2614889,0.14815941452980042,0.966269850730896,0.5604483485221863
YGL120C,YNL215W,0,-0.26151368,0.14813688397407532,0.966269850730896,0.5605484247207642
YPR145W,YDR463W,0,-0.26158154,0.14811435341835022,0.966269850730896,0.560648500919342
YJL176C,YCR041W,0,-0.261854,0.14809183776378632,0.966269850730896,0.5607485771179199
YNR018W,YGR056W,0,-0.2619844,0.1480693221092224,0.966269850730896,0.5608486533164978
YFL059W,YJL183W,0,-0.26220548,0.1480468213558197,0.966269850730896,0.5609487295150757
YGR281W,YJR067C,0,-0.26262948,0.148024320602417,0.966269850730896,0.5610488653182983
YJR006W,YGL168W,1,-0.26295108,0.14815378189086914,0.9672619104385376,0.5610488653182983
YJR089W,YLL054C,0,-0.26310796,0.14813126623630524,0.9672619104385376,0.5611489415168762
YGL058W,YDR131C,0,-0.2631504,0.14810876548290253,0.9672619104385376,0.5612490177154541
YIL135C,YGR065C,0,-0.26323375,0.14808626472949982,0.9672619104385376,0.561349093914032
YGR097W,YJR034W,0,-0.26397803,0.1480637788772583,0.9672619104385376,0.5614491701126099
YGL097W,YFR025C,0,-0.2640852,0.14804129302501678,0.9672619104385376,0.5615492463111877
YBL108C-A,YER062C,0,-0.26457903,0.14801882207393646,0.9672619104385376,0.5616493225097656
YKL183W,YER159C,0,-0.2649602,0.14799635112285614,0.9672619104385376,0.5617493987083435
YMR104C,YCL001W-A,0,-0.2653927,0.147973895072937,0.9672619104385376,0.5618494749069214
YLR229C,YDL108W,0,-0.26593027,0.14795143902301788,0.9672619104385376,0.5619495511054993
YHR193C,YPR075C,0,-0.2662453,0.14792899787425995,0.9672619104385376,0.5620496273040771
YBL005W,YMR226C,0,-0.26635796,0.14790655672550201,0.9672619104385376,0.562149703502655
YDL142C,YEL058W,0,-0.26636696,0.14788411557674408,0.9672619104385376,0.5622497797012329
YLR126C,YMR159C,0,-0.26728815,0.14786168932914734,0.9672619104385376,0.5623498558998108
YIL132C,YPR102C,0,-0.26737624,0.1478392779827118,0.9672619104385376,0.5624499320983887
YBR068C,YNL295W,0,-0.26742554,0.14781685173511505,0.9672619104385376,0.5625500679016113
YJL209W,YNL249C,0,-0.2679733,0.1477944552898407,0.9672619104385376,0.5626501441001892
YCL062W,YPR075C,0,-0.26828676,0.14777205884456635,0.9672619104385376,0.5627502202987671
YOL032W,YLR439W,0,-0.26842782,0.147749662399292,0.9672619104385376,0.562850296497345
YBR182C,YPL091W,0,-0.2686873,0.14772726595401764,0.9672619104385376,0.5629503726959229
YKL056C,YDL028C,0,-0.26904657,0.14770489931106567,0.9672619104385376,0.5630504488945007
YOR213C,YER048W-A,0,-0.26971805,0.14768251776695251,0.9672619104385376,0.5631505250930786
YER145C,YBR242W,0,-0.27014267,0.14766015112400055,0.9672619104385376,0.5632506012916565
YHR039C-A,YPR198W,0,-0.27161708,0.14763779938220978,0.9672619104385376,0.5633506774902344
YCR058C,YNL009W,0,-0.27183595,0.147615447640419,0.9672619104385376,0.5634507536888123
YJL156C,YBR115C,0,-0.27203557,0.14759309589862823,0.9672619104385376,0.5635508298873901
YHR098C,YIL097W,0,-0.2722211,0.14757075905799866,0.9672619104385376,0.563650906085968
YLR229C,YGL195W,0,-0.272233,0.14754842221736908,0.9672619104385376,0.5637509822845459
YMR073C,YGR216C,0,-0.27273616,0.1475261002779007,0.9672619104385376,0.5638510584831238
YGL033W,YKR043C,0,-0.2727942,0.1475037783384323,0.9672619104385376,0.5639511346817017
YGR007W,YML037C,0,-0.27307785,0.14748147130012512,0.9672619104385376,0.5640512704849243
YIL033C,YLR013W,0,-0.2739756,0.14745916426181793,0.9672619104385376,0.5641513466835022
YKR035W-A,YMR084W,0,-0.27437368,0.14743687212467194,0.9672619104385376,0.5642514228820801
YJR016C,YPL112C,0,-0.27461419,0.14741457998752594,0.9672619104385376,0.564351499080658
YGR177C,YER190W,0,-0.27477035,0.14739228785037994,0.9672619104385376,0.5644515752792358
YAL007C,YGR173W,0,-0.2748499,0.14737001061439514,0.9672619104385376,0.5645516514778137
YOL156W,YHL008C,0,-0.2751758,0.14734773337841034,0.9672619104385376,0.5646517276763916
YDR036C,YCL012W,0,-0.27568913,0.14732547104358673,0.9672619104385376,0.5647518038749695
YDR329C,YBL059C-A,0,-0.2758055,0.14730322360992432,0.9672619104385376,0.5648518800735474
YDR107C,YOL098C,0,-0.27584574,0.1472809612751007,0.9672619104385376,0.5649519562721252
YNL316C,YMR289W,0,-0.27613807,0.1472587287425995,0.9672619104385376,0.5650520324707031
YMR227C,YJR061W,0,-0.27614397,0.14723648130893707,0.9672619104385376,0.565152108669281
YIL037C,YHL012W,0,-0.27616256,0.14721424877643585,0.9672619104385376,0.5652521848678589
YBR120C,YGR010W,0,-0.27675676,0.14719203114509583,0.9672619104385376,0.5653522610664368
YNR050C,YMR212C,0,-0.2770344,0.1471698135137558,0.9672619104385376,0.5654523372650146
YLR063W,YLR218C,0,-0.27716324,0.14714759588241577,0.9672619104385376,0.5655524134635925
YKL100C,YOL006C,0,-0.2774134,0.14712539315223694,0.9672619104385376,0.5656525492668152
YKR038C,YML022W,0,-0.27748755,0.1471032053232193,0.9672619104385376,0.5657526254653931
YOR093C,YOL089C,0,-0.27758902,0.14708100259304047,0.9672619104385376,0.565852701663971
YBL047C,YLR034C,0,-0.27763873,0.14705882966518402,0.9672619104385376,0.5659527778625488
YGR206W,YHR143W-A,0,-0.27771425,0.14703664183616638,0.9672619104385376,0.5660528540611267
YPR200C,YKL039W,0,-0.27796543,0.14701446890830994,0.9672619104385376,0.5661529302597046
YNL132W,YGL045W,0,-0.2783662,0.14699231088161469,0.9672619104385376,0.5662530064582825
YHL011C,YOR326W,0,-0.27838296,0.14697015285491943,0.9672619104385376,0.5663530826568604
YNL146W,YFR029W,0,-0.2797704,0.14694800972938538,0.9672619104385376,0.5664531588554382
YGR087C,YGR081C,0,-0.28013986,0.14692585170269012,0.9672619104385376,0.5665532350540161
YER045C,YIR022W,0,-0.28045747,0.14690372347831726,0.9672619104385376,0.566653311252594
YOR297C,YDR351W,0,-0.2805402,0.1468815952539444,0.9672619104385376,0.5667533874511719
YJL047C,YER129W,1,-0.28115392,0.14701008796691895,0.9682539701461792,0.5667533874511719
YER164W,YOR133W,0,-0.28124025,0.1469879448413849,0.9682539701461792,0.5668534636497498
YNL049C,YNL087W,0,-0.28167006,0.14696581661701202,0.9682539701461792,0.5669535398483276
YLR222C,YDR150W,0,-0.28178072,0.14694368839263916,0.9682539701461792,0.5670536160469055
YDR065W,YER150W,0,-0.28208277,0.1469215750694275,0.9682539701461792,0.5671537518501282
YOR056C,YPR071W,0,-0.28216404,0.14689946174621582,0.9682539701461792,0.567253828048706
YDR326C,YMR139W,0,-0.28339177,0.14687734842300415,0.9682539701461792,0.5673539042472839
YLR274W,YNL261W,1,-0.28344062,0.14700572192668915,0.9692460298538208,0.5673539042472839
YPL032C,YJL076W,0,-0.2836617,0.14698360860347748,0.9692460298538208,0.5674539804458618
YCL030C,YPR003C,0,-0.28446907,0.1469614952802658,0.9692460298538208,0.5675540566444397
YOR046C,YGL210W-A,0,-0.28450683,0.14693938195705414,0.9692460298538208,0.5676541328430176
YNL056W,YJR045C,0,-0.2846749,0.14691729843616486,0.9692460298538208,0.5677542090415955
YHL012W,YDR183W,0,-0.28491235,0.14689520001411438,0.9692460298538208,0.5678542852401733
YLR278C,YJR017C,0,-0.28510132,0.1468731164932251,0.9692460298538208,0.5679543614387512
YEL068C,YKL144C,0,-0.28518766,0.146851047873497,0.9692460298538208,0.5680544376373291
YDR171W,YLR382C,0,-0.2854998,0.14682897925376892,0.9692460298538208,0.568154513835907
YHR146W,YGL261C,0,-0.28573972,0.14680691063404083,0.9692460298538208,0.5682545900344849
YPR027C,YFR026C,0,-0.28639826,0.14678485691547394,0.9692460298538208,0.5683546662330627
YMR215W,YHR098C,0,-0.28667745,0.14676280319690704,0.9692460298538208,0.5684547424316406
YJR150C,YDR069C,0,-0.28696492,0.14674076437950134,0.9692460298538208,0.5685548186302185
YLR445W,YDR452W,0,-0.2870546,0.14671872556209564,0.9692460298538208,0.5686548948287964
YJR129C,YBL026W,0,-0.28720263,0.14669670164585114,0.9692460298538208,0.568755030632019
YLR446W,YHR136C,0,-0.28808704,0.14667467772960663,0.9692460298538208,0.5688551068305969
YGR180C,YDR121W,1,-0.28823486,0.14680276811122894,0.9702380895614624,0.5688551068305969
YNR011C,YOL039W,0,-0.28863165,0.14678072929382324,0.9702380895614624,0.5689551830291748
YHR197W,YGR033C,0,-0.28933558,0.14675870537757874,0.9702380895614624,0.5690552592277527
YBL039C,YGR261C,0,-0.28947422,0.14673668146133423,0.9702380895614624,0.5691553354263306
YIL099W,YNL005C,0,-0.28973687,0.14671467244625092,0.9702380895614624,0.5692554116249084
YDR012W,YHR167W,0,-0.29061222,0.1466926634311676,0.9702380895614624,0.5693554878234863
YEL071W,YNL282W,0,-0.29073828,0.14667066931724548,0.9702380895614624,0.5694555640220642
YNL182C,YPR023C,1,-0.2909513,0.14679862558841705,0.971230149269104,0.5694555640220642
YHR171W,YGR262C,0,-0.2914068,0.14677661657333374,0.971230149269104,0.5695556402206421
YLR022C,YNL142W,0,-0.29169974,0.14675460755825043,0.971230149269104,0.56965571641922
YGR067C,YDR524C,0,-0.29179615,0.1467326134443283,0.971230149269104,0.5697557926177979
YDR372C,YNL063W,0,-0.291932,0.1467106193304062,0.971230149269104,0.5698558688163757
YCL074W,YLR373C,0,-0.29202107,0.14668864011764526,0.971230149269104,0.5699559450149536
YDL069C,YHR214W,0,-0.29241806,0.14666666090488434,0.971230149269104,0.5700560212135315
YKR042W,YCL021W-A,0,-0.29284194,0.1466446965932846,0.971230149269104,0.5701560974121094
YNL046W,YKL173W,0,-0.29299068,0.14662273228168488,0.971230149269104,0.570256233215332
YDR240C,YOL087C,0,-0.2932885,0.14660078287124634,0.971230149269104,0.5703563094139099
YOR378W,YHR172W,0,-0.29408872,0.1465788334608078,0.971230149269104,0.5704563856124878
YGL120C,YOR189W,0,-0.29441398,0.14655688405036926,0.971230149269104,0.5705564618110657
YDR147W,YKL043W,0,-0.29452738,0.14653494954109192,0.971230149269104,0.5706565380096436
YDL120W,YJR102C,0,-0.29472357,0.14651301503181458,0.971230149269104,0.5707566142082214
YDR529C,YDR246W,0,-0.29506338,0.14649109542369843,0.971230149269104,0.5708566904067993
YLR065C,YOR363C,0,-0.29520172,0.14646917581558228,0.971230149269104,0.5709567666053772
YML106W,YER027C,0,-0.29552037,0.14644727110862732,0.971230149269104,0.5710568428039551
YGR142W,YIR003W,0,-0.2958,0.14642536640167236,0.971230149269104,0.571156919002533
YGL178W,YBR293W,0,-0.2960666,0.1464034765958786,0.971230149269104,0.5712569952011108
YLR312C,YMR319C,0,-0.29618463,0.14638157188892365,0.971230149269104,0.5713570713996887
YLR278C,YDR130C,0,-0.2962609,0.14635969698429108,0.971230149269104,0.5714571475982666
YCL001W-A,YDL211C,0,-0.29679906,0.1463378220796585,0.971230149269104,0.5715572237968445
YOL086W-A,YLR209C,0,-0.2979372,0.14631594717502594,0.971230149269104,0.5716572999954224
YML024W,YDR263C,0,-0.29837593,0.14629408717155457,0.971230149269104,0.5717573761940002
YJR024C,YDR381C-A,0,-0.2989268,0.1462722271680832,0.971230149269104,0.5718575119972229
YIL126W,YEL017C-A,0,-0.29905167,0.14625036716461182,0.971230149269104,0.5719575881958008
YMR044W,YOL105C,0,-0.29933575,0.14622852206230164,0.971230149269104,0.5720576643943787
YMR189W,YLR297W,0,-0.2993659,0.14620669186115265,0.971230149269104,0.5721577405929565
YMR077C,YPL274W,0,-0.30050352,0.14618486166000366,0.971230149269104,0.5722578167915344
YDR171W,YPL134C,0,-0.30052426,0.14616303145885468,0.971230149269104,0.5723578929901123
YMR215W,YFL029C,0,-0.30066076,0.14614121615886688,0.971230149269104,0.5724579691886902
YDR392W,YOR347C,0,-0.30080405,0.1461194008588791,0.971230149269104,0.5725580453872681
YMR186W,YDR098C-B,0,-0.30090058,0.1460976004600525,0.971230149269104,0.572658121585846
YLL041C,YML088W,0,-0.30129093,0.1460758000612259,0.971230149269104,0.5727581977844238
YCR097WB,YDL160C,0,-0.30210224,0.1460539996623993,0.971230149269104,0.5728582739830017
YHR174W,YIL087C,0,-0.3022791,0.1460322141647339,0.971230149269104,0.5729583501815796
YGL058W,YHL046C,0,-0.3023521,0.14601044356822968,0.971230149269104,0.5730584263801575
YCL075W,YCL021W-A,0,-0.30382225,0.14598867297172546,0.971230149269104,0.5731585025787354
YML094W,YMR192W,0,-0.30397388,0.14596690237522125,0.971230149269104,0.5732585787773132
YGR255C,YLR387C,0,-0.30398646,0.14594514667987823,0.971230149269104,0.5733587145805359
YHR129C,YGL253W,0,-0.30408114,0.14592339098453522,0.971230149269104,0.5734587907791138
YLR300W,YOL072W,0,-0.30434358,0.1459016352891922,0.971230149269104,0.5735588669776917
YPR111W,YCR055C,0,-0.30453813,0.14587989449501038,0.971230149269104,0.5736589431762695
YDL098C,YKL033W-A,0,-0.30468407,0.14585816860198975,0.971230149269104,0.5737590193748474
YKL209C,YOR335C,0,-0.305135,0.14583644270896912,0.971230149269104,0.5738590955734253
YAR033W,YJL111W,0,-0.30579332,0.1458147168159485,0.971230149269104,0.5739591717720032
YJL180C,YKL195W,0,-0.305805,0.14579300582408905,0.971230149269104,0.574059247970581
YEL069C,YPL237W,0,-0.30589935,0.14577129483222961,0.971230149269104,0.5741593241691589
YEL017C-A,YGL169W,0,-0.30619055,0.14574958384037018,0.971230149269104,0.5742594003677368
YMR175W,YPL032C,0,-0.30665967,0.14572790265083313,0.971230149269104,0.5743594765663147
YJR099W,YPL131W,0,-0.3071355,0.1457062065601349,0.971230149269104,0.5744595527648926
YBR141C,YKL189W,0,-0.3076565,0.14568452537059784,0.971230149269104,0.5745596289634705
YJL137C,YBR009C,0,-0.3077742,0.1456628441810608,0.971230149269104,0.5746597051620483
YGL204C,YJR117W,0,-0.30790192,0.14564117789268494,0.971230149269104,0.5747597813606262
YER171W,YGR250C,0,-0.30795825,0.14561951160430908,0.971230149269104,0.5748599171638489
YBR171W,YHR052W,0,-0.30828238,0.14559786021709442,0.971230149269104,0.5749599933624268
YML031W,YCR101C,0,-0.30846357,0.14557620882987976,0.971230149269104,0.5750600695610046
YGL250W,YHR199C,0,-0.30857518,0.1455545574426651,0.971230149269104,0.5751601457595825
YJR054W,YGR159C,0,-0.3088536,0.14553292095661163,0.971230149269104,0.5752602219581604
YIL079C,YDL198C,0,-0.30918905,0.14551129937171936,0.971230149269104,0.5753602981567383
YPL032C,YBR287W,0,-0.30922014,0.1454896777868271,0.971230149269104,0.5754603743553162
YEL064C,YFL062W,0,-0.30947924,0.14546805620193481,0.971230149269104,0.575560450553894
YOR294W,YOR086C,0,-0.31029487,0.14544643461704254,0.971230149269104,0.5756605267524719
YHR197W,YLR357W,0,-0.310358,0.14542484283447266,0.971230149269104,0.5757606029510498
YLR410W-A,YOL113W,0,-0.3114006,0.14540323615074158,0.971230149269104,0.5758606791496277
YPR105C,YOR299W,0,-0.31146127,0.1453816443681717,0.971230149269104,0.5759607553482056
YKL200C,YHR139C,0,-0.3116325,0.1453600525856018,0.971230149269104,0.5760608315467834
YLR013W,YOL077W-A,0,-0.31194955,0.14533847570419312,0.971230149269104,0.5761609077453613
YJR049C,YLR385C,0,-0.31202984,0.14531691372394562,0.971230149269104,0.5762609839439392
YGR065C,YKR014C,0,-0.31220847,0.14529533684253693,0.971230149269104,0.5763610601425171
YMR236W,YJL177W,0,-0.31231993,0.14527377486228943,0.971230149269104,0.5764611959457397
YCR058C,YOL039W,0,-0.3125826,0.14525222778320312,0.971230149269104,0.5765612721443176
YFL034C-B,YHR044C,0,-0.31264538,0.14523068070411682,0.971230149269104,0.5766613483428955
YDL049C,YGR281W,0,-0.31284267,0.14520913362503052,0.971230149269104,0.5767614245414734
YGR289C,YPL078C,0,-0.31288123,0.1451876014471054,0.971230149269104,0.5768615007400513
YBL026W,YKL084W,0,-0.31308478,0.1451660692691803,0.971230149269104,0.5769615769386292
YIR018W,YFL018W-A,0,-0.31323063,0.14514455199241638,0.971230149269104,0.577061653137207
YPL198W,YOR231W,0,-0.31325692,0.14512303471565247,0.971230149269104,0.5771617293357849
YIL083C,YDL130W,0,-0.31351456,0.14510153234004974,0.971230149269104,0.5772618055343628
YML126C,YIL078W,0,-0.31358066,0.14508002996444702,0.971230149269104,0.5773618817329407
YJL026W,YLR442C,1,-0.3137505,0.14520670473575592,0.9722222089767456,0.5773618817329407
YOR229W,YNR032C-A,0,-0.31376067,0.145185187458992,0.9722222089767456,0.5774619579315186
YOR172W,YGL128C,0,-0.31389597,0.14516368508338928,0.9722222089767456,0.5775620341300964
YGR136W,YDR069C,0,-0.31424752,0.14514218270778656,0.9722222089767456,0.5776621103286743
YOL012C,YDR388W,0,-0.31425288,0.14512068033218384,0.9722222089767456,0.5777621865272522
YLR136C,YIL122W,0,-0.31428942,0.1450992077589035,0.9722222089767456,0.5778622627258301
YBR013C,YOL124C,0,-0.31445462,0.14507772028446198,0.9722222089767456,0.5779623985290527
YLR211C,YGR128C,0,-0.3145501,0.14505624771118164,0.9722222089767456,0.5780624747276306
YJL021C,YLR301W,0,-0.31458312,0.1450347751379013,0.9722222089767456,0.5781625509262085
YIL009C-A,YIL171W,0,-0.3145896,0.14501331746578217,0.9722222089767456,0.5782626271247864
YEL041W,YPL183C,0,-0.31465912,0.14499185979366302,0.9722222089767456,0.5783627033233643
YDR283C,YDR481C,0,-0.3146902,0.14497041702270508,0.9722222089767456,0.5784627795219421
YDR424C,YJL116C,0,-0.3156622,0.14494897425174713,0.9722222089767456,0.57856285572052
YPL274W,YOL001W,0,-0.31649607,0.14492753148078918,0.9722222089767456,0.5786629319190979
YDR525W-A,YKL222C,0,-0.31688935,0.14490610361099243,0.9722222089767456,0.5787630081176758
YDR498C,YOR262W,0,-0.31703445,0.14488469064235687,0.9722222089767456,0.5788630843162537
YGR251W,YBR006W,0,-0.31784716,0.14486326277256012,0.9722222089767456,0.5789631605148315
YDR192C,YMR319C,0,-0.31809437,0.14484184980392456,0.9722222089767456,0.5790632367134094
YGR277C,YNL046W,0,-0.31819427,0.1448204517364502,0.9722222089767456,0.5791633129119873
YDR256C,YJL117W,0,-0.31836882,0.14479905366897583,0.9722222089767456,0.5792633891105652
YMR307W,YPL046C,0,-0.31839785,0.14477765560150146,0.9722222089767456,0.5793634653091431
YMR244C-A,YJR141W,0,-0.3187788,0.1447562724351883,0.9722222089767456,0.579463541507721
YLR141W,YDR481C,0,-0.31924048,0.14473490417003632,0.9722222089767456,0.5795636773109436
YJR078W,YOR190W,0,-0.31929758,0.14471352100372314,0.9722222089767456,0.5796637535095215
YPL120W,YBR077C,0,-0.3194944,0.14469215273857117,0.9722222089767456,0.5797638297080994
YLR029C,YMR046C,0,-0.3197385,0.14467079937458038,0.9722222089767456,0.5798639059066772
YOL005C,YDR206W,0,-0.3197704,0.1446494460105896,0.9722222089767456,0.5799639821052551
YHR039C-B,YBR267W,0,-0.31990677,0.14462809264659882,0.9722222089767456,0.580064058303833
YGR287C,YDR332W,0,-0.31998038,0.14460675418376923,0.9722222089767456,0.5801641345024109
YHR069C,YKR099W,0,-0.31999683,0.14458543062210083,0.9722222089767456,0.5802642107009888
YDR507C,YDR012W,0,-0.32048553,0.14456409215927124,0.9722222089767456,0.5803642868995667
YNL031C,YMR315W,0,-0.3208248,0.14454276859760284,0.9722222089767456,0.5804643630981445
YML038C,YEL034W,0,-0.32093287,0.14452145993709564,0.9722222089767456,0.5805644392967224
YGL056C,YGL180W,0,-0.32118076,0.14450015127658844,0.9722222089767456,0.5806645154953003
YDR487C,YDR212W,0,-0.32127234,0.14447884261608124,0.9722222089767456,0.5807645916938782
YJL103C,YEL029C,0,-0.32172757,0.14445754885673523,0.9722222089767456,0.580864667892456
YPR192W,YER029C,0,-0.3219218,0.14443625509738922,0.9722222089767456,0.5809647440910339
YER010C,YJR121W,0,-0.32203284,0.1444149762392044,0.9722222089767456,0.5810648798942566
YGL026C,YDR228C,0,-0.3221715,0.1443936973810196,0.9722222089767456,0.5811649560928345
YBR253W,YLL013C,0,-0.32256928,0.14437241852283478,0.9722222089767456,0.5812650322914124
YEL064C,YKR100C,0,-0.3226202,0.14435115456581116,0.9722222089767456,0.5813651084899902
YGR171C,YJL099W,0,-0.3234937,0.14432989060878754,0.9722222089767456,0.5814651846885681
YCR068W,YDL101C,0,-0.32350278,0.1443086415529251,0.9722222089767456,0.581565260887146
YJL037W,YAR028W,0,-0.3235684,0.14428739249706268,0.9722222089767456,0.5816653370857239
YOR096W,YDL230W,0,-0.32378465,0.14426615834236145,0.9722222089767456,0.5817654132843018
YJL200C,YBR090C-A,0,-0.32381338,0.14424492418766022,0.9722222089767456,0.5818654894828796
YBR023C,YPR047W,0,-0.32385015,0.14422369003295898,0.9722222089767456,0.5819655656814575
YGL163C,YHR018C,0,-0.3239021,0.14420247077941895,0.9722222089767456,0.5820656418800354
YPR031W,YGL030W,0,-0.32514197,0.1441812515258789,0.9722222089767456,0.5821657180786133
YKL144C,YNR039C,0,-0.32533622,0.14416004717350006,0.9722222089767456,0.5822657942771912
YKR057W,YLR068W,0,-0.3256845,0.14413884282112122,0.9722222089767456,0.582365870475769
YBL037W,YER181C,0,-0.32578596,0.14411765336990356,0.9722222089767456,0.5824659466743469
YAL042W,YGL077C,0,-0.32615447,0.14409644901752472,0.9722222089767456,0.5825660824775696
YMR230W,YKL065C,0,-0.32627857,0.14407527446746826,0.9722222089767456,0.5826661586761475
YBR119W,YMR024W,0,-0.3263251,0.1440540999174118,0.9722222089767456,0.5827662348747253
YPR080W,YOL146W,0,-0.32636043,0.14403292536735535,0.9722222089767456,0.5828663110733032
YMR263W,YJR098C,0,-0.32672924,0.1440117508172989,0.9722222089767456,0.5829663872718811
YFL016C,YNL239W,0,-0.3267623,0.14399059116840363,0.9722222089767456,0.583066463470459
YFR022W,YHR123W,0,-0.32716468,0.14396944642066956,0.9722222089767456,0.5831665396690369
YLR047C,YOR113W,0,-0.32720178,0.14394830167293549,0.9722222089767456,0.5832666158676147
YHL046C,YGR233C,0,-0.3273016,0.14392715692520142,0.9722222089767456,0.5833666920661926
YML087C,YKL160W,0,-0.32731143,0.14390602707862854,0.9722222089767456,0.5834667682647705
YLR278C,YNR071C,0,-0.32739776,0.14388489723205566,0.9722222089767456,0.5835668444633484
YIR031C,YJL212C,0,-0.32795826,0.1438637673854828,0.9722222089767456,0.5836669206619263
YGR258C,YOR306C,0,-0.328495,0.1438426524400711,0.9722222089767456,0.5837669968605042
YLL017W,YNL001W,0,-0.3285229,0.14382153749465942,0.9722222089767456,0.583867073059082
YNR057C,YMR262W,0,-0.3285587,0.14380043745040894,0.9722222089767456,0.5839671492576599
YCR016W,YER035W,0,-0.32856494,0.14377933740615845,0.9722222089767456,0.5840672254562378
YDR302W,YJR150C,0,-0.32874572,0.14375825226306915,0.9722222089767456,0.5841673612594604
YGL125W,YNR065C,0,-0.32911065,0.14373716711997986,0.9722222089767456,0.5842674374580383
YGR179C,YER066W,0,-0.329124,0.14371608197689056,0.9722222089767456,0.5843675136566162
YOR391C,YJL026W,0,-0.32919994,0.14369501173496246,0.9722222089767456,0.5844675898551941
YMR047C,YKR052C,0,-0.3294363,0.14367394149303436,0.9722222089767456,0.584567666053772
YER128W,YNL008C,0,-0.32977006,0.14365288615226746,0.9722222089767456,0.5846677422523499
YML043C,YIL010W,0,-0.33044824,0.14363183081150055,0.9722222089767456,0.5847678184509277
YML050W,YGR239C,0,-0.3313411,0.14361079037189484,0.9722222089767456,0.5848678946495056
YLR175W,YNL078W,0,-0.33138624,0.14358974993228912,0.9722222089767456,0.5849679708480835
YMR175W,YMR313C,0,-0.33200368,0.1435687094926834,0.9722222089767456,0.5850680470466614
YLR256W,YLR137W,0,-0.3320923,0.1435476839542389,0.9722222089767456,0.5851681232452393
YKR035W-A,YGL098W,0,-0.33271724,0.14352665841579437,0.9722222089767456,0.5852681994438171
YDL214C,YGR016W,0,-0.33305502,0.14350563287734985,0.9722222089767456,0.585368275642395
YBR192W,YJR063W,0,-0.3330552,0.14348462224006653,0.9722222089767456,0.5854683518409729
YLR206W,YGR122W,0,-0.3333272,0.1434636265039444,0.9722222089767456,0.5855684280395508
YOR327C,YJR150C,0,-0.3333733,0.14344261586666107,0.9722222089767456,0.5856685638427734
YDR058C,YJR151C,0,-0.33340916,0.14342163503170013,0.9722222089767456,0.5857686400413513
YLR080W,YIL160C,0,-0.33383536,0.143400639295578,0.9722222089767456,0.5858687162399292
YLR020C,YCL075W,0,-0.3339947,0.14337965846061707,0.9722222089767456,0.5859687924385071
YJL084C,YGL114W,0,-0.33428717,0.14335869252681732,0.9722222089767456,0.586068868637085
YDR244W,YIL160C,0,-0.3346933,0.14333772659301758,0.9722222089767456,0.5861689448356628
YCL075W,YJL003W,0,-0.334877,0.14331676065921783,0.9722222089767456,0.5862690210342407
YGL064C,YHR199C,0,-0.33570164,0.14329580962657928,0.9722222089767456,0.5863690972328186
YIL091C,YDR542W,0,-0.33572054,0.14327485859394073,0.9722222089767456,0.5864691734313965
YGL247W,YER066W,0,-0.33588204,0.14325390756130219,0.9722222089767456,0.5865692496299744
YKL027W,YPR193C,0,-0.33603042,0.14323297142982483,0.9722222089767456,0.5866693258285522
YLR276C,YPL230W,0,-0.33607176,0.14321203529834747,0.9722222089767456,0.5867694020271301
YPL038W,YGR183C,0,-0.33613613,0.1431911140680313,0.9722222089767456,0.586869478225708
YNL281W,YJL083W,0,-0.33626613,0.14317019283771515,0.9722222089767456,0.5869695544242859
YOL158C,YOL148C,0,-0.33628252,0.14314928650856018,0.9722222089767456,0.5870696306228638
YDR011W,YDR338C,0,-0.33689636,0.1431283801794052,0.9722222089767456,0.5871697068214417
YFR046C,YKL039W,0,-0.33706725,0.14310747385025024,0.9722222089767456,0.5872698426246643
YGL045W,YGR223C,0,-0.33712825,0.14308658242225647,0.9722222089767456,0.5873699188232422
YGL187C,YML102W,0,-0.33719555,0.1430656909942627,0.9722222089767456,0.5874699950218201
YCR028C-A,YFR042W,0,-0.3373444,0.14304481446743011,0.9722222089767456,0.587570071220398
YBR013C,YDL206W,0,-0.33774316,0.14302393794059753,0.9722222089767456,0.5876701474189758
YLR336C,YOR104W,0,-0.3379673,0.14300306141376495,0.9722222089767456,0.5877702236175537
YJL030W,YJR001W,0,-0.33803183,0.14298219978809357,0.9722222089767456,0.5878702998161316
YLR275W,YHL033C,0,-0.33882034,0.14296133816242218,0.9722222089767456,0.5879703760147095
YMR293C,YPR071W,0,-0.33897853,0.142940491437912,0.9722222089767456,0.5880704522132874
YKL200C,YFR044C,0,-0.3390775,0.1429196447134018,0.9722222089767456,0.5881705284118652
YPL095C,YGL210W,0,-0.33956674,0.1428987979888916,0.9722222089767456,0.5882706046104431
YDR451C,YLR459W,0,-0.34019607,0.1428779661655426,0.9722222089767456,0.588370680809021
YDR005C,YBR007C,0,-0.3406242,0.1428571492433548,0.9722222089767456,0.5884707570075989
YNL098C,YGR292W,0,-0.34095496,0.1428363174200058,0.9722222089767456,0.5885708332061768
YER083C,YOR032C,0,-0.34102398,0.142815500497818,0.9722222089767456,0.5886709094047546
YMR123W,YLR053C,0,-0.34112126,0.14279469847679138,0.9722222089767456,0.5887710452079773
YNL164C,YCR007C,0,-0.34114608,0.14277389645576477,0.9722222089767456,0.5888711214065552
YNL321W,YJL095W,0,-0.341227,0.14275309443473816,0.9722222089767456,0.5889711976051331
YDL165W,YPL177C,0,-0.34127435,0.14273230731487274,0.9722222089767456,0.5890712738037109
YGR231C,YOR326W,0,-0.34145045,0.14271152019500732,0.9722222089767456,0.5891713500022888
YKR010C,YKR006C,0,-0.34163195,0.1426907330751419,0.9722222089767456,0.5892714262008667
YPR158W,YLR312C,0,-0.34167713,0.14266996085643768,0.9722222089767456,0.5893715023994446
YOR312C,YHL003C,0,-0.34174812,0.14264920353889465,0.9722222089767456,0.5894715785980225
YGR280C,YBR105C,0,-0.3422535,0.14262843132019043,0.9722222089767456,0.5895716547966003
YNL292W,YOR396W,0,-0.34230652,0.1426076889038086,0.9722222089767456,0.5896717309951782
YGL211W,YPR006C,0,-0.34254688,0.14258693158626556,0.9722222089767456,0.5897718071937561
YOR292C,YNL201C,0,-0.34257314,0.14256618916988373,0.9722222089767456,0.589871883392334
YBR266C,YOR321W,0,-0.3425758,0.14254546165466309,0.9722222089767456,0.5899719595909119
YML087C,YMR243C,0,-0.34297734,0.14252471923828125,0.9722222089767456,0.5900720357894897
YHR155W,YER019W,0,-0.34303623,0.1425039917230606,0.9722222089767456,0.5901721119880676
YMR060C,YKL187C,0,-0.34331438,0.14248327910900116,0.9722222089767456,0.5902721881866455
YCL055W,YJR058C,0,-0.34357983,0.1424625664949417,0.9722222089767456,0.5903723239898682
YFL026W,YER008C,0,-0.34374002,0.14244185388088226,0.9722222089767456,0.590472400188446
YNL310C,YMR154C,0,-0.34387892,0.142421156167984,0.9722222089767456,0.5905724763870239
YDL197C,YPR138C,0,-0.3439537,0.14240045845508575,0.9722222089767456,0.5906725525856018
YAL059W,YGR071C,0,-0.34418502,0.1423797756433487,0.9722222089767456,0.5907726287841797
YOR271C,YPR153W,0,-0.34418726,0.14235909283161163,0.9722222089767456,0.5908727049827576
YHR105W,YDL121C,0,-0.3442566,0.14233841001987457,0.9722222089767456,0.5909727811813354
YLR118C,YCL064C,0,-0.34434962,0.1423177421092987,0.9722222089767456,0.5910728573799133
YDL171C,YMR008C,0,-0.3443597,0.14229707419872284,0.9722222089767456,0.5911729335784912
YMR285C,YHR151C,0,-0.34471792,0.14227642118930817,0.9722222089767456,0.5912730097770691
YOR115C,YFR049W,0,-0.34519356,0.1422557681798935,0.9722222089767456,0.591373085975647
YDR483W,YGR071C,0,-0.34521163,0.14223513007164001,0.9722222089767456,0.5914731621742249
YGR280C,YHL007C,0,-0.34525368,0.14221447706222534,0.9722222089767456,0.5915732383728027
YKL178C,YML092C,0,-0.34526837,0.14219385385513306,0.9722222089767456,0.5916733145713806
YNL125C,YMR271C,0,-0.3454537,0.14217321574687958,0.9722222089767456,0.5917733907699585
YOL163W,YFL051C,0,-0.3459078,0.1421525925397873,0.9722222089767456,0.5918735265731812
YGL195W,YCR020C-A,0,-0.34611303,0.1421319842338562,0.9722222089767456,0.591973602771759
YPL130W,YHL017W,0,-0.3461352,0.1421113759279251,0.9722222089767456,0.5920736789703369
YJR094C,YIL148W,0,-0.34636152,0.14209076762199402,0.9722222089767456,0.5921737551689148
YDR459C,YDR328C,0,-0.34673917,0.14207015931606293,0.9722222089767456,0.5922738313674927
YGL026C,YNR071C,0,-0.3467673,0.14204956591129303,0.9722222089767456,0.5923739075660706
YLR342W,YOL055C,0,-0.34690088,0.14202898740768433,0.9722222089767456,0.5924739837646484
YDR459C,YHR007C,0,-0.34705433,0.14200840890407562,0.9722222089767456,0.5925740599632263
YPL256C,YFR020W,0,-0.3474381,0.14198783040046692,0.9722222089767456,0.5926741361618042
YJL099W,YBR212W,0,-0.34745383,0.1419672667980194,0.9722222089767456,0.5927742123603821
YPL017C,YKL117W,0,-0.34754068,0.1419467031955719,0.9722222089767456,0.59287428855896
YLR006C,YDR381C-A,0,-0.3476437,0.1419261395931244,0.9722222089767456,0.5929743647575378
YBR132C,YMR016C,0,-0.34786475,0.14190559089183807,0.9722222089767456,0.5930744409561157
YGR133W,YDR444W,0,-0.34829783,0.14188504219055176,0.9722222089767456,0.5931745171546936
YNL274C,YNL022C,0,-0.34859622,0.14186450839042664,0.9722222089767456,0.5932745933532715
YLR208W,YBR181C,0,-0.3488872,0.1418439745903015,0.9722222089767456,0.5933747291564941
YLR002C,YBR087W,1,-0.34894317,0.14196816086769104,0.9732142686843872,0.5933747291564941
YMR301C,YLR004C,0,-0.34943312,0.14194762706756592,0.9732142686843872,0.593474805355072
YDR454C,YGL035C,0,-0.34996593,0.1419270783662796,0.9732142686843872,0.5935748815536499
YGL204C,YDL245C,0,-0.3500288,0.14190655946731567,0.9732142686843872,0.5936749577522278
YML050W,YDL105W,0,-0.35035545,0.14188602566719055,0.9732142686843872,0.5937750339508057
YNR004W,YER053C,0,-0.35037434,0.14186550676822662,0.9732142686843872,0.5938751101493835
YKL224C,YML045W,0,-0.35081762,0.1418450027704239,0.9732142686843872,0.5939751863479614
YPR198W,YDL108W,0,-0.35122326,0.14182448387145996,0.9732142686843872,0.5940752625465393
YOL053W,YDR534C,0,-0.35177672,0.14180399477481842,0.9732142686843872,0.5941753387451172
YBR025C,YPR027C,0,-0.3527413,0.14178349077701569,0.9732142686843872,0.5942754149436951
YGL115W,YGL192W,0,-0.35274518,0.14176300168037415,0.9732142686843872,0.594375491142273
YEL018W,YLR367W,0,-0.3529634,0.1417425274848938,0.9732142686843872,0.5944755673408508
YER076C,YNL061W,0,-0.3530075,0.14172203838825226,0.9732142686843872,0.5945756435394287
YNL129W,YKL016C,0,-0.3533194,0.1417015790939331,0.9732142686843872,0.5946757197380066
YCL026C-B,YIL107C,0,-0.35419676,0.14168110489845276,0.9732142686843872,0.5947757959365845
YGR235C,YPL178W,0,-0.35430276,0.1416606456041336,0.9732142686843872,0.5948758721351624
YNL181W,YDR004W,0,-0.35450822,0.14164020121097565,0.9732142686843872,0.594976007938385
YMR198W,YNL125C,0,-0.35452121,0.1416197419166565,0.9732142686843872,0.5950760841369629
YGR125W,YLR086W,0,-0.35454318,0.14159931242465973,0.9732142686843872,0.5951761603355408
YLR158C,YPR115W,0,-0.35511306,0.14157886803150177,0.9732142686843872,0.5952762365341187
YKR077W,YNL176C,0,-0.3559289,0.141558438539505,0.9732142686843872,0.5953763127326965
YIL017C,YIL177C,0,-0.3559523,0.14153802394866943,0.9732142686843872,0.5954763889312744
YAL034C,YHR045W,0,-0.35641342,0.14151759445667267,0.9732142686843872,0.5955764651298523
YBL103C,YKR052C,0,-0.3567953,0.1414971947669983,0.9732142686843872,0.5956765413284302
YMR099C,YPL006W,0,-0.35726702,0.14147678017616272,0.9732142686843872,0.5957766175270081
YDL170W,YGR235C,0,-0.35741568,0.14145638048648834,0.9732142686843872,0.5958766937255859
YCR041W,YDR034C,0,-0.35743022,0.14143598079681396,0.9732142686843872,0.5959767699241638
YDR429C,YJR004C,0,-0.35754248,0.14141559600830078,0.9732142686843872,0.5960768461227417
YLL057C,YDR141C,0,-0.35755995,0.1413952112197876,0.9732142686843872,0.5961769223213196
YMR171C,YBR293W,0,-0.35828337,0.1413748413324356,0.9732142686843872,0.5962769985198975
YNL293W,YPL076W,0,-0.35861373,0.14135447144508362,0.9732142686843872,0.5963770747184753
YDR376W,YGR094W,0,-0.3586258,0.14133410155773163,0.9732142686843872,0.596477210521698
YOR062C,YOL001W,0,-0.3587532,0.14131374657154083,0.9732142686843872,0.5965772867202759
YCR102C,YLR291C,0,-0.35911584,0.14129339158535004,0.9732142686843872,0.5966773629188538
YPL243W,YBR108W,0,-0.3591366,0.14127303659915924,0.9732142686843872,0.5967774391174316
YPL003W,YLL057C,0,-0.35931623,0.14125269651412964,0.9732142686843872,0.5968775153160095
YGL082W,YPR107C,0,-0.3593462,0.14123237133026123,0.9732142686843872,0.5969775915145874
YLR352W,YIR002C,0,-0.3605913,0.14121203124523163,0.9732142686843872,0.5970776677131653
YPL081W,YIL027C,0,-0.36109978,0.14119170606136322,0.9732142686843872,0.5971777439117432
YDR198C,YJR143C,0,-0.36208838,0.141171395778656,0.9732142686843872,0.597277820110321
YHL046C,YHR010W,0,-0.3621239,0.1411510854959488,0.9732142686843872,0.5973778963088989
YGL014W,YFR044C,0,-0.36254498,0.14113077521324158,0.9732142686843872,0.5974779725074768
YOR131C,YER158C,0,-0.36255842,0.14111046493053436,0.9732142686843872,0.5975780487060547
YGL116W,YHR048W,0,-0.36321363,0.14109016954898834,0.9732142686843872,0.5976781249046326
YJR129C,YAR014C,0,-0.36329502,0.14106988906860352,0.9732142686843872,0.5977782011032104
YER141W,YGR030C,0,-0.36355942,0.1410496085882187,0.9732142686843872,0.5978782773017883
YGR156W,YGR101W,0,-0.36359817,0.14102932810783386,0.9732142686843872,0.5979783535003662
YJL128C,YMR111C,0,-0.36364442,0.14100906252861023,0.9732142686843872,0.5980784893035889
YMR033W,YHR193C,0,-0.3643071,0.1409887969493866,0.9732142686843872,0.5981785655021667
YIL065C,YCL064C,0,-0.36462635,0.14096853137016296,0.9732142686843872,0.5982786417007446
YFL017W-A,YOR161C,0,-0.36477503,0.14094828069210052,0.9732142686843872,0.5983787178993225
YHR016C,YDR501W,0,-0.36498812,0.14092803001403809,0.9732142686843872,0.5984787940979004
YGL255W,YMR300C,0,-0.36519474,0.14090777933597565,0.9732142686843872,0.5985788702964783
YML029W,YHR005C-A,0,-0.3659122,0.1408875435590744,0.9732142686843872,0.5986789464950562
YHR132W-A,YGL244W,0,-0.36604232,0.14086732268333435,0.9732142686843872,0.598779022693634
YLR370C,YMR013C,0,-0.3661174,0.1408470869064331,0.9732142686843872,0.5988790988922119
YPL048W,YLR436C,0,-0.3661846,0.14082686603069305,0.9732142686843872,0.5989791750907898
YJL099W,YFL042C,0,-0.36650616,0.1408066600561142,0.9732142686843872,0.5990792512893677
YGL101W,YER007W,0,-0.3667028,0.14078645408153534,0.9732142686843872,0.5991793274879456
YKR097W,YLR138W,0,-0.36682904,0.14076624810695648,0.9732142686843872,0.5992794036865234
YBR302C,YNL020C,0,-0.36710873,0.14074605703353882,0.9732142686843872,0.5993794798851013
YHR175W,YGR014W,0,-0.36749294,0.14072586596012115,0.9732142686843872,0.5994795560836792
YOL059W,YOR298W,0,-0.36761862,0.1407056748867035,0.9732142686843872,0.5995796918869019
YDR013W,YOL083W,0,-0.36781353,0.14068549871444702,0.9732142686843872,0.5996797680854797
YCR039C,YLR413W,0,-0.3684623,0.14066532254219055,0.9732142686843872,0.5997798442840576
YBR261C,YNR016C,0,-0.36886027,0.14064516127109528,0.9732142686843872,0.5998799204826355
YOR327C,YOL042W,0,-0.36894572,0.140625,0.9732142686843872,0.5999799966812134
YKR103W,YER110C,0,-0.3692776,0.14060483872890472,0.9732142686843872,0.6000800728797913
YBR025C,YIL073C,0,-0.3698146,0.14058469235897064,0.9732142686843872,0.6001801490783691
YKL210W,YKR103W,0,-0.3706516,0.14056454598903656,0.9732142686843872,0.600280225276947
YDL180W,YBR213W,0,-0.3707322,0.14054441452026367,0.9732142686843872,0.6003803014755249
YER171W,YMR121C,0,-0.3710368,0.14052428305149078,0.9732142686843872,0.6004803776741028
YLR291C,YNL158W,0,-0.37131992,0.1405041515827179,0.9732142686843872,0.6005804538726807
YCL026C-B,YLR270W,0,-0.37134987,0.1404840350151062,0.9732142686843872,0.6006805300712585
YNR057C,YGR071C,0,-0.37136677,0.1404639184474945,0.9732142686843872,0.6007806062698364
YER091C,YFR045W,0,-0.37142205,0.1404438018798828,0.9732142686843872,0.6008806824684143
YPL150W,YDR266C,0,-0.37261826,0.1404237002134323,0.9732142686843872,0.6009807586669922
YIL111W,YJR141W,0,-0.3738988,0.140403613448143,0.9732142686843872,0.6010808944702148
YLR333C,YJR150C,0,-0.37444136,0.1403835117816925,0.9732142686843872,0.6011809706687927
YMR077C,YOL084W,0,-0.37449312,0.1403634250164032,0.9732142686843872,0.6012810468673706
YKR096W,YMR115W,0,-0.37450612,0.14034335315227509,0.9732142686843872,0.6013811230659485
YMR166C,YOL145C,0,-0.37510738,0.14032326638698578,0.9732142686843872,0.6014811992645264
YLR430W,YLL023C,0,-0.37524495,0.14030320942401886,0.9732142686843872,0.6015812754631042
YLL045C,YLR310C,0,-0.37526122,0.14028313755989075,0.9732142686843872,0.6016813516616821
YCR020W-B,YFL051C,0,-0.3755909,0.14026308059692383,0.9732142686843872,0.60178142786026
YCR101C,YNR050C,0,-0.37585923,0.1402430236339569,0.9732142686843872,0.6018815040588379
YMR259C,YNL139C,0,-0.37604257,0.14022298157215118,0.9732142686843872,0.6019815802574158
YML055W,YLR061W,0,-0.3760842,0.14020293951034546,0.9732142686843872,0.6020816564559937
YGL261C,YJL168C,0,-0.37652135,0.14018291234970093,0.9732142686843872,0.6021817326545715
YHR001W,YGL128C,0,-0.3766032,0.1401628851890564,0.9732142686843872,0.6022818088531494
YPR072W,YNR071C,0,-0.3766636,0.14014285802841187,0.9732142686843872,0.6023818850517273
YOL162W,YBR293W,0,-0.37671724,0.14012284576892853,0.9732142686843872,0.6024819612503052
YGR256W,YKL158W,0,-0.37685388,0.1401028335094452,0.9732142686843872,0.6025820374488831
YGL099W,YDR273W,0,-0.3778664,0.14008282124996185,0.9732142686843872,0.6026821732521057
YHR060W,YBR108W,0,-0.37853277,0.1400628238916397,0.9732142686843872,0.6027822494506836
YBR168W,YGR174C,0,-0.37891126,0.14004282653331757,0.9732142686843872,0.6028823256492615
YDR100W,YBR294W,0,-0.37929174,0.14002284407615662,0.9732142686843872,0.6029824018478394
YCR066W,YDR345C,0,-0.38007018,0.14000286161899567,0.9732142686843872,0.6030824780464172
YDR019C,YBL028C,0,-0.38039526,0.13998287916183472,0.9732142686843872,0.6031825542449951
YGL153W,YDR331W,0,-0.3814305,0.13996291160583496,0.9732142686843872,0.603282630443573
YOR232W,YBR012W-A,0,-0.38143307,0.1399429440498352,0.9732142686843872,0.6033827066421509
YPR015C,YKR009C,0,-0.38225186,0.13992297649383545,0.9732142686843872,0.6034827828407288
YNL095C,YDR534C,0,-0.38289493,0.1399030238389969,0.9732142686843872,0.6035828590393066
YCR033W,YDL101C,0,-0.3831508,0.13988307118415833,0.9732142686843872,0.6036829352378845
YHL015W,YOR165W,0,-0.38405392,0.13986313343048096,0.9732142686843872,0.6037830114364624
YBR042C,YOR181W,0,-0.3841656,0.1398431956768036,0.9732142686843872,0.6038830876350403
YLR137W,YBR084W,0,-0.38478106,0.13982325792312622,0.9732142686843872,0.6039831638336182
YGL129C,YNL307C,0,-0.38508213,0.13980333507061005,0.9732142686843872,0.604083240032196
YBR158W,YLR084C,0,-0.38581872,0.13978341221809387,0.9732142686843872,0.6041833758354187
YBR003W,YHR141C,0,-0.3860431,0.1397635042667389,0.9732142686843872,0.6042834520339966
YMR196W,YLR328W,0,-0.38707805,0.1397435963153839,0.9732142686843872,0.6043835282325745
YHR206W,YBR077C,0,-0.38754314,0.13972368836402893,0.9732142686843872,0.6044836044311523
YBR081C,YOR022C,0,-0.38765037,0.13970379531383514,0.9732142686843872,0.6045836806297302
YGR184C,YBR040W,0,-0.38770494,0.13968390226364136,0.9732142686843872,0.6046837568283081
YIL142W,YLR285W,0,-0.38789093,0.13966400921344757,0.9732142686843872,0.604783833026886
YMR145C,YPL141C,0,-0.38815653,0.13964413106441498,0.9732142686843872,0.6048839092254639
YIL066C,YHR085W,1,-0.38836598,0.13976657390594482,0.9742063283920288,0.6048839092254639
YFR034C,YGR101W,0,-0.39005423,0.13974669575691223,0.9742063283920288,0.6049839854240417
YLR421C,YLR312C,0,-0.3907262,0.13972680270671844,0.9742063283920288,0.6050840616226196
YFL059W,YMR143W,0,-0.39072663,0.13970692455768585,0.9742063283920288,0.6051841378211975
YOR019W,YBR128C,0,-0.3913759,0.13968706130981445,0.9742063283920288,0.6052842140197754
YHR072W,YPR020W,0,-0.391583,0.13966718316078186,0.9742063283920288,0.6053842902183533
YDL188C,YOL026C,0,-0.3917758,0.13964731991291046,0.9742063283920288,0.6054843664169312
YNL090W,YFL034W,0,-0.39243633,0.13962747156620026,0.9742063283920288,0.605584442615509
YNL016W,YIL073C,0,-0.3927641,0.13960762321949005,0.9742063283920288,0.6056845188140869
YGL015C,YHR029C,0,-0.39322382,0.13958777487277985,0.9742063283920288,0.6057846546173096
YOL086C,YMR123W,0,-0.3935815,0.13956794142723083,0.9742063283920288,0.6058847308158875
YGR122W,YPR019W,0,-0.39377093,0.13954810798168182,0.9742063283920288,0.6059848070144653
YJL166W,YMR029C,0,-0.395128,0.1395282745361328,0.9742063283920288,0.6060848832130432
YPR160W,YJL046W,0,-0.39540786,0.139508455991745,0.9742063283920288,0.6061849594116211
YIL114C,YER184C,0,-0.3955018,0.13948863744735718,0.9742063283920288,0.606285035610199
YPR196W,YDL185W,0,-0.39551902,0.13946881890296936,0.9742063283920288,0.6063851118087769
YER172C,YOL022C,0,-0.39589918,0.13944901525974274,0.9742063283920288,0.6064851880073547
YBR039W,YOL055C,0,-0.3960914,0.1394292265176773,0.9742063283920288,0.6065852642059326
YLR350W,YIL036W,0,-0.3973055,0.13940942287445068,0.9742063283920288,0.6066853404045105
YBR106W,YPR021C,0,-0.39734584,0.13938963413238525,0.9742063283920288,0.6067854166030884
YNL148C,YNL230C,0,-0.3977757,0.13936986029148102,0.9742063283920288,0.6068854928016663
YNL064C,YML016C,0,-0.3978662,0.1393500715494156,0.9742063283920288,0.6069855690002441
YBR158W,YOR023C,0,-0.39789033,0.13933031260967255,0.9742063283920288,0.607085645198822
YER156C,YDR223W,0,-0.3979119,0.1393105387687683,0.9742063283920288,0.6071857213973999
YER073W,YNL107W,0,-0.3979611,0.13929077982902527,0.9742063283920288,0.6072858572006226
YPR042C,YNL062C,0,-0.39885122,0.13927102088928223,0.9742063283920288,0.6073859333992004
YLR192C,YJR067C,0,-0.39892724,0.13925127685070038,0.9742063283920288,0.6074860095977783
YCL055W,YBR193C,0,-0.39970547,0.13923153281211853,0.9742063283920288,0.6075860857963562
YGR270W,YGL215W,0,-0.39994135,0.13921178877353668,0.9742063283920288,0.6076861619949341
YBL071W-A,YDL211C,0,-0.40000838,0.13919205963611603,0.9742063283920288,0.607786238193512
YEL056W,YOL083W,0,-0.40036562,0.13917233049869537,0.9742063283920288,0.6078863143920898
YOR221C,YFR033C,0,-0.4008513,0.1391526162624359,0.9742063283920288,0.6079863905906677
YGL078C,YMR233W,0,-0.40120366,0.13913290202617645,0.9742063283920288,0.6080864667892456
YER073W,YOR191W,0,-0.4022645,0.139113187789917,0.9742063283920288,0.6081865429878235
YPR024W,YKL143W,0,-0.40252137,0.13909348845481873,0.9742063283920288,0.6082866191864014
YPR193C,YPR109W,0,-0.402562,0.13907378911972046,0.9742063283920288,0.6083866953849792
YJR094C,YIL107C,0,-0.4035129,0.1390540897846222,0.9742063283920288,0.6084867715835571
YIL083C,YKR091W,0,-0.40416828,0.13903440535068512,0.9742063283920288,0.608586847782135
YGR066C,YMR295C,0,-0.40492344,0.13901472091674805,0.9742063283920288,0.6086869239807129
YNR075W,YHR017W,0,-0.40524185,0.13899505138397217,0.9742063283920288,0.6087870001792908
YDL077C,YPR144C,0,-0.40598214,0.1389753818511963,0.9742063283920288,0.6088871359825134
YHR102W,YPL041C,0,-0.4061538,0.1389557123184204,0.9742063283920288,0.6089872121810913
YLR234W,YOL157C,0,-0.40634352,0.13893604278564453,0.9742063283920288,0.6090872883796692
YER126C,YJL206C,0,-0.40634492,0.13891638815402985,0.9742063283920288,0.6091873645782471
YPL138C,YJR016C,0,-0.40743196,0.13889674842357635,0.9742063283920288,0.609287440776825
YOR168W,YPL052W-A,0,-0.40827686,0.13887710869312286,0.9742063283920288,0.6093875169754028
YMR217W,YPR182W,0,-0.4084208,0.13885746896266937,0.9742063283920288,0.6094875931739807
YJL107C,YJR138W,0,-0.4084822,0.13883782923221588,0.9742063283920288,0.6095876693725586
YOL086C,YHR141C,0,-0.40858477,0.13881820440292358,0.9742063283920288,0.6096877455711365
YKL053C-A,YGR053C,0,-0.40862733,0.1387985795736313,0.9742063283920288,0.6097878217697144
YLR024C,YGR043C,0,-0.4091227,0.13877896964550018,0.9742063283920288,0.6098878979682922
YLR071C,YBR005W,0,-0.40914673,0.13875935971736908,0.9742063283920288,0.6099879741668701
YHR140W,YLR342W,0,-0.40921283,0.13873974978923798,0.9742063283920288,0.610088050365448
YJR112W,YDR131C,0,-0.40934747,0.13872015476226807,0.9742063283920288,0.6101881265640259
YLR324W,YHR182W,0,-0.40957242,0.13870055973529816,0.9742063283920288,0.6102882027626038
YDL232W,YIL063C,0,-0.4100032,0.13868097960948944,0.9742063283920288,0.6103883385658264
YKL071W,YOL006C,0,-0.41024068,0.13866139948368073,0.9742063283920288,0.6104884147644043
YKL222C,YBL097W,0,-0.41069996,0.138641819357872,0.9742063283920288,0.6105884909629822
YGL097W,YGL228W,0,-0.4110987,0.1386222541332245,0.9742063283920288,0.6106885671615601
YCR097WB,YJR140C,0,-0.4113859,0.13860268890857697,0.9742063283920288,0.6107886433601379
YDL179W,YOL070C,0,-0.41140327,0.13858312368392944,0.9742063283920288,0.6108887195587158
YDR051C,YJL221C,0,-0.41157532,0.13856357336044312,0.9742063283920288,0.6109887957572937
YMR104C,YMR295C,0,-0.41164544,0.1385440230369568,0.9742063283920288,0.6110888719558716
YOL162W,YER007W,0,-0.41210502,0.13852447271347046,0.9742063283920288,0.6111889481544495
YLR010C,YFR053C,0,-0.4128672,0.13850493729114532,0.9742063283920288,0.6112890243530273
YNR060W,YGR199W,0,-0.41334143,0.1384854018688202,0.9742063283920288,0.6113891005516052
YHL015W,YER160C,0,-0.41367772,0.13846588134765625,0.9742063283920288,0.6114891767501831
YOR008C,YLR390W-A,0,-0.41455853,0.1384463608264923,0.9742063283920288,0.611589252948761
YKR046C,YIL002C,0,-0.41505396,0.13842684030532837,0.9742063283920288,0.6116893291473389
YLR253W,YOR211C,0,-0.41512108,0.13840733468532562,0.9742063283920288,0.6117894053459167
YLR278C,YJL003W,0,-0.4153837,0.13838782906532288,0.9742063283920288,0.6118895411491394
YJL026W,YER164W,1,-0.41564927,0.13850922882556915,0.9751983880996704,0.6118895411491394
YML058W,YER095W,1,-0.41615668,0.13863059878349304,0.976190447807312,0.6118895411491394
YLR222C,YNR003C,0,-0.41626823,0.1386110782623291,0.976190447807312,0.6119896173477173
YKL096W-A,YNR071C,0,-0.41660964,0.13859154284000397,0.976190447807312,0.6120896935462952
YPL050C,YGL026C,0,-0.41667634,0.13857203722000122,0.976190447807312,0.612189769744873
YER003C,YML029W,0,-0.417284,0.13855251669883728,0.976190447807312,0.6122898459434509
YMR300C,YJL191W,0,-0.41781077,0.13853301107883453,0.976190447807312,0.6123899221420288
YNR016C,YJL177W,0,-0.41791123,0.13851352035999298,0.976190447807312,0.6124899983406067
YAR010C,YGR120C,0,-0.42002347,0.13849401473999023,0.976190447807312,0.6125900745391846
YHR136C,YDL045W-A,0,-0.42017707,0.13847452402114868,0.976190447807312,0.6126901507377625
YGL099W,YKR096W,0,-0.42020163,0.13845504820346832,0.976190447807312,0.6127902269363403
YDL241W,YPL193W,0,-0.42028937,0.13843557238578796,0.976190447807312,0.6128903031349182
YOL165C,YJR028W,0,-0.42030236,0.1384160965681076,0.976190447807312,0.6129903793334961
YIL006W,YPL110C,0,-0.42078805,0.13839662075042725,0.976190447807312,0.613090455532074
YBR286W,YJL219W,0,-0.42227054,0.13837715983390808,0.976190447807312,0.6131905317306519
YPR024W,YPL123C,0,-0.42262453,0.13835769891738892,0.976190447807312,0.6132906079292297
YIL009C-A,YMR170C,0,-0.42274666,0.13833825290203094,0.976190447807312,0.6133906841278076
YLR131C,YKR096W,0,-0.42308328,0.13831880688667297,0.976190447807312,0.6134908199310303
YKL180W,YLR200W,0,-0.4231261,0.138299360871315,0.976190447807312,0.6135908961296082
YHR139C,YHR045W,0,-0.42380568,0.13827992975711823,0.976190447807312,0.613690972328186
YPR017C,YJL048C,0,-0.42416242,0.13826049864292145,0.976190447807312,0.6137910485267639
YML026C,YBR018C,0,-0.42425674,0.13824108242988586,0.976190447807312,0.6138911247253418
YBR016W,YLR067C,0,-0.42443633,0.13822166621685028,0.976190447807312,0.6139912009239197
YER003C,YNL113W,0,-0.42472854,0.1382022500038147,0.976190447807312,0.6140912771224976
YOL047C,YDR260C,0,-0.42582873,0.1381828337907791,0.976190447807312,0.6141913533210754
YIL151C,YGL259W,0,-0.42626032,0.13816343247890472,0.976190447807312,0.6142914295196533
YDR251W,YBR084W,0,-0.42631316,0.13814404606819153,0.976190447807312,0.6143915057182312
YCR079W,YNL297C,0,-0.4271332,0.13812464475631714,0.976190447807312,0.6144915819168091
YIL129C,YGR070W,0,-0.42715567,0.13810525834560394,0.976190447807312,0.614591658115387
YPL196W,YDR254W,0,-0.42725018,0.13808588683605194,0.976190447807312,0.6146917343139648
YPL275W,YJL136C,0,-0.42741913,0.13806650042533875,0.976190447807312,0.6147918105125427
YNL206C,YLR406C,0,-0.4277197,0.13804714381694794,0.976190447807312,0.6148918867111206
YKR079C,YFL034W,0,-0.42773408,0.13802777230739594,0.976190447807312,0.6149920225143433
YKR023W,YHR002W,0,-0.42819735,0.13800841569900513,0.976190447807312,0.6150920987129211
YKR059W,YKL051W,0,-0.42903817,0.13798905909061432,0.976190447807312,0.615192174911499
YDR131C,YBR115C,0,-0.43013787,0.1379697173833847,0.976190447807312,0.6152922511100769
YKR066C,YPL235W,0,-0.4306811,0.1379503756761551,0.976190447807312,0.6153923273086548
YER127W,YBL080C,0,-0.4307802,0.13793103396892548,0.976190447807312,0.6154924035072327
YOL042W,YBR142W,0,-0.4310223,0.13791170716285706,0.976190447807312,0.6155924797058105
YPL250C,YBR167C,0,-0.43109322,0.13789238035678864,0.976190447807312,0.6156925559043884
YDR011W,YBR023C,0,-0.4311908,0.13787305355072021,0.976190447807312,0.6157926321029663
YOR144C,YDL045W-A,0,-0.4318556,0.137853741645813,0.976190447807312,0.6158927083015442
YJL059W,YBR001C,0,-0.4322612,0.13783442974090576,0.976190447807312,0.6159927845001221
YOR231W,YKL162C,0,-0.4324848,0.13781513273715973,0.976190447807312,0.6160928606987
YNL136W,YDR158W,0,-0.43258554,0.1377958208322525,0.976190447807312,0.6161929368972778
YKR061W,YBR127C,0,-0.43266368,0.13777653872966766,0.976190447807312,0.6162930130958557
YML093W,YJR045C,0,-0.43266553,0.13775724172592163,0.976190447807312,0.6163930892944336
YOR131C,YNL093W,0,-0.43287256,0.1377379596233368,0.976190447807312,0.6164931654930115
YJL038C,YCR021C,0,-0.4329453,0.13771867752075195,0.976190447807312,0.6165933012962341
YDR146C,YGL039W,0,-0.43366307,0.1376994103193283,0.976190447807312,0.616693377494812
YCR015C,YOR057W,0,-0.43393826,0.13768014311790466,0.976190447807312,0.6167934536933899
YGL053W,YPL101W,0,-0.4344748,0.1376608908176422,0.976190447807312,0.6168935298919678
YGR002C,YGL078C,0,-0.43482623,0.13764162361621857,0.976190447807312,0.6169936060905457
YHR156C,YPL168W,0,-0.43491197,0.13762237131595612,0.976190447807312,0.6170936822891235
YHL039W,YPR013C,0,-0.4350176,0.13760313391685486,0.976190447807312,0.6171937584877014
YCR106W,YNL015W,0,-0.43518335,0.1375838965177536,0.976190447807312,0.6172938346862793
YLR445W,YML027W,0,-0.4354753,0.13756465911865234,0.976190447807312,0.6173939108848572
YNL136W,YMR266W,0,-0.4355509,0.1375454217195511,0.976190447807312,0.6174939870834351
YBR081C,YHL012W,0,-0.43610403,0.13752619922161102,0.976190447807312,0.6175940632820129
YFR018C,YPL239W,0,-0.43649065,0.13750699162483215,0.976190447807312,0.6176941394805908
YJR021C,YHR147C,0,-0.43706334,0.1374877691268921,0.976190447807312,0.6177942156791687
YIL105C,YBR154C,0,-0.4372395,0.13746856153011322,0.976190447807312,0.6178942918777466
YBR205W,YHL032C,0,-0.4373247,0.13744936883449554,0.976190447807312,0.6179943680763245
YCR035C,YPL043W,0,-0.4381639,0.13743016123771667,0.976190447807312,0.6180945038795471
YER017C,YBR115C,0,-0.43838254,0.1374109834432602,0.976190447807312,0.618194580078125
YDR097C,YOR262W,0,-0.43865192,0.13739179074764252,0.976190447807312,0.6182946562767029
YOR304C-A,YJR058C,0,-0.4388105,0.13737261295318604,0.976190447807312,0.6183947324752808
YEL031W,YHR196W,0,-0.43881458,0.13735343515872955,0.976190447807312,0.6184948086738586
YCL075W,YLR218C,0,-0.439098,0.13733425736427307,0.976190447807312,0.6185948848724365
YOR181W,YFL034W,0,-0.43944842,0.13731509447097778,0.976190447807312,0.6186949610710144
YDR019C,YAL002W,0,-0.43967044,0.1372959464788437,0.976190447807312,0.6187950372695923
YBL005W,YHR141C,0,-0.44000673,0.1372767835855484,0.976190447807312,0.6188951134681702
YDR198C,YKR013W,0,-0.44003367,0.1372576355934143,0.976190447807312,0.618995189666748
YLL007C,YML130C,0,-0.440457,0.1372384876012802,0.976190447807312,0.6190952658653259
YMR060C,YJR001W,0,-0.44053915,0.1372193545103073,0.976190447807312,0.6191953420639038
YER024W,YLR347C,0,-0.44076318,0.1372002214193344,0.976190447807312,0.6192954182624817
YML064C,YJR044C,0,-0.44088042,0.1371810883283615,0.976190447807312,0.6193954944610596
YIL168W,YPR002W,0,-0.44148123,0.1371619701385498,0.976190447807312,0.6194955706596375
YBR108W,YLR438C-A,0,-0.44156277,0.1371428519487381,0.976190447807312,0.6195956468582153
YOR386W,YDR266C,0,-0.44170046,0.13712374866008759,0.976190447807312,0.619695782661438
YDR038C,YIL177C,0,-0.44220993,0.13710464537143707,0.976190447807312,0.6197958588600159
YBR220C,YDR205W,0,-0.44282475,0.13708554208278656,0.976190447807312,0.6198959350585938
YKL221W,YIL078W,0,-0.44314563,0.13706643879413605,0.976190447807312,0.6199960112571716
YPL235W,YGR285C,0,-0.44357264,0.13704735040664673,0.976190447807312,0.6200960874557495
YGL230C,YLR423C,0,-0.44362122,0.1370282620191574,0.976190447807312,0.6201961636543274
YLR137W,YDL220C,0,-0.44415617,0.13700918853282928,0.976190447807312,0.6202962398529053
YGL230C,YCR100C,0,-0.44453704,0.13699011504650116,0.976190447807312,0.6203963160514832
YOR390W,YHR205W,0,-0.44488266,0.13697104156017303,0.976190447807312,0.620496392250061
YHR053C,YOR290C,0,-0.44501296,0.1369519829750061,0.976190447807312,0.6205964684486389
YGR124W,YGR131W,0,-0.44524613,0.13693292438983917,0.976190447807312,0.6206965446472168
YCL043C,YKR038C,0,-0.4455868,0.13691386580467224,0.976190447807312,0.6207966208457947
YHR009C,YNR073C,0,-0.4458284,0.1368948221206665,0.976190447807312,0.6208966970443726
YPL198W,YLR337W,0,-0.44617736,0.13687577843666077,0.976190447807312,0.6209967732429504
YJR129C,YOR123C,0,-0.4467222,0.13685674965381622,0.976190447807312,0.6210968494415283
YJL102W,YML126C,0,-0.44708008,0.13683772087097168,0.976190447807312,0.621196985244751
YOR044W,YPR181C,0,-0.447192,0.13681869208812714,0.976190447807312,0.6212970614433289
YGR152C,YJR116W,0,-0.44727725,0.1367996633052826,0.976190447807312,0.6213971376419067
YEL037C,YLR304C,0,-0.44729143,0.13678064942359924,0.976190447807312,0.6214972138404846
YHL031C,YDR427W,0,-0.44752514,0.1367616355419159,0.976190447807312,0.6215972900390625
YKL144C,YDR296W,0,-0.44778955,0.13674263656139374,0.976190447807312,0.6216973662376404
YDR389W,YBR180W,0,-0.44781917,0.13672363758087158,0.976190447807312,0.6217974424362183
YHL039W,YDR350C,0,-0.44828987,0.13670463860034943,0.976190447807312,0.6218975186347961
YDL025C,YJL021C,0,-0.4485678,0.13668565452098846,0.976190447807312,0.621997594833374
YER110C,YGL184C,0,-0.4488477,0.1366666704416275,0.976190447807312,0.6220976710319519
YMR051C,YNL020C,0,-0.44899797,0.13664768636226654,0.976190447807312,0.6221977472305298
YGR141W,YCR034W,0,-0.44901448,0.13662871718406677,0.976190447807312,0.6222978234291077
YBR193C,YJR054W,0,-0.44901803,0.136609748005867,0.976190447807312,0.6223978996276855
YGL230C,YJL184W,0,-0.4490401,0.13659077882766724,0.976190447807312,0.6224979758262634
YAR019C,YKL207W,0,-0.44909868,0.13657182455062866,0.976190447807312,0.6225980520248413
YOR093C,YCR004C,0,-0.44913644,0.1365528702735901,0.976190447807312,0.622698187828064
YMR033W,YOL124C,0,-0.4492456,0.1365339308977127,0.976190447807312,0.6227982640266418
YGR250C,YOR033C,0,-0.44932604,0.13651497662067413,0.976190447807312,0.6228983402252197
YKL023W,YNL078W,0,-0.44942766,0.13649605214595795,0.976190447807312,0.6229984164237976
YGR250C,YOL132W,0,-0.4497016,0.13647711277008057,0.976190447807312,0.6230984926223755
YHR039C-A,YBR005W,0,-0.4497288,0.13645818829536438,0.976190447807312,0.6231985688209534
YFL034C-B,YLR151C,0,-0.4499491,0.1364392638206482,0.976190447807312,0.6232986450195312
YPR052C,YPL186C,0,-0.45013124,0.1364203542470932,0.976190447807312,0.6233987212181091
YER131W,YLR173W,0,-0.4505654,0.1364014446735382,0.976190447807312,0.623498797416687
YER001W,YHR146W,0,-0.45127064,0.13638253509998322,0.976190447807312,0.6235988736152649
YBL092W,YHR138C,0,-0.45142084,0.13636364042758942,0.976190447807312,0.6236989498138428
YHL046C,YOL006C,0,-0.45165688,0.13634474575519562,0.976190447807312,0.6237990260124207
YCR043C,YJL053W,0,-0.45254874,0.13632585108280182,0.976190447807312,0.6238991022109985
YNL326C,YDR304C,0,-0.45285648,0.1363069713115692,0.976190447807312,0.6239991784095764
YDR196C,YPL019C,0,-0.45293018,0.1362880915403366,0.976190447807312,0.6240992546081543
YKR046C,YNL005C,0,-0.4529605,0.136269211769104,0.976190447807312,0.6241993308067322
YPL006W,YER184C,0,-0.45321706,0.1362503468990326,0.976190447807312,0.6242994666099548
YDR298C,YOL159C,0,-0.45395273,0.13623148202896118,0.976190447807312,0.6243995428085327
YPL171C,YMR138W,0,-0.45397907,0.13621261715888977,0.976190447807312,0.6244996190071106
YGL187C,YDL106C,0,-0.45453826,0.13619376718997955,0.976190447807312,0.6245996952056885
YGR230W,YEL022W,0,-0.4547451,0.13617491722106934,0.976190447807312,0.6246997714042664
YHL012W,YNL264C,0,-0.45535916,0.1361560821533203,0.976190447807312,0.6247998476028442
YCR055C,YHL032C,0,-0.45656747,0.1361372470855713,0.976190447807312,0.6248999238014221
YCR102C,YNL139C,0,-0.45689526,0.13611841201782227,0.976190447807312,0.625
YBR258C,YPL158C,0,-0.457393,0.13609959185123444,0.976190447807312,0.6251000761985779
YNL243W,YOR099W,0,-0.45763713,0.1360807567834854,0.976190447807312,0.6252001523971558
YHR026W,YNL072W,0,-0.4580593,0.13606195151805878,0.976190447807312,0.6253002285957336
YLR157C-A,YML045W,0,-0.4586705,0.13604313135147095,0.976190447807312,0.6254003047943115
YOL007C,YKR061W,0,-0.45894623,0.1360243260860443,0.976190447807312,0.6255003809928894
YLR324W,YOR375C,0,-0.45967233,0.13600553572177887,0.976190447807312,0.6256004571914673
YJL099W,YKL190W,0,-0.4600388,0.13598673045635223,0.976190447807312,0.6257005333900452
YCL044C,YOR078W,0,-0.46031404,0.1359679400920868,0.976190447807312,0.6258006691932678
YOL142W,YPL058C,0,-0.4609913,0.13594916462898254,0.976190447807312,0.6259007453918457
YBR042C,YLR047C,0,-0.46156895,0.1359303742647171,0.976190447807312,0.6260008215904236
YPL241C,YDR055W,0,-0.4617056,0.13591159880161285,0.976190447807312,0.6261008977890015
YPL168W,YGR131W,0,-0.46196982,0.1358928382396698,0.976190447807312,0.6262009739875793
YOR287C,YPR067W,0,-0.46212852,0.13587406277656555,0.976190447807312,0.6263010501861572
YPL184C,YHR008C,0,-0.4622975,0.1358553022146225,0.976190447807312,0.6264011263847351
YFR014C,YDR421W,0,-0.46239868,0.13583655655384064,0.976190447807312,0.626501202583313
YER019W,YMR201C,0,-0.46294814,0.13581781089305878,0.976190447807312,0.6266012787818909
YOL135C,YIL168W,0,-0.46319702,0.13579906523227692,0.976190447807312,0.6267013549804688
YBL015W,YNL056W,0,-0.46334153,0.13578031957149506,0.976190447807312,0.6268014311790466
YER114C,YDL136W,0,-0.46345764,0.1357615888118744,0.976190447807312,0.6269015073776245
YKL213C,YBR001C,0,-0.4637719,0.13574285805225372,0.976190447807312,0.6270015835762024
YNL272C,YJR116W,0,-0.46425045,0.13572414219379425,0.976190447807312,0.6271016597747803
YJL078C,YBR248C,0,-0.4644394,0.13570542633533478,0.976190447807312,0.6272017359733582
YIL104C,YEL029C,0,-0.46525025,0.1356867104768753,0.976190447807312,0.627301812171936
YDL126C,YOR396W,0,-0.46552908,0.13566799461841583,0.976190447807312,0.6274019479751587
YJL104W,YNL176C,0,-0.46586698,0.13564929366111755,0.976190447807312,0.6275020241737366
YJL079C,YDR472W,0,-0.46598005,0.13563059270381927,0.976190447807312,0.6276021003723145
YDL004W,YJL110C,0,-0.46611616,0.1356119066476822,0.976190447807312,0.6277021765708923
YPR135W,YJL107C,0,-0.46612912,0.1355932205915451,0.976190447807312,0.6278022527694702
YPR199C,YLR068W,0,-0.46710426,0.13557453453540802,0.976190447807312,0.6279023289680481
YCR102C,YNR055C,0,-0.4673486,0.13555586338043213,0.976190447807312,0.628002405166626
YLR019W,YOR390W,0,-0.4679435,0.13553719222545624,0.976190447807312,0.6281024813652039
YER083C,YJL183W,0,-0.46875498,0.13551852107048035,0.976190447807312,0.6282025575637817
YPR015C,YJL203W,0,-0.4692065,0.13549986481666565,0.976190447807312,0.6283026337623596
YDL099W,YGL008C,0,-0.46940243,0.13548120856285095,0.976190447807312,0.6284027099609375
YPR104C,YKL216W,0,-0.47000206,0.13546255230903625,0.976190447807312,0.6285027861595154
YDR050C,YIL169C,0,-0.4702814,0.13544391095638275,0.976190447807312,0.6286028623580933
YDR367W,YBR123C,0,-0.4703222,0.13542526960372925,0.976190447807312,0.6287029385566711
YAL012W,YDL206W,0,-0.4708305,0.13540662825107574,0.976190447807312,0.628803014755249
YDR351W,YLR137W,0,-0.47149757,0.13538800179958344,0.976190447807312,0.6289031505584717
YGR163W,YDL156W,0,-0.47164756,0.13536937534809113,0.976190447807312,0.6290032267570496
YDR263C,YOR137C,0,-0.4717123,0.13535076379776,0.976190447807312,0.6291033029556274
YLR390W,YJL115W,0,-0.47193843,0.1353321373462677,0.976190447807312,0.6292033791542053
YEL048C,YDR330W,0,-0.4720146,0.13531352579593658,0.976190447807312,0.6293034553527832
YPL061W,YGR037C,0,-0.47223067,0.13529492914676666,0.976190447807312,0.6294035315513611
YGR042W,YOR265W,0,-0.47365153,0.13527633249759674,0.976190447807312,0.629503607749939
YPR111W,YHR162W,0,-0.47415596,0.13525773584842682,0.976190447807312,0.6296036839485168
YKR023W,YPL173W,0,-0.47589076,0.1352391391992569,0.976190447807312,0.6297037601470947
YNL157W,YJL125C,0,-0.4761932,0.13522055745124817,0.976190447807312,0.6298038363456726
YLR043C,YGL158W,0,-0.476572,0.13520197570323944,0.976190447807312,0.6299039125442505
YFR004W,YKR071C,0,-0.47693747,0.1351834088563919,0.976190447807312,0.6300039887428284
YNL101W,YMR265C,0,-0.47699717,0.13516484200954437,0.976190447807312,0.6301040649414062
YDR348C,YKR095W-A,0,-0.4771082,0.13514627516269684,0.976190447807312,0.6302041411399841
YOL044W,YDL063C,0,-0.47718555,0.1351277083158493,0.976190447807312,0.630304217338562
YPL150W,YBR267W,0,-0.47727716,0.13510915637016296,0.976190447807312,0.6304043531417847
YKL209C,YDR414C,0,-0.47767648,0.13509060442447662,0.976190447807312,0.6305044293403625
YML058W,YDL101C,1,-0.4776925,0.1352093368768692,0.9771825671195984,0.6305044293403625
YKR035W-A,YJR151C,0,-0.47769397,0.13519077003002167,0.9771825671195984,0.6306045055389404
YLR253W,YGR266W,0,-0.47772434,0.13517221808433533,0.9771825671195984,0.6307045817375183
YIR007W,YML126C,0,-0.4783306,0.13515368103981018,0.9771825671195984,0.6308046579360962
YHR147C,YBR160W,0,-0.47862762,0.13513512909412384,0.9771825671195984,0.6309047341346741
YGR003W,YML132W,0,-0.47890663,0.1351165920495987,0.9771825671195984,0.631004810333252
YBR005W,YOR389W,0,-0.4795338,0.13509806990623474,0.9771825671195984,0.6311048865318298
YGR109C,YOR223W,0,-0.4796992,0.1350795328617096,0.9771825671195984,0.6312049627304077
YGL053W,YLR073C,0,-0.48152936,0.13506101071834564,0.9771825671195984,0.6313050389289856
YAL013W,YDR216W,0,-0.48228696,0.13504250347614288,0.9771825671195984,0.6314051151275635
YLR323C,YGR266W,0,-0.48239583,0.13502399623394012,0.9771825671195984,0.6315051913261414
YJR139C,YGR133W,0,-0.48340374,0.13500548899173737,0.9771825671195984,0.6316052675247192
YBR291C,YDR397C,0,-0.48368362,0.1349869817495346,0.9771825671195984,0.6317053437232971
YOR234C,YJR043C,0,-0.48382092,0.13496848940849304,0.9771825671195984,0.631805419921875
YDL146W,YEL058W,0,-0.4840251,0.13494999706745148,0.9771825671195984,0.6319054961204529
YHL035C,YPL156C,0,-0.48471195,0.1349315047264099,0.9771825671195984,0.6320056319236755
YFR048W,YFL066C,0,-0.48500016,0.13491302728652954,0.9771825671195984,0.6321057081222534
YMR060C,YDR026C,0,-0.48503345,0.13489454984664917,0.9771825671195984,0.6322057843208313
YOR311C,YMR199W,0,-0.48542395,0.1348760724067688,0.9771825671195984,0.6323058605194092
YGL156W,YKR038C,0,-0.48548415,0.13485760986804962,0.9771825671195984,0.6324059367179871
YDR387C,YDR473C,0,-0.48580316,0.13483914732933044,0.9771825671195984,0.6325060129165649
YDR211W,YHR206W,0,-0.48645043,0.13482069969177246,0.9771825671195984,0.6326060891151428
YDL170W,YMR146C,0,-0.48661894,0.13480223715305328,0.9771825671195984,0.6327061653137207
YBR301W,YNR006W,0,-0.4866233,0.1347838044166565,0.9771825671195984,0.6328062415122986
YLR460C,YOR194C,0,-0.48729303,0.1347653567790985,0.9771825671195984,0.6329063177108765
YCL020W,YPR043W,0,-0.4876105,0.13474692404270172,0.9771825671195984,0.6330063939094543
YLR040C,YBR154C,0,-0.4877444,0.13472849130630493,0.9771825671195984,0.6331064701080322
YJL116C,YFR038W,0,-0.4883621,0.13471005856990814,0.9771825671195984,0.6332065463066101
YDR159W,YPR124W,0,-0.48862344,0.13469164073467255,0.9771825671195984,0.633306622505188
YHR154W,YJL107C,0,-0.48866758,0.13467322289943695,0.9771825671195984,0.6334066987037659
YCR014C,YCL075W,0,-0.4888897,0.13465481996536255,0.9771825671195984,0.6335068345069885
YDL119C,YKL032C,0,-0.48897457,0.13463641703128815,0.9771825671195984,0.6336069107055664
YBR115C,YIL177C,0,-0.4889914,0.13461801409721375,0.9771825671195984,0.6337069869041443
YBR260C,YPL135W,0,-0.48942024,0.13459961116313934,0.9771825671195984,0.6338070631027222
YPL275W,YDR400W,0,-0.48958182,0.13458122313022614,0.9771825671195984,0.6339071393013
YDR461W,YOR002W,0,-0.49060225,0.13456283509731293,0.9771825671195984,0.6340072154998779
YOR018W,YER155C,0,-0.49065423,0.1345444619655609,0.9771825671195984,0.6341072916984558
YER074W-A,YLR432W,0,-0.49114513,0.1345260888338089,0.9771825671195984,0.6342073678970337
YBR220C,YOR346W,0,-0.49118522,0.13450771570205688,0.9771825671195984,0.6343074440956116
YDR148C,YPR079W,0,-0.49148664,0.13448935747146606,0.9771825671195984,0.6344075202941895
YGL201C,YER134C,0,-0.4916276,0.13447098433971405,0.9771825671195984,0.6345075964927673
YKL023W,YDR320C,0,-0.49198645,0.13445264101028442,0.9771825671195984,0.6346076726913452
YPL275W,YJL167W,0,-0.492022,0.1344342827796936,0.9771825671195984,0.6347077488899231
YNL033W,YGR225W,0,-0.49211282,0.13441593945026398,0.9771825671195984,0.634807825088501
YJL203W,YLR134W,0,-0.49222916,0.13439759612083435,0.9771825671195984,0.6349079012870789
YKL148C,YMR033W,0,-0.49225318,0.13437926769256592,0.9771825671195984,0.6350079774856567
YDR118W,YPR147C,0,-0.49262512,0.13436093926429749,0.9771825671195984,0.6351081132888794
YDR380W,YOR162C,0,-0.4927733,0.13434261083602905,0.9771825671195984,0.6352081894874573
YER124C,YMR194W,0,-0.49324298,0.13432428240776062,0.9771825671195984,0.6353082656860352
YML065W,YLR460C,0,-0.49344456,0.13430596888065338,0.9771825671195984,0.635408341884613
YBL026W,YJL001W,0,-0.49364328,0.13428765535354614,0.9771825671195984,0.6355084180831909
YLR413W,YDL028C,0,-0.49374664,0.1342693567276001,0.9771825671195984,0.6356084942817688
YPL053C,YIL005W,0,-0.49400717,0.13425105810165405,0.9771825671195984,0.6357085704803467
YOR011W,YNR048W,0,-0.49422923,0.134232759475708,0.9771825671195984,0.6358086466789246
YPL150W,YPL008W,0,-0.49425304,0.13421447575092316,0.9771825671195984,0.6359087228775024
YJL062W,YNL095C,0,-0.4946211,0.1341961920261383,0.9771825671195984,0.6360087990760803
YIR025W,YGR189C,0,-0.49491084,0.13417790830135345,0.9771825671195984,0.6361088752746582
YOR304C-A,YBR158W,0,-0.49510342,0.1341596245765686,0.9771825671195984,0.6362089514732361
YIL062C,YFL028C,0,-0.49547058,0.13414135575294495,0.9771825671195984,0.636309027671814
YMR046C,YPL041C,0,-0.49631953,0.1341230869293213,0.9771825671195984,0.6364091038703918
YDR123C,YHR102W,0,-0.49656266,0.13410483300685883,0.9771825671195984,0.6365091800689697
YJR093C,YER004W,0,-0.49666527,0.13408657908439636,0.9771825671195984,0.6366093158721924
YLR178C,YGR150C,0,-0.496677,0.1340683251619339,0.9771825671195984,0.6367093920707703
YCR086W,YMR315W,0,-0.49684563,0.13405008614063263,0.9771825671195984,0.6368094682693481
YHR053C,YLL016W,0,-0.49733102,0.13403184711933136,0.9771825671195984,0.636909544467926
YMR216C,YNL078W,0,-0.49784267,0.1340136080980301,0.9771825671195984,0.6370096206665039
YPL121C,YPL191C,0,-0.49812514,0.13399536907672882,0.9771825671195984,0.6371096968650818
YER128W,YBR030W,0,-0.49817687,0.13397714495658875,0.9771825671195984,0.6372097730636597
YLR113W,YER004W,0,-0.49837983,0.13395893573760986,0.9771825671195984,0.6373098492622375
YGR243W,YMR228W,0,-0.4984862,0.1339407116174698,0.9771825671195984,0.6374099254608154
YOR313C,YDL127W,0,-0.4987296,0.1339225023984909,0.9771825671195984,0.6375100016593933
YML116W,YNL197C,0,-0.49908924,0.13390429317951202,0.9771825671195984,0.6376100778579712
YBL045C,YNL286W,0,-0.4993933,0.13388609886169434,0.9771825671195984,0.6377101540565491
YGL015C,YDR011W,0,-0.50062776,0.13386790454387665,0.9771825671195984,0.637810230255127
YNL006W,YKR094C,0,-0.5008491,0.13384971022605896,0.9771825671195984,0.6379103064537048
YDR266C,YKR014C,0,-0.5009152,0.13383151590824127,0.9771825671195984,0.6380103826522827
YLR126C,YKL154W,0,-0.5013361,0.13381333649158478,0.9771825671195984,0.6381104588508606
YER091C,YLR314C,0,-0.5014793,0.13379515707492828,0.9771825671195984,0.6382105946540833
YOR278W,YLR137W,0,-0.50199074,0.13377699255943298,0.9771825671195984,0.6383106708526611
YER017C,YMR134W,0,-0.5022071,0.13375882804393768,0.9771825671195984,0.638410747051239
YOR126C,YER143W,0,-0.50224525,0.13374066352844238,0.9771825671195984,0.6385108232498169
YDR025W,YPL208W,0,-0.5027233,0.13372251391410828,0.9771825671195984,0.6386108994483948
YOR047C,YHR182W,0,-0.50357264,0.13370436429977417,0.9771825671195984,0.6387109756469727
YML132W,YIL162W,0,-0.50372356,0.13368621468544006,0.9771825671195984,0.6388110518455505
YKL028W,YJL171C,0,-0.50381404,0.13366806507110596,0.9771825671195984,0.6389111280441284
YPL027W,YPR115W,0,-0.5044463,0.13364993035793304,0.9771825671195984,0.6390112042427063
YLR137W,YIL041W,0,-0.50451535,0.13363179564476013,0.9771825671195984,0.6391112804412842
YER141W,YLR362W,0,-0.50500417,0.1336136758327484,0.9771825671195984,0.6392113566398621
YDR409W,YLR178C,0,-0.5050174,0.1335955560207367,0.9771825671195984,0.6393114328384399
YDR507C,YCL027C-A,0,-0.5050278,0.13357743620872498,0.9771825671195984,0.6394115090370178
YDL210W,YJL107C,0,-0.5051805,0.13355931639671326,0.9771825671195984,0.6395115852355957
YLR208W,YBL079W,0,-0.50518775,0.13354121148586273,0.9771825671195984,0.6396116614341736
YIL069C,YPL164C,0,-0.50523245,0.1335231065750122,0.9771825671195984,0.6397117972373962
YPR145W,YMR283C,0,-0.5054102,0.13350501656532288,0.9771825671195984,0.6398118734359741
YNL260C,YDL113C,0,-0.50549394,0.13348692655563354,0.9771825671195984,0.639911949634552
YDR540C,YJL221C,0,-0.505716,0.1334688365459442,0.9771825671195984,0.6400120258331299
YCR075C,YNR003C,0,-0.50577915,0.13345074653625488,0.9771825671195984,0.6401121020317078
YGR097W,YNL101W,0,-0.5064822,0.13343267142772675,0.9771825671195984,0.6402121782302856
YBR180W,YDL136W,0,-0.5067139,0.1334145963191986,0.9771825671195984,0.6403122544288635
YGR016W,YNL097C,0,-0.5071729,0.13339653611183167,0.9771825671195984,0.6404123306274414
YLR091W,YPL076W,0,-0.5072254,0.13337847590446472,0.9771825671195984,0.6405124068260193
YGR192C,YOR033C,0,-0.50738156,0.13336041569709778,0.9771825671195984,0.6406124830245972
YML070W,YCL001W,0,-0.5074654,0.13334235548973083,0.9771825671195984,0.640712559223175
YPL257W-B,YMR046C,0,-0.5079192,0.13332431018352509,0.9771825671195984,0.6408126354217529
YHR192W,YLR455W,0,-0.5080175,0.13330626487731934,0.9771825671195984,0.6409127116203308
YDR371W,YLR057W,0,-0.5081101,0.13328823447227478,0.9771825671195984,0.6410127878189087
YOR304C-A,YDL078C,0,-0.5082746,0.13327018916606903,0.9771825671195984,0.6411128640174866
YKL180W,YHR017W,0,-0.50829405,0.13325215876102448,0.9771825671195984,0.6412129998207092
YJL055W,YBR207W,0,-0.5089466,0.1332341432571411,0.9771825671195984,0.6413130760192871
YDR100W,YDL020C,0,-0.50899065,0.13321612775325775,0.9771825671195984,0.641413152217865
YBR219C,YOR224C,0,-0.50992966,0.1331981122493744,0.9771825671195984,0.6415132284164429
YPR022C,YLR417W,0,-0.5100884,0.13318009674549103,0.9771825671195984,0.6416133046150208
YBL103C,YOR063W,0,-0.5108283,0.13316209614276886,0.9771825671195984,0.6417133808135986
YCR043C,YHR096C,0,-0.51190126,0.1331440955400467,0.9771825671195984,0.6418134570121765
YMR242C,YOR267C,0,-0.5119405,0.13312609493732452,0.9771825671195984,0.6419135332107544
YER001W,YBR078W,0,-0.5121601,0.13310810923576355,0.9771825671195984,0.6420136094093323
YDL190C,YPL061W,0,-0.51251525,0.13309012353420258,0.9771825671195984,0.6421136856079102
YDL150W,YDL156W,0,-0.5128897,0.1330721378326416,0.9771825671195984,0.642213761806488
YKR060W,YOR319W,0,-0.51313967,0.13305416703224182,0.9771825671195984,0.6423138380050659
YOR093C,YLR134W,0,-0.51323014,0.13303619623184204,0.9771825671195984,0.6424139142036438
YDR410C,YGR261C,0,-0.5136153,0.13301822543144226,0.9771825671195984,0.6425139904022217
YLR246W,YJL011C,0,-0.51412547,0.13300026953220367,0.9771825671195984,0.6426140666007996
YHL011C,YFL059W,0,-0.51417744,0.1329823136329651,0.9771825671195984,0.6427141427993774
YPL218W,YKL156W,0,-0.5150097,0.1329643577337265,0.9771825671195984,0.6428142786026001
YGL222C,YHR019C,0,-0.51539177,0.1329464167356491,0.9771825671195984,0.642914354801178
YGR185C,YDR065W,0,-0.51542836,0.13292847573757172,0.9771825671195984,0.6430144309997559
YMR293C,YGL121C,0,-0.51577926,0.13291053473949432,0.9771825671195984,0.6431145071983337
YFL059W,YJL002C,0,-0.51676565,0.13289260864257812,0.9771825671195984,0.6432145833969116
YHR045W,YBR084W,0,-0.51709497,0.13287468254566193,0.9771825671195984,0.6433146595954895
YCR047C,YPL264C,0,-0.5172002,0.13285675644874573,0.9771825671195984,0.6434147357940674
YPR105C,YLR126C,0,-0.5176445,0.13283884525299072,0.9771825671195984,0.6435148119926453
YIL125W,YPR119W,0,-0.51808304,0.13282093405723572,0.9771825671195984,0.6436148881912231
YPR058W,YBR082C,0,-0.5198739,0.1328030228614807,0.9771825671195984,0.643714964389801
YKL116C,YMR102C,0,-0.5200324,0.1327851116657257,0.9771825671195984,0.6438150405883789
YMR123W,YOR174W,0,-0.5202438,0.1327672153711319,0.9771825671195984,0.6439151167869568
YBR105C,YKR064W,0,-0.5202698,0.13274931907653809,0.9771825671195984,0.6440151929855347
YHR124W,YKL158W,0,-0.52039963,0.13273143768310547,0.9771825671195984,0.6441152691841125
YBR155W,YDR287W,0,-0.52054346,0.13271355628967285,0.9771825671195984,0.6442153453826904
YML037C,YKR066C,0,-0.52059644,0.13269567489624023,0.9771825671195984,0.6443154811859131
YJL173C,YGR180C,1,-0.52065474,0.1328125,0.97817462682724,0.6443154811859131
YJL059W,YPR027C,0,-0.5212005,0.13279461860656738,0.97817462682724,0.644415557384491
YGR194C,YGR028W,0,-0.5215896,0.13277673721313477,0.97817462682724,0.6445156335830688
YPL254W,YHR106W,0,-0.52204305,0.13275885581970215,0.97817462682724,0.6446157097816467
YAL020C,YJL052W,0,-0.5227213,0.13274097442626953,0.97817462682724,0.6447157859802246
YJR070C,YOL012C,0,-0.5241954,0.1327231079339981,0.97817462682724,0.6448158621788025
YKR060W,YJL196C,0,-0.5243017,0.13270525634288788,0.97817462682724,0.6449159383773804
YGR254W,YJR022W,0,-0.5249622,0.13268738985061646,0.97817462682724,0.6450160145759583
YBL076C,YOR193W,0,-0.52513355,0.13266953825950623,0.97817462682724,0.6451160907745361
YOL163W,YOR319W,0,-0.52539116,0.132651686668396,0.97817462682724,0.645216166973114
YJL200C,YGL184C,0,-0.5258373,0.13263384997844696,0.97817462682724,0.6453162431716919
YMR290C,YOR148C,0,-0.5259308,0.13261599838733673,0.97817462682724,0.6454163193702698
YAL035W,YGL004C,0,-0.52625793,0.1325981765985489,0.97817462682724,0.6455163955688477
YGR218W,YOR060C,0,-0.5266157,0.13258033990859985,0.97817462682724,0.6456164717674255
YDR045C,YHR112C,0,-0.5268895,0.132562518119812,0.97817462682724,0.6457165479660034
YKL137W,YJR045C,0,-0.52709544,0.13254469633102417,0.97817462682724,0.6458166241645813
YLR321C,YHR197W,1,-0.52717465,0.13266128301620483,0.9791666865348816,0.6458166241645813
YLR053C,YNL167C,0,-0.5272391,0.132643461227417,0.9791666865348816,0.645916759967804
YFR018C,YHR050W,0,-0.5290851,0.13262563943862915,0.9791666865348816,0.6460168361663818
YNL052W,YLR247C,0,-0.52918005,0.1326078176498413,0.9791666865348816,0.6461169123649597
YBL005W-A,YJL113W,0,-0.52924126,0.13259001076221466,0.9791666865348816,0.6462169885635376
YNL061W,YLR384C,0,-0.5296597,0.13257218897342682,0.9791666865348816,0.6463170647621155
YOR292C,YKL079W,0,-0.53092545,0.13255439698696136,0.9791666865348816,0.6464171409606934
YPL221W,YLR438C-A,0,-0.53100574,0.13253659009933472,0.9791666865348816,0.6465172171592712
YML100W,YHR044C,0,-0.5317663,0.13251879811286926,0.9791666865348816,0.6466172933578491
YOR153W,YPR152C,0,-0.5328058,0.1325010061264038,0.9791666865348816,0.646717369556427
YPL186C,YPL149W,0,-0.53313005,0.13248321413993835,0.9791666865348816,0.6468174457550049
YBL050W,YJL011C,0,-0.5332372,0.1324654370546341,0.9791666865348816,0.6469175219535828
YPL196W,YDR266C,0,-0.53349084,0.13244765996932983,0.9791666865348816,0.6470175981521606
YKL079W,YHR147C,0,-0.53419244,0.13242989778518677,0.9791666865348816,0.6471176743507385
YMR203W,YNR066C,0,-0.53429896,0.1324121206998825,0.9791666865348816,0.6472177505493164
YDR005C,YBR234C,0,-0.53472835,0.13239437341690063,0.9791666865348816,0.6473178267478943
YCR057C,YOL044W,0,-0.53482586,0.13237661123275757,0.9791666865348816,0.6474179625511169
YMR275C,YPL274W,0,-0.5351004,0.1323588639497757,0.9791666865348816,0.6475180387496948
YKL021C,YLR137W,0,-0.53520954,0.13234111666679382,0.9791666865348816,0.6476181149482727
YNL315C,YGL200C,0,-0.5361485,0.13232336938381195,0.9791666865348816,0.6477181911468506
YML013W,YOR273C,0,-0.5367402,0.13230563700199127,0.9791666865348816,0.6478182673454285
YML072C,YHR033W,0,-0.5369032,0.1322878897190094,0.9791666865348816,0.6479183435440063
YDR427W,YDR542W,0,-0.53692085,0.13227017223834991,0.9791666865348816,0.6480184197425842
YLR008C,YOR115C,0,-0.5370649,0.13225243985652924,0.9791666865348816,0.6481184959411621
YOR143C,YJL116C,0,-0.53718734,0.13223472237586975,0.9791666865348816,0.64821857213974
YGR083C,YEL029C,0,-0.538959,0.13221701979637146,0.9791666865348816,0.6483186483383179
YBR114W,YMR307W,0,-0.5392993,0.13219930231571198,0.9791666865348816,0.6484187245368958
YDR160W,YBR213W,0,-0.5399375,0.13218159973621368,0.9791666865348816,0.6485188007354736
YIL122W,YGL044C,0,-0.5401384,0.1321638971567154,0.9791666865348816,0.6486188769340515
YFR010W,YOR396W,0,-0.5403964,0.1321462094783783,0.9791666865348816,0.6487189531326294
YBR266C,YJL094C,0,-0.5411356,0.13212850689888,0.9791666865348816,0.6488190293312073
YNL197C,YLR258W,0,-0.5415594,0.1321108341217041,0.9791666865348816,0.6489191055297852
YOR032C,YHR188C,0,-0.54194915,0.132093146443367,0.9791666865348816,0.6490192413330078
YNL280C,YDR422C,0,-0.54204315,0.1320754736661911,0.9791666865348816,0.6491193175315857
YOL053C-A,YFL056C,0,-0.54208606,0.1320578008890152,0.9791666865348816,0.6492193937301636
YDL137W,YPR183W,0,-0.5434573,0.1320401281118393,0.9791666865348816,0.6493194699287415
YCR066W,YHR010W,0,-0.54356414,0.13202247023582458,0.9791666865348816,0.6494195461273193
YLR262C,YKR068C,0,-0.5436173,0.13200481235980988,0.9791666865348816,0.6495196223258972
YDL036C,YKR076W,0,-0.54392415,0.13198716938495636,0.9791666865348816,0.6496196985244751
YOR198C,YLR423C,0,-0.5440771,0.13196951150894165,0.9791666865348816,0.649719774723053
YMR023C,YDR349C,0,-0.5442062,0.13195186853408813,0.9791666865348816,0.6498198509216309
YHL047C,YLR459W,0,-0.54432476,0.1319342404603958,0.9791666865348816,0.6499199271202087
YDL106C,YPL170W,0,-0.544411,0.1319165974855423,0.9791666865348816,0.6500200033187866
YOL158C,YOL125W,0,-0.544486,0.13189896941184998,0.9791666865348816,0.6501200795173645
YMR101C,YBR222C,0,-0.5445073,0.13188134133815765,0.9791666865348816,0.6502201557159424
YLR259C,YPR001W,0,-0.5446213,0.13186372816562653,0.9791666865348816,0.6503202319145203
YDR131C,YHR012W,0,-0.5451209,0.1318461149930954,0.9791666865348816,0.6504203081130981
YPL115C,YOR022C,0,-0.5451912,0.13182850182056427,0.9791666865348816,0.6505204439163208
YMR139W,YKR097W,0,-0.54546374,0.13181090354919434,0.9791666865348816,0.6506205201148987
YPL254W,YDL211C,0,-0.5455513,0.1317932903766632,0.9791666865348816,0.6507205963134766
YHR009C,YJL008C,0,-0.5463654,0.13177570700645447,0.9791666865348816,0.6508206725120544
YDL246C,YMR123W,0,-0.5465642,0.13175810873508453,0.9791666865348816,0.6509207487106323
YDR152W,YHR039C-B,0,-0.54756594,0.1317405253648758,0.9791666865348816,0.6510208249092102
YFR005C,YML131W,0,-0.5476003,0.13172294199466705,0.9791666865348816,0.6511209011077881
YBR090C-A,YJL110C,0,-0.54789656,0.1317053586244583,0.9791666865348816,0.651220977306366
YGL255W,YPR134W,0,-0.54857486,0.13168779015541077,0.9791666865348816,0.6513210535049438
YDR434W,YLL018C,0,-0.5486193,0.13167022168636322,0.9791666865348816,0.6514211297035217
YPR083W,YEL071W,0,-0.5488527,0.13165266811847687,0.9791666865348816,0.6515212059020996
YJL014W,YKL038W,0,-0.54905885,0.13163509964942932,0.9791666865348816,0.6516212821006775
YBR170C,YPL097W,0,-0.5491113,0.13161754608154297,0.9791666865348816,0.6517213582992554
YER127W,YPL003W,0,-0.5497731,0.1316000074148178,0.9791666865348816,0.6518214344978333
YER070W,YPR023C,1,-0.5499561,0.1317157745361328,0.9801587462425232,0.6518214344978333
YDL067C,YBR179C,0,-0.5502547,0.13169822096824646,0.9801587462425232,0.6519215106964111
YJR090C,YDR216W,0,-0.5507433,0.1316806674003601,0.9801587462425232,0.6520216464996338
YOR375C,YLR068W,0,-0.5507782,0.13166311383247375,0.9801587462425232,0.6521217226982117
YLR426W,YER134C,0,-0.55107695,0.1316455751657486,0.9801587462425232,0.6522217988967896
YKL004W,YAL002W,0,-0.55122393,0.13162803649902344,0.9801587462425232,0.6523218750953674
YGR277C,YGR261C,0,-0.55136704,0.13161049783229828,0.9801587462425232,0.6524219512939453
YDR034W-B,YJL056C,0,-0.55178916,0.13159297406673431,0.9801587462425232,0.6525220274925232
YHR173C,YPR018W,0,-0.5518284,0.13157543540000916,0.9801587462425232,0.6526221036911011
YMR270C,YMR046C,0,-0.55271393,0.13155792653560638,0.9801587462425232,0.652722179889679
YKL213C,YOR211C,0,-0.553106,0.13154040277004242,0.9801587462425232,0.6528222560882568
YJL133W,YIL067C,0,-0.55364114,0.13152289390563965,0.9801587462425232,0.6529223322868347
YNR018W,YDR163W,0,-0.5538327,0.13150538504123688,0.9801587462425232,0.6530224084854126
YPR016C,YLL053C,0,-0.5543962,0.1314878910779953,0.9801587462425232,0.6531224846839905
YBR115C,YDR262W,0,-0.554656,0.13147039711475372,0.9801587462425232,0.6532225608825684
YJR017C,YDR225W,0,-0.55467945,0.13145290315151215,0.9801587462425232,0.6533226370811462
YMR242C,YOL128C,0,-0.5548853,0.13143540918827057,0.9801587462425232,0.6534227132797241
YGL180W,YPL015C,0,-0.55490893,0.13141793012619019,0.9801587462425232,0.653522789478302
YBL069W,YFR025C,0,-0.55527735,0.1314004510641098,0.9801587462425232,0.6536229252815247
YCR066W,YGR071C,0,-0.5558028,0.13138297200202942,0.9801587462425232,0.6537230014801025
YOL158C,YMR304W,0,-0.5563811,0.13136550784111023,0.9801587462425232,0.6538230776786804
YHR155W,YGR144W,0,-0.5566192,0.13134804368019104,0.9801587462425232,0.6539231538772583
YHL008C,YDR531W,0,-0.5567969,0.13133057951927185,0.9801587462425232,0.6540232300758362
YER101C,YER087C-A,0,-0.5575231,0.13131313025951385,0.9801587462425232,0.6541233062744141
YDR086C,YOL061W,0,-0.55752724,0.13129568099975586,0.9801587462425232,0.6542233824729919
YOL135C,YOL120C,0,-0.558748,0.13127823173999786,0.9801587462425232,0.6543234586715698
YER076C,YMR309C,0,-0.559071,0.13126079738140106,0.9801587462425232,0.6544235348701477
YFR013W,YHR033W,0,-0.5591044,0.13124336302280426,0.9801587462425232,0.6545236110687256
YMR069W,YOL044W,0,-0.55915153,0.13122592866420746,0.9801587462425232,0.6546236872673035
YCR028C-A,YBR088C,1,-0.55917656,0.13134130835533142,0.9811508059501648,0.6546236872673035
YOL112W,YGR052W,0,-0.5592286,0.13132385909557343,0.9811508059501648,0.6547237634658813
YDR089W,YBR131W,0,-0.55930066,0.13130642473697662,0.9811508059501648,0.6548238396644592
YHR133C,YER066W,0,-0.55947936,0.13128899037837982,0.9811508059501648,0.6549239158630371
YHR048W,YIR003W,0,-0.55968595,0.1312715709209442,0.9811508059501648,0.655023992061615
YIL006W,YHR071W,0,-0.55978197,0.1312541514635086,0.9811508059501648,0.6551241278648376
YKL163W,YHR103W,0,-0.56006706,0.131236732006073,0.9811508059501648,0.6552242040634155
YNL334C,YFL009W,0,-0.56020457,0.1312193125486374,0.9811508059501648,0.6553242802619934
YPL279C,YNR036C,0,-0.56020916,0.13120190799236298,0.9811508059501648,0.6554243564605713
YOL086C,YHR080C,0,-0.56024486,0.13118450343608856,0.9811508059501648,0.6555244326591492
YAR033W,YPR157W,0,-0.5609152,0.13116711378097534,0.9811508059501648,0.655624508857727
YPL053C,YJL191W,0,-0.5611463,0.13114970922470093,0.9811508059501648,0.6557245850563049
YLR278C,YIL162W,0,-0.5616156,0.1311323195695877,0.9811508059501648,0.6558246612548828
YPL172C,YNL283C,0,-0.56212133,0.13111494481563568,0.9811508059501648,0.6559247374534607
YDR399W,YKL077W,0,-0.56275904,0.13109755516052246,0.9811508059501648,0.6560248136520386
YOL026C,YLR411W,0,-0.56311184,0.13108018040657043,0.9811508059501648,0.6561248898506165
YOR245C,YNR055C,0,-0.56340724,0.1310628205537796,0.9811508059501648,0.6562249660491943
YCR092C,YGR032W,0,-0.5634538,0.13104544579982758,0.9811508059501648,0.6563250422477722
YBR080C,YNL061W,0,-0.5641112,0.13102808594703674,0.9811508059501648,0.6564251184463501
YDR402C,YGR294W,0,-0.56419486,0.1310107260942459,0.9811508059501648,0.656525194644928
YAR010C,YJL020C,0,-0.56472415,0.13099338114261627,0.9811508059501648,0.6566252708435059
YEL031W,YLR384C,0,-0.5653828,0.13097603619098663,0.9811508059501648,0.6567254066467285
YGL257C,YMR119W,0,-0.56544596,0.130958691239357,0.9811508059501648,0.6568254828453064
YMR032W,YOR214C,0,-0.56582016,0.13094134628772736,0.9811508059501648,0.6569255590438843
YOR076C,YPL123C,0,-0.5661927,0.1309240162372589,0.9811508059501648,0.6570256352424622
YKL068W,YDR446W,0,-0.5667574,0.13090668618679047,0.9811508059501648,0.65712571144104
YJR095W,YPR122W,0,-0.566832,0.13088935613632202,0.9811508059501648,0.6572257876396179
YER099C,YGR198W,0,-0.5669643,0.13087204098701477,0.9811508059501648,0.6573258638381958
YNL281W,YBL028C,0,-0.56699437,0.13085472583770752,0.9811508059501648,0.6574259400367737
YPR026W,YMR102C,0,-0.56708777,0.13083741068840027,0.9811508059501648,0.6575260162353516
YGL236C,YLR064W,0,-0.5672672,0.1308201104402542,0.9811508059501648,0.6576260924339294
YCR072C,YBL089W,0,-0.56760496,0.13080281019210815,0.9811508059501648,0.6577261686325073
YBR082C,YDR206W,0,-0.56768006,0.1307855099439621,0.9811508059501648,0.6578262448310852
YCL026C-B,YDR313C,0,-0.56829315,0.13076820969581604,0.9811508059501648,0.6579263210296631
YDR172W,YBR092C,0,-0.5685643,0.13075092434883118,0.9811508059501648,0.658026397228241
YPL053C,YHL020C,0,-0.56859845,0.1307336390018463,0.9811508059501648,0.6581264734268188
YER138C,YHR202W,0,-0.56927377,0.13071636855602264,0.9811508059501648,0.6582266092300415
YKL137W,YPL091W,0,-0.569398,0.13069908320903778,0.9811508059501648,0.6583266854286194
YOL007C,YOR044W,0,-0.56941897,0.1306818127632141,0.9811508059501648,0.6584267616271973
YBR149W,YCL062W,0,-0.5694489,0.13066455721855164,0.9811508059501648,0.6585268378257751
YKL058W,YDR338C,0,-0.5701373,0.13064728677272797,0.9811508059501648,0.658626914024353
YHR101C,YLL018C-A,0,-0.5701504,0.1306300312280655,0.9811508059501648,0.6587269902229309
YJL078C,YIL162W,0,-0.5703493,0.1306127905845642,0.9811508059501648,0.6588270664215088
YNL065W,YJR135C,0,-0.5704277,0.13059553503990173,0.9811508059501648,0.6589271426200867
YNL231C,YGL039W,0,-0.57094955,0.13057829439640045,0.9811508059501648,0.6590272188186646
YHR019C,YKR079C,0,-0.57128453,0.13056105375289917,0.9811508059501648,0.6591272950172424
YGL071W,YHL017W,0,-0.5713716,0.13054382801055908,0.9811508059501648,0.6592273712158203
YJL170C,YOR340C,0,-0.5722092,0.1305265873670578,0.9811508059501648,0.6593274474143982
YOR213C,YDL064W,0,-0.57221586,0.1305093765258789,0.9811508059501648,0.6594275236129761
YCL033C,YKR027W,0,-0.57244354,0.13049215078353882,0.9811508059501648,0.659527599811554
YJL197W,YNR018W,0,-0.57330304,0.13047493994235992,0.9811508059501648,0.6596276760101318
YKL214C,YKL103C,0,-0.57360655,0.13045772910118103,0.9811508059501648,0.6597278118133545
YLR073C,YLR220W,0,-0.57371646,0.13044051826000214,0.9811508059501648,0.6598278880119324
YFR033C,YJL046W,0,-0.57405174,0.13042332231998444,0.9811508059501648,0.6599279642105103
YMR001C,YJR116W,0,-0.57427317,0.13040611147880554,0.9811508059501648,0.6600280404090881
YLR063W,YOL108C,0,-0.5751752,0.13038893043994904,0.9811508059501648,0.660128116607666
YIL023C,YDL185W,0,-0.5754172,0.13037173449993134,0.9811508059501648,0.6602281928062439
YHR039C-A,YGL001C,0,-0.57551724,0.13035455346107483,0.9811508059501648,0.6603282690048218
YAL019W,YBL097W,0,-0.57567966,0.13033737242221832,0.9811508059501648,0.6604283452033997
YCR039C,YKL042W,0,-0.57580715,0.130320206284523,0.9811508059501648,0.6605284214019775
YFL029C,YLR384C,0,-0.57596684,0.1303030252456665,0.9811508059501648,0.6606284976005554
YBR247C,YMR315W,0,-0.5767146,0.1302858591079712,0.9811508059501648,0.6607285737991333
YGL245W,YLL017W,0,-0.5774645,0.13026870787143707,0.9811508059501648,0.6608286499977112
YDR540C,YJR135W-A,0,-0.5783656,0.13025154173374176,0.9811508059501648,0.6609287261962891
YPR166C,YJR065C,0,-0.5787872,0.13023439049720764,0.9811508059501648,0.6610288023948669
YLR206W,YJR002W,0,-0.57925403,0.13021725416183472,0.9811508059501648,0.6611288785934448
YJR134C,YNL033W,0,-0.5796072,0.1302001029253006,0.9811508059501648,0.6612289547920227
YOR304C-A,YNL139C,0,-0.5800423,0.13018296658992767,0.9811508059501648,0.6613290905952454
YDL217C,YLR073C,0,-0.58040434,0.13016583025455475,0.9811508059501648,0.6614291667938232
YLR363C,YGR127W,0,-0.580494,0.13014870882034302,0.9811508059501648,0.6615292429924011
YER045C,YCR028C-A,0,-0.5805226,0.1301315724849701,0.9811508059501648,0.661629319190979
YLR023C,YJL110C,0,-0.5805848,0.13011446595191956,0.9811508059501648,0.6617293953895569
YLR357W,YOR101W,0,-0.58085674,0.13009734451770782,0.9811508059501648,0.6618294715881348
YJR028W,YGL169W,0,-0.581149,0.1300802379846573,0.9811508059501648,0.6619295477867126
YGR282C,YDR268W,0,-0.5811896,0.13006313145160675,0.9811508059501648,0.6620296239852905
YGR159C,YER109C,0,-0.5814794,0.1300460249185562,0.9811508059501648,0.6621297001838684
YKL101W,YKL162C,0,-0.58216196,0.13002891838550568,0.9811508059501648,0.6622297763824463
YMR267W,YML121W,0,-0.5823618,0.13001182675361633,0.9811508059501648,0.6623298525810242
YPL168W,YMR238W,0,-0.58301747,0.129994735121727,0.9811508059501648,0.662429928779602
YDR080W,YBL075C,0,-0.58309114,0.12997765839099884,0.9811508059501648,0.6625300049781799
YBR044C,YHL008C,0,-0.58310384,0.1299605816602707,0.9811508059501648,0.6626300811767578
YDR256C,YIR009W,0,-0.58334166,0.12994350492954254,0.9811508059501648,0.6627301573753357
YDR361C,YNL095C,0,-0.5842293,0.1299264281988144,0.9811508059501648,0.6628302931785583
YBL005W-A,YJR009C,0,-0.58425623,0.12990936636924744,0.9811508059501648,0.6629303693771362
YJL026W,YDR037W,0,-0.5843199,0.12989230453968048,0.9811508059501648,0.6630304455757141
YMR215W,YPL133C,0,-0.5851174,0.12987524271011353,0.9811508059501648,0.663130521774292
YMR214W,YGR028W,0,-0.58524907,0.12985819578170776,0.9811508059501648,0.6632305979728699
YHR154W,YPL058C,0,-0.585627,0.129841148853302,0.9811508059501648,0.6633306741714478
YLR229C,YOR161C,0,-0.58596337,0.12982410192489624,0.9811508059501648,0.6634307503700256
YHR193C,YHR167W,0,-0.5861415,0.12980705499649048,0.9811508059501648,0.6635308265686035
YBR281C,YER049W,0,-0.5861993,0.1297900229692459,0.9811508059501648,0.6636309027671814
YGL113W,YMR166C,0,-0.5862846,0.12977299094200134,0.9811508059501648,0.6637309789657593
YML004C,YMR046C,0,-0.586379,0.12975597381591797,0.9811508059501648,0.6638310551643372
YER169W,YJL214W,0,-0.5878784,0.1297389417886734,0.9811508059501648,0.663931131362915
YIL099W,YKL086W,0,-0.5879482,0.12972192466259003,0.9811508059501648,0.6640312075614929
YGL234W,YBL034C,0,-0.58800584,0.12970492243766785,0.9811508059501648,0.6641312837600708
YML048W,YIL069C,0,-0.58812416,0.12968790531158447,0.9811508059501648,0.6642313599586487
YGR162W,YDL021W,0,-0.5881644,0.1296709030866623,0.9811508059501648,0.6643314361572266
YOL009C,YOR010C,0,-0.58903235,0.1296539008617401,0.9811508059501648,0.6644315719604492
YFR014C,YNL005C,0,-0.58915585,0.12963691353797913,0.9811508059501648,0.6645316481590271
YNL061W,YDR130C,0,-0.5893185,0.12961992621421814,0.9811508059501648,0.664631724357605
YOR221C,YBR141C,0,-0.5895832,0.12960293889045715,0.9811508059501648,0.6647318005561829
YAL018C,YLR105C,0,-0.5898701,0.12958595156669617,0.9811508059501648,0.6648318767547607
YIL120W,YNL123W,0,-0.59083253,0.12956897914409637,0.9811508059501648,0.6649319529533386
YCR096C,YOR134W,0,-0.5914982,0.12955200672149658,0.9811508059501648,0.6650320291519165
YAR044W,YER024W,0,-0.5916355,0.1295350342988968,0.9811508059501648,0.6651321053504944
YJR015W,YIL172C,0,-0.591782,0.1295180767774582,0.9811508059501648,0.6652321815490723
YIL142W,YOR032C,0,-0.5921631,0.1295011192560196,0.9811508059501648,0.6653322577476501
YJL134W,YGR287C,0,-0.5921846,0.129484161734581,0.9811508059501648,0.665432333946228
YAL011W,YCL062W,0,-0.5922273,0.1294672042131424,0.9811508059501648,0.6655324101448059
YNL305C,YMR244C-A,0,-0.5925185,0.129450261592865,0.9811508059501648,0.6656324863433838
YJR024C,YNL280C,0,-0.59265804,0.12943331897258759,0.9811508059501648,0.6657325625419617
YHR119W,YGR042W,0,-0.59287924,0.12941637635231018,0.9811508059501648,0.6658326387405396
YFL004W,YJR117W,0,-0.59299594,0.12939944863319397,0.9811508059501648,0.6659327745437622
YHL015W,YJR001W,0,-0.59324837,0.12938252091407776,0.9811508059501648,0.6660328507423401
YEL013W,YOR008C,0,-0.5936098,0.12936559319496155,0.9811508059501648,0.666132926940918
YER092W,YPL211W,0,-0.59373385,0.12934868037700653,0.9811508059501648,0.6662330031394958
YKL013C,YMR202W,0,-0.59380424,0.1293317675590515,0.9811508059501648,0.6663330793380737
YBR062C,YMR011W,0,-0.594088,0.1293148547410965,0.9811508059501648,0.6664331555366516
YIL082W-A,YJL140W,0,-0.5941542,0.12929794192314148,0.9811508059501648,0.6665332317352295
YBR118W,YDR339C,0,-0.5941649,0.12928104400634766,0.9811508059501648,0.6666333079338074
YBR280C,YKL014C,0,-0.59454125,0.12926414608955383,0.9811508059501648,0.6667333841323853
YGR077C,YNL138W,0,-0.59465164,0.12924724817276,0.9811508059501648,0.6668334603309631
YGR208W,YFL035C-B,0,-0.5948359,0.12923036515712738,0.9811508059501648,0.666933536529541
YMR039C,YKL172W,0,-0.5948495,0.12921348214149475,0.9811508059501648,0.6670336127281189
YMR268W-A,YCL054W,0,-0.59495604,0.12919659912586212,0.9811508059501648,0.6671336889266968
YJL187C,YKL162C,0,-0.594972,0.12917973101139069,0.9811508059501648,0.6672337651252747
YPR068C,YMR166C,0,-0.5954272,0.12916286289691925,0.9811508059501648,0.6673338413238525
YDR099W,YBR141C,0,-0.59582996,0.12914599478244781,0.9811508059501648,0.6674339175224304
YOR056C,YPL058C,0,-0.5960616,0.12912912666797638,0.9811508059501648,0.6675340533256531
YIL151C,YLL061W,0,-0.5967651,0.12911227345466614,0.9811508059501648,0.667634129524231
YCR024C-A,YMR023C,0,-0.5969589,0.1290954202413559,0.9811508059501648,0.6677342057228088
YLR002C,YGL251C,1,-0.59822273,0.12920908629894257,0.9821428656578064,0.6677342057228088
YPL150W,YGL017W,0,-0.59834015,0.12919221818447113,0.9821428656578064,0.6678342819213867
YDR211W,YLR340W,0,-0.59841603,0.1291753649711609,0.9821428656578064,0.6679343581199646
YMR203W,YDL088C,0,-0.59916717,0.12915851175785065,0.9821428656578064,0.6680344343185425
YOL161C,YHR110W,0,-0.59952766,0.1291416585445404,0.9821428656578064,0.6681345105171204
YBL038W,YHR173C,0,-0.5999606,0.12912482023239136,0.9821428656578064,0.6682345867156982
YOR217W,YLR137W,0,-0.6001866,0.1291079819202423,0.9821428656578064,0.6683346629142761
YLR445W,YBR147W,0,-0.6007098,0.12909114360809326,0.9821428656578064,0.668434739112854
YCR067C,YPL076W,0,-0.6017495,0.1290743201971054,0.9821428656578064,0.6685348153114319
YER003C,YDL220C,0,-0.60209143,0.12905748188495636,0.9821428656578064,0.6686348915100098
YKL144C,YDL123W,0,-0.60281175,0.1290406733751297,0.9821428656578064,0.6687349677085876
YER055C,YJL052W,0,-0.6032859,0.12902384996414185,0.9821428656578064,0.6688350439071655
YPL064C,YPR143W,0,-0.6042002,0.12900704145431519,0.9821428656578064,0.6689351201057434
YDL106C,YPR035W,0,-0.6045938,0.12899023294448853,0.9821428656578064,0.6690352559089661
YBR175W,YDL012C,0,-0.6046186,0.12897342443466187,0.9821428656578064,0.669135332107544
YJR123W,YBR092C,0,-0.6057531,0.1289566308259964,0.9821428656578064,0.6692354083061218
YLR081W,YDL198C,0,-0.6061001,0.12893982231616974,0.9821428656578064,0.6693354845046997
YNL194C,YDR073W,0,-0.60632765,0.12892304360866547,0.9821428656578064,0.6694355607032776
YNL333W,YDR200C,0,-0.60634404,0.12890625,0.9821428656578064,0.6695356369018555
YKL151C,YFR043C,0,-0.60782164,0.12888947129249573,0.9821428656578064,0.6696357131004333
YCR015C,YOR299W,0,-0.6078638,0.12887269258499146,0.9821428656578064,0.6697357892990112
YDL046W,YDR472W,0,-0.60867715,0.12885591387748718,0.9821428656578064,0.6698358654975891
YOR338W,YML121W,0,-0.6088123,0.1288391500711441,0.9821428656578064,0.669935941696167
YDL137W,YPL145C,0,-0.60883063,0.12882238626480103,0.9821428656578064,0.6700360178947449
YKL027W,YJL214W,0,-0.6094727,0.12880562245845795,0.9821428656578064,0.6701360940933228
YNL245C,YGR292W,0,-0.609881,0.12878885865211487,0.9821428656578064,0.6702361702919006
YPR071W,YOR361C,0,-0.6099902,0.12877210974693298,0.9821428656578064,0.6703362464904785
YHR016C,YDR512C,0,-0.61006767,0.1287553608417511,0.9821428656578064,0.6704363226890564
YBR301W,YLL067C,0,-0.61101526,0.1287386268377304,0.9821428656578064,0.670536458492279
YLR345W,YDL012C,0,-0.6110472,0.12872187793254852,0.9821428656578064,0.6706365346908569
YIR015W,YPL058C,0,-0.61108255,0.12870514392852783,0.9821428656578064,0.6707366108894348
YKL080W,YKR091W,0,-0.6111266,0.12868842482566833,0.9821428656578064,0.6708366870880127
YCL025C,YJL177W,0,-0.6112936,0.12867169082164764,0.9821428656578064,0.6709367632865906
YHR138C,YEL002C,0,-0.611695,0.12865497171878815,0.9821428656578064,0.6710368394851685
YHR097C,YNL306W,0,-0.6117485,0.12863825261592865,0.9821428656578064,0.6711369156837463
YLR356W,YBL006C,0,-0.61195433,0.12862153351306915,0.9821428656578064,0.6712369918823242
YDL006W,YNR076W,0,-0.61215657,0.12860482931137085,0.9821428656578064,0.6713370680809021
YJL125C,YDR452W,0,-0.6121966,0.12858812510967255,0.9821428656578064,0.67143714427948
YOR301W,YGL019W,0,-0.61221063,0.12857143580913544,0.9821428656578064,0.6715372204780579
YNL065W,YPL116W,0,-0.6125533,0.12855473160743713,0.9821428656578064,0.6716372966766357
YOR066W,YPL276W,0,-0.6126936,0.12853804230690002,0.9821428656578064,0.6717373728752136
YPR157W,YDR438W,0,-0.61350685,0.12852135300636292,0.9821428656578064,0.6718374490737915
YDR348C,YER049W,0,-0.61364686,0.128504678606987,0.9821428656578064,0.6719375252723694
YNL157W,YDR151C,0,-0.6143192,0.1284879893064499,0.9821428656578064,0.6720376014709473
YER161C,YLR390W-A,0,-0.61490166,0.12847131490707397,0.9821428656578064,0.6721377372741699
YML057W,YGR078C,0,-0.61490965,0.12845465540885925,0.9821428656578064,0.6722378134727478
YPL196W,YHL018W,0,-0.6150345,0.12843798100948334,0.9821428656578064,0.6723378896713257
YGR229C,YML048W,0,-0.61510605,0.12842132151126862,0.9821428656578064,0.6724379658699036
YBR147W,YDR118W,0,-0.61559486,0.1284046620130539,0.9821428656578064,0.6725380420684814
YGR082W,YDL178W,0,-0.6162309,0.12838801741600037,0.9821428656578064,0.6726381182670593
YPL219W,YFL060C,0,-0.61641,0.12837137281894684,0.9821428656578064,0.6727381944656372
YBR212W,YPR109W,0,-0.6165592,0.1283547282218933,0.9821428656578064,0.6728382706642151
YGR033C,YBR040W,0,-0.61709267,0.12833808362483978,0.9821428656578064,0.672938346862793
YGL204C,YBR267W,0,-0.61713547,0.12832145392894745,0.9821428656578064,0.6730384230613708
YML070W,YDR534C,0,-0.6176098,0.12830482423305511,0.9821428656578064,0.6731384992599487
YPR153W,YOR339C,0,-0.6182484,0.12828819453716278,0.9821428656578064,0.6732385754585266
YKL176C,YJR137C,0,-0.61834,0.12827157974243164,0.9821428656578064,0.6733386516571045
YDR040C,YLR436C,0,-0.6186834,0.1282549500465393,0.9821428656578064,0.6734387278556824
YBR219C,YAL017W,0,-0.6190483,0.12823833525180817,0.9821428656578064,0.6735388040542603
YJR141W,YPR032W,0,-0.61909693,0.12822173535823822,0.9821428656578064,0.6736389398574829
YAL022C,YOR283W,0,-0.6192071,0.12820513546466827,0.9821428656578064,0.6737390160560608
YDL012C,YGR279C,0,-0.6195014,0.12818852066993713,0.9821428656578064,0.6738390922546387
YPL198W,YPR042C,0,-0.6197242,0.12817193567752838,0.9821428656578064,0.6739391684532166
YJL062W,YBL028C,0,-0.619808,0.12815533578395844,0.9821428656578064,0.6740392446517944
YLL054C,YKL018W,0,-0.6200456,0.12813875079154968,0.9821428656578064,0.6741393208503723
YOR377W,YMR119W,0,-0.62011987,0.12812216579914093,0.9821428656578064,0.6742393970489502
YML031W,YMR105C,0,-0.6203136,0.12810559570789337,0.9821428656578064,0.6743394732475281
YIL122W,YMR046C,0,-0.62048936,0.12808901071548462,0.9821428656578064,0.674439549446106
YKR006C,YLR368W,0,-0.62098557,0.12807244062423706,0.9821428656578064,0.6745396256446838
YDR158W,YKL033W-A,0,-0.6215586,0.1280558854341507,0.9821428656578064,0.6746397018432617
YPL133C,YPR153W,0,-0.62194425,0.12803931534290314,0.9821428656578064,0.6747397780418396
YPR098C,YDR165W,0,-0.622128,0.12802276015281677,0.9821428656578064,0.6748398542404175
YMR244C-A,YCL073C,0,-0.6223466,0.1280062049627304,0.9821428656578064,0.6749399304389954
YHL008C,YOL157C,0,-0.6228885,0.12798966467380524,0.9821428656578064,0.6750400066375732
YLR274W,YKL170W,0,-0.6242283,0.12797310948371887,0.9821428656578064,0.6751400828361511
YHR202W,YPR025C,0,-0.6246497,0.1279565691947937,0.9821428656578064,0.6752402186393738
YLL016W,YJL153C,0,-0.62533265,0.12794002890586853,0.9821428656578064,0.6753402948379517
YJL167W,YNL058C,0,-0.6253344,0.12792350351810455,0.9821428656578064,0.6754403710365295
YAL028W,YER087C-A,0,-0.6256397,0.12790697813034058,0.9821428656578064,0.6755404472351074
YKL213C,YKL060C,0,-0.6259565,0.1278904527425766,0.9821428656578064,0.6756405234336853
YNL181W,YLR218C,0,-0.6269027,0.12787392735481262,0.9821428656578064,0.6757405996322632
YIL108W,YDR150W,0,-0.6269514,0.12785741686820984,0.9821428656578064,0.6758406758308411
YDR402C,YLR355C,0,-0.6277569,0.12784090638160706,0.9821428656578064,0.675940752029419
YOR198C,YGR004W,0,-0.63104033,0.12782439589500427,0.9821428656578064,0.6760408282279968
YOR245C,YIL127C,0,-0.6314685,0.12780790030956268,0.9821428656578064,0.6761409044265747
YDR067C,YLR455W,0,-0.631528,0.1277914047241211,0.9821428656578064,0.6762409806251526
YER160C,YKL127W,0,-0.6327025,0.1277749091386795,0.9821428656578064,0.6763410568237305
YLR081W,YNL033W,0,-0.6327159,0.12775841355323792,0.9821428656578064,0.6764411330223083
YER044C,YHR200W,0,-0.6327849,0.12774193286895752,0.9821428656578064,0.6765412092208862
YOR388C,YOR175C,0,-0.6337645,0.12772545218467712,0.9821428656578064,0.6766412854194641
YFL031W,YHL015W,0,-0.633891,0.12770897150039673,0.9821428656578064,0.6767414212226868
YML106W,YDL123W,0,-0.63486093,0.12769250571727753,0.9821428656578064,0.6768414974212646
YKR106W,YLR447C,0,-0.6352194,0.12767603993415833,0.9821428656578064,0.6769415736198425
YDR256C,YLR405W,0,-0.63556105,0.12765957415103912,0.9821428656578064,0.6770416498184204
YKL178C,YGR211W,0,-0.6355968,0.12764310836791992,0.9821428656578064,0.6771417260169983
YAR033W,YNL064C,0,-0.6358655,0.12762665748596191,0.9821428656578064,0.6772418022155762
YLR216C,YOL115W,0,-0.63600475,0.1276102066040039,0.9821428656578064,0.677341878414154
YLR090W,YIL043C,0,-0.6362986,0.1275937557220459,0.9821428656578064,0.6774419546127319
YBL039C,YOR327C,0,-0.63660234,0.12757731974124908,0.9821428656578064,0.6775420308113098
YOR011W,YNL273W,0,-0.6367081,0.12756088376045227,0.9821428656578064,0.6776421070098877
YBR244W,YNL033W,0,-0.6367249,0.12754444777965546,0.9821428656578064,0.6777421832084656
YDL217C,YHR136C,0,-0.6368149,0.12752801179885864,0.9821428656578064,0.6778422594070435
YNR063W,YPL058C,0,-0.6368503,0.12751159071922302,0.9821428656578064,0.6779423356056213
YNL183C,YDL150W,0,-0.6369211,0.1274951696395874,0.9821428656578064,0.6780424118041992
YOR185C,YML072C,0,-0.6378558,0.12747874855995178,0.9821428656578064,0.6781424880027771
YGL255W,YNL233W,0,-0.63791746,0.12746234238147736,0.9821428656578064,0.6782426238059998
YHR117W,YPL252C,0,-0.63857293,0.12744593620300293,0.9821428656578064,0.6783427000045776
YCR076C,YKL004W,0,-0.6387293,0.1274295300245285,0.9821428656578064,0.6784427762031555
YBR191W,YFL022C,0,-0.6389187,0.12741312384605408,0.9821428656578064,0.6785428524017334
YIL169C,YPL259C,0,-0.6390329,0.12739673256874084,0.9821428656578064,0.6786429286003113
YOR223W,YML097C,0,-0.63924444,0.1273803412914276,0.9821428656578064,0.6787430047988892
YLR399C,YLR104W,0,-0.6392854,0.12736395001411438,0.9821428656578064,0.678843080997467
YJR033C,YDR037W,0,-0.639482,0.12734757363796234,0.9821428656578064,0.6789431571960449
YMR079W,YGL211W,0,-0.6395171,0.1273311823606491,0.9821428656578064,0.6790432333946228
YPR027C,YDL220C,0,-0.63984793,0.12731482088565826,0.9821428656578064,0.6791433095932007
YDL083C,YLR064W,0,-0.6398657,0.12729844450950623,0.9821428656578064,0.6792433857917786
YCR069W,YCR039C,0,-0.63996416,0.12728208303451538,0.9821428656578064,0.6793434619903564
YLR183C,YPL041C,0,-0.6404945,0.12726572155952454,0.9821428656578064,0.6794435381889343
YFL009W,YER049W,0,-0.6406143,0.1272493600845337,0.9821428656578064,0.6795436143875122
YJR106W,YOR070C,0,-0.64097905,0.12723299860954285,0.9821428656578064,0.6796436905860901
YPR108W,YML081C-A,0,-0.641118,0.1272166520357132,0.9821428656578064,0.679743766784668
YKR036C,YBL084C,0,-0.64134127,0.12720030546188354,0.9821428656578064,0.6798439025878906
YJL109C,YGR204W,0,-0.6414195,0.1271839737892151,0.9821428656578064,0.6799439787864685
YDR099W,YDR216W,0,-0.64167094,0.12716762721538544,0.9821428656578064,0.6800440549850464
YOR205C,YDR322W,0,-0.64189,0.12715129554271698,0.9821428656578064,0.6801441311836243
YLR158C,YLR357W,0,-0.64230174,0.12713496387004852,0.9821428656578064,0.6802442073822021
YDL177C,YDL012C,0,-0.64260834,0.12711864709854126,0.9821428656578064,0.68034428358078
YBL023C,YDR056C,0,-0.64261067,0.127102330327034,0.9821428656578064,0.6804443597793579
YIL126W,YKR106W,0,-0.64307326,0.12708601355552673,0.9821428656578064,0.6805444359779358
YBL005W,YPL096W,0,-0.6434205,0.12706969678401947,0.9821428656578064,0.6806445121765137
YMR109W,YKL093W,0,-0.6435415,0.1270533949136734,0.9821428656578064,0.6807445883750916
YKL143W,YOR375C,0,-0.644219,0.12703707814216614,0.9821428656578064,0.6808446645736694
YNL016W,YIL033C,0,-0.6447958,0.12702079117298126,0.9821428656578064,0.6809447407722473
YLR172C,YDL176W,0,-0.6450891,0.1270044893026352,0.9821428656578064,0.6810448169708252
YGL141W,YER036C,0,-0.64526504,0.12698820233345032,0.9821428656578064,0.6811448931694031
YOR032C,YIL117C,0,-0.64555293,0.12697191536426544,0.9821428656578064,0.681244969367981
YDR255C,YMR238W,0,-0.64573985,0.12695562839508057,0.9821428656578064,0.6813451051712036
YBL017C,YMR243C,0,-0.64595413,0.12693935632705688,0.9821428656578064,0.6814451813697815
YPL009C,YKL032C,0,-0.6463402,0.1269230842590332,0.9821428656578064,0.6815452575683594
YDR080W,YDR089W,0,-0.64640605,0.12690681219100952,0.9821428656578064,0.6816453337669373
YNL301C,YER029C,0,-0.6473476,0.12689054012298584,0.9821428656578064,0.6817454099655151
YJL180C,YOR313C,0,-0.647418,0.12687428295612335,0.9821428656578064,0.681845486164093
YMR152W,YLR065C,0,-0.6474832,0.12685802578926086,0.9821428656578064,0.6819455623626709
YOR127W,YAL067C,0,-0.64774114,0.12684176862239838,0.9821428656578064,0.6820456385612488
YIL088C,YHR070W,0,-0.6478369,0.1268255114555359,0.9821428656578064,0.6821457147598267
YPL050C,YOL071W,0,-0.6479946,0.1268092691898346,0.9821428656578064,0.6822457909584045
YLR411W,YPR147C,0,-0.6485808,0.1267930269241333,0.9821428656578064,0.6823458671569824
YCR016W,YNL283C,0,-0.64895016,0.1267767995595932,0.9821428656578064,0.6824459433555603
YDL241W,YOR136W,0,-0.64946145,0.1267605572938919,0.9821428656578064,0.6825460195541382
YHR123W,YCR028C,0,-0.6494867,0.1267443299293518,0.9821428656578064,0.6826460957527161
YPL120W,YBR141C,0,-0.6497767,0.1267281174659729,0.9821428656578064,0.682746171951294
YDR252W,YOL163W,0,-0.6498987,0.1267118901014328,0.9821428656578064,0.6828462481498718
YHL039W,YHR072W-A,0,-0.6500177,0.1266956776380539,0.9821428656578064,0.6829463839530945
YKR066C,YLL018C-A,0,-0.6503139,0.126679465174675,0.9821428656578064,0.6830464601516724
YGL220W,YDL165W,0,-0.6504228,0.12666325271129608,0.9821428656578064,0.6831465363502502
YMR268W-A,YOR095C,0,-0.65071243,0.12664705514907837,0.9821428656578064,0.6832466125488281
YOR320C,YKL218C,0,-0.6515494,0.12663085758686066,0.9821428656578064,0.683346688747406
YFL033C,YCL062W,0,-0.6518121,0.12661466002464294,0.9821428656578064,0.6834467649459839
YGR067C,YBR173C,0,-0.6518534,0.12659846246242523,0.9821428656578064,0.6835468411445618
YLR074C,YLR421C,0,-0.6529743,0.1265822798013687,0.9821428656578064,0.6836469173431396
YER087W,YGR091W,0,-0.6530761,0.1265660971403122,0.9821428656578064,0.6837469935417175
YDR494W,YMR209C,0,-0.6534682,0.12654991447925568,0.9821428656578064,0.6838470697402954
YBR145W,YBR078W,0,-0.65353197,0.12653374671936035,0.9821428656578064,0.6839471459388733
YNL066W,YIL063C,0,-0.6540496,0.12651757895946503,0.9821428656578064,0.6840472221374512
YGL140C,YDR388W,0,-0.65412486,0.1265014111995697,0.9821428656578064,0.684147298336029
YBR120C,YBR040W,0,-0.6546262,0.12648524343967438,0.9821428656578064,0.6842473745346069
YER044C-A,YBL095W,0,-0.6546688,0.12646909058094025,0.9821428656578064,0.6843474507331848
YPL168W,YOR369C,0,-0.6563689,0.12645293772220612,0.9821428656578064,0.6844475865364075
YBL018C,YIL062C,0,-0.65637815,0.12643678486347198,0.9821428656578064,0.6845476627349854
YOR232W,YPL281C,0,-0.65646356,0.12642063200473785,0.9821428656578064,0.6846477389335632
YKL092C,YGR127W,0,-0.65821785,0.12640449404716492,0.9821428656578064,0.6847478151321411
YMR001C,YGR061C,0,-0.6585346,0.12638835608959198,0.9821428656578064,0.684847891330719
YIL066C,YOL094C,1,-0.6585527,0.12649987637996674,0.983134925365448,0.684847891330719
YML081C-A,YFL001W,0,-0.6590004,0.1264837235212326,0.983134925365448,0.6849479675292969
YER060W-A,YNL231C,0,-0.65910244,0.12646758556365967,0.983134925365448,0.6850480437278748
YKL217W,YPL052W-A,0,-0.65921515,0.12645144760608673,0.983134925365448,0.6851481199264526
YOR237W,YMR203W,0,-0.6599421,0.1264353096485138,0.983134925365448,0.6852481961250305
YNL259C,YEL001C,0,-0.66018975,0.12641918659210205,0.983134925365448,0.6853482723236084
YGL210W-A,YOR222W,0,-0.6612083,0.1264030635356903,0.983134925365448,0.6854483485221863
YDR245W,YLR228C,0,-0.6612889,0.12638694047927856,0.983134925365448,0.6855484247207642
YLR378C,YBR141C,0,-0.6623324,0.12637081742286682,0.983134925365448,0.685648500919342
YER087W,YKL092C,0,-0.66264987,0.12635470926761627,0.983134925365448,0.6857485771179199
YFL036W,YGR053C,1,-0.6631347,0.12646609544754028,0.9841269850730896,0.6857485771179199
YDL144C,YDR534C,0,-0.66349185,0.12644997239112854,0.9841269850730896,0.6858486533164978
YCR028C-A,YAL021C,1,-0.663967,0.12656129896640778,0.9851190447807312,0.6858486533164978
YPR022C,YKL174C,0,-0.6640896,0.12654517590999603,0.9851190447807312,0.6859487295150757
YJR015W,YDR331W,0,-0.6652693,0.1265290528535843,0.9851190447807312,0.6860488653182983
YLR250W,YKL097W-A,0,-0.6653948,0.12651292979717255,0.9851190447807312,0.6861489415168762
YLR385C,YDL073W,0,-0.6658564,0.126496821641922,0.9851190447807312,0.6862490177154541
YOL075C,YAL024C,0,-0.66599643,0.12648069858551025,0.9851190447807312,0.686349093914032
YIL155C,YHL039W,0,-0.66652757,0.1264645904302597,0.9851190447807312,0.6864491701126099
YMR163C,YML033W,0,-0.66671926,0.12644849717617035,0.9851190447807312,0.6865492463111877
YCR101C,YMR238W,0,-0.66795707,0.1264323890209198,0.9851190447807312,0.6866493225097656
YMR304W,YEL058W,0,-0.66827375,0.12641629576683044,0.9851190447807312,0.6867493987083435
YOL159C,YKR072C,0,-0.66857976,0.1264002025127411,0.9851190447807312,0.6868494749069214
YCL050C,YDL227C,0,-0.66862446,0.12638410925865173,0.9851190447807312,0.6869495511054993
YCR106W,YKL192C,0,-0.6688419,0.12636803090572357,0.9851190447807312,0.6870496273040771
YOR129C,YNL167C,0,-0.6694104,0.1263519525527954,0.9851190447807312,0.687149703502655
YOL033W,YFL028C,0,-0.67025864,0.12633587419986725,0.9851190447807312,0.6872497797012329
YKR070W,YNL215W,0,-0.67026114,0.12631981074810028,0.9851190447807312,0.6873498558998108
YKR043C,YPL156C,0,-0.6703851,0.12630373239517212,0.9851190447807312,0.6874499320983887
YNL132W,YFL006W,0,-0.6704779,0.12628768384456635,0.9851190447807312,0.6875500679016113
YLR211C,YGR281W,0,-0.6707571,0.12627162039279938,0.9851190447807312,0.6876501441001892
YDR454C,YKR097W,0,-0.67108196,0.1262555569410324,0.9851190447807312,0.6877502202987671
YNL330C,YPR191W,0,-0.67110336,0.12623950839042664,0.9851190447807312,0.687850296497345
YNL044W,YHR161C,0,-0.67140245,0.12622345983982086,0.9851190447807312,0.6879503726959229
YOR267C,YPR071W,0,-0.6720531,0.12620742619037628,0.9851190447807312,0.6880504488945007
YCL050C,YLR144C,0,-0.67211896,0.1261913776397705,0.9851190447807312,0.6881505250930786
YGL006W,YNL154C,0,-0.6723894,0.12617534399032593,0.9851190447807312,0.6882506012916565
YPL196W,YBR074W,0,-0.6725366,0.12615932524204254,0.9851190447807312,0.6883506774902344
YMR242C,YHR117W,0,-0.6725636,0.12614329159259796,0.9851190447807312,0.6884507536888123
YMR261C,YJL113W,0,-0.6732813,0.12612727284431458,0.9851190447807312,0.6885508298873901
YML031W,YLL001W,0,-0.6733092,0.1261112540960312,0.9851190447807312,0.688650906085968
YBR037C,YNL311C,0,-0.6733131,0.1260952353477478,0.9851190447807312,0.6887509822845459
YBR103W,YLR220W,0,-0.6741857,0.1260792315006256,0.9851190447807312,0.6888510584831238
YPR108W,YJL096W,0,-0.67420405,0.12606322765350342,0.9851190447807312,0.6889511346817017
YLR216C,YOR350C,0,-0.6748534,0.12604722380638123,0.9851190447807312,0.6890512704849243
YPL128C,YHL018W,0,-0.67495334,0.12603121995925903,0.9851190447807312,0.6891513466835022
YOR032C,YLR404W,0,-0.6749603,0.12601523101329803,0.9851190447807312,0.6892514228820801
YBR056W,YLR139C,0,-0.6751986,0.12599924206733704,0.9851190447807312,0.689351499080658
YJL037W,YCR091W,0,-0.67540866,0.12598325312137604,0.9851190447807312,0.6894515752792358
YOR383C,YGL257C,0,-0.67558557,0.12596726417541504,0.9851190447807312,0.6895516514778137
YKR008W,YGR235C,0,-0.6756493,0.12595129013061523,0.9851190447807312,0.6896517276763916
YNL327W,YER048C,0,-0.67582333,0.12593531608581543,0.9851190447807312,0.6897518038749695
YEL069C,YIL165C,0,-0.67596835,0.12591935694217682,0.9851190447807312,0.6898518800735474
YOL108C,YIR039C,0,-0.6760003,0.12590338289737701,0.9851190447807312,0.6899519562721252
YJR161C,YBR163W,0,-0.67666066,0.1258874237537384,0.9851190447807312,0.6900520324707031
YOR137C,YLR064W,0,-0.6781252,0.1258714646100998,0.9851190447807312,0.690152108669281
YBR258C,YGL039W,0,-0.6783957,0.12585552036762238,0.9851190447807312,0.6902521848678589
YDR435C,YBL010C,0,-0.67923087,0.12583956122398376,0.9851190447807312,0.6903522610664368
YCL074W,YGL077C,0,-0.6794222,0.12582361698150635,0.9851190447807312,0.6904523372650146
YGL230C,YHR123W,0,-0.67965275,0.12580767273902893,0.9851190447807312,0.6905524134635925
YDL018C,YBR084C-A,0,-0.6797202,0.1257917433977127,0.9851190447807312,0.6906525492668152
YPR200C,YPL177C,0,-0.6803575,0.12577581405639648,0.9851190447807312,0.6907526254653931
YIL157C,YPR005C,0,-0.6804152,0.12575988471508026,0.9851190447807312,0.690852701663971
YKL023W,YHL046C,0,-0.6813577,0.12574395537376404,0.9851190447807312,0.6909527778625488
YPR114W,YDR339C,0,-0.6815743,0.12572802603244781,0.9851190447807312,0.6910528540611267
YLR136C,YPL211W,0,-0.6817345,0.12571211159229279,0.9851190447807312,0.6911529302597046
YHR206W,YLR378C,0,-0.68194884,0.12569619715213776,0.9851190447807312,0.6912530064582825
YER041W,YLR065C,0,-0.6826324,0.12568029761314392,0.9851190447807312,0.6913530826568604
YNL194C,YKL043W,0,-0.68303794,0.1256643831729889,0.9851190447807312,0.6914531588554382
YLR441C,YKL119C,0,-0.6830965,0.12564848363399506,0.9851190447807312,0.6915532350540161
YKR023W,YIL162W,0,-0.6832275,0.12563258409500122,0.9851190447807312,0.691653311252594
YGR083C,YHL033C,0,-0.6837008,0.12561669945716858,0.9851190447807312,0.6917533874511719
YER003C,YKR094C,0,-0.68396205,0.12560081481933594,0.9851190447807312,0.6918534636497498
YJL102W,YMR315W,0,-0.6840376,0.1255849301815033,0.9851190447807312,0.6919535398483276
YBR046C,YOL151W,0,-0.6840885,0.12556904554367065,0.9851190447807312,0.6920536160469055
YGR229C,YJR061W,0,-0.6841607,0.125553160905838,0.9851190447807312,0.6921537518501282
YBR001C,YOR049C,0,-0.6841902,0.12553729116916656,0.9851190447807312,0.692253828048706
YNL294C,YML029W,0,-0.68499535,0.12552142143249512,0.9851190447807312,0.6923539042472839
YKL199C,YEL001C,0,-0.6855143,0.12550556659698486,0.9851190447807312,0.6924539804458618
YER128W,YAL007C,0,-0.6864038,0.12548969686031342,0.9851190447807312,0.6925540566444397
YGR066C,YFL049W,0,-0.6870231,0.12547384202480316,0.9851190447807312,0.6926541328430176
YML130C,YNL160W,0,-0.6878734,0.1254579871892929,0.9851190447807312,0.6927542090415955
YGR093W,YDR028C,0,-0.68797463,0.12544214725494385,0.9851190447807312,0.6928542852401733
YPL009C,YOR066W,0,-0.6882207,0.1254262924194336,0.9851190447807312,0.6929543614387512
YPL237W,YJR119C,0,-0.6885721,0.12541045248508453,0.9851190447807312,0.6930544376373291
YLR390W-A,YDR107C,0,-0.6886062,0.12539462745189667,0.9851190447807312,0.693154513835907
YJL079C,YLR313C,0,-0.689036,0.1253787875175476,0.9851190447807312,0.6932545900344849
YML114C,YLL056C,0,-0.6898224,0.12536296248435974,0.9851190447807312,0.6933546662330627
YLR126C,YAR014C,0,-0.69001156,0.12534713745117188,0.9851190447807312,0.6934547424316406
YJR044C,YKR071C,0,-0.6900611,0.125331312417984,0.9851190447807312,0.6935548186302185
YBR049C,YDL081C,0,-0.6902058,0.12531550228595734,0.9851190447807312,0.6936548948287964
YLL050C,YKL157W,0,-0.6906428,0.12529967725276947,0.9851190447807312,0.693755030632019
YML037C,YNL167C,0,-0.69081444,0.125283882021904,0.9851190447807312,0.6938551068305969
YDL222C,YER129W,0,-0.6908262,0.12526807188987732,0.9851190447807312,0.6939551830291748
YNR004W,YOR299W,0,-0.69180256,0.12525227665901184,0.9851190447807312,0.6940552592277527
YHR102W,YJR116W,0,-0.6919368,0.12523646652698517,0.9851190447807312,0.6941553354263306
YBR097W,YMR116C,0,-0.6925712,0.12522068619728088,0.9851190447807312,0.6942554116249084
YGR177C,YNR006W,0,-0.6927516,0.1252048909664154,0.9851190447807312,0.6943554878234863
YDL010W,YKL146W,0,-0.69321525,0.12518911063671112,0.9851190447807312,0.6944555640220642
YCL050C,YLR218C,0,-0.6936262,0.12517333030700684,0.9851190447807312,0.6945556402206421
YER118C,YMR262W,0,-0.693847,0.12515754997730255,0.9851190447807312,0.69465571641922
YJL117W,YAL064W-B,0,-0.6951725,0.12514176964759827,0.9851190447807312,0.6947557926177979
YLR316C,YMR205C,0,-0.695403,0.12512600421905518,0.9851190447807312,0.6948558688163757
YPR204W,YKL152C,0,-0.695427,0.12511023879051208,0.9851190447807312,0.6949559450149536
YIL027C,YNL293W,0,-0.6955252,0.1250944882631302,0.9851190447807312,0.6950560212135315
YDR148C,YIL151C,0,-0.69583017,0.1250787228345871,0.9851190447807312,0.6951560974121094
YIL082W-A,YBL060W,0,-0.69612247,0.1250629723072052,0.9851190447807312,0.695256233215332
YIL022W,YOR134W,0,-0.6967626,0.1250472217798233,0.9851190447807312,0.6953563094139099
YMR285C,YPR006C,0,-0.69679993,0.1250314712524414,0.9851190447807312,0.6954563856124878
YOL011W,YNR053C,0,-0.6970405,0.1250157356262207,0.9851190447807312,0.6955564618110657
YDL165W,YPL087W,0,-0.69758034,0.125,0.9851190447807312,0.6956565380096436
YML029W,YER087C-B,0,-0.6980975,0.1249842643737793,0.9851190447807312,0.6957566142082214
YJL014W,YGR066C,0,-0.69833344,0.12496853619813919,0.9851190447807312,0.6958566904067993
YMR210W,YHL039W,0,-0.6985108,0.12495281547307968,0.9851190447807312,0.6959567666053772
YIL088C,YEL016C,0,-0.6987783,0.12493709474802017,0.9851190447807312,0.6960568428039551
YBR283C,YML097C,0,-0.6995811,0.12492137402296066,0.9851190447807312,0.696156919002533
YNL320W,YNL097C,0,-0.6996793,0.12490566074848175,0.9851190447807312,0.6962569952011108
YDR141C,YMR086W,0,-0.6998823,0.12488994747400284,0.9851190447807312,0.6963570713996887
YPL179W,YLR116W,0,-0.6999486,0.12487424910068512,0.9851190447807312,0.6964571475982666
YHR018C,YLR436C,0,-0.7013725,0.1248585432767868,0.9851190447807312,0.6965572237968445
YPR200C,YHR162W,0,-0.70145196,0.12484284490346909,0.9851190447807312,0.6966572999954224
YOL154W,YGL195W,0,-0.701464,0.12482715398073196,0.9851190447807312,0.6967573761940002
YGL162W,YJR063W,0,-0.70158476,0.12481146305799484,0.9851190447807312,0.6968575119972229
YOR168W,YDR513W,0,-0.70186985,0.12479577958583832,0.9851190447807312,0.6969575881958008
YML030W,YGR233C,0,-0.7027656,0.1247800961136818,0.9851190447807312,0.6970576643943787
YJL055W,YPR022C,0,-0.7030037,0.12476442009210587,0.9851190447807312,0.6971577405929565
YML087C,YBR088C,0,-0.7031637,0.12474874407052994,0.9851190447807312,0.6972578167915344
YBL087C,YKL162C,0,-0.7032141,0.1247330754995346,0.9851190447807312,0.6973578929901123
YGL114W,YNL297C,0,-0.7032733,0.12471740692853928,0.9851190447807312,0.6974579691886902
YAL027W,YDR020C,0,-0.7032744,0.12470174580812454,0.9851190447807312,0.6975580453872681
YAR010C,YBR237W,0,-0.70333844,0.12468608468770981,0.9851190447807312,0.697658121585846
YCL059C,YGL039W,0,-0.70346695,0.12467043101787567,0.9851190447807312,0.6977581977844238
YKL094W,YBR007C,0,-0.70354885,0.12465478479862213,0.9851190447807312,0.6978582739830017
YIL064W,YGR037C,0,-0.70460176,0.12463913857936859,0.9851190447807312,0.6979583501815796
YBR266C,YPL093W,0,-0.70524156,0.12462349236011505,0.9851190447807312,0.6980584263801575
YGL035C,YOL125W,0,-0.7053531,0.12460785359144211,0.9851190447807312,0.6981585025787354
YJR048W,YHR210C,0,-0.7055525,0.12459222227334976,0.9851190447807312,0.6982585787773132
YLR144C,YOR363C,0,-0.7059283,0.12457659095525742,0.9851190447807312,0.6983587145805359
YMR292W,YDR151C,0,-0.7060133,0.12456096708774567,0.9851190447807312,0.6984587907791138
YLR212C,YJR117W,0,-0.70610195,0.12454534322023392,0.9851190447807312,0.6985588669776917
YMR134W,YFL001W,0,-0.7063439,0.12452971935272217,0.9851190447807312,0.6986589431762695
YKR054C,YCL027C-A,0,-0.7063466,0.12451410293579102,0.9851190447807312,0.6987590193748474
YPR198W,YMR321C,0,-0.7064154,0.12449849396944046,0.9851190447807312,0.6988590955734253
YBR090C-A,YLR183C,0,-0.70665514,0.1244828850030899,0.9851190447807312,0.6989591717720032
YNL181W,YOR242C,0,-0.7067024,0.12446728348731995,0.9851190447807312,0.699059247970581
YDL067C,YMR295C,0,-0.7070966,0.12445168197154999,0.9851190447807312,0.6991593241691589
YNL101W,YNR011C,0,-0.7071616,0.12443608790636063,0.9851190447807312,0.6992594003677368
YGR250C,YDR317W,0,-0.7073564,0.12442050129175186,0.9851190447807312,0.6993594765663147
YJR013W,YJR121W,0,-0.7081049,0.1244049146771431,0.9851190447807312,0.6994595527648926
YER044C,YDR441C,0,-0.70938355,0.12438932806253433,0.9851190447807312,0.6995596289634705
YMR186W,YBR281C,0,-0.7094268,0.12437374889850616,0.9851190447807312,0.6996597051620483
YPL276W,YKL212W,0,-0.7109762,0.124358169734478,0.9851190447807312,0.6997597813606262
YMR221C,YKL163W,0,-0.7113586,0.12434259802103043,0.9851190447807312,0.6998599171638489
YCR024C-A,YOR259C,0,-0.7113976,0.12432703375816345,0.9851190447807312,0.6999599933624268
YHR096C,YDR443C,0,-0.7115394,0.12431146949529648,0.9851190447807312,0.7000600695610046
YHR113W,YAL032C,0,-0.7117494,0.1242959052324295,0.9851190447807312,0.7001601457595825
YDL036C,YLR239C,0,-0.7118598,0.12428034842014313,0.9851190447807312,0.7002602219581604
YJL134W,YCR068W,0,-0.7121127,0.12426479905843735,0.9851190447807312,0.7003602981567383
YDR080W,YPR115W,0,-0.712231,0.12424924969673157,0.9851190447807312,0.7004603743553162
YGL085W,YIL157C,0,-0.7123825,0.12423370778560638,0.9851190447807312,0.700560450553894
YNL022C,YGR031W,0,-0.71293193,0.1242181658744812,0.9851190447807312,0.7006605267524719
YIL143C,YBR162W-A,0,-0.71303445,0.12420262396335602,0.9851190447807312,0.7007606029510498
YBR168W,YBR078W,0,-0.7131176,0.12418709695339203,0.9851190447807312,0.7008606791496277
YEL040W,YGR294W,0,-0.71316093,0.12417156249284744,0.9851190447807312,0.7009607553482056
YLR069C,YKL051W,0,-0.71334535,0.12415603548288345,0.9851190447807312,0.7010608315467834
YNL173C,YBR220C,0,-0.7135812,0.12414051592350006,0.9851190447807312,0.7011609077453613
YML026C,YOR259C,0,-0.7141958,0.12412499636411667,0.9851190447807312,0.7012609839439392
YGL140C,YBR198C,0,-0.7143359,0.12410948425531387,0.9851190447807312,0.7013610601425171
YDR238C,YPL179W,0,-0.71576756,0.12409397959709167,0.9851190447807312,0.7014611959457397
YPL066W,YHR135C,0,-0.71600074,0.12407846748828888,0.9851190447807312,0.7015612721443176
YJL010C,YLR174W,0,-0.7160529,0.12406297028064728,0.9851190447807312,0.7016613483428955
YIL008W,YKR096W,0,-0.7161031,0.12404747307300568,0.9851190447807312,0.7017614245414734
YDR117C,YJL136C,0,-0.7161813,0.12403197586536407,0.9851190447807312,0.7018615007400513
YPL203W,YDL035C,0,-0.7163381,0.12401648610830307,0.9851190447807312,0.7019615769386292
YOL141W,YOR173W,0,-0.71667457,0.12400099635124207,0.9851190447807312,0.702061653137207
YER132C,YPL004C,0,-0.7166917,0.12398551404476166,0.9851190447807312,0.7021617293357849
YIL076W,YHL008C,0,-0.7166921,0.12397003918886185,0.9851190447807312,0.7022618055343628
YKR036C,YHR009C,0,-0.7168926,0.12395456433296204,0.9851190447807312,0.7023618817329407
YDL089W,YNL062C,0,-0.71705794,0.12393908947706223,0.9851190447807312,0.7024619579315186
YKL051W,YLL034C,0,-0.71707314,0.12392362207174301,0.9851190447807312,0.7025620341300964
YNL155W,YDL069C,0,-0.7177666,0.1239081621170044,0.9851190447807312,0.7026621103286743
YLR120C,YNL077W,0,-0.71823645,0.12389270216226578,0.9851190447807312,0.7027621865272522
YER094C,YDR361C,0,-0.71836513,0.12387724220752716,0.9851190447807312,0.7028622627258301
YDR367W,YLL023C,0,-0.7184073,0.12386179715394974,0.9851190447807312,0.7029623985290527
YDR342C,YDL098C,0,-0.71866137,0.12384634464979172,0.9851190447807312,0.7030624747276306
YDR471W,YEL006W,0,-0.7187535,0.1238308995962143,0.9851190447807312,0.7031625509262085
YPL275W,YER031C,0,-0.71897286,0.12381546199321747,0.9851190447807312,0.7032626271247864
YNL327W,YIL064W,0,-0.71915907,0.12380002439022064,0.9851190447807312,0.7033627033233643
YPR198W,YLR312W-A,0,-0.7196839,0.12378459423780441,0.9851190447807312,0.7034627795219421
YNL101W,YOL152W,0,-0.7200803,0.12376916408538818,0.9851190447807312,0.70356285572052
YJL080C,YOR389W,0,-0.7208193,0.12375374138355255,0.9851190447807312,0.7036629319190979
YJL111W,YLL019C,0,-0.7211041,0.12373831868171692,0.9851190447807312,0.7037630081176758
YLR421C,YGR181W,0,-0.72125304,0.12372290343046188,0.9851190447807312,0.7038630843162537
YKL077W,YER104W,0,-0.7213179,0.12370748817920685,0.9851190447807312,0.7039631605148315
YDR459C,YNL284C,0,-0.721577,0.12369208037853241,0.9851190447807312,0.7040632367134094
YMR210W,YOL012C,0,-0.72256726,0.12367667257785797,0.9851190447807312,0.7041633129119873
YGR122W,YNL215W,0,-0.7232056,0.12366127222776413,0.9851190447807312,0.7042633891105652
YHR011W,YDR400W,0,-0.72405064,0.12364587187767029,0.9851190447807312,0.7043634653091431
YOL061W,YHR103W,0,-0.72416884,0.12363047897815704,0.9851190447807312,0.704463541507721
YGL014W,YPL043W,0,-0.72463375,0.1236150860786438,0.9851190447807312,0.7045636773109436
YHR168W,YMR102C,0,-0.7246713,0.12359970062971115,0.9851190447807312,0.7046637535095215
YNR040W,YGR201C,0,-0.72474235,0.1235843151807785,0.9851190447807312,0.7047638297080994
YGL122C,YOR383C,0,-0.72475994,0.12356893718242645,0.9851190447807312,0.7048639059066772
YDR266C,YJR028W,0,-0.7249134,0.123553566634655,0.9851190447807312,0.7049639821052551
YEL068C,YER015W,0,-0.7252542,0.12353819608688354,0.9851190447807312,0.705064058303833
YBR004C,YER017C,0,-0.72660196,0.12352282553911209,0.9851190447807312,0.7051641345024109
YOR006C,YAL014C,0,-0.7272001,0.12350746244192123,0.9851190447807312,0.7052642107009888
YLR042C,YGR143W,0,-0.7279111,0.12349209934473038,0.9851190447807312,0.7053642868995667
YGL114W,YIL097W,0,-0.7285016,0.12347674369812012,0.9851190447807312,0.7054643630981445
YGR016W,YDR477W,0,-0.7285716,0.12346139550209045,0.9851190447807312,0.7055644392967224
YDR083W,YKL107W,0,-0.72881687,0.12344604730606079,0.9851190447807312,0.7056645154953003
YGR020C,YGR203W,0,-0.7292013,0.12343069911003113,0.9851190447807312,0.7057645916938782
YLL067C,YPL193W,0,-0.7294958,0.12341535836458206,0.9851190447807312,0.705864667892456
YML106W,YJR126C,0,-0.7296744,0.12340002506971359,0.9851190447807312,0.7059647440910339
YER170W,YOL127W,0,-0.72971827,0.12338469177484512,0.9851190447807312,0.7060648798942566
YFR049W,YFL051C,0,-0.73029596,0.12336936593055725,0.9851190447807312,0.7061649560928345
YDL133W,YBR107C,0,-0.7305817,0.12335404008626938,0.9851190447807312,0.7062650322914124
YDR374C,YDL232W,0,-0.7313103,0.1233387142419815,0.9851190447807312,0.7063651084899902
YAL013W,YGL077C,0,-0.7317265,0.12332339584827423,0.9851190447807312,0.7064651846885681
YCR076C,YLR452C,0,-0.7320493,0.12330808490514755,0.9851190447807312,0.706565260887146
YGL178W,YCL027C-A,0,-0.73243684,0.12329277396202087,0.9851190447807312,0.7066653370857239
YEL046C,YDR078C,0,-0.7324551,0.12327747046947479,0.9851190447807312,0.7067654132843018
YLR286C,YAR031W,0,-0.73283,0.12326216697692871,0.9851190447807312,0.7068654894828796
YDR019C,YJL140W,0,-0.73314005,0.12324686348438263,0.9851190447807312,0.7069655656814575
YBR286W,YCR021C,0,-0.73317367,0.12323156744241714,0.9851190447807312,0.7070656418800354
YKL161C,YBR026C,0,-0.7332172,0.12321627885103226,0.9851190447807312,0.7071657180786133
YLR286C,YLL009C,0,-0.73390096,0.12320099025964737,0.9851190447807312,0.7072657942771912
YDR178W,YLR043C,0,-0.7341359,0.12318570911884308,0.9851190447807312,0.707365870475769
YPR184W,YJR119C,0,-0.7341771,0.12317042797803879,0.9851190447807312,0.7074659466743469
YDR427W,YHL018W,0,-0.734226,0.1231551542878151,0.9851190447807312,0.7075660824775696
YIL082W-A,YNL293W,0,-0.7342585,0.1231398805975914,0.9851190447807312,0.7076661586761475
YPR048W,YKL138C,0,-0.7343293,0.1231246143579483,0.9851190447807312,0.7077662348747253
YNL125C,YML092C,0,-0.734474,0.1231093481183052,0.9851190447807312,0.7078663110733032
YMR287C,YDR324C,0,-0.73563665,0.1230940893292427,0.9851190447807312,0.7079663872718811
YDR164C,YOR178C,0,-0.7362996,0.1230788305401802,0.9851190447807312,0.708066463470459
YDR052C,YDR531W,0,-0.7363699,0.1230635792016983,0.9851190447807312,0.7081665396690369
YOR054C,YNL095C,0,-0.7363762,0.1230483278632164,0.9851190447807312,0.7082666158676147
YNL263C,YOR347C,0,-0.7366735,0.1230330839753151,0.9851190447807312,0.7083666920661926
YCR034W,YJR054W,0,-0.73685503,0.12301784008741379,0.9851190447807312,0.7084667682647705
YCR043C,YHR023W,0,-0.73705536,0.12300260365009308,0.9851190447807312,0.7085668444633484
YOL141W,YGR136W,0,-0.7370747,0.12298736721277237,0.9851190447807312,0.7086669206619263
YPL196W,YPL097W,0,-0.7373122,0.12297213822603226,0.9851190447807312,0.7087669968605042
YJL125C,YLR164W,0,-0.73737,0.12295690923929214,0.9851190447807312,0.708867073059082
YNL155W,YMR174C,0,-0.7381937,0.12294168770313263,0.9851190447807312,0.7089671492576599
YGR159C,YJL140W,0,-0.73872423,0.12292646616697311,0.9851190447807312,0.7090672254562378
YNR040W,YNL107W,0,-0.73887503,0.1229112520813942,0.9851190447807312,0.7091673612594604
YGR208W,YFL018W-A,0,-0.73914444,0.12289603799581528,0.9851190447807312,0.7092674374580383
YLR410W,YOR178C,0,-0.73949486,0.12288083136081696,0.9851190447807312,0.7093675136566162
YGL015C,YDL105W,0,-0.73953795,0.12286562472581863,0.9851190447807312,0.7094675898551941
YHR069C,YOR106W,0,-0.7401758,0.12285042554140091,0.9851190447807312,0.709567666053772
YML081C-A,YGL252C,0,-0.74047023,0.12283523380756378,0.9851190447807312,0.7096677422523499
YGL002W,YGR150C,0,-0.7406681,0.12282003462314606,0.9851190447807312,0.7097678184509277
YJR061W,YDR115W,0,-0.74068326,0.12280485033988953,0.9851190447807312,0.7098678946495056
YLR297W,YKL183W,0,-0.7412245,0.122789666056633,0.9851190447807312,0.7099679708480835
YGR122W,YPR143W,0,-0.74136335,0.12277448177337646,0.9851190447807312,0.7100680470466614
YOR378W,YGL098W,0,-0.7415933,0.12275930494070053,0.9851190447807312,0.7101681232452393
YGR203W,YMR272C,0,-0.7419621,0.1227441281080246,0.9851190447807312,0.7102681994438171
YLR144C,YIL099W,0,-0.7420738,0.12272895872592926,0.9851190447807312,0.710368275642395
YDR044W,YPL022W,0,-0.7424821,0.12271378934383392,0.9851190447807312,0.7104683518409729
YKR070W,YLR096W,0,-0.7430404,0.12269862741231918,0.9851190447807312,0.7105684280395508
YBR191W,YLL053C,0,-0.7434091,0.12268347293138504,0.9851190447807312,0.7106685638427734
YDR444W,YBR199W,0,-0.74360245,0.1226683109998703,0.9851190447807312,0.7107686400413513
YER120W,YNR036C,0,-0.7442947,0.12265316396951675,0.9851190447807312,0.7108687162399292
YMR099C,YER049W,0,-0.7443743,0.12263801693916321,0.9851190447807312,0.7109687924385071
YKL080W,YAL067C,0,-0.74442625,0.12262286990880966,0.9851190447807312,0.711068868637085
YOL082W,YNL243W,0,-0.7457591,0.12260773032903671,0.9851190447807312,0.7111689448356628
YML066C,YLR370C,0,-0.7458547,0.12259259074926376,0.9851190447807312,0.7112690210342407
YDL140C,YHR188C,0,-0.74630517,0.12257745862007141,0.9851190447807312,0.7113690972328186
YNR004W,YNL041C,0,-0.7466939,0.12256233394145966,0.9851190447807312,0.7114691734313965
YDR058C,YGR128C,0,-0.7478548,0.1225472018122673,0.9851190447807312,0.7115692496299744
YER145C,YBR056W,0,-0.7487086,0.12253208458423615,0.9851190447807312,0.7116693258285522
YFR025C,YHR035W,0,-0.7487297,0.12251696735620499,0.9851190447807312,0.7117694020271301
YLL031C,YJL042W,0,-0.7488257,0.12250185012817383,0.9851190447807312,0.711869478225708
YDR245W,YKL107W,0,-0.7493052,0.12248674035072327,0.9851190447807312,0.7119695544242859
YGR131W,YFR019W,0,-0.7495795,0.1224716305732727,0.9851190447807312,0.7120696306228638
YEL071W,YGR156W,0,-0.74984497,0.12245652824640274,0.9851190447807312,0.7121697068214417
YNL001W,YIR021W,0,-0.7500002,0.12244143337011337,0.9851190447807312,0.7122698426246643
YPR192W,YAL013W,0,-0.75028485,0.12242633104324341,0.9851190447807312,0.7123699188232422
YDL144C,YPR106W,0,-0.7503659,0.12241124361753464,0.9851190447807312,0.7124699950218201
YFL050C,YJL026W,0,-0.7509753,0.12239615619182587,0.9851190447807312,0.712570071220398
YIL107C,YMR115W,0,-0.75138694,0.1223810687661171,0.9851190447807312,0.7126701474189758
YDL145C,YNL135C,0,-0.75142044,0.12236598879098892,0.9851190447807312,0.7127702236175537
YNR001C,YMR115W,0,-0.7514222,0.12235090881586075,0.9851190447807312,0.7128702998161316
YNR055C,YDL064W,0,-0.75229424,0.12233583629131317,0.9851190447807312,0.7129703760147095
YHR192W,YDR287W,0,-0.75299156,0.12232077121734619,0.9851190447807312,0.7130704522132874
YER041W,YER158C,0,-0.75316447,0.12230570614337921,0.9851190447807312,0.7131705284118652
YLR056W,YJL073W,0,-0.75374687,0.12229064106941223,0.9851190447807312,0.7132706046104431
YIL052C,YER066W,0,-0.7539046,0.12227558344602585,0.9851190447807312,0.713370680809021
YLR321C,YCR024C-A,0,-0.75405353,0.12226052582263947,0.9851190447807312,0.7134707570075989
YDR454C,YER104W,0,-0.7544131,0.12224547564983368,0.9851190447807312,0.7135708332061768
YOR245C,YKL164C,0,-0.75504524,0.1222304254770279,0.9851190447807312,0.7136709094047546
YMR242C,YPR027C,0,-0.7557009,0.1222153827548027,0.9851190447807312,0.7137710452079773
YIL067C,YER038C,0,-0.75638837,0.12220034748315811,0.9851190447807312,0.7138711214065552
YKR060W,YOL105C,0,-0.75707,0.12218530476093292,0.9851190447807312,0.7139711976051331
YNL213C,YHL007C,0,-0.7571822,0.12217027693986893,0.9851190447807312,0.7140712738037109
YKR097W,YJR054W,0,-0.7571879,0.12215524911880493,0.9851190447807312,0.7141713500022888
YBR044C,YMR262W,0,-0.75797594,0.12214022129774094,0.9851190447807312,0.7142714262008667
YPL064C,YMR325W,0,-0.75798416,0.12212520092725754,0.9851190447807312,0.7143715023994446
YDR143C,YBR035C,0,-0.7582063,0.12211018055677414,0.9851190447807312,0.7144715785980225
YER056C-A,YER071C,0,-0.758629,0.12209516763687134,0.9851190447807312,0.7145716547966003
YDL088C,YDR400W,0,-0.75946367,0.12208015471696854,0.9851190447807312,0.7146717309951782
YLR447C,YNL159C,0,-0.759661,0.12206514924764633,0.9851190447807312,0.7147718071937561
YOR075W,YFR006W,0,-0.75985384,0.12205014377832413,0.9851190447807312,0.714871883392334
YPL147W,YJR151C,0,-0.76005065,0.12203514575958252,0.9851190447807312,0.7149719595909119
YDR541C,YPL133C,0,-0.7604618,0.12202015519142151,0.9851190447807312,0.7150720357894897
YOR044W,YJR028W,0,-0.76061344,0.1220051571726799,0.9851190447807312,0.7151721119880676
YMR145C,YMR295C,0,-0.76088303,0.12199017405509949,0.9851190447807312,0.7152721881866455
YGR289C,YLR303W,0,-0.76157075,0.12197519093751907,0.9851190447807312,0.7153723239898682
YGL162W,YMR262W,0,-0.76184326,0.12196020781993866,0.9851190447807312,0.715472400188446
YKL144C,YMR156C,0,-0.7618544,0.12194523215293884,0.9851190447807312,0.7155724763870239
YER132C,YOR389W,0,-0.7623922,0.12193025648593903,0.9851190447807312,0.7156725525856018
YOR303W,YPL174C,0,-0.7625024,0.1219152882695198,0.9851190447807312,0.7157726287841797
YIL125W,YPR134W,0,-0.76277894,0.12190032005310059,0.9851190447807312,0.7158727049827576
YAR014C,YNR053C,0,-0.7628724,0.12188535928726196,0.9851190447807312,0.7159727811813354
YDR148C,YHR205W,0,-0.7629249,0.12187039852142334,0.9851190447807312,0.7160728573799133
YBR034C,YHR027C,0,-0.7630547,0.12185544520616531,0.9851190447807312,0.7161729335784912
YOR104W,YML120C,0,-0.7634304,0.12184049189090729,0.9851190447807312,0.7162730097770691
YLR390W-A,YLR300W,0,-0.7641694,0.12182554602622986,0.9851190447807312,0.716373085975647
YKL165C,YGR216C,0,-0.7641712,0.12181060016155243,0.9851190447807312,0.7164731621742249
YJL183W,YLR390W-A,0,-0.76444215,0.1217956617474556,0.9851190447807312,0.7165732383728027
YKL195W,YMR316C-A,0,-0.7650735,0.12178072333335876,0.9851190447807312,0.7166733145713806
YAR042W,YDR331W,0,-0.7652789,0.12176578491926193,0.9851190447807312,0.7167733907699585
YGR277C,YGR178C,0,-0.76547056,0.1217508614063263,0.9851190447807312,0.7168735265731812
YLR250W,YGR071C,0,-0.7655896,0.12173593044281006,0.9851190447807312,0.716973602771759
YOR389W,YGL095C,0,-0.7656359,0.12172100692987442,0.9851190447807312,0.7170736789703369
YLR384C,YDL015C,0,-0.7659753,0.12170609086751938,0.9851190447807312,0.7171737551689148
YCR002C,YDR451C,0,-0.7671622,0.12169117480516434,0.9851190447807312,0.7172738313674927
YBR077C,YDR294C,0,-0.76734746,0.12167626619338989,0.9851190447807312,0.7173739075660706
YMR046C,YHR161C,0,-0.7675623,0.12166135758161545,0.9851190447807312,0.7174739837646484
YJL091C,YGR145W,0,-0.76793665,0.1216464564204216,0.9851190447807312,0.7175740599632263
YLR286C,YMR314W,0,-0.7680178,0.12163155525922775,0.9851190447807312,0.7176741361618042
YJR144W,YLR350W,0,-0.7698932,0.1216166540980339,0.9851190447807312,0.7177742123603821
YOR381W,YLR024C,0,-0.7706574,0.12160176038742065,0.9851190447807312,0.71787428855896
YLR187W,YEL063C,0,-0.77078956,0.121586874127388,0.9851190447807312,0.7179743647575378
YOR349W,YGR088W,0,-0.77102154,0.12157198786735535,0.9851190447807312,0.7180744409561157
YOR320C,YJR095W,0,-0.7718184,0.12155710905790329,0.9851190447807312,0.7181745171546936
YLR181C,YPL198W,0,-0.7723344,0.12154223024845123,0.9851190447807312,0.7182745933532715
YBL032W,YGL009C,0,-0.77243406,0.12152735143899918,0.9851190447807312,0.7183747291564941
YDL088C,YCR020C-A,0,-0.7729234,0.12151248008012772,0.9851190447807312,0.718474805355072
YLR413W,YJR052W,0,-0.77324754,0.12149761617183685,0.9851190447807312,0.7185748815536499
YBR046C,YHR154W,0,-0.77384454,0.12148275226354599,0.9851190447807312,0.7186749577522278
YDR176W,YOR022C,0,-0.77398056,0.12146788835525513,0.9851190447807312,0.7187750339508057
YIR008C,YER091C,0,-0.7741912,0.12145303189754486,0.9851190447807312,0.7188751101493835
YML026C,YHR001W,0,-0.77435654,0.12143818289041519,0.9851190447807312,0.7189751863479614
YNL329C,YMR088C,0,-0.7744668,0.12142333388328552,0.9851190447807312,0.7190752625465393
YOR011W,YDR436W,0,-0.7748013,0.12140848487615585,0.9851190447807312,0.7191753387451172
YJL084C,YNL095C,0,-0.77502054,0.12139364331960678,0.9851190447807312,0.7192754149436951
YMR021C,YNR013C,0,-0.77505356,0.12137880176305771,0.9851190447807312,0.719375491142273
YLR078C,YGR001C,0,-0.77523774,0.12136396765708923,0.9851190447807312,0.7194755673408508
YLR276C,YFL009W,0,-0.7754082,0.12134914100170135,0.9851190447807312,0.7195756435394287
YDR403W,YIL064W,0,-0.7754338,0.12133431434631348,0.9851190447807312,0.7196757197380066
YCR016W,YML015C,0,-0.7766035,0.1213194876909256,0.9851190447807312,0.7197757959365845
YPL271W,YML082W,0,-0.77688855,0.12130466848611832,0.9851190447807312,0.7198758721351624
YNL320W,YPL230W,0,-0.7780767,0.12128984928131104,0.9851190447807312,0.719976007938385
YDL067C,YMR038C,0,-0.7781001,0.12127503752708435,0.9851190447807312,0.7200760841369629
YNL031C,YHR141C,0,-0.77823913,0.12126022577285767,0.9851190447807312,0.7201761603355408
YGL208W,YPR147C,0,-0.7795165,0.12124542146921158,0.9851190447807312,0.7202762365341187
YGR053C,YBL075C,0,-0.78006923,0.12123061716556549,0.9851190447807312,0.7203763127326965
YGR052W,YMR289W,0,-0.78016245,0.1212158203125,0.9851190447807312,0.7204763889312744
YGR283C,YJR009C,0,-0.7812061,0.12120102345943451,0.9851190447807312,0.7205764651298523
YHR048W,YBR195C,0,-0.78215396,0.12118623405694962,0.9851190447807312,0.7206765413284302
YMR225C,YKR081C,0,-0.78279024,0.12117144465446472,0.9851190447807312,0.7207766175270081
YDL126C,YMR102C,0,-0.782801,0.12115666270256042,0.9851190447807312,0.7208766937255859
YLR192C,YHR010W,0,-0.78300947,0.12114188075065613,0.9851190447807312,0.7209767699241638
YER012W,YBL056W,0,-0.7831886,0.12112710624933243,0.9851190447807312,0.7210768461227417
YDR101C,YJR126C,0,-0.7832934,0.12111233174800873,0.9851190447807312,0.7211769223213196
YCR086W,YJL066C,0,-0.78340065,0.12109756469726562,0.9851190447807312,0.7212769985198975
YMR258C,YGL043W,0,-0.7836483,0.12108279764652252,0.9851190447807312,0.7213770747184753
YBR057C,YKL056C,0,-0.7836744,0.12106803059577942,0.9851190447807312,0.721477210521698
YIL004C,YDR158W,0,-0.7842048,0.12105327099561691,0.9851190447807312,0.7215772867202759
YPL059W,YDR007W,0,-0.7842155,0.121038518846035,0.9851190447807312,0.7216773629188538
YCR069W,YJL057C,0,-0.7842951,0.1210237666964531,0.9851190447807312,0.7217774391174316
YBR025C,YDR103W,0,-0.7849974,0.12100901454687119,0.9851190447807312,0.7218775153160095
YMR312W,YDR107C,0,-0.78556126,0.12099426984786987,0.9851190447807312,0.7219775915145874
YLR303W,YKL002W,0,-0.78570175,0.12097953259944916,0.9851190447807312,0.7220776677131653
YMR145C,YAR008W,0,-0.78617364,0.12096479535102844,0.9851190447807312,0.7221777439117432
YPL279C,YOL138C,0,-0.7867914,0.12095005810260773,0.9851190447807312,0.722277820110321
YEL068C,YDR337W,0,-0.7873993,0.12093532830476761,0.9851190447807312,0.7223778963088989
YOL053W,YOR067C,0,-0.7879022,0.12092060595750809,0.9851190447807312,0.7224779725074768
YMR051C,YLR153C,0,-0.7880865,0.12090588361024857,0.9851190447807312,0.7225780487060547
YOR106W,YJR063W,0,-0.78809816,0.12089116126298904,0.9851190447807312,0.7226781249046326
YNL192W,YJR116W,0,-0.7881325,0.12087644636631012,0.9851190447807312,0.7227782011032104
YER083C,YBR293W,0,-0.7886008,0.1208617314696312,0.9851190447807312,0.7228782773017883
YOR009W,YBR167C,0,-0.78888243,0.12084702402353287,0.9851190447807312,0.7229783535003662
YBR057C,YLL053C,0,-0.7891539,0.12083231657743454,0.9851190447807312,0.7230784893035889
YHR066W,YOR063W,0,-0.79005975,0.12081761658191681,0.9851190447807312,0.7231785655021667
YCR092C,YOR283W,0,-0.7904441,0.12080291658639908,0.9851190447807312,0.7232786417007446
YNR049C,YDR282C,0,-0.790447,0.12078822404146194,0.9851190447807312,0.7233787178993225
YEL041W,YIL117C,0,-0.7904592,0.12077353149652481,0.9851190447807312,0.7234787940979004
YJL106W,YGR194C,0,-0.79122,0.12075884640216827,0.9851190447807312,0.7235788702964783
YLR460C,YNL318C,0,-0.7928465,0.12074416130781174,0.9851190447807312,0.7236789464950562
YDR240C,YLR225C,0,-0.79310924,0.1207294836640358,0.9851190447807312,0.723779022693634
YJR065C,YDL075W,0,-0.79312456,0.12071480602025986,0.9851190447807312,0.7238790988922119
YBR187W,YMR102C,0,-0.79313165,0.12070013582706451,0.9851190447807312,0.7239791750907898
YLL057C,YCL052C,0,-0.79386324,0.12068546563386917,0.9851190447807312,0.7240792512893677
YDR233C,YMR025W,0,-0.79423016,0.12067079544067383,0.9851190447807312,0.7241793274879456
YLL051C,YOL059W,0,-0.7951663,0.12065613269805908,0.9851190447807312,0.7242794036865234
YHL035C,YCR005C,0,-0.79555696,0.12064147740602493,0.9851190447807312,0.7243794798851013
YGR244C,YAL026C,0,-0.79584163,0.12062682211399078,0.9851190447807312,0.7244795560836792
YER086W,YCR021C,0,-0.79599386,0.12061216682195663,0.9851190447807312,0.7245796918869019
YOL073C,YML082W,0,-0.7963536,0.12059751898050308,0.9851190447807312,0.7246797680854797
YDR361C,YEL034W,0,-0.7965851,0.12058287858963013,0.9851190447807312,0.7247798442840576
YPR080W,YLR318W,0,-0.7973557,0.12056823819875717,0.9851190447807312,0.7248799204826355
YGR062C,YLL057C,0,-0.79781675,0.12055359780788422,0.9851190447807312,0.7249799966812134
YBR266C,YMR115W,0,-0.7979585,0.12053896486759186,0.9851190447807312,0.7250800728797913
YPR027C,YML132W,0,-0.7979958,0.1205243319272995,0.9851190447807312,0.7251801490783691
YLR333C,YGL026C,0,-0.7984614,0.12050970643758774,0.9851190447807312,0.725280225276947
YKR099W,YBR034C,0,-0.79856604,0.12049508839845657,0.9851190447807312,0.7253803014755249
YDR518W,YCR067C,0,-0.7994315,0.12048046290874481,0.9851190447807312,0.7254803776741028
YHR128W,YML088W,0,-0.7995581,0.12046585232019424,0.9851190447807312,0.7255804538726807
YCL075W,YDL136W,0,-0.7996053,0.12045123428106308,0.9851190447807312,0.7256805300712585
YGR287C,YDL087C,0,-0.7998303,0.12043663114309311,0.9851190447807312,0.7257806062698364
YJL110C,YEL001C,0,-0.8000587,0.12042202055454254,0.9851190447807312,0.7258806824684143
YNR057C,YIL006W,0,-0.80105084,0.12040741741657257,0.9851190447807312,0.7259807586669922
YJR034W,YMR121C,0,-0.8012544,0.1203928217291832,0.9851190447807312,0.7260808944702148
YKL140W,YOR143C,0,-0.8018356,0.12037822604179382,0.9851190447807312,0.7261809706687927
YJL219W,YEL044W,0,-0.80187005,0.12036363780498505,0.9851190447807312,0.7262810468673706
YDR389W,YMR295C,0,-0.8019461,0.12034904956817627,0.9851190447807312,0.7263811230659485
YDL222C,YGR239C,0,-0.8020475,0.12033446133136749,0.9851190447807312,0.7264811992645264
YPL036W,YIR022W,0,-0.80223614,0.12031988054513931,0.9851190447807312,0.7265812754631042
YBR180W,YER010C,0,-0.8024265,0.12030530720949173,0.9851190447807312,0.7266813516616821
YHR138C,YNL056W,0,-0.8024922,0.12029073387384415,0.9851190447807312,0.72678142786026
YDR348C,YJL184W,0,-0.8027379,0.12027616053819656,0.9851190447807312,0.7268815040588379
YPR002W,YLR284C,0,-0.8028147,0.12026159465312958,0.9851190447807312,0.7269815802574158
YNR075W,YGR150C,0,-0.8031156,0.12024703621864319,0.9851190447807312,0.7270816564559937
YML091C,YNL086W,0,-0.80365264,0.1202324703335762,0.9851190447807312,0.7271817326545715
YKL129C,YBR078W,0,-0.8039244,0.12021791934967041,0.9851190447807312,0.7272818088531494
YLR325C,YGR122W,0,-0.8042869,0.12020336836576462,0.9851190447807312,0.7273818850517273
YJL058C,YHL033C,0,-0.804372,0.12018881738185883,0.9851190447807312,0.7274819612503052
YMR322C,YDR212W,0,-0.8044123,0.12017427384853363,0.9851190447807312,0.7275820374488831
YCR094W,YJR078W,0,-0.80454904,0.12015973031520844,0.9851190447807312,0.7276821732521057
YKL217W,YMR314W,0,-0.8046242,0.12014519423246384,0.9851190447807312,0.7277822494506836
YIL049W,YGL017W,0,-0.8055512,0.12013065814971924,0.9851190447807312,0.7278823256492615
YJR010C-A,YCR010C,0,-0.80577844,0.12011612206697464,0.9851190447807312,0.7279824018478394
YDL120W,YGL253W,0,-0.80606,0.12010159343481064,0.9851190447807312,0.7280824780464172
YER094C,YKR075C,0,-0.80632573,0.12008707225322723,0.9851190447807312,0.7281825542449951
YDR129C,YIL109C,0,-0.8064511,0.12007255107164383,0.9851190447807312,0.728282630443573
YNL248C,YJR119C,0,-0.8066305,0.12005803734064102,0.9851190447807312,0.7283827066421509
YGL204C,YFL034C-A,0,-0.80680937,0.12004352360963821,0.9851190447807312,0.7284827828407288
YMR027W,YPL010W,0,-0.80697703,0.1200290098786354,0.9851190447807312,0.7285828590393066
YEL034W,YMR052W,0,-0.80705065,0.1200145035982132,0.9851190447807312,0.7286829352378845
YGL084C,YIL160C,0,-0.8077895,0.11999999731779099,0.9851190447807312,0.7287830114364624
YIL023C,YDR065W,0,-0.80781204,0.11998549848794937,0.9851190447807312,0.7288830876350403
YML063W,YBR009C,0,-0.80786836,0.11997100710868835,0.9851190447807312,0.7289831638336182
YNR050C,YFL034C-B,0,-0.80794156,0.11995650827884674,0.9851190447807312,0.729083240032196
YGR109C,YBR120C,0,-0.80863124,0.11994202435016632,0.9851190447807312,0.7291833758354187
YDR382W,YOR324C,0,-0.8093574,0.1199275329709053,0.9851190447807312,0.7292834520339966
YIL149C,YMR272C,0,-0.8093877,0.11991305649280548,0.9851190447807312,0.7293835282325745
YJL037W,YDR170C,0,-0.81015813,0.11989857256412506,0.9851190447807312,0.7294836044311523
YLR040C,YNL249C,0,-0.8106428,0.11988410353660583,0.9851190447807312,0.7295836806297302
YBL055C,YDR280W,0,-0.81073135,0.11986962705850601,0.9851190447807312,0.7296837568283081
YPL178W,YDR055W,0,-0.811471,0.11985515803098679,0.9851190447807312,0.729783833026886
YBR015C,YPR022C,0,-0.81157917,0.11984069645404816,0.9851190447807312,0.7298839092254639
YDR462W,YPR013C,0,-0.81159264,0.11982623487710953,0.9851190447807312,0.7299839854240417
YHL047C,YIL079C,0,-0.8120747,0.1198117733001709,0.9851190447807312,0.7300840616226196
YBR012W-A,YJR137C,0,-0.8124997,0.11979731917381287,0.9851190447807312,0.7301841378211975
YJL180C,YIR041W,0,-0.8128455,0.11978287249803543,0.9851190447807312,0.7302842140197754
YER092W,YKR065C,0,-0.81287354,0.119768425822258,0.9851190447807312,0.7303842902183533
YBR038W,YKR091W,0,-0.8138245,0.11975397914648056,0.9851190447807312,0.7304843664169312
YBR290W,YJL171C,0,-0.8143905,0.11973953992128372,0.9851190447807312,0.730584442615509
YDR192C,YMR084W,0,-0.81455076,0.11972510069608688,0.9851190447807312,0.7306845188140869
YPR048W,YNL190W,0,-0.8148789,0.11971066892147064,0.9851190447807312,0.7307846546173096
YDR117C,YOL157C,0,-0.8151921,0.1196962371468544,0.9851190447807312,0.7308847308158875
YOR265W,YML054C,0,-0.81548005,0.11968181282281876,0.9851190447807312,0.7309848070144653
YGR283C,YBL090W,0,-0.8155048,0.11966738849878311,0.9851190447807312,0.7310848832130432
YEL022W,YGR292W,0,-0.8161371,0.11965297162532806,0.9851190447807312,0.7311849594116211
YLR253W,YAL059W,0,-0.8162177,0.11963855475187302,0.9851190447807312,0.731285035610199
YOR256C,YAR028W,0,-0.81628317,0.11962414532899857,0.9851190447807312,0.7313851118087769
YMR021C,YDL121C,0,-0.8165595,0.11960973590612411,0.9851190447807312,0.7314851880073547
YBL005W-A,YGL253W,0,-0.8167323,0.11959532648324966,0.9851190447807312,0.7315852642059326
YHR089C,YGL252C,0,-0.8170478,0.11958092451095581,0.9851190447807312,0.7316853404045105
YOR338W,YGR036C,0,-0.8174019,0.11956652253866196,0.9851190447807312,0.7317854166030884
YNL132W,YLR447C,0,-0.81742305,0.1195521280169487,0.9851190447807312,0.7318854928016663
YFL038C,YPL076W,0,-0.81743467,0.11953774094581604,0.9851190447807312,0.7319855690002441
YPL191C,YKR034W,0,-0.8176772,0.11952335387468338,0.9851190447807312,0.732085645198822
YJL066C,YOR003W,0,-0.8177313,0.11950896680355072,0.9851190447807312,0.7321857213973999
YBR247C,YDR245W,0,-0.8187525,0.11949458718299866,0.9851190447807312,0.7322858572006226
YGL065C,YKR009C,0,-0.8190862,0.1194802075624466,0.9851190447807312,0.7323859333992004
YCR041W,YOL098C,0,-0.8195359,0.11946583539247513,0.9851190447807312,0.7324860095977783
YJR041C,YHR050W,0,-0.8195532,0.11945146322250366,0.9851190447807312,0.7325860857963562
YHL035C,YMR081C,0,-0.8197248,0.1194370910525322,0.9851190447807312,0.7326861619949341
YOR071C,YGL111W,0,-0.81989515,0.11942272633314133,0.9851190447807312,0.732786238193512
YPL101W,YPL041C,0,-0.82005924,0.11940836906433105,0.9851190447807312,0.7328863143920898
YER074W,YOL012C,0,-0.82014585,0.11939401179552078,0.9851190447807312,0.7329863905906677
YBR001C,YCR100C,0,-0.8210903,0.11937966197729111,0.9851190447807312,0.7330864667892456
YDR402C,YNR047W,0,-0.8223882,0.11936530470848083,0.9851190447807312,0.7331865429878235
YLR414C,YLL034C,0,-0.82307476,0.11935096234083176,0.9851190447807312,0.7332866191864014
YAL024C,YPR013C,0,-0.8234409,0.11933661997318268,0.9851190447807312,0.7333866953849792
YIL069C,YDR037W,0,-0.8236223,0.1193222776055336,0.9851190447807312,0.7334867715835571
YDL137W,YGR105W,0,-0.8240139,0.11930794268846512,0.9851190447807312,0.733586847782135
YCR105W,YDL031W,0,-0.82425886,0.11929360777139664,0.9851190447807312,0.7336869239807129
YML070W,YGL101W,0,-0.8245234,0.11927928030490875,0.9851190447807312,0.7337870001792908
YDR067C,YMR166C,0,-0.8258278,0.11926495283842087,0.9851190447807312,0.7338871359825134
YHR060W,YDR002W,0,-0.8259184,0.11925063282251358,0.9851190447807312,0.7339872121810913
YJR141W,YDR303C,0,-0.8266879,0.11923631280660629,0.9851190447807312,0.7340872883796692
YBR040W,YCR060W,0,-0.82702905,0.119221992790699,0.9851190447807312,0.7341873645782471
YIL065C,YPR103W,0,-0.82708496,0.11920768022537231,0.9851190447807312,0.734287440776825
YFR018C,YPL192C,0,-0.82774645,0.11919337511062622,0.9851190447807312,0.7343875169754028
YEL060C,YBR065C,0,-0.8278751,0.11917906999588013,0.9851190447807312,0.7344875931739807
YMR142C,YOR152C,0,-0.82788724,0.11916476488113403,0.9851190447807312,0.7345876693725586
YIL076W,YGR150C,0,-0.8281506,0.11915046721696854,0.9851190447807312,0.7346877455711365
YDR382W,YKL061W,0,-0.82816356,0.11913616955280304,0.9851190447807312,0.7347878217697144
YMR099C,YIL146C,0,-0.8284587,0.11912187933921814,0.9851190447807312,0.7348878979682922
YML056C,YMR194W,0,-0.82869476,0.11910758912563324,0.9851190447807312,0.7349879741668701
YGR087C,YGL019W,0,-0.8303612,0.11909330636262894,0.9851190447807312,0.735088050365448
YOL147C,YOR390W,0,-0.8308595,0.11907902359962463,0.9851190447807312,0.7351881265640259
YDR089W,YLR432W,0,-0.83089477,0.11906474828720093,0.9851190447807312,0.7352882027626038
YKL023W,YFL009W,0,-0.8311666,0.11905047297477722,0.9851190447807312,0.7353883385658264
YDR003W,YPL186C,0,-0.8313391,0.11903620511293411,0.9851190447807312,0.7354884147644043
YIL120W,YPL183C,0,-0.8313928,0.119021937251091,0.9851190447807312,0.7355884909629822
YCR066W,YGL261C,0,-0.8315787,0.1190076693892479,0.9851190447807312,0.7356885671615601
YNL101W,YIL138C,0,-0.83225757,0.11899340897798538,0.9851190447807312,0.7357886433601379
YJL055W,YLR066W,0,-0.8324631,0.11897914856672287,0.9851190447807312,0.7358887195587158
YPR166C,YER127W,0,-0.83329827,0.11896489560604095,0.9851190447807312,0.7359887957572937
YLR370C,YFR003C,0,-0.8336817,0.11895065009593964,0.9851190447807312,0.7360888719558716
YHR122W,YMR086W,0,-0.8344937,0.11893639713525772,0.9851190447807312,0.7361889481544495
YHR080C,YNL312W,0,-0.8352273,0.118922159075737,0.9851190447807312,0.7362890243530273
YKL120W,YDL146W,0,-0.83708435,0.11890791356563568,0.9851190447807312,0.7363891005516052
YOL055C,YBR234C,0,-0.83725184,0.11889367550611496,0.9851190447807312,0.7364891767501831
YOR344C,YMR239C,0,-0.83769184,0.11887944489717484,0.9851190447807312,0.736589252948761
YCR105W,YGR053C,0,-0.838957,0.11886521428823471,0.9851190447807312,0.7366893291473389
YML094W,YER118C,0,-0.83985645,0.11885099112987518,0.9851190447807312,0.7367894053459167
YDR020C,YCR084C,0,-0.83997923,0.11883676052093506,0.9851190447807312,0.7368895411491394
YLR316C,YPR149W,0,-0.840013,0.11882254481315613,0.9851190447807312,0.7369896173477173
YPL038W,YOR137C,0,-0.8401349,0.1188083291053772,0.9851190447807312,0.7370896935462952
YDL179W,YDR059C,0,-0.8413397,0.11879411339759827,0.9851190447807312,0.737189769744873
YER053C,YMR013C,0,-0.8414731,0.11877990514039993,0.9851190447807312,0.7372898459434509
YCR058C,YJL212C,0,-0.8414822,0.1187656968832016,0.9851190447807312,0.7373899221420288
YMR188C,YGL085W,0,-0.84192705,0.11875149607658386,0.9851190447807312,0.7374899983406067
YML011C,YKR065C,0,-0.8420804,0.11873729526996613,0.9851190447807312,0.7375900745391846
YMR073C,YKL218C,0,-0.8425371,0.11872310191392899,0.9851190447807312,0.7376901507377625
YIL076W,YDL156W,0,-0.8425401,0.11870890855789185,0.9851190447807312,0.7377902269363403
YIL033C,YLR098C,0,-0.84257597,0.1186947152018547,0.9851190447807312,0.7378903031349182
YBL032W,YKL141W,0,-0.8436327,0.11868052929639816,0.9851190447807312,0.7379903793334961
YOR213C,YNL334C,0,-0.8436987,0.11866635084152222,0.9851190447807312,0.738090455532074
YDR100W,YPL119C,0,-0.84376067,0.11865217238664627,0.9851190447807312,0.7381905317306519
YDR142C,YOR262W,0,-0.8440466,0.11863799393177032,0.9851190447807312,0.7382906079292297
YIR034C,YLR297W,0,-0.84428865,0.11862382292747498,0.9851190447807312,0.7383906841278076
YNL136W,YNL157W,0,-0.8444111,0.11860965192317963,0.9851190447807312,0.7384908199310303
YOR275C,YOL077W-A,0,-0.84511566,0.11859548836946487,0.9851190447807312,0.7385908961296082
YJR139C,YJR094W-A,0,-0.84594387,0.11858132481575012,0.9851190447807312,0.738690972328186
YLR118C,YKL074C,0,-0.84602624,0.11856716126203537,0.9851190447807312,0.7387910485267639
YHL004W,YPL159C,0,-0.84608096,0.11855300515890121,0.9851190447807312,0.7388911247253418
YLR244C,YKL156W,0,-0.8462903,0.11853885650634766,0.9851190447807312,0.7389912009239197
YHR181W,YNR032C-A,0,-0.84642303,0.1185247078537941,0.9851190447807312,0.7390912771224976
YDR481C,YKL086W,0,-0.8468537,0.11851055920124054,0.9851190447807312,0.7391913533210754
YOR283W,YOL157C,0,-0.8471554,0.11849641799926758,0.9851190447807312,0.7392914295196533
YDR072C,YDR277C,0,-0.8476851,0.11848228424787521,0.9851190447807312,0.7393915057182312
YNL251C,YBL010C,0,-0.8476925,0.11846814304590225,0.9851190447807312,0.7394915819168091
YGL003C,YOL084W,0,-0.84855056,0.11845401674509048,0.9851190447807312,0.739591658115387
YPL228W,YBR241C,0,-0.8486618,0.11843988299369812,0.9851190447807312,0.7396917343139648
YGL153W,YNL008C,0,-0.84914297,0.11842575669288635,0.9851190447807312,0.7397918105125427
YOR099W,YDL051W,0,-0.84925383,0.11841163784265518,0.9851190447807312,0.7398918867111206
YBR162W-A,YNL283C,0,-0.8501479,0.11839751899242401,0.9851190447807312,0.7399920225143433
YIL120W,YHR116W,0,-0.8506858,0.11838340759277344,0.9851190447807312,0.7400920987129211
YNL092W,YLL056C,0,-0.8508262,0.11836929619312286,0.9851190447807312,0.740192174911499
YFL038C,YGR243W,0,-0.85107106,0.11835518479347229,0.9851190447807312,0.7402922511100769
YDR247W,YHR122W,0,-0.85124177,0.11834108084440231,0.9851190447807312,0.7403923273086548
YDR129C,YNL135C,0,-0.8515804,0.11832697689533234,0.9851190447807312,0.7404924035072327
YFL023W,YLR116W,0,-0.8516306,0.11831288039684296,0.9851190447807312,0.7405924797058105
YMR258C,YMR038C,0,-0.85167414,0.11829878389835358,0.9851190447807312,0.7406925559043884
YIL088C,YHR169W,0,-0.851792,0.1182846948504448,0.9851190447807312,0.7407926321029663
YPL009C,YMR238W,0,-0.85186416,0.11827060580253601,0.9851190447807312,0.7408927083015442
YAR042W,YDR339C,0,-0.8523204,0.11825651675462723,0.9851190447807312,0.7409927845001221
YMR225C,YKR076W,0,-0.8532396,0.11824243515729904,0.9851190447807312,0.7410928606987
YER004W,YDR130C,0,-0.85438997,0.11822836101055145,0.9851190447807312,0.7411929368972778
YML124C,YDR304C,0,-0.85448545,0.11821428686380386,0.9851190447807312,0.7412930130958557
YLL017W,YHR190W,0,-0.85449535,0.11820021271705627,0.9851190447807312,0.7413930892944336
YPR124W,YDR441C,0,-0.85476565,0.11818614602088928,0.9851190447807312,0.7414931654930115
YKL055C,YMR194W,0,-0.8549915,0.11817207932472229,0.9851190447807312,0.7415933012962341
YER074W,YMR258C,0,-0.85530394,0.1181580200791359,0.9851190447807312,0.741693377494812
YGR138C,YJR033C,0,-0.8569598,0.1181439608335495,0.9851190447807312,0.7417934536933899
YLR307W,YJL020C,0,-0.8574161,0.1181299090385437,0.9851190447807312,0.7418935298919678
YDR510W,YDR284C,0,-0.85822564,0.1181158572435379,0.9851190447807312,0.7419936060905457
YGR240C,YPL176C,0,-0.85852545,0.1181018054485321,0.9851190447807312,0.7420936822891235
YNL176C,YOR098C,0,-0.85922015,0.1180877611041069,0.9851190447807312,0.7421937584877014
YKR076W,YHR132C,0,-0.8593253,0.1180737242102623,0.9851190447807312,0.7422938346862793
YBR243C,YOR009W,0,-0.8595727,0.1180596873164177,0.9851190447807312,0.7423939108848572
YHR153C,YDR531W,0,-0.86014926,0.11804565042257309,0.9851190447807312,0.7424939870834351
YHR128W,YER094C,0,-0.8605662,0.11803162097930908,0.9851190447807312,0.7425940632820129
YDR372C,YJL113W,0,-0.8613201,0.11801759153604507,0.9851190447807312,0.7426941394805908
YHR134W,YOL153C,0,-0.8616229,0.11800356209278107,0.9851190447807312,0.7427942156791687
YFR022W,YDR398W,0,-0.8616883,0.11798954010009766,0.9851190447807312,0.7428942918777466
YIL131C,YJR116W,0,-0.8626372,0.11797552555799484,0.9851190447807312,0.7429943680763245
YEL002C,YDR273W,0,-0.8629417,0.11796151101589203,0.9851190447807312,0.7430945038795471
YMR316W,YGR295C,0,-0.8634884,0.11794749647378922,0.9851190447807312,0.743194580078125
YOR271C,YGR292W,0,-0.8636514,0.117933489382267,0.9851190447807312,0.7432946562767029
YOL162W,YOL061W,0,-0.863812,0.11791948974132538,0.9851190447807312,0.7433947324752808
YMR061W,YML132W,0,-0.86455727,0.11790548264980316,0.9851190447807312,0.7434948086738586
YJL099W,YJL079C,0,-0.8649618,0.11789149045944214,0.9851190447807312,0.7435948848724365
YDL072C,YPL214C,0,-0.86497605,0.11787749081850052,0.9851190447807312,0.7436949610710144
YLR185W,YKR100C,0,-0.8655003,0.1178634986281395,0.9851190447807312,0.7437950372695923
YJR059W,YPR144C,0,-0.8658394,0.11784951388835907,0.9851190447807312,0.7438951134681702
YPL129W,YOR168W,0,-0.86589974,0.11783552914857864,0.9851190447807312,0.743995189666748
YBR220C,YNL107W,0,-0.86595786,0.11782154440879822,0.9851190447807312,0.7440952658653259
YPL066W,YKR022C,0,-0.8664522,0.11780756711959839,0.9851190447807312,0.7441953420639038
YKR079C,YDR259C,0,-0.86655724,0.11779359728097916,0.9851190447807312,0.7442954182624817
YDL230W,YPR100W,0,-0.8668645,0.11777961999177933,0.9851190447807312,0.7443954944610596
YIL151C,YDR018C,0,-0.8668969,0.11776565760374069,0.9851190447807312,0.7444955706596375
YJL008C,YIL165C,0,-0.8670845,0.11775168776512146,0.9851190447807312,0.7445956468582153
YKL161C,YOR125C,0,-0.8671157,0.11773772537708282,0.9851190447807312,0.744695782661438
YGR203W,YLR239C,0,-0.86807436,0.11772377043962479,0.9851190447807312,0.7447958588600159
YDR065W,YNL003C,0,-0.8683706,0.11770981550216675,0.9851190447807312,0.7448959350585938
YLR397C,YER087C-B,0,-0.8685078,0.11769586056470871,0.9851190447807312,0.7449960112571716
YAL043C,YOR182C,0,-0.8689629,0.11768191307783127,0.9851190447807312,0.7450960874557495
YER120W,YEL039C,0,-0.86910164,0.11766797304153442,0.9851190447807312,0.7451961636543274
YGR086C,YGR203W,0,-0.8691274,0.11765402555465698,0.9851190447807312,0.7452962398529053
YHR018C,YLR386W,0,-0.8691887,0.11764009296894073,0.9851190447807312,0.7453963160514832
YLR017W,YKL100C,0,-0.86929965,0.11762615293264389,0.9851190447807312,0.745496392250061
YER028C,YNL286W,0,-0.8695255,0.11761222034692764,0.9851190447807312,0.7455964684486389
YIL011W,YKR061W,0,-0.87099123,0.11759829521179199,0.9851190447807312,0.7456965446472168
YHL012W,YLR173W,0,-0.8711018,0.11758437007665634,0.9851190447807312,0.7457966208457947
YJL164C,YGR016W,0,-0.872521,0.11757044494152069,0.9851190447807312,0.7458966970443726
YCR041W,YHL033C,0,-0.87354743,0.11755652725696564,0.9851190447807312,0.7459967732429504
YLR075W,YMR091C,0,-0.8735806,0.11754261702299118,0.9851190447807312,0.7460968494415283
YDR077W,YGL014W,0,-0.8737129,0.11752869933843613,0.9851190447807312,0.746196985244751
YNL314W,YER150W,0,-0.8738342,0.11751479655504227,0.9851190447807312,0.7462970614433289
YDR338C,YOR065W,0,-0.87404126,0.11750088632106781,0.9851190447807312,0.7463971376419067
YAR033W,YMR008C,0,-0.8742352,0.11748698353767395,0.9851190447807312,0.7464972138404846
YLL040C,YDR347W,0,-0.87434524,0.11747308820486069,0.9851190447807312,0.7465972900390625
YDL119C,YGR199W,0,-0.8748775,0.11745919287204742,0.9851190447807312,0.7466973662376404
YPL206C,YIL177C,0,-0.87505656,0.11744529753923416,0.9851190447807312,0.7467974424362183
YDR171W,YOR298W,0,-0.87704086,0.1174314096570015,0.9851190447807312,0.7468975186347961
YGR203W,YGR053C,0,-0.8771128,0.11741752177476883,0.9851190447807312,0.746997594833374
YKL222C,YGR054W,0,-0.8771363,0.11740364134311676,0.9851190447807312,0.7470976710319519
YFR032C-A,YDR472W,0,-0.87744415,0.11738976091146469,0.9851190447807312,0.7471977472305298
YDL217C,YBR037C,0,-0.8784813,0.11737588793039322,0.9851190447807312,0.7472978234291077
YPL250C,YHR105W,0,-0.8785021,0.11736201494932175,0.9851190447807312,0.7473978996276855
YLR390W,YDR020C,0,-0.8788094,0.11734814196825027,0.9851190447807312,0.7474979758262634
YDR020C,YJL093C,0,-0.8788375,0.1173342764377594,0.9851190447807312,0.7475980520248413
YOL026C,YGL184C,0,-0.8796847,0.11732041835784912,0.9851190447807312,0.747698187828064
YLR426W,YLR211C,0,-0.87972367,0.11730655282735825,0.9851190447807312,0.7477982640266418
YJL106W,YOR022C,0,-0.880716,0.11729270219802856,0.9851190447807312,0.7478983402252197
YBR211C,YGR150C,0,-0.8812635,0.11727884411811829,0.9851190447807312,0.7479984164237976
YDR059C,YGR227W,0,-0.88161284,0.1172650009393692,0.9851190447807312,0.7480984926223755
YLR256W,YML120C,0,-0.8816647,0.11725115031003952,0.9851190447807312,0.7481985688209534
YBR012W-A,YBR041W,0,-0.88302654,0.11723730713129044,0.9851190447807312,0.7482986450195312
YIL127C,YGL044C,0,-0.8835244,0.11722347140312195,0.9851190447807312,0.7483987212181091
YKL091C,YLR104W,0,-0.883576,0.11720962822437286,0.9851190447807312,0.748498797416687
YLL045C,YER139C,0,-0.88425934,0.11719579994678497,0.9851190447807312,0.7485988736152649
YGL097W,YMR023C,0,-0.88437515,0.11718197166919708,0.9851190447807312,0.7486989498138428
YIL004C,YCR102C,0,-0.8849816,0.11716814339160919,0.9851190447807312,0.7487990260124207
YMR152W,YLR312W-A,0,-0.8858755,0.1171543151140213,0.9851190447807312,0.7488991022109985
YOL100W,YDL243C,0,-0.88620025,0.11714049428701401,0.9851190447807312,0.7489991784095764
YGR097W,YLR023C,0,-0.88621503,0.11712668091058731,0.9851190447807312,0.7490992546081543
YNL164C,YIL151C,0,-0.886468,0.11711286753416061,0.9851190447807312,0.7491993308067322
YNL162W,YCR084C,0,-0.88653666,0.11709905415773392,0.9851190447807312,0.7492994666099548
YML014W,YCL001W,0,-0.88687545,0.11708524823188782,0.9851190447807312,0.7493995428085327
YGL015C,YDR198C,0,-0.88714844,0.11707144230604172,0.9851190447807312,0.7494996190071106
YJL084C,YGL147C,0,-0.88723487,0.11705764383077621,0.9851190447807312,0.7495996952056885
YPL250C,YNL312W,0,-0.8880545,0.11704384535551071,0.9851190447807312,0.7496997714042664
YOR304C-A,YDL008W,0,-0.88867587,0.1170300543308258,0.9851190447807312,0.7497998476028442
YJR161C,YBR007C,0,-0.8887464,0.1170162633061409,0.9851190447807312,0.7498999238014221
YJR010C-A,YHR202W,0,-0.88879794,0.117002472281456,0.9851190447807312,0.75
YGR180C,YPR120C,1,-0.88937736,0.11710650473833084,0.9861111044883728,0.75
YML130C,YOR283W,0,-0.8899276,0.11709270626306534,0.9861111044883728,0.7501000761985779
YLR009W,YGR195W,0,-0.8899864,0.11707891523838043,0.9861111044883728,0.7502001523971558
YOR205C,YMR259C,0,-0.89007574,0.11706512421369553,0.9861111044883728,0.7503002285957336
YOR153W,YNL196C,0,-0.8904142,0.11705134063959122,0.9861111044883728,0.7504003047943115
YKL203C,YOR101W,0,-0.8906228,0.11703755706548691,0.9861111044883728,0.7505003809928894
YPL274W,YAL034W-A,0,-0.89075595,0.1170237809419632,0.9861111044883728,0.7506004571914673
YBR275C,YHL032C,0,-0.89094704,0.11701000481843948,0.9861111044883728,0.7507005333900452
YIL119C,YOR262W,0,-0.8917047,0.11699623614549637,0.9861111044883728,0.7508006691932678
YNL156C,YLR126C,0,-0.8920956,0.11698246747255325,0.9861111044883728,0.7509007453918457
YDR207C,YJL079C,0,-0.8922289,0.11696869879961014,0.9861111044883728,0.7510008215904236
YBR125C,YFR020W,0,-0.8925242,0.11695493757724762,0.9861111044883728,0.7511008977890015
YLR291C,YGR084C,0,-0.8928881,0.1169411763548851,0.9861111044883728,0.7512009739875793
YNL312W,YJL026W,1,-0.89309704,0.11704505234956741,0.9871031641960144,0.7512009739875793
YGL197W,YFL045C,0,-0.8932087,0.1170312836766243,0.9871031641960144,0.7513010501861572
YLR436C,YDR185C,0,-0.89394313,0.11701752245426178,0.9871031641960144,0.7514011263847351
YMR139W,YDR152W,0,-0.8939972,0.11700376123189926,0.9871031641960144,0.751501202583313
YPL234C,YML075C,0,-0.8940968,0.11699000746011734,0.9871031641960144,0.7516012787818909
YML012W,YKR092C,0,-0.89409703,0.11697625368833542,0.9871031641960144,0.7517013549804688
YER087W,YOL013C,0,-0.894299,0.1169624999165535,0.9871031641960144,0.7518014311790466
YKL164C,YPL152W,0,-0.89447516,0.11694875359535217,0.9871031641960144,0.7519015073776245
YOR019W,YOL070C,0,-0.8947714,0.11693500727415085,0.9871031641960144,0.7520015835762024
YER127W,YDL137W,0,-0.89480263,0.11692126840353012,0.9871031641960144,0.7521016597747803
YLR340W,YKL162C,0,-0.8952416,0.1169075295329094,0.9871031641960144,0.7522017359733582
YGL140C,YBL020W,0,-0.89594,0.11689379811286926,0.9871031641960144,0.752301812171936
YOL082W,YGR077C,0,-0.8970013,0.11688006669282913,0.9871031641960144,0.7524019479751587
YLL019C,YDR065W,0,-0.89763016,0.116866335272789,0.9871031641960144,0.7525020241737366
YOL148C,YDR055W,0,-0.89777094,0.11685261130332947,0.9871031641960144,0.7526021003723145
YIL160C,YDR322W,0,-0.8981383,0.11683889478445053,0.9871031641960144,0.7527021765708923
YAL029C,YOR338W,0,-0.8986829,0.116825170814991,0.9871031641960144,0.7528022527694702
YML130C,YGR010W,0,-0.898687,0.11681146174669266,0.9871031641960144,0.7529023289680481
YMR276W,YLR449W,0,-0.8988561,0.11679774522781372,0.9871031641960144,0.753002405166626
YOR270C,YHL001W,0,-0.899396,0.11678403615951538,0.9871031641960144,0.7531024813652039
YLR063W,YCR004C,0,-0.90038335,0.11677033454179764,0.9871031641960144,0.7532025575637817
YMR133W,YJL046W,0,-0.90049905,0.1167566329240799,0.9871031641960144,0.7533026337623596
YPL050C,YIL162W,0,-0.90203273,0.11674293130636215,0.9871031641960144,0.7534027099609375
YGR001C,YCR033W,0,-0.90224576,0.116729237139225,0.9871031641960144,0.7535027861595154
YKL027W,YDR183W,0,-0.9026765,0.11671554297208786,0.9871031641960144,0.7536028623580933
YPL264C,YGR292W,0,-0.9026852,0.11670185625553131,0.9871031641960144,0.7537029385566711
YDR304C,YKL038W,0,-0.90276617,0.11668816953897476,0.9871031641960144,0.753803014755249
YLR059C,YHR045W,0,-0.9033144,0.11667448282241821,0.9871031641960144,0.7539031505584717
YGL236C,YDL211C,0,-0.90338737,0.11666080355644226,0.9871031641960144,0.7540032267570496
YLR287C,YMR172W,0,-0.9035967,0.11664712429046631,0.9871031641960144,0.7541033029556274
YDL049C,YOR383C,0,-0.9037515,0.11663345247507095,0.9871031641960144,0.7542033791542053
YOR389W,YNL215W,0,-0.9044484,0.1166197806596756,0.9871031641960144,0.7543034553527832
YPR124W,YLR021W,0,-0.9058413,0.11660611629486084,0.9871031641960144,0.7544035315513611
YGL015C,YLR431C,0,-0.90587586,0.11659245193004608,0.9871031641960144,0.754503607749939
YDR148C,YLR337C,0,-0.90592206,0.11657879501581192,0.9871031641960144,0.7546036839485168
YIL069C,YPR028W,0,-0.90676516,0.11656513810157776,0.9871031641960144,0.7547037601470947
YHR048W,YLR158C,0,-0.9069133,0.1165514811873436,0.9871031641960144,0.7548038363456726
YOR131C,YLR227C,0,-0.90739816,0.11653783172369003,0.9871031641960144,0.7549039125442505
YLR192C,YCR089W,0,-0.90826774,0.11652418226003647,0.9871031641960144,0.7550039887428284
YPL146C,YBR068C,0,-0.90887374,0.1165105402469635,0.9871031641960144,0.7551040649414062
YHR147C,YBR120C,0,-0.9090703,0.11649689823389053,0.9871031641960144,0.7552041411399841
YKL180W,YMR123W,0,-0.90925485,0.11648325622081757,0.9871031641960144,0.755304217338562
YLL045C,YLR068W,0,-0.9092727,0.1164696216583252,0.9871031641960144,0.7554043531417847
YPR017C,YOR223W,0,-0.90960443,0.11645599454641342,0.9871031641960144,0.7555044293403625
YBR037C,YOR178C,0,-0.90961105,0.11644236743450165,0.9871031641960144,0.7556045055389404
YGL045W,YBR294W,0,-0.9097216,0.11642874032258987,0.9871031641960144,0.7557045817375183
YGR230W,YLL052C,0,-0.9097295,0.1164151132106781,0.9871031641960144,0.7558046579360962
YGL135W,YHR071W,0,-0.9105283,0.11640150099992752,0.9871031641960144,0.7559047341346741
YMR316C-A,YPL010W,0,-0.91086936,0.11638788133859634,0.9871031641960144,0.756004810333252
YML023C,YIL040W,0,-0.9110499,0.11637426912784576,0.9871031641960144,0.7561048865318298
YPR024W,YOL163W,0,-0.91112715,0.11636065691709518,0.9871031641960144,0.7562049627304077
YJL163C,YLR135W,0,-0.9116196,0.1163470521569252,0.9871031641960144,0.7563050389289856
YBL102W,YMR073C,0,-0.9116211,0.11633344739675522,0.9871031641960144,0.7564051151275635
YJL142C,YLR341W,0,-0.9116645,0.11631985008716583,0.9871031641960144,0.7565051913261414
YDR125C,YJL048C,0,-0.91247827,0.11630625277757645,0.9871031641960144,0.7566052675247192
YKR042W,YJL036W,0,-0.91311353,0.11629266291856766,0.9871031641960144,0.7567053437232971
YGR277C,YOL093W,0,-0.9131413,0.11627907305955887,0.9871031641960144,0.756805419921875
YLL041C,YER050C,0,-0.91343564,0.11626548320055008,0.9871031641960144,0.7569054961204529
YJL062W,YFR006W,0,-0.91343737,0.11625190079212189,0.9871031641960144,0.7570056319236755
YLL001W,YGR294W,0,-0.91406214,0.1162383183836937,0.9871031641960144,0.7571057081222534
YNL132W,YLR185W,0,-0.9150368,0.1162247434258461,0.9871031641960144,0.7572057843208313
YBR084W,YLR200W,0,-0.9157435,0.1162111684679985,0.9871031641960144,0.7573058605194092
YGR231C,YNL092W,0,-0.9159723,0.11619759351015091,0.9871031641960144,0.7574059367179871
YIL166C,YDR452W,0,-0.91600287,0.11618402600288391,0.9871031641960144,0.7575060129165649
YOR304C-A,YDR091C,0,-0.9167337,0.11617045849561691,0.9871031641960144,0.7576060891151428
YLR303W,YGR192C,0,-0.9168423,0.11615689843893051,0.9871031641960144,0.7577061653137207
YDR025W,YDL045C,0,-0.91733307,0.11614333838224411,0.9871031641960144,0.7578062415122986
YDL024C,YDL101C,0,-0.9174875,0.1161297857761383,0.9871031641960144,0.7579063177108765
YLR189C,YAR002C-A,0,-0.9175235,0.1161162331700325,0.9871031641960144,0.7580063939094543
YJR066W,YHR089C,0,-0.91817105,0.1161026805639267,0.9871031641960144,0.7581064701080322
YGL153W,YOR152C,0,-0.9182531,0.11608913540840149,0.9871031641960144,0.7582065463066101
YOR120W,YHR182W,0,-0.91859263,0.11607559770345688,0.9871031641960144,0.758306622505188
YPL066W,YDL188C,0,-0.91929257,0.11606205254793167,0.9871031641960144,0.7584066987037659
YLR106C,YER062C,0,-0.9196994,0.11604852229356766,0.9871031641960144,0.7585068345069885
YMR259C,YGR010W,0,-0.92003363,0.11603498458862305,0.9871031641960144,0.7586069107055664
YNL190W,YBR010W,0,-0.9203891,0.11602145433425903,0.9871031641960144,0.7587069869041443
YHR033W,YAL024C,0,-0.9214296,0.11600793153047562,0.9871031641960144,0.7588070631027222
YMR216C,YHR150W,0,-0.9219289,0.1159944012761116,0.9871031641960144,0.7589071393013
YGR062C,YLR051C,0,-0.9221913,0.11598088592290878,0.9871031641960144,0.7590072154998779
YPR200C,YMR099C,0,-0.922264,0.11596736311912537,0.9871031641960144,0.7591072916984558
YOL002C,YDR333C,0,-0.9223835,0.11595385521650314,0.9871031641960144,0.7592073678970337
YHR197W,YLR205C,0,-0.9234207,0.11594033986330032,0.9871031641960144,0.7593074440956116
YDR251W,YDR123C,0,-0.9235798,0.1159268319606781,0.9871031641960144,0.7594075202941895
YLR017W,YKR096W,0,-0.92367625,0.11591332405805588,0.9871031641960144,0.7595075964927673
YJL192C,YGR225W,0,-0.92373466,0.11589982360601425,0.9871031641960144,0.7596076726913452
YOR092W,YPR181C,0,-0.9238119,0.11588632315397263,0.9871031641960144,0.7597077488899231
YIL096C,YLR182W,0,-0.92706984,0.1158728301525116,0.9871031641960144,0.759807825088501
YDR415C,YBR278W,0,-0.92726094,0.11585933715105057,0.9871031641960144,0.7599079012870789
YOR044W,YLR068W,0,-0.9274135,0.11584585160017014,0.9871031641960144,0.7600079774856567
YDL206W,YMR058W,0,-0.92750543,0.1158323660492897,0.9871031641960144,0.7601081132888794
YGL014W,YCR017C,0,-0.9280545,0.11581888049840927,0.9871031641960144,0.7602081894874573
YCL059C,YLL061W,0,-0.9285287,0.11580540239810944,0.9871031641960144,0.7603082656860352
YGL230C,YMR038C,0,-0.9287403,0.1157919242978096,0.9871031641960144,0.760408341884613
YDR285W,YHR097C,0,-0.92916435,0.11577845364809036,0.9871031641960144,0.7605084180831909
YLR042C,YFR033C,0,-0.9293328,0.11576498299837112,0.9871031641960144,0.7606084942817688
YEL048C,YBL099W,0,-0.9296888,0.11575151234865189,0.9871031641960144,0.7607085704803467
YIL105C,YPL006W,0,-0.9307235,0.11573804914951324,0.9871031641960144,0.7608086466789246
YJL172W,YJR052W,0,-0.9308905,0.1157245859503746,0.9871031641960144,0.7609087228775024
YIL104C,YDR040C,0,-0.9315548,0.11571113020181656,0.9871031641960144,0.7610087990760803
YJL103C,YJL010C,0,-0.9322308,0.11569767445325851,0.9871031641960144,0.7611088752746582
YPL150W,YLR043C,0,-0.93255454,0.11568422615528107,0.9871031641960144,0.7612089514732361
YBL060W,YKL158W,0,-0.9326641,0.11567077785730362,0.9871031641960144,0.761309027671814
YMR156C,YGR284C,0,-0.9327467,0.11565732955932617,0.9871031641960144,0.7614091038703918
YMR079W,YOR003W,0,-0.9330301,0.11564388871192932,0.9871031641960144,0.7615091800689697
YDR280W,YMR315W,0,-0.933107,0.11563044786453247,0.9871031641960144,0.7616093158721924
YKR043C,YDR462W,0,-0.9345023,0.11561701446771622,0.9871031641960144,0.7617093920707703
YKL155C,YER087C-A,0,-0.9346881,0.11560358107089996,0.9871031641960144,0.7618094682693481
YLR208W,YER158C,0,-0.934725,0.11559014767408371,0.9871031641960144,0.761909544467926
YBR013C,YDL185W,0,-0.9350412,0.11557672172784805,0.9871031641960144,0.7620096206665039
YKR043C,YPR054W,0,-0.9352576,0.1155632957816124,0.9871031641960144,0.7621096968650818
YIL171W,YPR026W,0,-0.9353775,0.11554987728595734,0.9871031641960144,0.7622097730636597
YGR281W,YOR078W,0,-0.93562645,0.11553645879030228,0.9871031641960144,0.7623098492622375
YKL053C-A,YPL013C,0,-0.9359699,0.11552304774522781,0.9871031641960144,0.7624099254608154
YJR093C,YNL160W,0,-0.9365184,0.11550963670015335,0.9871031641960144,0.7625100016593933
YOR320C,YMR307W,0,-0.9365576,0.11549622565507889,0.9871031641960144,0.7626100778579712
YNL125C,YHR132C,0,-0.9368095,0.11548282206058502,0.9871031641960144,0.7627101540565491
YER056C-A,YDL066W,0,-0.93728596,0.11546941846609116,0.9871031641960144,0.762810230255127
YER086W,YOR306C,0,-0.937472,0.11545602232217789,0.9871031641960144,0.7629103064537048
YOR198C,YDL222C,0,-0.937551,0.11544262617826462,0.9871031641960144,0.7630103826522827
YNR043W,YER069W,0,-0.93757504,0.11542923748493195,0.9871031641960144,0.7631104588508606
YDR541C,YBR179C,0,-0.937606,0.11541584134101868,0.9871031641960144,0.7632105946540833
YLR175W,YBR092C,0,-0.9376822,0.1154024600982666,0.9871031641960144,0.7633106708526611
YML003W,YPR167C,0,-0.93808717,0.11538907885551453,0.9871031641960144,0.763410747051239
YHR140W,YNL172W,0,-0.93813425,0.11537569761276245,0.9871031641960144,0.7635108232498169
YDR354W,YNL022C,0,-0.9383201,0.11536231637001038,0.9871031641960144,0.7636108994483948
YJR093C,YLR225C,0,-0.939644,0.1153489425778389,0.9871031641960144,0.7637109756469727
YCR007C,YJR138W,0,-0.93966335,0.11533557623624802,0.9871031641960144,0.7638110518455505
YMR272C,YDR028C,0,-0.9408273,0.11532220989465714,0.9871031641960144,0.7639111280441284
YPL237W,YGL030W,0,-0.9416849,0.11530884355306625,0.9871031641960144,0.7640112042427063
YNL132W,YBR062C,0,-0.94267446,0.11529547721147537,0.9871031641960144,0.7641112804412842
YMR243C,YJR098C,0,-0.94314724,0.11528212577104568,0.9871031641960144,0.7642113566398621
YMR212C,YAL067C,0,-0.9435621,0.1152687668800354,0.9871031641960144,0.7643114328384399
YIL006W,YKR055W,0,-0.9436832,0.11525541543960571,0.9871031641960144,0.7644115090370178
YKL028W,YJL221C,0,-0.94387084,0.11524206399917603,0.9871031641960144,0.7645115852355957
YHR111W,YGL223C,0,-0.9439731,0.11522872000932693,0.9871031641960144,0.7646116614341736
YNL316C,YBL075C,0,-0.9454048,0.11521537601947784,0.9871031641960144,0.7647117972373962
YHL036W,YBR179C,0,-0.9456849,0.11520203948020935,0.9871031641960144,0.7648118734359741
YEL068C,YLR248W,0,-0.9458857,0.11518870294094086,0.9871031641960144,0.764911949634552
YFL066C,YOL113W,0,-0.9468905,0.11517536640167236,0.9871031641960144,0.7650120258331299
YDR192C,YLL053C,0,-0.94694585,0.11516203731298447,0.9871031641960144,0.7651121020317078
YBR049C,YML030W,0,-0.94704217,0.11514870822429657,0.9871031641960144,0.7652121782302856
YPR008W,YHL044W,0,-0.9470967,0.11513538658618927,0.9871031641960144,0.7653122544288635
YER041W,YGL185C,0,-0.9476484,0.11512206494808197,0.9871031641960144,0.7654123306274414
YJL208C,YBR022W,0,-0.94767934,0.11510874330997467,0.9871031641960144,0.7655124068260193
YDR536W,YKL005C,0,-0.94881934,0.11509542912244797,0.9871031641960144,0.7656124830245972
YLL017W,YPR003C,0,-0.9494785,0.11508212238550186,0.9871031641960144,0.765712559223175
YAR027W,YER066W,0,-0.9498305,0.11506880819797516,0.9871031641960144,0.7658126354217529
YKL080W,YOR340C,0,-0.95012814,0.11505550146102905,0.9871031641960144,0.7659127116203308
YLR312C,YBR148W,0,-0.9503207,0.11504220217466354,0.9871031641960144,0.7660127878189087
YER092W,YLR065C,0,-0.9506098,0.11502890288829803,0.9871031641960144,0.7661128640174866
YBR220C,YGR284C,0,-0.9507089,0.11501560360193253,0.9871031641960144,0.7662129998207092
YOL156W,YLR037C,0,-0.9508553,0.11500231176614761,0.9871031641960144,0.7663130760192871
YML030W,YKL221W,0,-0.9508666,0.1149890199303627,0.9871031641960144,0.766413152217865
YKL087C,YDR062W,0,-0.95087487,0.11497573554515839,0.9871031641960144,0.7665132284164429
YPR058W,YMR073C,0,-0.9513677,0.11496245115995407,0.9871031641960144,0.7666133046150208
YDL067C,YIL049W,0,-0.95136946,0.11494916677474976,0.9871031641960144,0.7667133808135986
YLR325C,YIL009C-A,0,-0.95143485,0.11493588984012604,0.9871031641960144,0.7668134570121765
YGL075C,YLR091W,0,-0.9515167,0.11492261290550232,0.9871031641960144,0.7669135332107544
YLR297W,YGL009C,0,-0.95170456,0.1149093434214592,0.9871031641960144,0.7670136094093323
YDR329C,YLR414C,0,-0.95174354,0.11489607393741608,0.9871031641960144,0.7671136856079102
YIL026C,YPL158C,0,-0.95193136,0.11488280445337296,0.9871031641960144,0.767213761806488
YDL142C,YAR028W,0,-0.9520934,0.11486954241991043,0.9871031641960144,0.7673138380050659
YLR065C,YLR216C,0,-0.9521682,0.1148562878370285,0.9871031641960144,0.7674139142036438
YBR280C,YGL084C,0,-0.95218337,0.11484302580356598,0.9871031641960144,0.7675139904022217
YPL181W,YPL158C,0,-0.9526182,0.11482977867126465,0.9871031641960144,0.7676140666007996
YEL031W,YNL115C,0,-0.9531131,0.11481652408838272,0.9871031641960144,0.7677141427993774
YKL022C,YHR197W,1,-0.9531813,0.11491865664720535,0.988095223903656,0.7677141427993774
YFL027C,YMR312W,0,-0.95404285,0.11490540206432343,0.988095223903656,0.7678142786026001
YGL008C,YKL077W,0,-0.9544963,0.1148921474814415,0.988095223903656,0.767914354801178
YMR041C,YMR295C,0,-0.95452654,0.11487889289855957,0.988095223903656,0.7680144309997559
YPR194C,YDR207C,0,-0.9547154,0.11486564576625824,0.988095223903656,0.7681145071983337
YGL009C,YIL002C,0,-0.9549495,0.11485239863395691,0.988095223903656,0.7682145833969116
YPL003W,YBR221C,0,-0.9551361,0.11483915895223618,0.988095223903656,0.7683146595954895
YPR021C,YOL013C,0,-0.9556342,0.11482591927051544,0.988095223903656,0.7684147357940674
YPR156C,YCR030C,0,-0.9557095,0.11481267958879471,0.988095223903656,0.7685148119926453
YJR002W,YHL032C,0,-0.95615053,0.11479944735765457,0.988095223903656,0.7686148881912231
YML003W,YMR315W,0,-0.95689815,0.11478621512651443,0.988095223903656,0.768714964389801
YDR485C,YCL047C,0,-0.9570049,0.1147729903459549,0.988095223903656,0.7688150405883789
YLR321C,YIL064W,0,-0.95731145,0.11475976556539536,0.988095223903656,0.7689151167869568
YER142C,YHL024W,0,-0.9576357,0.11474654078483582,0.988095223903656,0.7690151929855347
YBL095W,YOR113W,0,-0.9577507,0.11473332345485687,0.988095223903656,0.7691152691841125
YOR340C,YBR139W,0,-0.95810676,0.11472011357545853,0.988095223903656,0.7692153453826904
YLR059C,YNL176C,0,-0.9584333,0.11470689624547958,0.988095223903656,0.7693154811859131
YAL036C,YOR045W,0,-0.95949167,0.11469368636608124,0.988095223903656,0.769415557384491
YJL013C,YIL151C,0,-0.9599332,0.11468048393726349,0.988095223903656,0.7695156335830688
YLR325C,YEL058W,0,-0.9603786,0.11466728150844574,0.988095223903656,0.7696157097816467
YBL059W,YER143W,0,-0.9615754,0.11465407907962799,0.988095223903656,0.7697157859802246
YER115C,YLR002C,0,-0.9617428,0.11464088410139084,0.988095223903656,0.7698158621788025
YKL013C,YNL299W,0,-0.9620771,0.11462768912315369,0.988095223903656,0.7699159383773804
YJL055W,YJL036W,0,-0.9625578,0.11461450159549713,0.988095223903656,0.7700160145759583
YLL050C,YNL295W,0,-0.96285427,0.11460131406784058,0.988095223903656,0.7701160907745361
YNL090W,YOL062C,0,-0.96343386,0.11458812654018402,0.988095223903656,0.770216166973114
YER115C,YER061C,0,-0.9637869,0.11457494646310806,0.988095223903656,0.7703162431716919
YLR192C,YKL184W,0,-0.96408224,0.1145617663860321,0.988095223903656,0.7704163193702698
YHR005C-A,YDR084C,0,-0.9642133,0.11454859375953674,0.988095223903656,0.7705163955688477
YAR071W,YKL139W,0,-0.9644927,0.11453542113304138,0.988095223903656,0.7706164717674255
YLL019C,YCL012W,0,-0.96604866,0.11452224850654602,0.988095223903656,0.7707165479660034
YLR113W,YLR446W,0,-0.9664529,0.11450908333063126,0.988095223903656,0.7708166241645813
YNL192W,YLR409C,0,-0.9666198,0.11449591815471649,0.988095223903656,0.770916759967804
YMR023C,YMR102C,0,-0.9671702,0.11448276042938232,0.988095223903656,0.7710168361663818
YHR029C,YJL002C,0,-0.96826595,0.11446960270404816,0.988095223903656,0.7711169123649597
YDR302W,YDL134C,0,-0.96830755,0.11445644497871399,0.988095223903656,0.7712169885635376
YIL108W,YER173W,0,-0.9683334,0.11444329470396042,0.988095223903656,0.7713170647621155
YGL085W,YAL012W,0,-0.96934205,0.11443014442920685,0.988095223903656,0.7714171409606934
YNR057C,YGR266W,0,-0.9694963,0.11441700160503387,0.988095223903656,0.7715172171592712
YOR301W,YNL335W,0,-0.96992815,0.1144038587808609,0.988095223903656,0.7716172933578491
YCR086W,YFL014W,0,-0.9702665,0.11439072340726852,0.988095223903656,0.771717369556427
YMR167W,YBR096W,0,-0.9714201,0.11437758058309555,0.988095223903656,0.7718174457550049
YDR367W,YPL173W,0,-0.9716245,0.11436445266008377,0.988095223903656,0.7719175219535828
YDR247W,YPR075C,0,-0.97222006,0.1143513172864914,0.988095223903656,0.7720175981521606
YLR113W,YJR046W,1,-0.9725916,0.11445298790931702,0.9890872836112976,0.7720175981521606
YOR071C,YJL133W,0,-0.97283167,0.11443985253572464,0.9890872836112976,0.7721176743507385
YHL024W,YGR180C,1,-0.97302467,0.11454149335622787,0.9900793433189392,0.7721176743507385
YNL305C,YOR290C,0,-0.9738168,0.1145283430814743,0.9900793433189392,0.7722177505493164
YNR055C,YER131W,0,-0.9739252,0.11451520025730133,0.9900793433189392,0.7723178267478943
YPR138C,YIR039C,0,-0.9740875,0.11450206488370895,0.9900793433189392,0.7724179625511169
YOR347C,YLR138W,0,-0.9745637,0.11448892951011658,0.9900793433189392,0.7725180387496948
YER130C,YJL076W,0,-0.9747143,0.1144757941365242,0.9900793433189392,0.7726181149482727
YAL008W,YBR068C,0,-0.9752398,0.11446266621351242,0.9900793433189392,0.7727181911468506
YAL022C,YPR132W,0,-0.975349,0.11444953829050064,0.9900793433189392,0.7728182673454285
YPL103C,YOL044W,0,-0.9755349,0.11443641781806946,0.9900793433189392,0.7729183435440063
YDL144C,YOR321W,0,-0.9758816,0.11442329734563828,0.9900793433189392,0.7730184197425842
YLR196W,YGR233C,0,-0.9763912,0.11441017687320709,0.9900793433189392,0.7731184959411621
YGL111W,YDL091C,0,-0.97680086,0.1143970638513565,0.9900793433189392,0.77321857213974
YMR145C,YPL116W,0,-0.9779827,0.11438395082950592,0.9900793433189392,0.7733186483383179
YER107C,YIL039W,0,-0.97799486,0.11437084525823593,0.9900793433189392,0.7734187245368958
YKL107W,YGR094W,0,-0.97811544,0.11435773968696594,0.9900793433189392,0.7735188007354736
YER057C,YJR067C,0,-0.97828346,0.11434464156627655,0.9900793433189392,0.7736188769340515
YCL010C,YPL145C,0,-0.97833544,0.11433153599500656,0.9900793433189392,0.7737189531326294
YGR110W,YKR044W,0,-0.979382,0.11431844532489777,0.9900793433189392,0.7738190293312073
YLR070C,YKL172W,0,-0.9795562,0.11430534720420837,0.9900793433189392,0.7739191055297852
YIL088C,YGL158W,0,-0.9795838,0.11429225653409958,0.9900793433189392,0.7740192413330078
YOR134W,YOR165W,0,-0.9799308,0.11427917331457138,0.9900793433189392,0.7741193175315857
YDR078C,YBR268W,0,-0.9801041,0.11426609009504318,0.9900793433189392,0.7742193937301636
YLR213C,YBR012W-A,0,-0.980272,0.11425300687551498,0.9900793433189392,0.7743194699287415
YJL113W,YHR010W,0,-0.980646,0.11423992365598679,0.9900793433189392,0.7744195461273193
YOL162W,YGL153W,0,-0.9824824,0.11422684788703918,0.9900793433189392,0.7745196223258972
YBR013C,YLR389C,0,-0.98272675,0.11421377956867218,0.9900793433189392,0.7746196985244751
YHR019C,YOR265W,0,-0.983113,0.11420071125030518,0.9900793433189392,0.774719774723053
YMR272C,YKL100C,0,-0.98367405,0.11418764293193817,0.9900793433189392,0.7748198509216309
YCL033C,YFR042W,0,-0.98424095,0.11417458206415176,0.9900793433189392,0.7749199271202087
YER148W,YOL152W,0,-0.98452556,0.11416152119636536,0.9900793433189392,0.7750200033187866
YOL053C-A,YPL053C,0,-0.9846054,0.11414846032857895,0.9900793433189392,0.7751200795173645
YMR203W,YBR082C,0,-0.98491,0.11413540691137314,0.9900793433189392,0.7752201557159424
YOR319W,YHL008C,0,-0.9860638,0.11412235349416733,0.9900793433189392,0.7753202319145203
YPL279C,YGR172C,0,-0.9864135,0.11410930752754211,0.9900793433189392,0.7754203081130981
YOR210W,YMR278W,0,-0.98739916,0.1140962615609169,0.9900793433189392,0.7755204439163208
YML087C,YER005W,0,-0.9876968,0.11408321559429169,0.9900793433189392,0.7756205201148987
YPL275W,YFR041C,0,-0.9879597,0.11407017707824707,0.9900793433189392,0.7757205963134766
YBR118W,YGL002W,0,-0.989564,0.11405714601278305,0.9900793433189392,0.7758206725120544
YCR079W,YGR097W,0,-0.99006844,0.11404410749673843,0.9900793433189392,0.7759207487106323
YHR113W,YHR070W,0,-0.9911119,0.11403107643127441,0.9900793433189392,0.7760208249092102
YML101C,YMR318C,0,-0.991365,0.11401805281639099,0.9900793433189392,0.7761209011077881
YOL163W,YHR157W,0,-0.99199426,0.11400502920150757,0.9900793433189392,0.776220977306366
YDR365C,YPR097W,0,-0.9920448,0.11399200558662415,0.9900793433189392,0.7763210535049438
YIL037C,YHR004C,0,-0.99218506,0.11397898942232132,0.9900793433189392,0.7764211297035217
YLR216C,YCR005C,0,-0.9926932,0.1139659732580185,0.9900793433189392,0.7765212059020996
YLR023C,YDL150W,0,-0.9927347,0.11395295709371567,0.9900793433189392,0.7766212821006775
YER130C,YDR462W,0,-0.9928829,0.11393994837999344,0.9900793433189392,0.7767213582992554
YGL208W,YKR089C,0,-0.9938548,0.11392693966627121,0.9900793433189392,0.7768214344978333
YJL045W,YOR099W,0,-0.99393845,0.11391393840312958,0.9900793433189392,0.7769215106964111
YDR480W,YDR151C,0,-0.9939435,0.11390093713998795,0.9900793433189392,0.7770216464996338
YBR299W,YLR205C,0,-0.99439794,0.11388793587684631,0.9900793433189392,0.7771217226982117
YPL166W,YPL246C,0,-0.99454814,0.11387494206428528,0.9900793433189392,0.7772217988967896
YMR246W,YBR132C,0,-0.9945727,0.11386194825172424,0.9900793433189392,0.7773218750953674
YGL022W,YNL058C,0,-0.9950636,0.1138489618897438,0.9900793433189392,0.7774219512939453
YIL133C,YDR206W,0,-0.99510413,0.11383597552776337,0.9900793433189392,0.7775220274925232
YDL240W,YNR004W,0,-0.9955401,0.11382298916578293,0.9900793433189392,0.7776221036911011
YGR255C,YNL182C,0,-0.99581903,0.11381001025438309,0.9900793433189392,0.777722179889679
YDL114W,YMR142C,0,-0.99616545,0.11379703879356384,0.9900793433189392,0.7778222560882568
YGR124W,YCL045C,0,-0.9964709,0.113784059882164,0.9900793433189392,0.7779223322868347
YHR129C,YKL077W,0,-0.9966579,0.11377108842134476,0.9900793433189392,0.7780224084854126
YKR070W,YML115C,0,-0.9976505,0.11375812441110611,0.9900793433189392,0.7781224846839905
YPL203W,YGL128C,0,-0.997987,0.11374515295028687,0.9900793433189392,0.7782225608825684
YKL187C,YDR512C,0,-0.9995488,0.11373219639062881,0.9900793433189392,0.7783226370811462
YEL071W,YPL106C,0,-0.99954885,0.11371923238039017,0.9900793433189392,0.7784227132797241
YHR083W,YBR101C,0,-0.99991506,0.11370627582073212,0.9900793433189392,0.778522789478302
YJL140W,YER066W,0,-1.0009205,0.11369332671165466,0.9900793433189392,0.7786229252815247
YCR053W,YIL122W,0,-1.000974,0.11368037015199661,0.9900793433189392,0.7787230014801025
YOL064C,YMR101C,0,-1.0014001,0.11366742849349976,0.9900793433189392,0.7788230776786804
YPR020W,YGR149W,0,-1.0017871,0.1136544793844223,0.9900793433189392,0.7789231538772583
YMR013C,YDR422C,0,-1.0018837,0.11364153772592545,0.9900793433189392,0.7790232300758362
YDR152W,YJL001W,0,-1.002064,0.11362860351800919,0.9900793433189392,0.7791233062744141
YBL039C,YJR086W,0,-1.0025651,0.11361566185951233,0.9900793433189392,0.7792233824729919
YOL054W,YOL132W,0,-1.0025938,0.11360273510217667,0.9900793433189392,0.7793234586715698
YGL259W,YDL121C,0,-1.002919,0.1135898008942604,0.9900793433189392,0.7794235348701477
YKR057W,YGR071C,0,-1.002994,0.11357687413692474,0.9900793433189392,0.7795236110687256
YLR063W,YBR084C-A,0,-1.0033588,0.11356394737958908,0.9900793433189392,0.7796236872673035
YBR110W,YDR304C,0,-1.0034376,0.11355102807283401,0.9900793433189392,0.7797237634658813
YMR261C,YLR228C,0,-1.0036945,0.11353810876607895,0.9900793433189392,0.7798238396644592
YBR159W,YJL165C,0,-1.0044923,0.11352519690990448,0.9900793433189392,0.7799239158630371
YJR044C,YOR036W,0,-1.0048546,0.11351228505373001,0.9900793433189392,0.780023992061615
YOR044W,YLR461W,0,-1.0052118,0.11349937319755554,0.9900793433189392,0.7801241278648376
YBR290W,YGR122W,0,-1.005228,0.11348646879196167,0.9900793433189392,0.7802242040634155
YOL016C,YBR168W,0,-1.0055474,0.1134735643863678,0.9900793433189392,0.7803242802619934
YLR155C,YNL033W,0,-1.0055908,0.11346066743135452,0.9900793433189392,0.7804243564605713
YPR149W,YDR206W,0,-1.0059305,0.11344776302576065,0.9900793433189392,0.7805244326591492
YPR200C,YKR014C,0,-1.0063237,0.11343487352132797,0.9900793433189392,0.780624508857727
YDL232W,YGR173W,0,-1.0065036,0.1134219765663147,0.9900793433189392,0.7807245850563049
YAL009W,YGR150C,0,-1.0069675,0.11340909451246262,0.9900793433189392,0.7808246612548828
YJL225C,YDL245C,0,-1.0074031,0.11339620500802994,0.9900793433189392,0.7809247374534607
YMR318C,YMR115W,0,-1.0077151,0.11338332295417786,0.9900793433189392,0.7810248136520386
YBR286W,YHL039W,0,-1.0078714,0.11337044090032578,0.9900793433189392,0.7811248898506165
YPL250C,YBL046W,0,-1.0082313,0.11335756629705429,0.9900793433189392,0.7812249660491943
YDL082W,YDR018C,0,-1.0091181,0.1133446916937828,0.9900793433189392,0.7813250422477722
YBR149W,YEL041W,0,-1.0094059,0.11333181709051132,0.9900793433189392,0.7814251184463501
YGR083C,YNL238W,0,-1.0096385,0.11331894993782043,0.9900793433189392,0.781525194644928
YHL024W,YPR175W,1,-1.0098532,0.11341962218284607,0.9910714030265808,0.781525194644928
YMR312W,YNR062C,0,-1.010847,0.11340674012899399,0.9910714030265808,0.7816252708435059
YDL138W,YLR116W,0,-1.0109872,0.1133938729763031,0.9910714030265808,0.7817254066467285
YPR052C,YDR481C,0,-1.011359,0.11338099837303162,0.9910714030265808,0.7818254828453064
YDL134C,YLR057W,0,-1.0117114,0.11336813122034073,0.9910714030265808,0.7819255590438843
YOL060C,YLR259C,0,-1.0117266,0.11335527151823044,0.9910714030265808,0.7820256352424622
YJR027W,YGL025C,0,-1.011823,0.11334241181612015,0.9910714030265808,0.78212571144104
YGR250C,YDR296W,0,-1.0119675,0.11332955211400986,0.9910714030265808,0.7822257876396179
YGR016W,YOR256C,0,-1.0125386,0.11331669986248016,0.9910714030265808,0.7823258638381958
YDL012C,YER087C-A,0,-1.0128994,0.11330384761095047,0.9910714030265808,0.7824259400367737
YJL033W,YOR150W,0,-1.0129963,0.11329099535942078,0.9910714030265808,0.7825260162353516
YOL060C,YJL100W,0,-1.0137568,0.11327815055847168,0.9910714030265808,0.7826260924339294
YPL237W,YOR378W,0,-1.0139214,0.11326530575752258,0.9910714030265808,0.7827261686325073
YDR489W,YIR041W,0,-1.0139242,0.11325246840715408,0.9910714030265808,0.7828262448310852
YDR389W,YOR028C,0,-1.0147771,0.11323963105678558,0.9910714030265808,0.7829263210296631
YGR256W,YBR148W,0,-1.0149891,0.11322679370641708,0.9910714030265808,0.783026397228241
YGR097W,YKR081C,0,-1.0150089,0.11321396380662918,0.9910714030265808,0.7831264734268188
YHR197W,YJL059W,0,-1.0155709,0.11320113390684128,0.9910714030265808,0.7832266092300415
YGR201C,YHL039W,0,-1.0169736,0.11318830400705338,0.9910714030265808,0.7833266854286194
YBL020W,YBL067C,0,-1.0183755,0.11317548155784607,0.9910714030265808,0.7834267616271973
YMR259C,YGR037C,0,-1.0184513,0.11316266655921936,0.9910714030265808,0.7835268378257751
YNL096C,YDL193W,0,-1.0185149,0.11314984411001205,0.9910714030265808,0.783626914024353
YOR153W,YHR074W,0,-1.0188348,0.11313703656196594,0.9910714030265808,0.7837269902229309
YJR010W,YJL107C,0,-1.0197517,0.11312422156333923,0.9910714030265808,0.7838270664215088
YGL013C,YJL221C,0,-1.0197709,0.11311141401529312,0.9910714030265808,0.7839271426200867
YDL084W,YKR096W,0,-1.0199375,0.11309860646724701,0.9910714030265808,0.7840272188186646
YBL057C,YMR226C,0,-1.020284,0.1130858063697815,0.9910714030265808,0.7841272950172424
YJR049C,YDR046C,0,-1.0205472,0.11307300627231598,0.9910714030265808,0.7842273712158203
YMR305C,YGL170C,0,-1.0209645,0.11306020617485046,0.9910714030265808,0.7843274474143982
YBR093C,YPL015C,0,-1.0213991,0.11304741352796555,0.9910714030265808,0.7844275236129761
YDL180W,YIL145C,0,-1.0219067,0.11303462088108063,0.9910714030265808,0.784527599811554
YJL062W,YFL034C-B,0,-1.0228468,0.1130218356847763,0.9910714030265808,0.7846276760101318
YNL156C,YBR210W,0,-1.0229075,0.11300905048847198,0.9910714030265808,0.7847278118133545
YHR119W,YDL121C,0,-1.0234541,0.11299626529216766,0.9910714030265808,0.7848278880119324
YDL099W,YBR016W,0,-1.0234568,0.11298348754644394,0.9910714030265808,0.7849279642105103
YBR083W,YDL160C,0,-1.0235441,0.11297070980072021,0.9910714030265808,0.7850280404090881
YKR099W,YLR009W,0,-1.0235993,0.11295793950557709,0.9910714030265808,0.785128116607666
YHR033W,YEL029C,0,-1.0241079,0.11294516921043396,0.9910714030265808,0.7852281928062439
YCR043C,YBR141C,0,-1.0243154,0.11293239891529083,0.9910714030265808,0.7853282690048218
YDR387C,YLR167W,0,-1.0248926,0.1129196360707283,0.9910714030265808,0.7854283452033997
YDR348C,YMR229C,0,-1.0253854,0.11290687322616577,0.9910714030265808,0.7855284214019775
YIL006W,YBR096W,0,-1.0259202,0.11289411038160324,0.9910714030265808,0.7856284976005554
YOL163W,YMR287C,0,-1.0259539,0.11288135498762131,0.9910714030265808,0.7857285737991333
YOL013C,YOR098C,0,-1.0264103,0.11286859959363937,0.9910714030265808,0.7858286499977112
YER045C,YGR096W,0,-1.0265203,0.11285585165023804,0.9910714030265808,0.7859287261962891
YCR003W,YKL174C,0,-1.0270128,0.1128431037068367,0.9910714030265808,0.7860288023948669
YJL156C,YLR237W,0,-1.0271919,0.11283035576343536,0.9910714030265808,0.7861288785934448
YGR289C,YJR089W,0,-1.0297613,0.11281761527061462,0.9910714030265808,0.7862289547920227
YHR060W,YMR262W,0,-1.0303391,0.11280487477779388,0.9910714030265808,0.7863290905952454
YDL122W,YNL295W,0,-1.0305774,0.11279214173555374,0.9910714030265808,0.7864291667938232
YHL015W,YGL017W,0,-1.0309266,0.1127794086933136,0.9910714030265808,0.7865292429924011
YDR131C,YPR118W,0,-1.031074,0.11276667565107346,0.9910714030265808,0.786629319190979
YAR010C,YHR087W,0,-1.0311333,0.11275395005941391,0.9910714030265808,0.7867293953895569
YDR393W,YMR315W,0,-1.0311943,0.11274122446775436,0.9910714030265808,0.7868294715881348
YOL077C,YLR336C,0,-1.0312221,0.11272850632667542,0.9910714030265808,0.7869295477867126
YAL027W,YHR045W,0,-1.0324715,0.11271578818559647,0.9910714030265808,0.7870296239852905
YOR322C,YHR202W,0,-1.0333999,0.11270307004451752,0.9910714030265808,0.7871297001838684
YKL208W,YIL076W,0,-1.0344192,0.11269035190343857,0.9910714030265808,0.7872297763824463
YNL213C,YDR141C,0,-1.0345832,0.11267764121294022,0.9910714030265808,0.7873298525810242
YER108C,YAR020C,0,-1.0350552,0.11266493797302246,0.9910714030265808,0.787429928779602
YNL173C,YPL004C,0,-1.036304,0.1126522347331047,0.9910714030265808,0.7875300049781799
YFL038C,YBR271W,0,-1.036332,0.11263953149318695,0.9910714030265808,0.7876300811767578
YML114C,YPL274W,0,-1.0368183,0.11262683570384979,0.9910714030265808,0.7877301573753357
YKR038C,YLR164W,0,-1.0370013,0.11261413246393204,0.9910714030265808,0.7878302931785583
YKR097W,YJR126C,0,-1.037069,0.11260144412517548,0.9910714030265808,0.7879303693771362
YJL055W,YGR054W,0,-1.0371189,0.11258875578641891,0.9910714030265808,0.7880304455757141
YER058W,YNR061C,0,-1.0380211,0.11257606744766235,0.9910714030265808,0.788130521774292
YOL154W,YIL143C,0,-1.0382115,0.11256337910890579,0.9910714030265808,0.7882305979728699
YDL177C,YBR175W,0,-1.0386804,0.11255069822072983,0.9910714030265808,0.7883306741714478
YIL151C,YLR362W,0,-1.0389658,0.11253801733255386,0.9910714030265808,0.7884307503700256
YER145C,YLR276C,0,-1.0391263,0.1125253438949585,0.9910714030265808,0.7885308265686035
YJR002W,YHR007C,0,-1.0392071,0.11251267045736313,0.9910714030265808,0.7886309027671814
YKL141W,YOR365C,0,-1.0400293,0.11249999701976776,0.9910714030265808,0.7887309789657593
YOL077C,YDR018C,0,-1.0400766,0.11248733103275299,0.9910714030265808,0.7888310551643372
YLR040C,YJL186W,0,-1.0412501,0.11247466504573822,0.9910714030265808,0.788931131362915
YHR192W,YCR094W,0,-1.0415865,0.11246200650930405,0.9910714030265808,0.7890312075614929
YDR091C,YDL179W,0,-1.0416191,0.11244934797286987,0.9910714030265808,0.7891312837600708
YNR057C,YPL154C,0,-1.0419282,0.1124366894364357,0.9910714030265808,0.7892313599586487
YNR004W,YLR321C,0,-1.0422138,0.11242403835058212,0.9910714030265808,0.7893314361572266
YAL035W,YNL321W,0,-1.042403,0.11241138726472855,0.9910714030265808,0.7894315719604492
YJL050W,YDR294C,0,-1.0428097,0.11239873617887497,0.9910714030265808,0.7895316481590271
YAR009C,YJL157C,0,-1.0431635,0.11238609254360199,0.9910714030265808,0.789631724357605
YFR022W,YJL047C,0,-1.0440449,0.1123734563589096,0.9910714030265808,0.7897318005561829
YDR189W,YNL190W,0,-1.0440804,0.11236081272363663,0.9910714030265808,0.7898318767547607
YMR258C,YFL034W,0,-1.0443178,0.11234817653894424,0.9910714030265808,0.7899319529533386
YML050W,YDR313C,0,-1.0453259,0.11233554780483246,0.9910714030265808,0.7900320291519165
YGR077C,YBR126C,0,-1.0458555,0.11232291162014008,0.9910714030265808,0.7901321053504944
YBR216C,YOR019W,0,-1.045861,0.11231029033660889,0.9910714030265808,0.7902321815490723
YJR096W,YKL144C,0,-1.0463748,0.1122976616024971,0.9910714030265808,0.7903322577476501
YCL050C,YGR145W,0,-1.0471201,0.11228504031896591,0.9910714030265808,0.790432333946228
YLR179C,YBR084C-A,0,-1.0474709,0.11227241903543472,0.9910714030265808,0.7905324101448059
YLL016W,YLR053C,0,-1.047551,0.11225980520248413,0.9910714030265808,0.7906324863433838
YGL150C,YJR103W,0,-1.0478402,0.11224719136953354,0.9910714030265808,0.7907325625419617
YCL019W,YLL050C,0,-1.0482577,0.11223457753658295,0.9910714030265808,0.7908326387405396
YEL072W,YGR034W,0,-1.0487646,0.11222197115421295,0.9910714030265808,0.7909327745437622
YBL095W,YOR350C,0,-1.04919,0.11220936477184296,0.9910714030265808,0.7910328507423401
YDR023W,YPL239W,0,-1.0495486,0.11219676584005356,0.9910714030265808,0.791132926940918
YGR024C,YPR132W,0,-1.0500088,0.11218416690826416,0.9910714030265808,0.7912330031394958
YNL066W,YBR107C,0,-1.0504775,0.11217156797647476,0.9910714030265808,0.7913330793380737
YOR163W,YOL030W,0,-1.051268,0.11215897649526596,0.9910714030265808,0.7914331555366516
YOR140W,YLR409C,0,-1.0522177,0.11214638501405716,0.9910714030265808,0.7915332317352295
YAL016W,YMR166C,0,-1.0527153,0.11213380098342896,0.9910714030265808,0.7916333079338074
YBR291C,YGR131W,0,-1.0531174,0.11212120950222015,0.9910714030265808,0.7917333841323853
YDL119C,YLL053C,0,-1.0543491,0.11210863292217255,0.9910714030265808,0.7918334603309631
YGL187C,YFR014C,0,-1.0544655,0.11209604889154434,0.9910714030265808,0.791933536529541
YDR375C,YBR006W,0,-1.0544963,0.11208347231149673,0.9910714030265808,0.7920336127281189
YLL054C,YLR342W,0,-1.0545359,0.11207090318202972,0.9910714030265808,0.7921336889266968
YLR020C,YML094W,0,-1.0547389,0.11205832660198212,0.9910714030265808,0.7922337651252747
YMR285C,YJR105W,0,-1.0549312,0.1120457574725151,0.9910714030265808,0.7923338413238525
YPR124W,YMR316C-A,0,-1.0565486,0.11203319579362869,0.9910714030265808,0.7924339175224304
YIL171W,YPR082C,0,-1.0568109,0.11202063411474228,0.9910714030265808,0.7925340533256531
YPR160W,YBR023C,0,-1.0569417,0.11200807243585587,0.9910714030265808,0.792634129524231
YLR063W,YIL014W,0,-1.0574471,0.11199551820755005,0.9910714030265808,0.7927342057228088
YNL327W,YJR054W,0,-1.0576475,0.11198296397924423,0.9910714030265808,0.7928342819213867
YER124C,YGR010W,0,-1.0578626,0.11197040975093842,0.9910714030265808,0.7929343581199646
YLL019C,YOL077W-A,0,-1.0590179,0.1119578629732132,0.9910714030265808,0.7930344343185425
YMR161W,YIL002C,0,-1.059025,0.11194531619548798,0.9910714030265808,0.7931345105171204
YJL084C,YHL001W,0,-1.0593314,0.11193276941776276,0.9910714030265808,0.7932345867156982
YDR139C,YJR123W,0,-1.059517,0.11192023009061813,0.9910714030265808,0.7933346629142761
YLR413W,YBR077C,0,-1.0600474,0.11190769821405411,0.9910714030265808,0.793434739112854
YEL040W,YKL182W,0,-1.0602416,0.11189515888690948,0.9910714030265808,0.7935348153114319
YKL100C,YPL274W,0,-1.0603583,0.11188262701034546,0.9910714030265808,0.7936348915100098
YBR286W,YLR053C,0,-1.0606705,0.11187010258436203,0.9910714030265808,0.7937349677085876
YGR066C,YFL051C,0,-1.0609989,0.1118575781583786,0.9910714030265808,0.7938350439071655
YNL007C,YHR018C,0,-1.0621563,0.11184505373239517,0.9910714030265808,0.7939351201057434
YNL190W,YNL159C,0,-1.0627999,0.11183252930641174,0.9910714030265808,0.7940352559089661
YDR089W,YDR039C,0,-1.0642484,0.11182001233100891,0.9910714030265808,0.794135332107544
YNL155W,YDR155C,0,-1.064393,0.11180749535560608,0.9910714030265808,0.7942354083061218
YJR049C,YJL191W,0,-1.0648525,0.11179498583078384,0.9910714030265808,0.7943354845046997
YGR110W,YML027W,0,-1.0654299,0.11178247630596161,0.9910714030265808,0.7944355607032776
YKL187C,YKL101W,0,-1.0659482,0.11176997423171997,0.9910714030265808,0.7945356369018555
YMR011W,YPR006C,0,-1.065969,0.11175746470689774,0.9910714030265808,0.7946357131004333
YGL013C,YDR338C,0,-1.0668486,0.1117449700832367,0.9910714030265808,0.7947357892990112
YPR167C,YCL038C,0,-1.0673048,0.11173246800899506,0.9910714030265808,0.7948358654975891
YNL142W,YKR069W,0,-1.0680703,0.11171997338533401,0.9910714030265808,0.794935941696167
YDR492W,YGR128C,0,-1.0683355,0.11170747876167297,0.9910714030265808,0.7950360178947449
YHR192W,YKL004W,0,-1.068617,0.11169499158859253,0.9910714030265808,0.7951360940933228
YPR163C,YPL239W,0,-1.0687859,0.11168250441551208,0.9910714030265808,0.7952361702919006
YCL010C,YIR041W,0,-1.068788,0.11167001724243164,0.9910714030265808,0.7953362464904785
YBR023C,YMR017W,0,-1.069037,0.1116575375199318,0.9910714030265808,0.7954363226890564
YPR192W,YPL053C,0,-1.0700567,0.11164505779743195,0.9910714030265808,0.795536458492279
YOR161C,YDL165W,0,-1.070134,0.1116325855255127,0.9910714030265808,0.7956365346908569
YMR325W,YAL024C,0,-1.0705093,0.11162011325359344,0.9910714030265808,0.7957366108894348
YLR413W,YBR212W,0,-1.0710241,0.1116076409816742,0.9910714030265808,0.7958366870880127
YBR193C,YHR174W,0,-1.0718157,0.11159517616033554,0.9910714030265808,0.7959367632865906
YNL290W,YLR460C,0,-1.072557,0.11158271133899689,0.9910714030265808,0.7960368394851685
YAL040C,YNL122C,0,-1.0731436,0.11157024651765823,0.9910714030265808,0.7961369156837463
YGL234W,YKL071W,0,-1.0732653,0.11155778914690018,0.9910714030265808,0.7962369918823242
YHR065C,YPR073C,0,-1.0733659,0.11154533177614212,0.9910714030265808,0.7963370680809021
YCL037C,YDR071C,0,-1.0746192,0.11153288185596466,0.9910714030265808,0.79643714427948
YLR120C,YBR096W,0,-1.0753219,0.1115204319357872,0.9910714030265808,0.7965372204780579
YOR278W,YJR070C,0,-1.0754644,0.11150798201560974,0.9910714030265808,0.7966372966766357
YBR062C,YLR167W,0,-1.076015,0.11149553209543228,0.9910714030265808,0.7967373728752136
YNL274C,YHR012W,0,-1.0769397,0.11148309707641602,0.9910714030265808,0.7968374490737915
YEL002C,YLL019C,0,-1.0775473,0.11147065460681915,0.9910714030265808,0.7969375252723694
YAR071W,YDR231C,0,-1.0782526,0.11145821958780289,0.9910714030265808,0.7970376014709473
YGL056C,YLR449W,0,-1.0782948,0.11144578456878662,0.9910714030265808,0.7971377372741699
YPR024W,YLR229C,0,-1.0785949,0.11143334954977036,0.9910714030265808,0.7972378134727478
YHL008C,YNL093W,0,-1.0787389,0.11142092198133469,0.9910714030265808,0.7973378896713257
YLL001W,YLR126C,0,-1.0793983,0.11140849441289902,0.9910714030265808,0.7974379658699036
YDR387C,YPL091W,0,-1.0794032,0.11139607429504395,0.9910714030265808,0.7975380420684814
YLR102C,YKR051W,0,-1.0802947,0.11138365417718887,0.9910714030265808,0.7976381182670593
YFL020C,YKL154W,0,-1.0813231,0.1113712340593338,0.9910714030265808,0.7977381944656372
YOR078W,YAR028W,0,-1.0815984,0.11135882139205933,0.9910714030265808,0.7978382706642151
YLR431C,YLL056C,0,-1.0816532,0.11134640872478485,0.9910714030265808,0.797938346862793
YCL043C,YLR107W,0,-1.0826976,0.11133400350809097,0.9910714030265808,0.7980384230613708
YBR015C,YBL054W,0,-1.0831275,0.1113215982913971,0.9910714030265808,0.7981384992599487
YDR370C,YGR284C,0,-1.0838828,0.11130919307470322,0.9910714030265808,0.7982385754585266
YJR153W,YBL076C,0,-1.0847168,0.11129678785800934,0.9910714030265808,0.7983386516571045
YLL050C,YER182W,0,-1.0849981,0.11128439009189606,0.9910714030265808,0.7984387278556824
YDL008W,YJR015W,0,-1.085243,0.11127199977636337,0.9910714030265808,0.7985388040542603
YHR006W,YOR167C,0,-1.0857139,0.11125960946083069,0.9910714030265808,0.7986389398574829
YIL087C,YNL020C,0,-1.0866534,0.111247219145298,0.9910714030265808,0.7987390160560608
YLR342W,YNL025C,0,-1.0870824,0.11123482882976532,0.9910714030265808,0.7988390922546387
YJL084C,YDL183C,0,-1.0871032,0.11122244596481323,0.9910714030265808,0.7989391684532166
YER141W,YEL038W,0,-1.0871625,0.11121006309986115,0.9910714030265808,0.7990392446517944
YNR016C,YPR003C,0,-1.0875111,0.11119768768548965,0.9910714030265808,0.7991393208503723
YEL054C,YOL064C,0,-1.0875142,0.11118531227111816,0.9910714030265808,0.7992393970489502
YCR041W,YGL065C,0,-1.0875394,0.11117293685674667,0.9910714030265808,0.7993394732475281
YPR134W,YPL276W,0,-1.0877182,0.11116056889295578,0.9910714030265808,0.799439549446106
YKL029C,YBR220C,0,-1.0897554,0.11114820092916489,0.9910714030265808,0.7995396256446838
YGL184C,YJR127C,0,-1.0897673,0.11113583296537399,0.9910714030265808,0.7996397018432617
YHL015W,YPL029W,0,-1.0900465,0.1111234724521637,0.9910714030265808,0.7997397780418396
YMR313C,YLR435W,0,-1.0912495,0.1111111119389534,0.9910714030265808,0.7998398542404175
YFR046C,YER181C,0,-1.0917357,0.1110987514257431,0.9910714030265808,0.7999399304389954
YOL139C,YJL184W,0,-1.0925289,0.1110863983631134,0.9910714030265808,0.8000400066375732
YOR341W,YAL032C,0,-1.0932047,0.1110740527510643,0.9910714030265808,0.8001400828361511
YBR132C,YKR028W,0,-1.0937481,0.1110616996884346,0.9910714030265808,0.8002402186393738
YLR020C,YBR104W,0,-1.0941906,0.1110493540763855,0.9910714030265808,0.8003402948379517
YDR144C,YDR323C,0,-1.0943551,0.11103701591491699,0.9910714030265808,0.8004403710365295
YOR221C,YOL048C,0,-1.094465,0.11102467030286789,0.9910714030265808,0.8005404472351074
YIL013C,YJR098C,0,-1.0946268,0.11101233214139938,0.9910714030265808,0.8006405234336853
YLR388W,YDR531W,0,-1.094699,0.11100000143051147,0.9910714030265808,0.8007405996322632
YBR096W,YDR034C,0,-1.0951748,0.11098767071962357,0.9910714030265808,0.8008406758308411
YDR221W,YKL218C,0,-1.0954022,0.11097534000873566,0.9910714030265808,0.800940752029419
YPL093W,YDR227W,0,-1.0958881,0.11096300929784775,0.9910714030265808,0.8010408282279968
YKR043C,YOR239W,0,-1.0958909,0.11095068603754044,0.9910714030265808,0.8011409044265747
YMR301C,YJR151C,0,-1.0959386,0.11093837022781372,0.9910714030265808,0.8012409806251526
YER169W,YNL134C,0,-1.0963095,0.11092604696750641,0.9910714030265808,0.8013410568237305
YKR092C,YHR040W,0,-1.0964614,0.1109137311577797,0.9910714030265808,0.8014411330223083
YPR163C,YOR020C,0,-1.0967463,0.11090142279863358,0.9910714030265808,0.8015412092208862
YDR001C,YGR284C,0,-1.0970031,0.11088911443948746,0.9910714030265808,0.8016412854194641
YAL035W,YDL015C,0,-1.0975088,0.11087680608034134,0.9910714030265808,0.8017414212226868
YHR113W,YAL044C,0,-1.097766,0.11086449772119522,0.9910714030265808,0.8018414974212646
YJL082W,YJR033C,0,-1.0977857,0.1108521968126297,0.9910714030265808,0.8019415736198425
YLR413W,YDL180W,0,-1.0978696,0.11083989590406418,0.9910714030265808,0.8020416498184204
YJL196C,YDR221W,0,-1.0981246,0.11082760244607925,0.9910714030265808,0.8021417260169983
YPR015C,YNR007C,0,-1.0981567,0.11081530898809433,0.9910714030265808,0.8022418022155762
YCR016W,YPR086W,0,-1.0984533,0.1108030155301094,0.9910714030265808,0.802341878414154
YGR282C,YEL009C,0,-1.0985622,0.11079072952270508,0.9910714030265808,0.8024419546127319
YGR131W,YGR088W,0,-1.0987406,0.11077844351530075,0.9910714030265808,0.8025420308113098
YDL111C,YDR302W,0,-1.099354,0.11076615750789642,0.9910714030265808,0.8026421070098877
YKL084W,YLR369W,0,-1.0999663,0.11075387895107269,0.9910714030265808,0.8027421832084656
YLR312C,YLL013C,0,-1.1003199,0.11074160039424896,0.9910714030265808,0.8028422594070435
YGR272C,YLR215C,0,-1.1008006,0.11072932928800583,0.9910714030265808,0.8029423356056213
YJL219W,YAL007C,0,-1.100981,0.1107170581817627,0.9910714030265808,0.8030424118041992
YBL087C,YHR058C,0,-1.1010295,0.11070478707551956,0.9910714030265808,0.8031424880027771
YLR295C,YIL111W,0,-1.1014917,0.11069252341985703,0.9910714030265808,0.8032426238059998
YGR091W,YER087C-A,0,-1.1020765,0.11068025976419449,0.9910714030265808,0.8033427000045776
YIL083C,YNR011C,0,-1.1021535,0.11066799610853195,0.9910714030265808,0.8034427762031555
YLR249W,YGL010W,0,-1.1026752,0.11065573990345001,0.9910714030265808,0.8035428524017334
YDR432W,YNR036C,0,-1.1027051,0.11064348369836807,0.9910714030265808,0.8036429286003113
YLR023C,YGR101W,0,-1.103178,0.11063122749328613,0.9910714030265808,0.8037430047988892
YDL031W,YDL160C,0,-1.1032797,0.11061897873878479,0.9910714030265808,0.803843080997467
YDR045C,YPL159C,0,-1.1047728,0.11060672998428345,0.9910714030265808,0.8039431571960449
YDR378C,YCR003W,0,-1.1049076,0.1105944886803627,0.9910714030265808,0.8040432333946228
YPL003W,YHR098C,0,-1.1056086,0.11058224737644196,0.9910714030265808,0.8041433095932007
YOR198C,YKR091W,0,-1.1058322,0.11057000607252121,0.9910714030265808,0.8042433857917786
YDR263C,YIL177C,0,-1.106155,0.11055777221918106,0.9910714030265808,0.8043434619903564
YHR072W,YNL101W,0,-1.106796,0.11054553836584091,0.9910714030265808,0.8044435381889343
YKL154W,YOR306C,0,-1.1071132,0.11053330451250076,0.9910714030265808,0.8045436143875122
YOL157C,YLR377C,0,-1.1080797,0.11052107810974121,0.9910714030265808,0.8046436905860901
YIL083C,YNL056W,0,-1.1083206,0.11050885170698166,0.9910714030265808,0.804743766784668
YAR015W,YOR265W,0,-1.1087922,0.1104966253042221,0.9910714030265808,0.8048439025878906
YFR031C-A,YBR019C,0,-1.1095954,0.11048440635204315,0.9910714030265808,0.8049439787864685
YHR216W,YCL034W,0,-1.1098827,0.1104721873998642,0.9910714030265808,0.8050440549850464
YOL153C,YAL067C,0,-1.1101706,0.11045997589826584,0.9910714030265808,0.8051441311836243
YDR142C,YHL018W,0,-1.1102298,0.11044776439666748,0.9910714030265808,0.8052442073822021
YML070W,YLR452C,0,-1.1104473,0.11043555289506912,0.9910714030265808,0.80534428358078
YOL073C,YML003W,0,-1.1108581,0.11042334139347076,0.9910714030265808,0.8054443597793579
YBR003W,YOL032W,0,-1.1112353,0.110411137342453,0.9910714030265808,0.8055444359779358
YDR256C,YKL093W,0,-1.1113571,0.11039894074201584,0.9910714030265808,0.8056445121765137
YJR101W,YPL128C,0,-1.1117771,0.11038673669099808,0.9910714030265808,0.8057445883750916
YJR044C,YNL070W,0,-1.1121113,0.11037454754114151,0.9910714030265808,0.8058446645736694
YLR291C,YOR003W,0,-1.112411,0.11036235094070435,0.9910714030265808,0.8059447407722473
YDR387C,YHR019C,0,-1.1125611,0.11035016179084778,0.9910714030265808,0.8060448169708252
YIR007W,YNL221C,0,-1.1129559,0.11033797264099121,0.9910714030265808,0.8061448931694031
YHR214W,YHR141C,0,-1.1130435,0.11032578349113464,0.9910714030265808,0.806244969367981
YDL045W-A,YML100W,0,-1.1133016,0.11031360179185867,0.9910714030265808,0.8063451051712036
YMR136W,YBR148W,0,-1.1149498,0.1103014275431633,0.9910714030265808,0.8064451813697815
YBR182C,YBR036C,0,-1.1150439,0.11028924584388733,0.9910714030265808,0.8065452575683594
YPR098C,YGR061C,0,-1.1159184,0.11027707159519196,0.9910714030265808,0.8066453337669373
YGL009C,YBR198C,0,-1.1169648,0.11026489734649658,0.9910714030265808,0.8067454099655151
YPL163C,YPL141C,0,-1.1173882,0.1102527305483818,0.9910714030265808,0.806845486164093
YML128C,YMR276W,0,-1.1177545,0.11024056375026703,0.9910714030265808,0.8069455623626709
YOR104W,YGL253W,0,-1.1209009,0.11022840440273285,0.9910714030265808,0.8070456385612488
YOL146W,YPL252C,0,-1.1209594,0.11021623760461807,0.9910714030265808,0.8071457147598267
YCR024C-A,YJL136C,0,-1.1212004,0.11020407825708389,0.9910714030265808,0.8072457909584045
YJR044C,YHR045W,0,-1.1219505,0.11019192636013031,0.9910714030265808,0.8073458671569824
YIL155C,YER129W,0,-1.1221371,0.11017977446317673,0.9910714030265808,0.8074459433555603
YBR105C,YPR016C,0,-1.1232951,0.11016762256622314,0.9910714030265808,0.8075460195541382
YDL198C,YPL008W,0,-1.1235343,0.11015547811985016,0.9910714030265808,0.8076460957527161
YKL192C,YDR338C,0,-1.1237165,0.11014332622289658,0.9910714030265808,0.807746171951294
YCR031C,YPL227C,0,-1.1246338,0.11013118922710419,0.9910714030265808,0.8078462481498718
YLR017W,YLR460C,0,-1.1255765,0.1101190447807312,0.9910714030265808,0.8079463839530945
YGR093W,YKL173W,0,-1.1257266,0.11010690778493881,0.9910714030265808,0.8080464601516724
YNL046W,YIL122W,0,-1.1263287,0.11009477823972702,0.9910714030265808,0.8081465363502502
YPR093C,YDR338C,0,-1.1266516,0.11008264124393463,0.9910714030265808,0.8082466125488281
YDR302W,YNL306W,0,-1.1267483,0.11007051914930344,0.9910714030265808,0.808346688747406
YDR382W,YER098W,0,-1.1267557,0.11005838960409164,0.9910714030265808,0.8084467649459839
YNR055C,YDR429C,0,-1.127975,0.11004626750946045,0.9910714030265808,0.8085468411445618
YNL132W,YDL075W,0,-1.1281605,0.11003414541482925,0.9910714030265808,0.8086469173431396
YBL103C,YKR096W,0,-1.1288044,0.11002202332019806,0.9910714030265808,0.8087469935417175
YDR447C,YJR123W,0,-1.1293045,0.11000990867614746,0.9910714030265808,0.8088470697402954
YPL196W,YDL185W,0,-1.1293411,0.10999780148267746,0.9910714030265808,0.8089471459388733
YJL142C,YOL162W,0,-1.1298461,0.10998568683862686,0.9910714030265808,0.8090472221374512
YCR079W,YDL247W,0,-1.1299032,0.10997357964515686,0.9910714030265808,0.809147298336029
YCR076C,YOR290C,0,-1.129916,0.10996147245168686,0.9910714030265808,0.8092473745346069
YOR322C,YOL151W,0,-1.1307653,0.10994937270879745,0.9910714030265808,0.8093474507331848
YEL017C-A,YLR423C,0,-1.1321152,0.10993727296590805,0.9910714030265808,0.8094475865364075
YOL039W,YJR060W,0,-1.1322577,0.10992517322301865,0.9910714030265808,0.8095476627349854
YDR370C,YER029C,0,-1.1333845,0.10991308093070984,0.9910714030265808,0.8096477389335632
YBR089C-A,YNL135C,0,-1.1338407,0.10990098863840103,0.9910714030265808,0.8097478151321411
YKR097W,YPR103W,0,-1.134597,0.10988890379667282,0.9910714030265808,0.809847891330719
YKL186C,YMR157C,0,-1.1354593,0.10987681150436401,0.9910714030265808,0.8099479675292969
YNL155W,YNL006W,0,-1.1357749,0.1098647341132164,0.9910714030265808,0.8100480437278748
YOL083W,YLR363C,0,-1.1370006,0.10985264927148819,0.9910714030265808,0.8101481199264526
YHR033W,YGR140W,0,-1.1372653,0.10984057188034058,0.9910714030265808,0.8102481961250305
YGL255W,YDL018C,0,-1.1383629,0.10982849448919296,0.9910714030265808,0.8103482723236084
YNR040W,YML067C,0,-1.1389823,0.10981642454862595,0.9910714030265808,0.8104483485221863
YDR016C,YER052C,0,-1.1392536,0.10980435460805893,0.9910714030265808,0.8105484247207642
YOL073C,YER139C,0,-1.1394194,0.10979228466749191,0.9910714030265808,0.810648500919342
YHL046C,YKL068W,0,-1.1398243,0.1097802221775055,0.9910714030265808,0.8107485771179199
YMR246W,YMR116C,0,-1.1401018,0.10976815968751907,0.9910714030265808,0.8108486533164978
YIR008C,YOR287C,0,-1.1401556,0.10975609719753265,0.9910714030265808,0.8109487295150757
YLR425W,YPL090C,0,-1.1402185,0.10974404215812683,0.9910714030265808,0.8110488653182983
YDR361C,YBR082C,0,-1.140292,0.10973198711872101,0.9910714030265808,0.8111489415168762
YDR117C,YPL252C,0,-1.1407762,0.10971993207931519,0.9910714030265808,0.8112490177154541
YDL018C,YGR192C,0,-1.140985,0.10970788449048996,0.9910714030265808,0.811349093914032
YCR068W,YNR024W,0,-1.1412201,0.10969583690166473,0.9910714030265808,0.8114491701126099
YOR283W,YMR024W,0,-1.1419418,0.1096837967634201,0.9910714030265808,0.8115492463111877
YOR163W,YLR134W,0,-1.14242,0.10967175662517548,0.9910714030265808,0.8116493225097656
YGR143W,YDR524C,0,-1.1432362,0.10965971648693085,0.9910714030265808,0.8117493987083435
YMR202W,YDR202C,0,-1.1441461,0.10964767634868622,0.9910714030265808,0.8118494749069214
YEL071W,YFL040W,0,-1.1451225,0.10963564366102219,0.9910714030265808,0.8119495511054993
YMR073C,YJL185C,0,-1.1451669,0.10962361097335815,0.9910714030265808,0.8120496273040771
YLR029C,YFL039C,0,-1.1453629,0.10961158573627472,0.9910714030265808,0.812149703502655
YBR236C,YOR243C,0,-1.1456001,0.10959956049919128,0.9910714030265808,0.8122497797012329
YDR461W,YOR152C,0,-1.145849,0.10958753526210785,0.9910714030265808,0.8123498558998108
YIL155C,YDL049C,0,-1.1463374,0.10957551747560501,0.9910714030265808,0.8124499320983887
YNR008W,YLR377C,0,-1.1463741,0.10956349968910217,0.9910714030265808,0.8125500679016113
YHL035C,YDR324C,0,-1.1468325,0.10955148935317993,0.9910714030265808,0.8126501441001892
YNL016W,YDR533C,0,-1.1472368,0.1095394715666771,0.9910714030265808,0.8127502202987671
YNL190W,YMR271C,0,-1.1473563,0.10952746123075485,0.9910714030265808,0.812850296497345
YHR206W,YOR182C,0,-1.1473575,0.10951545834541321,0.9910714030265808,0.8129503726959229
YIL091C,YJR014W,0,-1.147519,0.10950345546007156,0.9910714030265808,0.8130504488945007
YIL155C,YER058W,0,-1.1481352,0.10949145257472992,0.9910714030265808,0.8131505250930786
YMR026C,YPL058C,0,-1.148361,0.10947944968938828,0.9910714030265808,0.8132506012916565
YMR259C,YHR122W,0,-1.1487794,0.10946745425462723,0.9910714030265808,0.8133506774902344
YLL049W,YEL001C,0,-1.1490468,0.10945545881986618,0.9910714030265808,0.8134507536888123
YFL038C,YMR318C,0,-1.1492429,0.10944347083568573,0.9910714030265808,0.8135508298873901
YDR315C,YMR246W,0,-1.1492642,0.10943148285150528,0.9910714030265808,0.813650906085968
YPL196W,YPL029W,0,-1.1501741,0.10941949486732483,0.9910714030265808,0.8137509822845459
YMR209C,YKR069W,0,-1.1504481,0.10940751433372498,0.9910714030265808,0.8138510584831238
YOL053W,YKL130C,0,-1.1511275,0.10939553380012512,0.9910714030265808,0.8139511346817017
YDR277C,YGL082W,0,-1.1512364,0.10938355326652527,0.9910714030265808,0.8140512704849243
YGR124W,YDR280W,0,-1.1519328,0.10937158018350601,0.9910714030265808,0.8141513466835022
YKL217W,YLR047C,0,-1.1520224,0.10935960710048676,0.9910714030265808,0.8142514228820801
YFR008W,YPL252C,0,-1.1520995,0.1093476340174675,0.9910714030265808,0.814351499080658
YCR086W,YDR370C,0,-1.152147,0.10933566838502884,0.9910714030265808,0.8144515752792358
YDR038C,YGL044C,0,-1.1528331,0.10932370275259018,0.9910714030265808,0.8145516514778137
YPR045C,YIL087C,0,-1.1528723,0.10931174457073212,0.9910714030265808,0.8146517276763916
YPL132W,YPR191W,0,-1.1539489,0.10929977893829346,0.9910714030265808,0.8147518038749695
YDL101C,YLL061W,0,-1.1540618,0.1092878207564354,0.9910714030265808,0.8148518800735474
YGL015C,YPR086W,0,-1.1543001,0.10927587002515793,0.9910714030265808,0.8149519562721252
YLR426W,YDR067C,0,-1.1546397,0.10926391929388046,0.9910714030265808,0.8150520324707031
YDL136W,YFL013C,0,-1.1549809,0.109251968562603,0.9910714030265808,0.815152108669281
YKL176C,YDL004W,0,-1.1549988,0.10924002528190613,0.9910714030265808,0.8152521848678589
YER004W,YLR155C,0,-1.1560447,0.10922807455062866,0.9910714030265808,0.8153522610664368
YHR216W,YJL168C,0,-1.1561224,0.10921613872051239,0.9910714030265808,0.8154523372650146
YMR200W,YIL013C,0,-1.156885,0.10920419543981552,0.9910714030265808,0.8155524134635925
YBR062C,YNL122C,0,-1.1575296,0.10919225960969925,0.9910714030265808,0.8156525492668152
YMR110C,YHR098C,0,-1.1589997,0.10918033123016357,0.9910714030265808,0.8157526254653931
YDR541C,YDR483W,0,-1.1593878,0.1091683954000473,0.9910714030265808,0.815852701663971
YOR256C,YBR148W,0,-1.1599447,0.10915646702051163,0.9910714030265808,0.8159527778625488
YOL077W-A,YDR033W,0,-1.1603197,0.10914454609155655,0.9910714030265808,0.8160528540611267
YBR043C,YOR293W,0,-1.1604629,0.10913261771202087,0.9910714030265808,0.8161529302597046
YJR102C,YNL095C,0,-1.1607103,0.1091206967830658,0.9910714030265808,0.8162530064582825
YMR319C,YPL087W,0,-1.1608893,0.10910878330469131,0.9910714030265808,0.8163530826568604
YBR023C,YDL133W,0,-1.1610916,0.10909686237573624,0.9910714030265808,0.8164531588554382
YGL263W,YGR231C,0,-1.161917,0.10908495634794235,0.9910714030265808,0.8165532350540161
YLR022C,YKL151C,0,-1.1621674,0.10907304286956787,0.9910714030265808,0.816653311252594
YNL190W,YDR103W,0,-1.1622231,0.10906113684177399,0.9910714030265808,0.8167533874511719
YKR070W,YHR052W,0,-1.1628177,0.1090492308139801,0.9910714030265808,0.8168534636497498
YML094W,YGL198W,0,-1.1629301,0.10903732478618622,0.9910714030265808,0.8169535398483276
YPL215W,YOR389W,0,-1.1631917,0.10902542620897293,0.9910714030265808,0.8170536160469055
YDR382W,YDR348C,0,-1.1633489,0.10901352763175964,0.9910714030265808,0.8171537518501282
YNL016W,YDR065W,0,-1.1639415,0.10900163650512695,0.9910714030265808,0.817253828048706
YNR076W,YDR397C,0,-1.1641377,0.10898974537849426,0.9910714030265808,0.8173539042472839
YNL061W,YER021W,0,-1.1642728,0.10897785425186157,0.9910714030265808,0.8174539804458618
YDR224C,YER134C,0,-1.164386,0.10896597057580948,0.9910714030265808,0.8175540566444397
YPL215W,YKL192C,0,-1.1644015,0.10895408689975739,0.9910714030265808,0.8176541328430176
YHR080C,YMR096W,0,-1.1644472,0.10894220322370529,0.9910714030265808,0.8177542090415955
YDL223C,YGL092W,0,-1.164589,0.1089303269982338,0.9910714030265808,0.8178542852401733
YOL107W,YOR208W,0,-1.1646624,0.1089184507727623,0.9910714030265808,0.8179543614387512
YOR127W,YEL031W,0,-1.1652516,0.1089065745472908,0.9910714030265808,0.8180544376373291
YBR026C,YJL002C,0,-1.1652817,0.1088947057723999,0.9910714030265808,0.818154513835907
YGL197W,YBR006W,0,-1.1653309,0.108882836997509,0.9910714030265808,0.8182545900344849
YMR111C,YKL152C,0,-1.1653601,0.1088709682226181,0.9910714030265808,0.8183546662330627
YKL208W,YCL030C,0,-1.1659815,0.1088591068983078,0.9910714030265808,0.8184547424316406
YPL270W,YDR064W,0,-1.1663054,0.1088472455739975,0.9910714030265808,0.8185548186302185
YOR340C,YLR368W,0,-1.1663098,0.1088353842496872,0.9910714030265808,0.8186548948287964
YNL153C,YGR061C,0,-1.1663117,0.10882353037595749,0.9910714030265808,0.818755030632019
YJL008C,YLL018C-A,0,-1.1675237,0.10881167650222778,0.9910714030265808,0.8188551068305969
YOR233W,YKL141W,0,-1.1676166,0.10879982262849808,0.9910714030265808,0.8189551830291748
YOR106W,YDR367W,0,-1.1679717,0.10878797620534897,0.9910714030265808,0.8190552592277527
YER010C,YBR274W,0,-1.1680255,0.10877612978219986,0.9910714030265808,0.8191553354263306
YER078C,YLR097C,0,-1.1682253,0.10876429080963135,0.9910714030265808,0.8192554116249084
YMR152W,YPR071W,0,-1.1682446,0.10875245183706284,0.9910714030265808,0.8193554878234863
YKL198C,YMR307W,0,-1.1686052,0.10874061286449432,0.9910714030265808,0.8194555640220642
YLL022C,YGR201C,0,-1.1704187,0.10872877389192581,0.9910714030265808,0.8195556402206421
YPR042C,YPL087W,0,-1.1704463,0.1087169423699379,0.9910714030265808,0.81965571641922
YAL034C,YGL039W,0,-1.1710577,0.10870511084794998,0.9910714030265808,0.8197557926177979
YFL023W,YBR096W,0,-1.1712418,0.10869328677654266,0.9910714030265808,0.8198558688163757
YDR536W,YKL091C,0,-1.1713951,0.10868146270513535,0.9910714030265808,0.8199559450149536
YCR024C,YGL121C,0,-1.1717733,0.10866963863372803,0.9910714030265808,0.8200560212135315
YDR392W,YMR226C,0,-1.171824,0.1086578220129013,0.9910714030265808,0.8201560974121094
YOR059C,YDR246W,0,-1.1721292,0.10864600539207458,0.9910714030265808,0.820256233215332
YPL184C,YPL246C,0,-1.1724015,0.10863418877124786,0.9910714030265808,0.8203563094139099
YMR202W,YNL092W,0,-1.1729491,0.10862237960100174,0.9910714030265808,0.8204563856124878
YNR001C,YFR020W,0,-1.1732728,0.10861057043075562,0.9910714030265808,0.8205564618110657
YDR387C,YDR126W,0,-1.1739334,0.10859876126050949,0.9910714030265808,0.8206565380096436
YJR129C,YML029W,0,-1.1739726,0.10858695954084396,0.9910714030265808,0.8207566142082214
YGR221C,YNL217W,0,-1.1744106,0.10857515782117844,0.9910714030265808,0.8208566904067993
YBR149W,YLR244C,0,-1.174517,0.10856335610151291,0.9910714030265808,0.8209567666053772
YOR182C,YOL157C,0,-1.1745429,0.10855156183242798,0.9910714030265808,0.8210568428039551
YBL087C,YJL011C,0,-1.1746051,0.10853976756334305,0.9910714030265808,0.821156919002533
YGR097W,YDL120W,0,-1.175215,0.10852797329425812,0.9910714030265808,0.8212569952011108
YLR189C,YLR385C,0,-1.175483,0.10851618647575378,0.9910714030265808,0.8213570713996887
YER107C,YHR174W,0,-1.1755469,0.10850439965724945,0.9910714030265808,0.8214571475982666
YDL144C,YJR034W,0,-1.1756401,0.10849261283874512,0.9910714030265808,0.8215572237968445
YLR208W,YDR322W,0,-1.1763337,0.10848083347082138,0.9910714030265808,0.8216572999954224
YMR303C,YIL040W,0,-1.1768563,0.10846905410289764,0.9910714030265808,0.8217573761940002
YNL036W,YNL223W,0,-1.1769977,0.1084572821855545,0.9910714030265808,0.8218575119972229
YLR179C,YCR005C,0,-1.1777835,0.10844550281763077,0.9910714030265808,0.8219575881958008
YDR410C,YML003W,0,-1.1782098,0.10843373835086823,0.9910714030265808,0.8220576643943787
YLL045C,YBR068C,0,-1.179073,0.10842196643352509,0.9910714030265808,0.8221577405929565
YPR115W,YCR033W,0,-1.1792933,0.10841020196676254,0.9910714030265808,0.8222578167915344
YCR005C,YPR187W,0,-1.1797755,0.1083984375,0.9910714030265808,0.8223578929901123
YOL073C,YMR168C,0,-1.1799518,0.10838668048381805,0.9910714030265808,0.8224579691886902
YAR010C,YNL020C,0,-1.180023,0.10837491601705551,0.9910714030265808,0.8225580453872681
YOR009W,YOL084W,0,-1.1812475,0.10836316645145416,0.9910714030265808,0.822658121585846
YPR058W,YLR276C,0,-1.1814234,0.10835140943527222,0.9910714030265808,0.8227581977844238
YOR382W,YER179W,0,-1.1822636,0.10833965986967087,0.9910714030265808,0.8228582739830017
YDR284C,YGL230C,0,-1.1826762,0.10832791030406952,0.9910714030265808,0.8229583501815796
YGR201C,YIL145C,0,-1.1828804,0.10831616818904877,0.9910714030265808,0.8230584263801575
YMR184W,YDL081C,0,-1.1829125,0.10830442607402802,0.9910714030265808,0.8231585025787354
YDL045W-A,YMR146C,0,-1.1830611,0.10829268395900726,0.9910714030265808,0.8232585787773132
YNL036W,YLR295C,0,-1.1831037,0.10828094184398651,0.9910714030265808,0.8233587145805359
YMR265C,YNL061W,0,-1.1841507,0.10826920717954636,0.9910714030265808,0.8234587907791138
YBR041W,YOR023C,0,-1.1846418,0.1082574799656868,0.9910714030265808,0.8235588669776917
YDR142C,YNR073C,0,-1.185121,0.10824574530124664,0.9910714030265808,0.8236589431762695
YIR025W,YLR048W,0,-1.1857063,0.10823401808738708,0.9910714030265808,0.8237590193748474
YGL009C,YDL243C,0,-1.185955,0.10822229087352753,0.9910714030265808,0.8238590955734253
YOR234C,YLR209C,0,-1.1861976,0.10821057111024857,0.9910714030265808,0.8239591717720032
YHR009C,YLR222C,0,-1.1865621,0.1081988513469696,0.9910714030265808,0.824059247970581
YBR266C,YNL259C,0,-1.186729,0.10818713158369064,0.9910714030265808,0.8241593241691589
YOR011W,YLR088W,0,-1.1868529,0.10817541927099228,0.9910714030265808,0.8242594003677368
YMR112C,YBR159W,0,-1.1868675,0.10816370695829391,0.9910714030265808,0.8243594765663147
YML101C,YPR187W,0,-1.1871233,0.10815199464559555,0.9910714030265808,0.8244595527648926
YGL168W,YCR028C-A,1,-1.1872559,0.10824853926897049,0.9920634627342224,0.8244595527648926
YGR077C,YLR380W,0,-1.1886756,0.10823681950569153,0.9920634627342224,0.8245596289634705
YDR158W,YDR254W,0,-1.1896152,0.10822510719299316,0.9920634627342224,0.8246597051620483
YAR071W,YNL146W,0,-1.1898983,0.1082133948802948,0.9920634627342224,0.8247597813606262
YJL019W,YDL119C,0,-1.1900407,0.10820169001817703,0.9920634627342224,0.8248599171638489
YDR160W,YIR037W,0,-1.1901755,0.10818998515605927,0.9920634627342224,0.8249599933624268
YER071C,YOL072W,0,-1.1901933,0.1081782802939415,0.9920634627342224,0.8250600695610046
YGR049W,YGL192W,0,-1.1905935,0.10816657543182373,0.9920634627342224,0.8251601457595825
YOR381W,YNL294C,0,-1.1906216,0.10815487802028656,0.9920634627342224,0.8252602219581604
YBL032W,YOR234C,0,-1.1907346,0.10814318060874939,0.9920634627342224,0.8253602981567383
YGR215W,YGR253C,0,-1.191257,0.10813149064779282,0.9920634627342224,0.8254603743553162
YIR018W,YBR023C,0,-1.191453,0.10811979323625565,0.9920634627342224,0.825560450553894
YIR036C,YLR081W,0,-1.1916964,0.10810811072587967,0.9920634627342224,0.8256605267524719
YJR051W,YLL061W,0,-1.1918194,0.1080964207649231,0.9920634627342224,0.8257606029510498
YJL163C,YLR449W,0,-1.1920888,0.10808473825454712,0.9920634627342224,0.8258606791496277
YMR250W,YLR091W,0,-1.1921068,0.10807305574417114,0.9920634627342224,0.8259607553482056
YIL069C,YER021W,0,-1.1927105,0.10806138068437576,0.9920634627342224,0.8260608315467834
YLR008C,YDR435C,0,-1.1928439,0.10804970562458038,0.9920634627342224,0.8261609077453613
YBR025C,YKL184W,0,-1.19309,0.108038030564785,0.9920634627342224,0.8262609839439392
YDR087C,YHR017W,0,-1.1932654,0.10802635550498962,0.9920634627342224,0.8263610601425171
YMR321C,YOR136W,0,-1.1934614,0.10801468789577484,0.9920634627342224,0.8264611959457397
YMR236W,YPR127W,0,-1.1936686,0.10800302773714066,0.9920634627342224,0.8265612721443176
YHR085W,YGR053C,1,-1.1937969,0.10809934884309769,0.9930555820465088,0.8265612721443176
YJL083W,YPR071W,0,-1.1940163,0.1080876812338829,0.9930555820465088,0.8266613483428955
YMR268W-A,YDL108W,0,-1.1947103,0.10807600617408752,0.9930555820465088,0.8267614245414734
YGR255C,YNL217W,0,-1.195331,0.10806433856487274,0.9930555820465088,0.8268615007400513
YMR258C,YOR023C,0,-1.1959946,0.10805267840623856,0.9930555820465088,0.8269615769386292
YIL069C,YPR102C,0,-1.1967287,0.10804101824760437,0.9930555820465088,0.827061653137207
YBR108W,YGR042W,0,-1.1967734,0.10802935808897018,0.9930555820465088,0.8271617293357849
YPL181W,YER158C,0,-1.1971009,0.108017697930336,0.9930555820465088,0.8272618055343628
YKR042W,YDL179W,0,-1.1974996,0.10800604522228241,0.9930555820465088,0.8273618817329407
YNL329C,YMR307W,0,-1.1978345,0.10799439251422882,0.9930555820465088,0.8274619579315186
YKL165C,YGR261C,0,-1.1978447,0.10798273980617523,0.9930555820465088,0.8275620341300964
YBR106W,YLR029C,0,-1.1979091,0.10797109454870224,0.9930555820465088,0.8276621103286743
YIL011W,YDR295C,0,-1.1988555,0.10795944929122925,0.9930555820465088,0.8277621865272522
YGR203W,YCR083W,0,-1.1989619,0.10794780403375626,0.9930555820465088,0.8278622627258301
YOR255W,YLR283W,0,-1.1991863,0.10793616622686386,0.9930555820465088,0.8279623985290527
YFR022W,YER057C,0,-1.2017928,0.10792452841997147,0.9930555820465088,0.8280624747276306
YHR162W,YLR264W,0,-1.2018962,0.10791289061307907,0.9930555820465088,0.8281625509262085
YLL017W,YER057C,0,-1.2019726,0.10790126025676727,0.9930555820465088,0.8282626271247864
YLR064W,YNR053C,0,-1.20232,0.10788962990045547,0.9930555820465088,0.8283627033233643
YCL030C,YDR346C,0,-1.204443,0.10787800699472427,0.9930555820465088,0.8284627795219421
YCL075W,YPR183W,0,-1.2047496,0.10786637663841248,0.9930555820465088,0.82856285572052
YLR113W,YLR136C,0,-1.2047952,0.10785475373268127,0.9930555820465088,0.8286629319190979
YBR031W,YKL020C,0,-1.2049298,0.10784313827753067,0.9930555820465088,0.8287630081176758
YGR124W,YLR342W,0,-1.2051512,0.10783152282238007,0.9930555820465088,0.8288630843162537
YFR006W,YFL001W,0,-1.2079623,0.10781990736722946,0.9930555820465088,0.8289631605148315
YKL192C,YGL114W,0,-1.2081475,0.10780829191207886,0.9930555820465088,0.8290632367134094
YKL053C-A,YIR032C,0,-1.2082441,0.10779668390750885,0.9930555820465088,0.8291633129119873
YOR301W,YKR009C,0,-1.2085304,0.10778507590293884,0.9930555820465088,0.8292633891105652
YIR014W,YLR182W,0,-1.2088144,0.10777346789836884,0.9930555820465088,0.8293634653091431
YBR268W,YDR062W,0,-1.2091095,0.10776186734437943,0.9930555820465088,0.829463541507721
YJR106W,YMR237W,0,-1.2091193,0.10775026679039001,0.9930555820465088,0.8295636773109436
YKR102W,YDR388W,0,-1.2093259,0.1077386736869812,0.9930555820465088,0.8296637535095215
YGR159C,YMR138W,0,-1.2095077,0.10772708058357239,0.9930555820465088,0.8297638297080994
YHR009C,YLL048C,0,-1.2107537,0.10771548748016357,0.9930555820465088,0.8298639059066772
YML101C,YGR285C,0,-1.2107602,0.10770389437675476,0.9930555820465088,0.8299639821052551
YDR041W,YER071C,0,-1.211061,0.10769230872392654,0.9930555820465088,0.830064058303833
YML087C,YKL117W,0,-1.2117562,0.10768072307109833,0.9930555820465088,0.8301641345024109
YDL206W,YBR172C,0,-1.2120479,0.10766913741827011,0.9930555820465088,0.8302642107009888
YMR301C,YNL117W,0,-1.2124847,0.10765755921602249,0.9930555820465088,0.8303642868995667
YPL211W,YOR027W,0,-1.212498,0.10764598101377487,0.9930555820465088,0.8304643630981445
YMR259C,YLR057W,0,-1.2134638,0.10763441026210785,0.9930555820465088,0.8305644392967224
YIR003W,YLR209C,0,-1.2134811,0.10762283951044083,0.9930555820465088,0.8306645154953003
YNR061C,YML120C,0,-1.2142078,0.1076112687587738,0.9930555820465088,0.8307645916938782
YGR067C,YDL236W,0,-1.2148147,0.10759969800710678,0.9930555820465088,0.830864667892456
YOL097C,YML037C,0,-1.2148826,0.10758813470602036,0.9930555820465088,0.8309647440910339
YLR060W,YKL069W,0,-1.21506,0.10757657140493393,0.9930555820465088,0.8310648798942566
YNL077W,YLR367W,0,-1.2155644,0.1075650081038475,0.9930555820465088,0.8311649560928345
YLR208W,YML100W,0,-1.2156826,0.10755345225334167,0.9930555820465088,0.8312650322914124
YOL097C,YNL259C,0,-1.216131,0.10754189640283585,0.9930555820465088,0.8313651084899902
YNL329C,YER087W,0,-1.2165408,0.10753034800291061,0.9930555820465088,0.8314651846885681
YOR163W,YMR013C,0,-1.2168581,0.10751879960298538,0.9930555820465088,0.831565260887146
YFL026W,YMR309C,0,-1.2177002,0.10750725120306015,0.9930555820465088,0.8316653370857239
YDR414C,YPL266W,0,-1.2178521,0.10749570280313492,0.9930555820465088,0.8317654132843018
YOL158C,YAR020C,0,-1.2184544,0.10748416185379028,0.9930555820465088,0.8318654894828796
YHR192W,YLR204W,0,-1.2185564,0.10747262090444565,0.9930555820465088,0.8319655656814575
YLL014W,YGR135W,0,-1.2191052,0.10746108740568161,0.9930555820465088,0.8320656418800354
YDL145C,YDL027C,0,-1.2205307,0.10744954645633698,0.9930555820465088,0.8321657180786133
YOL112W,YDL021W,0,-1.2207394,0.10743801295757294,0.9930555820465088,0.8322657942771912
YMR321C,YHR161C,0,-1.2207476,0.1074264869093895,0.9930555820465088,0.832365870475769
YDL212W,YLR185W,0,-1.2211328,0.10741496086120605,0.9930555820465088,0.8324659466743469
YLR369W,YOR136W,0,-1.2225742,0.10740343481302261,0.9930555820465088,0.8325660824775696
YPL048W,YPL230W,0,-1.2226298,0.10739190876483917,0.9930555820465088,0.8326661586761475
YHR065C,YDL100C,0,-1.2248944,0.10738039016723633,0.9930555820465088,0.8327662348747253
YPL081W,YKL071W,0,-1.2250899,0.10736887156963348,0.9930555820465088,0.8328663110733032
YBL039C,YPR181C,0,-1.225157,0.10735736042261124,0.9930555820465088,0.8329663872718811
YHL028W,YGL082W,0,-1.2252421,0.10734584182500839,0.9930555820465088,0.833066463470459
YPL279C,YJL001W,0,-1.2259395,0.10733433067798615,0.9930555820465088,0.8331665396690369
YKL071W,YMR013C,0,-1.2262073,0.1073228269815445,0.9930555820465088,0.8332666158676147
YPL246C,YDL048C,0,-1.226253,0.10731132328510284,0.9930555820465088,0.8333666920661926
YDR415C,YDL122W,0,-1.2268707,0.1072998195886612,0.9930555820465088,0.8334667682647705
YJL055W,YJL003W,0,-1.2272023,0.10728831589221954,0.9930555820465088,0.8335668444633484
YMR293C,YHR199C,0,-1.228584,0.10727681964635849,0.9930555820465088,0.8336669206619263
YKR003W,YDR511W,0,-1.2287382,0.10726532340049744,0.9930555820465088,0.8337669968605042
YKL058W,YLL017W,0,-1.2288415,0.10725382715463638,0.9930555820465088,0.833867073059082
YDR471W,YNR039C,0,-1.2293867,0.10724233835935593,0.9930555820465088,0.8339671492576599
YLR467W,YNL223W,0,-1.2294099,0.10723084956407547,0.9930555820465088,0.8340672254562378
YOR062C,YEL049W,0,-1.2298577,0.10721936821937561,0.9930555820465088,0.8341673612594604
YLL041C,YER060W-A,0,-1.2304713,0.10720787942409515,0.9930555820465088,0.8342674374580383
YOR391C,YKL127W,0,-1.2307658,0.1071963980793953,0.9930555820465088,0.8343675136566162
YKL023W,YHL013C,0,-1.2310734,0.10718492418527603,0.9930555820465088,0.8344675898551941
YHR193C,YLR466W,0,-1.2326853,0.10717345029115677,0.9930555820465088,0.834567666053772
YNL033W,YDR084C,0,-1.2341721,0.1071619763970375,0.9930555820465088,0.8346677422523499
YHR197W,YBR147W,0,-1.2355118,0.10715050250291824,0.9930555820465088,0.8347678184509277
YFL045C,YCR028C,0,-1.23594,0.10713903605937958,0.9930555820465088,0.8348678946495056
YGR201C,YDR379W,0,-1.2371182,0.10712756961584091,0.9930555820465088,0.8349679708480835
YMR226C,YAL068C,0,-1.2374321,0.10711610317230225,0.9930555820465088,0.8350680470466614
YGL206C,YJL132W,0,-1.2374568,0.10710464417934418,0.9930555820465088,0.8351681232452393
YDR458C,YMR116C,0,-1.2385623,0.10709318518638611,0.9930555820465088,0.8352681994438171
YNL134C,YDL216C,0,-1.2390524,0.10708172619342804,0.9930555820465088,0.835368275642395
YER006W,YLL061W,0,-1.2392366,0.10707027465105057,0.9930555820465088,0.8354683518409729
YNR060W,YOR144C,0,-1.2396708,0.1070588231086731,0.9930555820465088,0.8355684280395508
YDR378C,YPL132W,0,-1.2397223,0.10704737156629562,0.9930555820465088,0.8356685638427734
YLR342W,YJL212C,0,-1.2397779,0.10703592747449875,0.9930555820465088,0.8357686400413513
YLR009W,YDR205W,0,-1.2414722,0.10702448338270187,0.9930555820465088,0.8358687162399292
YDL081C,YIL122W,0,-1.2419548,0.107013039290905,0.9930555820465088,0.8359687924385071
YGR250C,YNR036C,0,-1.2428987,0.10700160264968872,0.9930555820465088,0.836068868637085
YBR181C,YDL194W,0,-1.2438786,0.10699016600847244,0.9930555820465088,0.8361689448356628
YPL046C,YIL087C,0,-1.2442772,0.10697872936725616,0.9930555820465088,0.8362690210342407
YJL133W,YOR134W,0,-1.2444639,0.10696730017662048,0.9930555820465088,0.8363690972328186
YPL051W,YDR007W,0,-1.244488,0.1069558709859848,0.9930555820465088,0.8364691734313965
YHR136C,YDR517W,0,-1.2447237,0.10694444179534912,0.9930555820465088,0.8365692496299744
YGL031C,YHR177W,0,-1.245047,0.10693302005529404,0.9930555820465088,0.8366693258285522
YLL045C,YNL238W,0,-1.2454958,0.10692159831523895,0.9930555820465088,0.8367694020271301
YCR039C,YBR034C,0,-1.2455907,0.10691017657518387,0.9930555820465088,0.836869478225708
YOR104W,YKL096W-A,0,-1.2460728,0.10689876228570938,0.9930555820465088,0.8369695544242859
YLR216C,YGL032C,0,-1.2468336,0.1068873479962349,0.9930555820465088,0.8370696306228638
YGR124W,YPL093W,0,-1.2473772,0.1068759337067604,0.9930555820465088,0.8371697068214417
YJR016C,YFL021W,0,-1.2479964,0.10686452686786652,0.9930555820465088,0.8372698426246643
YPL237W,YML125C,0,-1.2491959,0.10685312002897263,0.9930555820465088,0.8373699188232422
YEL002C,YLR377C,0,-1.249549,0.10684171319007874,0.9930555820465088,0.8374699950218201
YDR059C,YDR131C,0,-1.2500572,0.10683030635118484,0.9930555820465088,0.837570071220398
YDR518W,YNL294C,0,-1.2501199,0.10681890696287155,0.9930555820465088,0.8376701474189758
YNR028W,YNR050C,0,-1.2503358,0.10680751502513885,0.9930555820465088,0.8377702236175537
YPL279C,YBL090W,0,-1.2506397,0.10679611563682556,0.9930555820465088,0.8378702998161316
YMR243C,YOR159C,0,-1.2509997,0.10678472369909286,0.9930555820465088,0.8379703760147095
YER114C,YDR541C,0,-1.2514817,0.10677333176136017,0.9930555820465088,0.8380704522132874
YJL210W,YDR324C,0,-1.2521414,0.10676194727420807,0.9930555820465088,0.8381705284118652
YIL011W,YIL094C,0,-1.252149,0.10675056278705597,0.9930555820465088,0.8382706046104431
YNR030W,YMR262W,0,-1.2523729,0.10673917829990387,0.9930555820465088,0.838370680809021
YLR276C,YGL038C,0,-1.252841,0.10672779381275177,0.9930555820465088,0.8384707570075989
YGR200C,YPR121W,0,-1.2535042,0.10671641677618027,0.9930555820465088,0.8385708332061768
YHL036W,YDL191W,0,-1.2536922,0.10670503973960876,0.9930555820465088,0.8386709094047546
YOL056W,YHR199C,0,-1.2541565,0.10669367015361786,0.9930555820465088,0.8387710452079773
YOL097C,YML031W,0,-1.2550304,0.10668230056762695,0.9930555820465088,0.8388711214065552
YCL005W,YOR159C,0,-1.2554858,0.10667093098163605,0.9930555820465088,0.8389711976051331
YMR230W,YFR042W,0,-1.2559183,0.10665956139564514,0.9930555820465088,0.8390712738037109
YJR031C,YNR061C,0,-1.2561138,0.10664819926023483,0.9930555820465088,0.8391713500022888
YDR055W,YDR226W,0,-1.2562748,0.10663683712482452,0.9930555820465088,0.8392714262008667
YOR386W,YER019W,0,-1.2565706,0.10662548243999481,0.9930555820465088,0.8393715023994446
YDR019C,YIR028W,0,-1.2567227,0.1066141203045845,0.9930555820465088,0.8394715785980225
YDR089W,YLR005W,0,-1.2568675,0.10660276561975479,0.9930555820465088,0.8395716547966003
YGL031C,YAL026C,0,-1.2578752,0.10659141838550568,0.9930555820465088,0.8396717309951782
YDR108W,YPR004C,0,-1.2583612,0.10658007115125656,0.9930555820465088,0.8397718071937561
YCL058C,YHR202W,0,-1.2587373,0.10656872391700745,0.9930555820465088,0.839871883392334
YJR007W,YML115C,0,-1.259062,0.10655737668275833,0.9930555820465088,0.8399719595909119
YHR138C,YMR154C,0,-1.2598985,0.10654603689908981,0.9930555820465088,0.8400720357894897
YGR122W,YLR301W,0,-1.2603228,0.1065346971154213,0.9930555820465088,0.8401721119880676
YBR191W,YNL103W,0,-1.261503,0.10652335733175278,0.9930555820465088,0.8402721881866455
YGR071C,YLL053C,0,-1.2615979,0.10651202499866486,0.9930555820465088,0.8403723239898682
YML128C,YGR283C,0,-1.2623215,0.10650069266557693,0.9930555820465088,0.840472400188446
YDR387C,YKL182W,0,-1.2630736,0.10648936033248901,0.9930555820465088,0.8405724763870239
YGR034W,YDR452W,0,-1.2635901,0.10647803544998169,0.9930555820465088,0.8406725525856018
YNL190W,YBR220C,0,-1.2636979,0.10646671056747437,0.9930555820465088,0.8407726287841797
YML128C,YDL227C,0,-1.2639875,0.10645538568496704,0.9930555820465088,0.8408727049827576
YDR198C,YGR201C,0,-1.2647135,0.10644406825304031,0.9930555820465088,0.8409727811813354
YMR236W,YNL095C,0,-1.2648854,0.10643275082111359,0.9930555820465088,0.8410728573799133
YPL013C,YIL008W,0,-1.2649434,0.10642143338918686,0.9930555820465088,0.8411729335784912
YCL043C,YDR347W,0,-1.2652903,0.10641012340784073,0.9930555820465088,0.8412730097770691
YDR384C,YDL043C,0,-1.2652931,0.106398805975914,0.9930555820465088,0.841373085975647
YOR292C,YCL043C,0,-1.26581,0.10638750344514847,0.9930555820465088,0.8414731621742249
YLR413W,YOR163W,0,-1.2658991,0.10637619346380234,0.9930555820465088,0.8415732383728027
YMR023C,YER140W,0,-1.2659893,0.1063648909330368,0.9930555820465088,0.8416733145713806
YGR062C,YPR118W,0,-1.266624,0.10635358840227127,0.9930555820465088,0.8417733907699585
YDR382W,YDR098C,0,-1.266757,0.10634229332208633,0.9930555820465088,0.8418735265731812
YIL043C,YHR187W,0,-1.2671996,0.1063309982419014,0.9930555820465088,0.841973602771759
YDR151C,YLL061W,0,-1.2676136,0.10631970316171646,0.9930555820465088,0.8420736789703369
YMR104C,YPL227C,0,-1.2677206,0.10630840808153152,0.9930555820465088,0.8421737551689148
YKL143W,YGR036C,0,-1.2677238,0.10629712045192719,0.9930555820465088,0.8422738313674927
YDR415C,YDR238C,0,-1.2677915,0.10628583282232285,0.9930555820465088,0.8423739075660706
YMR203W,YBR241C,0,-1.2682031,0.1062745526432991,0.9930555820465088,0.8424739837646484
YJR141W,YBR164C,0,-1.2686388,0.10626327246427536,0.9930555820465088,0.8425740599632263
YHL011C,YER078C,0,-1.2686995,0.10625199228525162,0.9930555820465088,0.8426741361618042
YPR121W,YNL295W,0,-1.2691648,0.10624071210622787,0.9930555820465088,0.8427742123603821
YIL069C,YAL014C,0,-1.2694991,0.10622943937778473,0.9930555820465088,0.84287428855896
YHR189W,YIL052C,0,-1.2696663,0.10621816664934158,0.9930555820465088,0.8429743647575378
YHR193C,YOR125C,0,-1.269702,0.10620689392089844,0.9930555820465088,0.8430744409561157
YIL106W,YER184C,0,-1.2701461,0.10619562864303589,0.9930555820465088,0.8431745171546936
YMR230W,YDL134C,0,-1.2706308,0.10618436336517334,0.9930555820465088,0.8432745933532715
YDR173C,YFL034C-A,0,-1.2707332,0.10617309808731079,0.9930555820465088,0.8433747291564941
YOR086C,YER073W,0,-1.2711182,0.10616184026002884,0.9930555820465088,0.843474805355072
YPL036W,YDR259C,0,-1.2715235,0.10615058243274689,0.9930555820465088,0.8435748815536499
YLR175W,YNL302C,0,-1.2717061,0.10613932460546494,0.9930555820465088,0.8436749577522278
YNL122C,YPL158C,0,-1.2720037,0.10612807422876358,0.9930555820465088,0.8437750339508057
YHR059W,YML123C,0,-1.2723408,0.10611682385206223,0.9930555820465088,0.8438751101493835
YOR070C,YPR109W,0,-1.272348,0.10610557347536087,0.9930555820465088,0.8439751863479614
YDR087C,YGR084C,0,-1.2732073,0.10609433054924011,0.9930555820465088,0.8440752625465393
YOR292C,YOL065C,0,-1.2736903,0.10608308762311935,0.9930555820465088,0.8441753387451172
YGL185C,YLR185W,0,-1.2742798,0.1060718446969986,0.9930555820465088,0.8442754149436951
YOL107W,YMR204C,0,-1.2745037,0.10606060922145844,0.9930555820465088,0.844375491142273
YDL124W,YJR127C,0,-1.2746657,0.10604936629533768,0.9930555820465088,0.8444755673408508
YLR237W,YMR163C,0,-1.2752765,0.10603813827037811,0.9930555820465088,0.8445756435394287
YBL005W,YOL077C,0,-1.2756186,0.10602690279483795,0.9930555820465088,0.8446757197380066
YOR246C,YGR135W,0,-1.2756844,0.10601567476987839,0.9930555820465088,0.8447757959365845
YOL048C,YDR320C,0,-1.2757304,0.10600444674491882,0.9930555820465088,0.8448758721351624
YFR048W,YKL222C,0,-1.2757881,0.10599322617053986,0.9930555820465088,0.844976007938385
YPL143W,YOR036W,0,-1.2768908,0.10598199814558029,0.9930555820465088,0.8450760841369629
YJL083W,YML063W,0,-1.2775438,0.10597077757120132,0.9930555820465088,0.8451761603355408
YPL036W,YJR095W,0,-1.277693,0.10595956444740295,0.9930555820465088,0.8452762365341187
YHR181W,YPR112C,0,-1.2790385,0.10594835132360458,0.9930555820465088,0.8453763127326965
YPL249C,YNL058C,0,-1.2794299,0.10593713819980621,0.9930555820465088,0.8454763889312744
YMR188C,YIL113W,0,-1.2795434,0.10592592507600784,0.9930555820465088,0.8455764651298523
YPL123C,YIL140W,0,-1.280164,0.10591471940279007,0.9930555820465088,0.8456765413284302
YKR070W,YPL112C,0,-1.2815032,0.1059035137295723,0.9930555820465088,0.8457766175270081
YJL062W,YKR091W,0,-1.2820745,0.10589230805635452,0.9930555820465088,0.8458766937255859
YLR179C,YIL018W,0,-1.282851,0.10588110983371735,0.9930555820465088,0.8459767699241638
YDR387C,YJL122W,0,-1.2830036,0.10586991161108017,0.9930555820465088,0.8460768461227417
YBR104W,YKR071C,0,-1.2835461,0.105858713388443,0.9930555820465088,0.8461769223213196
YDL122W,YOR390W,0,-1.2836983,0.10584752261638641,0.9930555820465088,0.8462769985198975
YMR258C,YMR101C,0,-1.284245,0.10583633184432983,0.9930555820465088,0.8463770747184753
YLR360W,YMR099C,0,-1.285377,0.10582514107227325,0.9930555820465088,0.846477210521698
YOR162C,YKL158W,0,-1.2856182,0.10581395030021667,0.9930555820465088,0.8465772867202759
YGL114W,YOR056C,0,-1.2856886,0.10580276697874069,0.9930555820465088,0.8466773629188538
YDL049C,YDR131C,0,-1.2870059,0.1057915911078453,0.9930555820465088,0.8467774391174316
YJL117W,YDR226W,0,-1.2870216,0.10578040778636932,0.9930555820465088,0.8468775153160095
YHL023C,YPR114W,0,-1.2874582,0.10576923191547394,0.9930555820465088,0.8469775915145874
YNR050C,YAR028W,0,-1.2875198,0.10575805604457855,0.9930555820465088,0.8470776677131653
YNL110C,YNL219C,0,-1.2883286,0.10574688017368317,0.9930555820465088,0.8471777439117432
YCL020W,YOR085W,0,-1.2892053,0.10573571175336838,0.9930555820465088,0.847277820110321
YJL029C,YER062C,0,-1.2892265,0.10572454333305359,0.9930555820465088,0.8473778963088989
YPL221W,YPR121W,0,-1.2894114,0.1057133823633194,0.9930555820465088,0.8474779725074768
YER185W,YKL212W,0,-1.2895551,0.10570221394300461,0.9930555820465088,0.8475780487060547
YDL144C,YDR012W,0,-1.2913826,0.10569106042385101,0.9930555820465088,0.8476781249046326
YEL040W,YLR128W,0,-1.2929394,0.10567989945411682,0.9930555820465088,0.8477782011032104
YER057C,YFR011C,0,-1.2946644,0.10566874593496323,0.9930555820465088,0.8478782773017883
YDR023W,YOL139C,0,-1.2946985,0.10565759241580963,0.9930555820465088,0.8479783535003662
YJL125C,YBL028C,0,-1.2949443,0.10564643889665604,0.9930555820465088,0.8480784893035889
YMR123W,YNL065W,0,-1.2950244,0.10563529282808304,0.9930555820465088,0.8481785655021667
YML003W,YDL193W,0,-1.2961874,0.10562413930892944,0.9930555820465088,0.8482786417007446
YIL119C,YJL190C,0,-1.2965913,0.10561300069093704,0.9930555820465088,0.8483787178993225
YDL055C,YLR225C,0,-1.2973851,0.10560185462236404,0.9930555820465088,0.8484787940979004
YNL190W,YLR443W,0,-1.2977438,0.10559071600437164,0.9930555820465088,0.8485788702964783
YGL030W,YNL167C,0,-1.2978367,0.10557957738637924,0.9930555820465088,0.8486789464950562
YBR006W,YHR074W,0,-1.2982368,0.10556844621896744,0.9930555820465088,0.848779022693634
YDR348C,YPR102C,0,-1.2986093,0.10555731505155563,0.9930555820465088,0.8488790988922119
YMR293C,YPL276W,0,-1.298933,0.10554618388414383,0.9930555820465088,0.8489791750907898
YLL016W,YNL157W,0,-1.2989354,0.10553505271673203,0.9930555820465088,0.8490792512893677
YLR206W,YIL049W,0,-1.2990611,0.10552392899990082,0.9930555820465088,0.8491793274879456
YMR315W,YDR332W,0,-1.299346,0.10551280528306961,0.9930555820465088,0.8492794036865234
YLR222C,YOR222W,0,-1.2997454,0.105501689016819,0.9930555820465088,0.8493794798851013
YLR013W,YOL061W,0,-1.3008751,0.10549056529998779,0.9930555820465088,0.8494795560836792
YBL066C,YDR273W,0,-1.3021827,0.10547944903373718,0.9930555820465088,0.8495796918869019
YOR028C,YPR042C,0,-1.3041369,0.10546834021806717,0.9930555820465088,0.8496797680854797
YJL093C,YNL311C,0,-1.304153,0.10545722395181656,0.9930555820465088,0.8497798442840576
YLL019C,YBR268W,0,-1.3049176,0.10544611513614655,0.9930555820465088,0.8498799204826355
YER055C,YHR011W,0,-1.3054212,0.10543501377105713,0.9930555820465088,0.8499799966812134
YGR034W,YML081W,0,-1.3054757,0.10542390495538712,0.9930555820465088,0.8500800728797913
YKL170W,YCR100C,0,-1.3071995,0.1054128035902977,0.9930555820465088,0.8501801490783691
YHR197W,YLR154C,1,-1.3073434,0.1055070012807846,0.9940476417541504,0.8501801490783691
YAL029C,YAR010C,0,-1.3077161,0.1054958924651146,0.9940476417541504,0.850280225276947
YGR244C,YHR002W,0,-1.3077788,0.10548479110002518,0.9940476417541504,0.8503803014755249
YMR110C,YLR466W,0,-1.3087026,0.10547368228435516,0.9940476417541504,0.8504803776741028
YPL013C,YKL107W,0,-1.3089225,0.10546258091926575,0.9940476417541504,0.8505804538726807
YDR027C,YBR031W,0,-1.3090497,0.10545148700475693,0.9940476417541504,0.8506805300712585
YDR484W,YIL067C,0,-1.3094525,0.10544038563966751,0.9940476417541504,0.8507806062698364
YOR341W,YDL188C,0,-1.3094878,0.10542929172515869,0.9940476417541504,0.8508806824684143
YLR253W,YNL272C,0,-1.309858,0.10541819781064987,0.9940476417541504,0.8509807586669922
YEL022W,YDR026C,0,-1.3101014,0.10540711134672165,0.9940476417541504,0.8510808944702148
YHR148W,YML058W-A,0,-1.3102479,0.10539602488279343,0.9940476417541504,0.8511809706687927
YNL263C,YJR123W,0,-1.3105373,0.1053849384188652,0.9940476417541504,0.8512810468673706
YKL214C,YHR139C,0,-1.310871,0.10537385940551758,0.9940476417541504,0.8513811230659485
YHL031C,YER038C,0,-1.3110509,0.10536277294158936,0.9940476417541504,0.8514811992645264
YOR311C,YKR037C,0,-1.3119869,0.10535170137882233,0.9940476417541504,0.8515812754631042
YDR148C,YLR443W,0,-1.314399,0.1053406223654747,0.9940476417541504,0.8516813516616821
YLL054C,YPL131W,0,-1.3157554,0.10532955080270767,0.9940476417541504,0.85178142786026
YBR264C,YHL001W,0,-1.3166064,0.10531847923994064,0.9940476417541504,0.8518815040588379
YAL005C,YPL043W,0,-1.3168716,0.10530740767717361,0.9940476417541504,0.8519815802574158
YIL135C,YPR128C,0,-1.3184278,0.10529634356498718,0.9940476417541504,0.8520816564559937
YFL045C,YOR287C,0,-1.3184335,0.10528527945280075,0.9940476417541504,0.8521817326545715
YDR171W,YFR010W,0,-1.3190563,0.10527421534061432,0.9940476417541504,0.8522818088531494
YCL026C-B,YGL071W,0,-1.3194948,0.10526315867900848,0.9940476417541504,0.8523818850517273
YER071C,YDR005C,0,-1.320108,0.10525210201740265,0.9940476417541504,0.8524819612503052
YDL188C,YHR091C,0,-1.3205092,0.10524104535579681,0.9940476417541504,0.8525820374488831
YPL237W,YMR307W,0,-1.3207878,0.10522999614477158,0.9940476417541504,0.8526821732521057
YHR172W,YFL014W,0,-1.3211787,0.10521894693374634,0.9940476417541504,0.8527822494506836
YDR087C,YIL023C,0,-1.3221582,0.1052078977227211,0.9940476417541504,0.8528823256492615
YLL031C,YPR144C,0,-1.3228259,0.10519684851169586,0.9940476417541504,0.8529824018478394
YKL221W,YLL061W,0,-1.3232613,0.10518580675125122,0.9940476417541504,0.8530824780464172
YOR391C,YMR136W,0,-1.323281,0.10517476499080658,0.9940476417541504,0.8531825542449951
YGR110W,YBR018C,0,-1.3233137,0.10516373068094254,0.9940476417541504,0.853282630443573
YLR274W,YNR030W,0,-1.323705,0.1051526889204979,0.9940476417541504,0.8533827066421509
YGR110W,YCL064C,0,-1.3243134,0.10514165461063385,0.9940476417541504,0.8534827828407288
YPR125W,YJL136C,0,-1.3248045,0.1051306277513504,0.9940476417541504,0.8535828590393066
YDR326C,YPL198W,0,-1.3262839,0.10511959344148636,0.9940476417541504,0.8536829352378845
YCL064C,YPR061C,0,-1.3270015,0.10510856658220291,0.9940476417541504,0.8537830114364624
YAR009C,YBR005W,0,-1.3270242,0.10509754717350006,0.9940476417541504,0.8538830876350403
YBR104W,YCL039W,0,-1.327313,0.10508652031421661,0.9940476417541504,0.8539831638336182
YLR345W,YDL045C,0,-1.32745,0.10507550090551376,0.9940476417541504,0.854083240032196
YGR131W,YDR436W,0,-1.3274658,0.10506448894739151,0.9940476417541504,0.8541833758354187
YLL024C,YML024W,0,-1.3287653,0.10505346953868866,0.9940476417541504,0.8542834520339966
YKR051W,YNL190W,0,-1.3288907,0.1050424575805664,0.9940476417541504,0.8543835282325745
YDL153C,YBR246W,0,-1.3293631,0.10503144562244415,0.9940476417541504,0.8544836044311523
YOR283W,YOR175C,0,-1.3295325,0.1050204411149025,0.9940476417541504,0.8545836806297302
YNR060W,YGR078C,0,-1.3300471,0.10500942915678024,0.9940476417541504,0.8546837568283081
YOL107W,YBR173C,0,-1.3308821,0.10499842464923859,0.9940476417541504,0.854783833026886
YKL071W,YLL053C,0,-1.331546,0.10498742759227753,0.9940476417541504,0.8548839092254639
YGR121C,YKL117W,0,-1.3324416,0.10497643053531647,0.9940476417541504,0.8549839854240417
YDL111C,YNL274C,0,-1.3326819,0.10496543347835541,0.9940476417541504,0.8550840616226196
YMR102C,YDL104C,0,-1.3328357,0.10495443642139435,0.9940476417541504,0.8551841378211975
YMR015C,YAL007C,0,-1.332949,0.10494344681501389,0.9940476417541504,0.8552842140197754
YEL003W,YER004W,0,-1.3330231,0.10493245720863342,0.9940476417541504,0.8553842902183533
YPR132W,YNL215W,0,-1.3330581,0.10492146760225296,0.9940476417541504,0.8554843664169312
YPL218W,YLR387C,0,-1.3332981,0.1049104779958725,0.9940476417541504,0.855584442615509
YBR039W,YPL207W,0,-1.3338406,0.10489949584007263,0.9940476417541504,0.8556845188140869
YLR073C,YHR075C,0,-1.3342092,0.10488851368427277,0.9940476417541504,0.8557846546173096
YCL025C,YLR173W,0,-1.3345461,0.1048775389790535,0.9940476417541504,0.8558847308158875
YCR072C,YEL049W,0,-1.3349166,0.10486656427383423,0.9940476417541504,0.8559848070144653
YHR009C,YBR198C,0,-1.3377368,0.10485558956861496,0.9940476417541504,0.8560848832130432
YMR139W,YNR030W,0,-1.3389804,0.10484461486339569,0.9940476417541504,0.8561849594116211
YGL057C,YNL183C,0,-1.3391782,0.10483364760875702,0.9940476417541504,0.856285035610199
YDR256C,YOL156W,0,-1.3392377,0.10482268035411835,0.9940476417541504,0.8563851118087769
YDR339C,YML082W,0,-1.3393139,0.10481171309947968,0.9940476417541504,0.8564851880073547
YFR024C-A,YGL115W,0,-1.3398998,0.1048007532954216,0.9940476417541504,0.8565852642059326
YER071C,YLR178C,0,-1.3404752,0.10478979349136353,0.9940476417541504,0.8566853404045105
YDR231C,YBR110W,0,-1.3414681,0.10477883368730545,0.9940476417541504,0.8567854166030884
YDR411C,YGR144W,0,-1.3416505,0.10476788133382797,0.9940476417541504,0.8568854928016663
YBR068C,YDL056W,0,-1.3416972,0.1047569289803505,0.9940476417541504,0.8569855690002441
YNL044W,YHR098C,0,-1.3420435,0.10474597662687302,0.9940476417541504,0.857085645198822
YDL087C,YLR297W,0,-1.3421983,0.10473502427339554,0.9940476417541504,0.8571857213973999
YGR201C,YPL019C,0,-1.3429729,0.10472407937049866,0.9940476417541504,0.8572858572006226
YGR088W,YDR534C,0,-1.3431487,0.10471313446760178,0.9940476417541504,0.8573859333992004
YGR280C,YPL017C,0,-1.3436899,0.10470219701528549,0.9940476417541504,0.8574860095977783
YJR094C,YPR080W,0,-1.3456268,0.10469125211238861,0.9940476417541504,0.8575860857963562
YDL144C,YMR116C,0,-1.3459055,0.10468031466007233,0.9940476417541504,0.8576861619949341
YOR270C,YHR214W,0,-1.3460219,0.10466938465833664,0.9940476417541504,0.857786238193512
YLR408C,YDR069C,0,-1.3460993,0.10465844720602036,0.9940476417541504,0.8578863143920898
YCR009C,YCR005C,0,-1.3464118,0.10464751720428467,0.9940476417541504,0.8579863905906677
YJL014W,YML075C,0,-1.346729,0.10463659465312958,0.9940476417541504,0.8580864667892456
YOR381W,YGR070W,0,-1.3469832,0.10462566465139389,0.9940476417541504,0.8581865429878235
YER048W-A,YIR041W,0,-1.3480284,0.1046147421002388,0.9940476417541504,0.8582866191864014
YDR444W,YNL231C,0,-1.3483158,0.10460381954908371,0.9940476417541504,0.8583866953849792
YOR134W,YMR124W,0,-1.3484371,0.10459290444850922,0.9940476417541504,0.8584867715835571
YGR096W,YOR167C,0,-1.349078,0.10458198189735413,0.9940476417541504,0.858586847782135
YLR330W,YHR162W,0,-1.349108,0.10457107424736023,0.9940476417541504,0.8586869239807129
YJR137C,YGR042W,0,-1.3492817,0.10456015914678574,0.9940476417541504,0.8587870001792908
YMR209C,YHR147C,0,-1.3495505,0.10454925149679184,0.9940476417541504,0.8588871359825134
YNR016C,YGR090W,0,-1.3495748,0.10453834384679794,0.9940476417541504,0.8589872121810913
YLR325C,YOR104W,0,-1.3511834,0.10452743619680405,0.9940476417541504,0.8590872883796692
YLR291C,YLR050C,0,-1.3523083,0.10451653599739075,0.9940476417541504,0.8591873645782471
YOR172W,YDR233C,0,-1.3527925,0.10450562834739685,0.9940476417541504,0.859287440776825
YGL053W,YPL070W,0,-1.3535559,0.10449473559856415,0.9940476417541504,0.8593875169754028
YBL039C,YDL180W,0,-1.3536166,0.10448383539915085,0.9940476417541504,0.8594875931739807
YPL264C,YFR047C,0,-1.3536314,0.10447294265031815,0.9940476417541504,0.8595876693725586
YLR126C,YOL065C,0,-1.3550076,0.10446204990148544,0.9940476417541504,0.8596877455711365
YJL080C,YKR067W,0,-1.3551874,0.10445116460323334,0.9940476417541504,0.8597878217697144
YBR237W,YHR087W,0,-1.3553915,0.10444027185440063,0.9940476417541504,0.8598878979682922
YHL044W,YLR151C,0,-1.3562837,0.10442939400672913,0.9940476417541504,0.8599879741668701
YER140W,YOR101W,0,-1.3569802,0.10441850870847702,0.9940476417541504,0.860088050365448
YIL171W,YML121W,0,-1.3583323,0.10440763086080551,0.9940476417541504,0.8601881265640259
YDR263C,YGL046W,0,-1.3586603,0.104396753013134,0.9940476417541504,0.8602882027626038
YNR004W,YPR054W,0,-1.3588336,0.1043858751654625,0.9940476417541504,0.8603883385658264
YHR018C,YMR300C,0,-1.3608774,0.10437499731779099,0.9940476417541504,0.8604884147644043
YIL096C,YPR086W,0,-1.3609629,0.10436412692070007,0.9940476417541504,0.8605884909629822
YML131W,YDR346C,0,-1.3620346,0.10435325652360916,0.9940476417541504,0.8606885671615601
YGR053C,YLR461W,0,-1.3623551,0.10434239357709885,0.9940476417541504,0.8607886433601379
YJL093C,YIR037W,0,-1.3630722,0.10433153063058853,0.9940476417541504,0.8608887195587158
YGR245C,YNL069C,0,-1.3641105,0.10432066768407822,0.9940476417541504,0.8609887957572937
YML087C,YJL042W,0,-1.3643173,0.1043098047375679,0.9940476417541504,0.8610888719558716
YJR021C,YIL170W,0,-1.3643255,0.10429894924163818,0.9940476417541504,0.8611889481544495
YGR053C,YPR003C,0,-1.3643517,0.10428809374570847,0.9940476417541504,0.8612890243530273
YML030W,YML070W,0,-1.364432,0.10427723824977875,0.9940476417541504,0.8613891005516052
YJL084C,YKL165C,0,-1.3653708,0.10426639020442963,0.9940476417541504,0.8614891767501831
YIL083C,YBR160W,0,-1.3657205,0.1042555421590805,0.9940476417541504,0.861589252948761
YGR262C,YNL157W,0,-1.3660331,0.10424469411373138,0.9940476417541504,0.8616893291473389
YPL168W,YOR311C,0,-1.3682613,0.10423385351896286,0.9940476417541504,0.8617894053459167
YLR179C,YPR118W,0,-1.3682728,0.10422300547361374,0.9940476417541504,0.8618895411491394
YNL117W,YHR050W,0,-1.3688871,0.10421216487884521,0.9940476417541504,0.8619896173477173
YDR036C,YBR267W,0,-1.3694913,0.10420133173465729,0.9940476417541504,0.8620896935462952
YBR145W,YMR124W,0,-1.3696148,0.10419049859046936,0.9940476417541504,0.862189769744873
YAL042W,YOL002C,0,-1.3700241,0.10417966544628143,0.9940476417541504,0.8622898459434509
YAL022C,YOR182C,0,-1.3701359,0.1041688323020935,0.9940476417541504,0.8623899221420288
YGR253C,YPL059W,0,-1.3707918,0.10415800660848618,0.9940476417541504,0.8624899983406067
YKL124W,YPR027C,0,-1.370826,0.10414718091487885,0.9940476417541504,0.8625900745391846
YJL056C,YHL001W,0,-1.3713658,0.10413635522127151,0.9940476417541504,0.8626901507377625
YDR144C,YBR299W,0,-1.3713843,0.10412552952766418,0.9940476417541504,0.8627902269363403
YKL025C,YNL115C,0,-1.3714881,0.10411471128463745,0.9940476417541504,0.8628903031349182
YGR110W,YHR071W,0,-1.3730233,0.10410389304161072,0.9940476417541504,0.8629903793334961
YGL111W,YMR017W,0,-1.3730562,0.10409308224916458,0.9940476417541504,0.863090455532074
YGR185C,YDR221W,0,-1.3731067,0.10408227145671844,0.9940476417541504,0.8631905317306519
YKL055C,YPL090C,0,-1.3731687,0.10407146066427231,0.9940476417541504,0.8632906079292297
YOR224C,YPL091W,0,-1.3734251,0.10406064987182617,0.9940476417541504,0.8633906841278076
YBR267W,YDR084C,0,-1.3740565,0.10404984652996063,0.9940476417541504,0.8634908199310303
YJL172W,YGL145W,0,-1.374552,0.10403904318809509,0.9940476417541504,0.8635908961296082
YDL236W,YDR056C,0,-1.374616,0.10402823984622955,0.9940476417541504,0.863690972328186
YIL017C,YNL052W,0,-1.3758335,0.10401743650436401,0.9940476417541504,0.8637910485267639
YLR174W,YML022W,0,-1.3762658,0.10400664061307907,0.9940476417541504,0.8638911247253418
YDR494W,YKL110C,0,-1.3771288,0.10399585217237473,0.9940476417541504,0.8639912009239197
YPR124W,YGR217W,0,-1.377563,0.10398505628108978,0.9940476417541504,0.8640912771224976
YHR050W,YHL017W,0,-1.3788507,0.10397426784038544,0.9940476417541504,0.8641913533210754
YDR023W,YJL116C,0,-1.3788855,0.10396347939968109,0.9940476417541504,0.8642914295196533
YHR197W,YJL128C,0,-1.3791544,0.10395269095897675,0.9940476417541504,0.8643915057182312
YNR060W,YPL009C,0,-1.3793173,0.103941909968853,0.9940476417541504,0.8644915819168091
YEL069C,YLR091W,0,-1.379756,0.10393112897872925,0.9940476417541504,0.864591658115387
YKL191W,YAL013W,0,-1.3812431,0.1039203479886055,0.9940476417541504,0.8646917343139648
YMR312W,YOR048C,0,-1.3820388,0.10390957444906235,0.9940476417541504,0.8647918105125427
YPL215W,YDL091C,0,-1.382453,0.1038987934589386,0.9940476417541504,0.8648918867111206
YML130C,YOR344C,0,-1.3827784,0.10388802736997604,0.9940476417541504,0.8649920225143433
YKL025C,YGR093W,0,-1.3833481,0.10387725383043289,0.9940476417541504,0.8650920987129211
YLL045C,YHR162W,0,-1.3840084,0.10386648774147034,0.9940476417541504,0.865192174911499
YCR039C,YDL082W,0,-1.3842636,0.10385572165250778,0.9940476417541504,0.8652922511100769
YOL122C,YNR054C,0,-1.384728,0.10384495556354523,0.9940476417541504,0.8653923273086548
YOR133W,YNL058C,0,-1.384909,0.10383419692516327,0.9940476417541504,0.8654924035072327
YML030W,YPR127W,0,-1.3855505,0.10382343828678131,0.9940476417541504,0.8655924797058105
YOR185C,YGR183C,0,-1.3866787,0.10381267964839935,0.9940476417541504,0.8656925559043884
YKR051W,YHR087W,0,-1.3872682,0.10380192846059799,0.9940476417541504,0.8657926321029663
YHR026W,YMR125W,0,-1.387294,0.10379117727279663,0.9940476417541504,0.8658927083015442
YAR071W,YKR061W,0,-1.3883171,0.10378042608499527,0.9940476417541504,0.8659927845001221
YNL132W,YCR041W,0,-1.3889616,0.10376967489719391,0.9940476417541504,0.8660928606987
YOR076C,YER130C,0,-1.389393,0.10375893115997314,0.9940476417541504,0.8661929368972778
YDL150W,YEL020W-A,0,-1.3896444,0.10374818742275238,0.9940476417541504,0.8662930130958557
YDR101C,YLR164W,0,-1.3897195,0.10373744368553162,0.9940476417541504,0.8663930892944336
YDR100W,YPR118W,0,-1.3909701,0.10372670739889145,0.9940476417541504,0.8664931654930115
YLR372W,YNR059W,0,-1.3910277,0.10371597111225128,0.9940476417541504,0.8665933012962341
YGL012W,YDR064W,0,-1.391115,0.10370523482561111,0.9940476417541504,0.866693377494812
YBR301W,YGL237C,0,-1.3925033,0.10369450598955154,0.9940476417541504,0.8667934536933899
YBR105C,YNL098C,0,-1.3935921,0.10368377715349197,0.9940476417541504,0.8668935298919678
YKR106W,YCR068W,0,-1.3946154,0.1036730483174324,0.9940476417541504,0.8669936060905457
YPL150W,YMR041C,0,-1.3954909,0.10366231948137283,0.9940476417541504,0.8670936822891235
YFR046C,YEL040W,0,-1.396413,0.10365159809589386,0.9940476417541504,0.8671937584877014
YER133W,YHR197W,1,-1.3969109,0.10374431312084198,0.995039701461792,0.8671937584877014
YMR027W,YFL034C-A,0,-1.3969584,0.10373358428478241,0.995039701461792,0.8672938346862793
YMR280C,YPR109W,0,-1.3974319,0.10372285544872284,0.995039701461792,0.8673939108848572
YIL166C,YDR057W,0,-1.3975351,0.10371212661266327,0.995039701461792,0.8674939870834351
YIR015W,YLR409C,0,-1.3976383,0.1037014052271843,0.995039701461792,0.8675940632820129
YDR074W,YBL004W,0,-1.3984282,0.10369068384170532,0.995039701461792,0.8676941394805908
YBR265W,YNL022C,0,-1.3986645,0.10367996990680695,0.995039701461792,0.8677942156791687
YOR297C,YGR083C,0,-1.398999,0.10366924852132797,0.995039701461792,0.8678942918777466
YMR293C,YJL080C,0,-1.4016623,0.1036585345864296,0.995039701461792,0.8679943680763245
YIL013C,YHR182W,0,-1.4030952,0.10364782810211182,0.995039701461792,0.8680945038795471
YPR108W,YIL094C,0,-1.4032153,0.10363711416721344,0.995039701461792,0.868194580078125
YGL068W,YPL241C,0,-1.4034799,0.10362640768289566,0.995039701461792,0.8682946562767029
YDL138W,YFL014W,0,-1.4042464,0.10361570119857788,0.995039701461792,0.8683947324752808
YDL137W,YMR146C,0,-1.4050713,0.1036050021648407,0.995039701461792,0.8684948086738586
YBR283C,YPR002W,0,-1.4058444,0.10359429568052292,0.995039701461792,0.8685948848724365
YLR253W,YGR192C,0,-1.4077086,0.10358359664678574,0.995039701461792,0.8686949610710144
YOL159C,YPL176C,0,-1.4080511,0.10357290506362915,0.995039701461792,0.8687950372695923
YMR210W,YLR079W,0,-1.4081722,0.10356220602989197,0.995039701461792,0.8688951134681702
YOL075C,YKR066C,0,-1.4082618,0.10355151444673538,0.995039701461792,0.868995189666748
YFL022C,YGR090W,0,-1.408308,0.1035408303141594,0.995039701461792,0.8690952658653259
YLR065C,YML004C,0,-1.4090406,0.10353013873100281,0.995039701461792,0.8691953420639038
YAL028W,YMR184W,0,-1.4091834,0.10351945459842682,0.995039701461792,0.8692954182624817
YLR378C,YJR019C,0,-1.4092572,0.10350877046585083,0.995039701461792,0.8693954944610596
YER027C,YGR031W,0,-1.4095999,0.10349809378385544,0.995039701461792,0.8694955706596375
YLR008C,YGR034W,0,-1.410366,0.10348740965127945,0.995039701461792,0.8695956468582153
YGR198W,YGL253W,0,-1.4103942,0.10347673296928406,0.995039701461792,0.869695782661438
YMR200W,YNL190W,0,-1.4118283,0.10346606373786926,0.995039701461792,0.8697958588600159
YNL231C,YNL217W,0,-1.4119335,0.10345538705587387,0.995039701461792,0.8698959350585938
YOR044W,YLR409C,0,-1.4119502,0.10344471782445908,0.995039701461792,0.8699960112571716
YPL259C,YCL047C,0,-1.4123759,0.10343404859304428,0.995039701461792,0.8700960874557495
YGL045W,YGL259W,0,-1.4127738,0.10342338681221008,0.995039701461792,0.8701961636543274
YLR344W,YHR148W,0,-1.4129918,0.10341272503137589,0.995039701461792,0.8702962398529053
YOR018W,YGL263W,0,-1.4130579,0.10340206325054169,0.995039701461792,0.8703963160514832
YGL231C,YGR136W,0,-1.4130685,0.10339140146970749,0.995039701461792,0.870496392250061
YLL028W,YBL056W,0,-1.4132481,0.10338074713945389,0.995039701461792,0.8705964684486389
YJR096W,YDR164C,0,-1.4137676,0.10337009280920029,0.995039701461792,0.8706965446472168
YDL095W,YLR222C,0,-1.415355,0.10335943847894669,0.995039701461792,0.8707966208457947
YGR087C,YPL177C,0,-1.416424,0.10334879159927368,0.995039701461792,0.8708966970443726
YGR087C,YFL028C,0,-1.4168849,0.10333814471960068,0.995039701461792,0.8709967732429504
YMR186W,YJL157C,0,-1.4172577,0.10332749783992767,0.995039701461792,0.8710968494415283
YDR330W,YKL107W,0,-1.4181623,0.10331685096025467,0.995039701461792,0.871196985244751
YBL047C,YOR363C,0,-1.4190748,0.10330621153116226,0.995039701461792,0.8712970614433289
YER076C,YHR017W,0,-1.419567,0.10329557210206985,0.995039701461792,0.8713971376419067
YGL011C,YJL196C,0,-1.4205315,0.10328493267297745,0.995039701461792,0.8714972138404846
YOL026C,YHR199C,0,-1.4210501,0.10327430069446564,0.995039701461792,0.8715972900390625
YPL092W,YLR056W,0,-1.42209,0.10326366871595383,0.995039701461792,0.8716973662376404
YCR045C,YIL122W,0,-1.4229859,0.10325303673744202,0.995039701461792,0.8717974424362183
YPL066W,YDR099W,0,-1.4239087,0.1032424122095108,0.995039701461792,0.8718975186347961
YOL107W,YMR021C,0,-1.4243441,0.10323178023099899,0.995039701461792,0.871997594833374
YGL035C,YOL157C,0,-1.4244848,0.10322115570306778,0.995039701461792,0.8720976710319519
YOL077C,YGR007W,0,-1.4251175,0.10321053862571716,0.995039701461792,0.8721977472305298
YDR384C,YPR065W,0,-1.4256339,0.10319991409778595,0.995039701461792,0.8722978234291077
YBL092W,YBR074W,0,-1.4260485,0.10318929702043533,0.995039701461792,0.8723978996276855
YOR131C,YNL318C,0,-1.4263748,0.10317868739366531,0.995039701461792,0.8724979758262634
YER058W,YOR011W,0,-1.4275388,0.1031680703163147,0.995039701461792,0.8725980520248413
YBR267W,YKR081C,0,-1.4278713,0.10315746068954468,0.995039701461792,0.872698187828064
YPR182W,YMR239C,0,-1.4279007,0.10314685106277466,0.995039701461792,0.8727982640266418
YMR088C,YCL067C,0,-1.4282792,0.10313624888658524,0.995039701461792,0.8728983402252197
YLR042C,YGR088W,0,-1.4289324,0.10312563925981522,0.995039701461792,0.8729984164237976
YGR203W,YML101C,0,-1.4295526,0.1031150370836258,0.995039701461792,0.8730984926223755
YBR034C,YBR077C,0,-1.4301685,0.10310444235801697,0.995039701461792,0.8731985688209534
YDR339C,YPL178W,0,-1.4307679,0.10309384018182755,0.995039701461792,0.8732986450195312
YHR069C,YLR178C,0,-1.4318343,0.10308324545621872,0.995039701461792,0.8733987212181091
YCR058C,YKL024C,0,-1.4324429,0.1030726507306099,0.995039701461792,0.873498797416687
YDR065W,YDR066C,0,-1.4327921,0.10306206345558167,0.995039701461792,0.8735988736152649
YDR256C,YGL200C,0,-1.4344888,0.10305147618055344,0.995039701461792,0.8736989498138428
YBR106W,YGL120C,0,-1.4381231,0.10304088890552521,0.995039701461792,0.8737990260124207
YML130C,YOR131C,0,-1.4381351,0.10303030163049698,0.995039701461792,0.8738991022109985
YDR192C,YBR204C,0,-1.4383099,0.10301972180604935,0.995039701461792,0.8739991784095764
YHR169W,YDL136W,0,-1.438686,0.10300914198160172,0.995039701461792,0.8740992546081543
YGL120C,YGR229C,0,-1.4390619,0.10299856215715408,0.995039701461792,0.8741993308067322
YMR104C,YPL172C,0,-1.439319,0.10298798978328705,0.995039701461792,0.8742994666099548
YLR102C,YHR136C,0,-1.4406433,0.10297740995883942,0.995039701461792,0.8743995428085327
YLR043C,YBL099W,0,-1.4406784,0.10296683758497238,0.995039701461792,0.8744996190071106
YNR065C,YGL261C,0,-1.4407752,0.10295627266168594,0.995039701461792,0.8745996952056885
YER083C,YDL236W,0,-1.4413677,0.1029457077383995,0.995039701461792,0.8746997714042664
YJL172W,YJL208C,0,-1.4415691,0.10293514281511307,0.995039701461792,0.8747998476028442
YDL223C,YIL040W,0,-1.4417384,0.10292457789182663,0.995039701461792,0.8748999238014221
YJR045C,YLR150W,0,-1.4417477,0.10291401296854019,0.995039701461792,0.875
YNL176C,YPR127W,0,-1.4426134,0.10290345549583435,0.995039701461792,0.8751000761985779
YER155C,YMR116C,0,-1.4427248,0.10289289802312851,0.995039701461792,0.8752001523971558
YML128C,YGL169W,0,-1.4427338,0.10288234800100327,0.995039701461792,0.8753002285957336
YLR246W,YGR279C,0,-1.4429997,0.10287179797887802,0.995039701461792,0.8754003047943115
YDR400W,YNL005C,0,-1.4444635,0.10286124795675278,0.995039701461792,0.8755003809928894
YLR080W,YPL196W,0,-1.4450825,0.10285069793462753,0.995039701461792,0.8756004571914673
YOL060C,YPL057C,0,-1.4451668,0.10284015536308289,0.995039701461792,0.8757005333900452
YDR329C,YGL121C,0,-1.4452716,0.10282960534095764,0.995039701461792,0.8758006691932678
YNL320W,YPL192C,0,-1.4459589,0.10281907021999359,0.995039701461792,0.8759007453918457
YCR024C-A,YOR154W,0,-1.4464353,0.10280852764844894,0.995039701461792,0.8760008215904236
YER059W,YHR216W,0,-1.4465288,0.1027979925274849,0.995039701461792,0.8761008977890015
YCR014C,YNL333W,0,-1.4466491,0.10278745740652084,0.995039701461792,0.8762009739875793
YOR272W,YLR150W,0,-1.44765,0.1027769222855568,0.995039701461792,0.8763010501861572
YML048W,YJL178C,0,-1.4482607,0.10276639461517334,0.995039701461792,0.8764011263847351
YGL082W,YDL072C,0,-1.448559,0.10275586694478989,0.995039701461792,0.876501202583313
YPL173W,YLR008C,0,-1.4487283,0.10274533927440643,0.995039701461792,0.8766012787818909
YGL078C,YDR033W,0,-1.4495562,0.10273481160402298,0.995039701461792,0.8767013549804688
YKR013W,YEL063C,0,-1.4496508,0.10272429138422012,0.995039701461792,0.8768014311790466
YIL172C,YPR191W,0,-1.4515085,0.10271377116441727,0.995039701461792,0.8769015073776245
YPR108W,YJR121W,0,-1.4525056,0.10270325839519501,0.995039701461792,0.8770015835762024
YDR324C,YKR009C,0,-1.4526916,0.10269273817539215,0.995039701461792,0.8771016597747803
YGR155W,YPL132W,0,-1.4529562,0.10268222540616989,0.995039701461792,0.8772017359733582
YDL095W,YDR043C,0,-1.4537761,0.10267172008752823,0.995039701461792,0.877301812171936
YGL049C,YOR389W,0,-1.4543586,0.10266120731830597,0.995039701461792,0.8774019479751587
YDR238C,YOR230W,0,-1.454686,0.1026507019996643,0.995039701461792,0.8775020241737366
YMR259C,YJL074C,0,-1.4553899,0.10264019668102264,0.995039701461792,0.8776021003723145
YAR010C,YLR206W,0,-1.4556502,0.10262969136238098,0.995039701461792,0.8777021765708923
YPR065W,YBR023C,0,-1.4567757,0.10261919349431992,0.995039701461792,0.8778022527694702
YNL260C,YGL135W,0,-1.4568888,0.10260869562625885,0.995039701461792,0.8779023289680481
YHL048W,YGR081C,0,-1.4583437,0.10259819775819778,0.995039701461792,0.878002405166626
YIL155C,YPR201W,0,-1.4590468,0.10258770734071732,0.995039701461792,0.8781024813652039
YBR118W,YHL033C,0,-1.4593151,0.10257721692323685,0.995039701461792,0.8782025575637817
YEL017C-A,YHR052W,0,-1.4597479,0.10256672650575638,0.995039701461792,0.8783026337623596
YJL200C,YBR222C,0,-1.4605896,0.10255623608827591,0.995039701461792,0.8784027099609375
YMR295C,YGL004C,0,-1.4606676,0.10254575312137604,0.995039701461792,0.8785027861595154
YKL007W,YIL078W,0,-1.4620976,0.10253527015447617,0.995039701461792,0.8786028623580933
YML067C,YGR173W,0,-1.4625827,0.1025247871875763,0.995039701461792,0.8787029385566711
YKL035W,YMR262W,0,-1.4632341,0.10251431167125702,0.995039701461792,0.878803014755249
YML058W,YLR154C,1,-1.4650726,0.10260602831840515,0.9960317611694336,0.878803014755249
YKL100C,YMR325W,0,-1.4654025,0.10259554535150528,0.9960317611694336,0.8789031505584717
YLL035W,YLR270W,0,-1.4654804,0.10258506238460541,0.9960317611694336,0.8790032267570496
YML063W,YDR345C,0,-1.4658225,0.10257457941770554,0.9960317611694336,0.8791033029556274
YOL086C,YMR193W,0,-1.4664522,0.10256410390138626,0.9960317611694336,0.8792033791542053
YKL129C,YGL039W,0,-1.4667461,0.10255362838506699,0.9960317611694336,0.8793034553527832
YLL007C,YJR070C,0,-1.4675062,0.10254315286874771,0.9960317611694336,0.8794035315513611
YKL184W,YGR292W,0,-1.4678974,0.10253267735242844,0.9960317611694336,0.879503607749939
YMR196W,YBR222C,0,-1.469331,0.10252220928668976,0.9960317611694336,0.8796036839485168
YNR053C,YJL020C,0,-1.470113,0.10251174122095108,0.9960317611694336,0.8797037601470947
YFL029C,YLR414C,0,-1.4703519,0.1025012731552124,0.9960317611694336,0.8798038363456726
YGR066C,YPR107C,0,-1.4711332,0.10249081254005432,0.9960317611694336,0.8799039125442505
YOR047C,YKR043C,0,-1.4717064,0.10248035192489624,0.9960317611694336,0.8800039887428284
YIR015W,YOR224C,0,-1.4718542,0.10246989130973816,0.9960317611694336,0.8801040649414062
YNL149C,YGL082W,0,-1.4719818,0.10245943814516068,0.9960317611694336,0.8802041411399841
YML081C-A,YML100W,0,-1.4724181,0.1024489775300026,0.9960317611694336,0.880304217338562
YDR385W,YDR294C,0,-1.4726543,0.10243852436542511,0.9960317611694336,0.8804043531417847
YDR086C,YGR085C,0,-1.4729346,0.10242807865142822,0.9960317611694336,0.8805044293403625
YEL049W,YDR259C,0,-1.4736084,0.10241762548685074,0.9960317611694336,0.8806045055389404
YMR230W,YER036C,0,-1.4736918,0.10240717977285385,0.9960317611694336,0.8807045817375183
YGR178C,YEL049W,0,-1.4741573,0.10239673405885696,0.9960317611694336,0.8808046579360962
YML050W,YER037W,0,-1.4745597,0.10238629579544067,0.9960317611694336,0.8809047341346741
YER020W,YKL080W,0,-1.4758551,0.10237585753202438,0.9960317611694336,0.881004810333252
YCR069W,YGL114W,0,-1.4758795,0.1023654192686081,0.9960317611694336,0.8811048865318298
YDL089W,YNL320W,0,-1.4767127,0.1023549810051918,0.9960317611694336,0.8812049627304077
YMR241W,YLR225C,0,-1.4771996,0.10234454274177551,0.9960317611694336,0.8813050389289856
YKR051W,YGL025C,0,-1.4777918,0.10233411192893982,0.9960317611694336,0.8814051151275635
YOL053C-A,YMR250W,0,-1.477978,0.10232368856668472,0.9960317611694336,0.8815051913261414
YLL014W,YDL136W,0,-1.4785886,0.10231325775384903,0.9960317611694336,0.8816052675247192
YDR101C,YOL044W,0,-1.4787798,0.10230283439159393,0.9960317611694336,0.8817053437232971
YKL195W,YAR028W,0,-1.4794811,0.10229241102933884,0.9960317611694336,0.881805419921875
YAR007C,YIR039C,0,-1.4797887,0.10228198766708374,0.9960317611694336,0.8819054961204529
YNR065C,YOR182C,0,-1.4802258,0.10227157175540924,0.9960317611694336,0.8820056319236755
YHR072W,YJR116W,0,-1.4802296,0.10226115584373474,0.9960317611694336,0.8821057081222534
YOR159C,YLR328W,0,-1.48047,0.10225073993206024,0.9960317611694336,0.8822057843208313
YPR080W,YKL021C,0,-1.4819986,0.10224032402038574,0.9960317611694336,0.8823058605194092
YKL071W,YNL293W,0,-1.4827092,0.10222991555929184,0.9960317611694336,0.8824059367179871
YDR298C,YDR432W,0,-1.4828479,0.10221950709819794,0.9960317611694336,0.8825060129165649
YPR083W,YGR032W,0,-1.484042,0.10220909863710403,0.9960317611694336,0.8826060891151428
YER072W,YBR242W,0,-1.4845251,0.10219869762659073,0.9960317611694336,0.8827061653137207
YER060W-A,YBR221C,0,-1.4857235,0.10218829661607742,0.9960317611694336,0.8828062415122986
YAL033W,YLR155C,0,-1.4864553,0.10217789560556412,0.9960317611694336,0.8829063177108765
YDL061C,YPR114W,0,-1.4866786,0.10216749459505081,0.9960317611694336,0.8830063939094543
YLR330W,YHR112C,0,-1.4872133,0.1021571010351181,0.9960317611694336,0.8831064701080322
YOL044W,YNL192W,0,-1.4876921,0.1021467074751854,0.9960317611694336,0.8832065463066101
YJR078W,YKL174C,0,-1.4880795,0.10213631391525269,0.9960317611694336,0.883306622505188
YMR250W,YKL055C,0,-1.4884865,0.10212592780590057,0.9960317611694336,0.8834066987037659
YJL013C,YLL023C,0,-1.4885721,0.10211554169654846,0.9960317611694336,0.8835068345069885
YLR025W,YNL113W,0,-1.4893043,0.10210515558719635,0.9960317611694336,0.8836069107055664
YMR156C,YPR004C,0,-1.4900473,0.10209477692842484,0.9960317611694336,0.8837069869041443
YGR185C,YCR075C,0,-1.490056,0.10208439081907272,0.9960317611694336,0.8838070631027222
YER141W,YOR222W,0,-1.4915318,0.10207401216030121,0.9960317611694336,0.8839071393013
YNR018W,YBR289W,0,-1.4922214,0.10206364095211029,0.9960317611694336,0.8840072154998779
YOR092W,YNL015W,0,-1.4923409,0.10205326229333878,0.9960317611694336,0.8841072916984558
YOL122C,YBR041W,0,-1.4940076,0.10204289108514786,0.9960317611694336,0.8842073678970337
YBL033C,YOL073C,0,-1.4940611,0.10203251987695694,0.9960317611694336,0.8843074440956116
YOR150W,YDL078C,0,-1.4945638,0.10202214866876602,0.9960317611694336,0.8844075202941895
YMR292W,YDL133W,0,-1.4946442,0.1020117849111557,0.9960317611694336,0.8845075964927673
YLR216C,YCL054W,0,-1.4950364,0.10200142115354538,0.9960317611694336,0.8846076726913452
YPR120C,YGL101W,0,-1.4950953,0.10199105739593506,0.9960317611694336,0.8847077488899231
YLR333C,YBR041W,0,-1.4952159,0.10198070108890533,0.9960317611694336,0.884807825088501
YGL056C,YNL335W,0,-1.4975866,0.10197034478187561,0.9960317611694336,0.8849079012870789
YDR033W,YMR115W,0,-1.4981105,0.10195998847484589,0.9960317611694336,0.8850079774856567
YLL045C,YOL042W,0,-1.4982119,0.10194963216781616,0.9960317611694336,0.8851081132888794
YMR280C,YGL184C,0,-1.5002704,0.10193928331136703,0.9960317611694336,0.8852081894874573
YDR384C,YER110C,0,-1.5008698,0.10192893445491791,0.9960317611694336,0.8853082656860352
YBL039C,YBR080C,0,-1.5010152,0.10191858559846878,0.9960317611694336,0.885408341884613
YMR025W,YLR300W,0,-1.5015011,0.10190824419260025,0.9960317611694336,0.8855084180831909
YIL037C,YDL035C,0,-1.5018593,0.10189790278673172,0.9960317611694336,0.8856084942817688
YDR162C,YOR182C,0,-1.5040743,0.10188756138086319,0.9960317611694336,0.8857085704803467
YCL033C,YER010C,0,-1.5044687,0.10187721997499466,0.9960317611694336,0.8858086466789246
YKL007W,YCR016W,0,-1.5051596,0.10186688601970673,0.9960317611694336,0.8859087228775024
YJR040W,YDL027C,0,-1.5053906,0.10185655206441879,0.9960317611694336,0.8860087990760803
YOR151C,YKR057W,0,-1.5057669,0.10184621810913086,0.9960317611694336,0.8861088752746582
YOR071C,YOL011W,0,-1.5063686,0.10183588415384293,0.9960317611694336,0.8862089514732361
YAR010C,YGR084C,0,-1.5065734,0.10182555764913559,0.9960317611694336,0.886309027671814
YHL048W,YBL002W,0,-1.5071652,0.10181523114442825,0.9960317611694336,0.8864091038703918
YNL157W,YMR024W,0,-1.5071714,0.10180490463972092,0.9960317611694336,0.8865091800689697
YGR122W,YIR037W,0,-1.509966,0.10179458558559418,0.9960317611694336,0.8866093158721924
YIL052C,YOR375C,0,-1.510031,0.10178426653146744,0.9960317611694336,0.8867093920707703
YNL181W,YEL017C-A,0,-1.5138068,0.1017739474773407,0.9960317611694336,0.8868094682693481
YAL042W,YKL069W,0,-1.5139124,0.10176363587379456,0.9960317611694336,0.886909544467926
YER045C,YOL047C,0,-1.5140235,0.10175331681966782,0.9960317611694336,0.8870096206665039
YAL002W,YAL038W,0,-1.5143862,0.10174300521612167,0.9960317611694336,0.8871096968650818
YGL076C,YIL117C,0,-1.51447,0.10173270106315613,0.9960317611694336,0.8872097730636597
YOR213C,YAL036C,0,-1.5153515,0.10172238945960999,0.9960317611694336,0.8873098492622375
YHR045W,YGL246C,0,-1.5156844,0.10171208530664444,0.9960317611694336,0.8874099254608154
YGL184C,YDL146W,0,-1.5157949,0.1017017811536789,0.9960317611694336,0.8875100016593933
YHR113W,YMR116C,0,-1.5159507,0.10169148445129395,0.9960317611694336,0.8876100778579712
YLR126C,YNL157W,0,-1.5161533,0.1016811802983284,0.9960317611694336,0.8877101540565491
YMR305C,YBR212W,0,-1.5163035,0.10167088359594345,0.9960317611694336,0.887810230255127
YOR311C,YLR166C,0,-1.5180264,0.1016605943441391,0.9960317611694336,0.8879103064537048
YML123C,YHR101C,0,-1.5196998,0.10165029764175415,0.9960317611694336,0.8880103826522827
YJL103C,YNL284C,0,-1.5202996,0.1016400083899498,0.9960317611694336,0.8881104588508606
YBR191W,YJL062W,0,-1.5203342,0.10162971913814545,0.9960317611694336,0.8882105946540833
YOL120C,YGR065C,0,-1.5203888,0.1016194298863411,0.9960317611694336,0.8883106708526611
YLR004C,YLR185W,0,-1.5209043,0.10160914808511734,0.9960317611694336,0.888410747051239
YOR303W,YCL052C,0,-1.5214686,0.10159886628389359,0.9960317611694336,0.8885108232498169
YBR015C,YCR035C,0,-1.5216016,0.10158858448266983,0.9960317611694336,0.8886108994483948
YER166W,YGL234W,0,-1.521637,0.10157831013202667,0.9960317611694336,0.8887109756469727
YPL098C,YML101C,0,-1.5218649,0.10156803578138351,0.9960317611694336,0.8888110518455505
YGR082W,YOR131C,0,-1.5243548,0.10155776143074036,0.9960317611694336,0.8889111280441284
YJR106W,YJR009C,0,-1.5252177,0.1015474870800972,0.9960317611694336,0.8890112042427063
YHR009C,YLL013C,0,-1.525229,0.10153722018003464,0.9960317611694336,0.8891112804412842
YML130C,YGL026C,0,-1.5254555,0.10152694582939148,0.9960317611694336,0.8892113566398621
YCR075C,YBL075C,0,-1.525953,0.10151668637990952,0.9960317611694336,0.8893114328384399
YMR305C,YDR517W,0,-1.526597,0.10150641947984695,0.9960317611694336,0.8894115090370178
YMR258C,YFL060C,0,-1.5268866,0.10149616003036499,0.9960317611694336,0.8895115852355957
YGL156W,YDR079W,0,-1.5283523,0.10148590058088303,0.9960317611694336,0.8896116614341736
YKL193C,YBR104W,0,-1.5285304,0.10147564113140106,0.9960317611694336,0.8897117972373962
YLR206W,YGR240C,0,-1.5296079,0.1014653891324997,0.9960317611694336,0.8898118734359741
YBR074W,YOL098C,0,-1.5309899,0.10145512968301773,0.9960317611694336,0.889911949634552
YHL035C,YHR198C,0,-1.5311627,0.10144488513469696,0.9960317611694336,0.8900120258331299
YGL140C,YPL120W,0,-1.5328546,0.1014346331357956,0.9960317611694336,0.8901121020317078
YJL026W,YAL021C,1,-1.5344262,0.10152540355920792,0.9970238208770752,0.8901121020317078
YKL027W,YBR002C,0,-1.5346335,0.10151515156030655,0.9970238208770752,0.8902121782302856
YLR355C,YPL133C,0,-1.5357096,0.10150489956140518,0.9970238208770752,0.8903122544288635
YOR096W,YJL198W,0,-1.5365646,0.10149464756250381,0.9970238208770752,0.8904123306274414
YLR081W,YDR313C,0,-1.5374118,0.10148439556360245,0.9970238208770752,0.8905124068260193
YGL056C,YDR123C,0,-1.5380903,0.10147415101528168,0.9970238208770752,0.8906124830245972
YGL185C,YGL002W,0,-1.53884,0.10146390646696091,0.9970238208770752,0.890712559223175
YLR426W,YER052C,0,-1.5395036,0.10145366191864014,0.9970238208770752,0.8908126354217529
YML063W,YOR327C,0,-1.540292,0.10144342482089996,0.9970238208770752,0.8909127116203308
YDL072C,YPR086W,0,-1.5405507,0.10143318772315979,0.9970238208770752,0.8910127878189087
YAR071W,YLR459W,0,-1.5405521,0.10142295062541962,0.9970238208770752,0.8911128640174866
YKR062W,YKL151C,0,-1.5410157,0.10141271352767944,0.9970238208770752,0.8912129998207092
YFL016C,YOR145C,0,-1.5415808,0.10140248388051987,0.9970238208770752,0.8913130760192871
YML124C,YOL030W,0,-1.543375,0.10139225423336029,0.9970238208770752,0.891413152217865
YOR391C,YNL146W,0,-1.5439628,0.10138202458620071,0.9970238208770752,0.8915132284164429
YFL060C,YNR076W,0,-1.5443242,0.10137179493904114,0.9970238208770752,0.8916133046150208
YKL126W,YLL055W,0,-1.5446976,0.10136157274246216,0.9970238208770752,0.8917133808135986
YGR289C,YDR399W,0,-1.5451186,0.10135135054588318,0.9970238208770752,0.8918134570121765
YHR192W,YDL142C,0,-1.5465927,0.1013411283493042,0.9970238208770752,0.8919135332107544
YLR246W,YPR112C,0,-1.5471315,0.10133091360330582,0.9970238208770752,0.8920136094093323
YMR056C,YGL236C,0,-1.5475734,0.10132069885730743,0.9970238208770752,0.8921136856079102
YFL053W,YGR094W,0,-1.5476015,0.10131048411130905,0.9970238208770752,0.892213761806488
YOL122C,YOR229W,0,-1.5486691,0.10130026936531067,0.9970238208770752,0.8923138380050659
YBR281C,YNL283C,0,-1.548831,0.10129006206989288,0.9970238208770752,0.8924139142036438
YPR023C,YNR030W,0,-1.5498133,0.1012798547744751,0.9970238208770752,0.8925139904022217
YAL005C,YLR270W,0,-1.5498254,0.10126964747905731,0.9970238208770752,0.8926140666007996
YDL223C,YPL173W,0,-1.5503789,0.10125944763422012,0.9970238208770752,0.8927141427993774
YKL174C,YLR104W,0,-1.5505052,0.10124924778938293,0.9970238208770752,0.8928142786026001
YOR341W,YKR066C,0,-1.550844,0.10123904794454575,0.9970238208770752,0.892914354801178
YGR281W,YBL093C,0,-1.5519338,0.10122884809970856,0.9970238208770752,0.8930144309997559
YGR256W,YKL218C,0,-1.5519781,0.10121865570545197,0.9970238208770752,0.8931145071983337
YLR020C,YER049W,0,-1.5524342,0.10120845586061478,0.9970238208770752,0.8932145833969116
YDL049C,YDR001C,0,-1.5524738,0.10119827091693878,0.9970238208770752,0.8933146595954895
YKL188C,YLR344W,0,-1.5527384,0.10118807852268219,0.9970238208770752,0.8934147357940674
YOL002C,YHR103W,0,-1.5531409,0.1011778935790062,0.9970238208770752,0.8935148119926453
YOR270C,YPR004C,0,-1.5533111,0.1011677086353302,0.9970238208770752,0.8936148881912231
YMR088C,YMR300C,0,-1.5547074,0.1011575236916542,0.9970238208770752,0.893714964389801
YKL126W,YAR028W,0,-1.5548215,0.10114734619855881,0.9970238208770752,0.8938150405883789
YGL169W,YDL130W,0,-1.5549679,0.10113716125488281,0.9970238208770752,0.8939151167869568
YEL031W,YPL262W,0,-1.5549793,0.10112698376178741,0.9970238208770752,0.8940151929855347
YJR058C,YDR101C,0,-1.5552344,0.10111681371927261,0.9970238208770752,0.8941152691841125
YDL137W,YDR074W,0,-1.5554066,0.10110663622617722,0.9970238208770752,0.8942153453826904
YGL012W,YMR300C,0,-1.5558598,0.10109646618366241,0.9970238208770752,0.8943154811859131
YCR016W,YDR337W,0,-1.5559907,0.10108630359172821,0.9970238208770752,0.894415557384491
YDR072C,YOL151W,0,-1.5566077,0.10107613354921341,0.9970238208770752,0.8945156335830688
YNL129W,YCR028C,0,-1.5590053,0.1010659709572792,0.9970238208770752,0.8946157097816467
YBR280C,YOR224C,0,-1.5594462,0.101055808365345,0.9970238208770752,0.8947157859802246
YOR382W,YIL113W,0,-1.5595986,0.1010456457734108,0.9970238208770752,0.8948158621788025
YMR131C,YMR102C,0,-1.5596495,0.10103549063205719,0.9970238208770752,0.8949159383773804
YCR076C,YGL056C,0,-1.5600889,0.10102532804012299,0.9970238208770752,0.8950160145759583
YLR070C,YER039C,0,-1.5608368,0.10101518034934998,0.9970238208770752,0.8951160907745361
YLR070C,YJL107C,0,-1.5617495,0.10100502520799637,0.9970238208770752,0.895216166973114
YDL212W,YOR243C,0,-1.562022,0.10099487751722336,0.9970238208770752,0.8953162431716919
YKL080W,YGR101W,0,-1.5624795,0.10098472982645035,0.9970238208770752,0.8954163193702698
YOR381W,YDR059C,0,-1.5625236,0.10097458213567734,0.9970238208770752,0.8955163955688477
YDL136W,YHR063C,0,-1.562667,0.10096443444490433,0.9970238208770752,0.8956164717674255
YLR342W,YNL223W,0,-1.5632379,0.10095429420471191,0.9970238208770752,0.8957165479660034
YKL192C,YGL002W,0,-1.5647006,0.1009441539645195,0.9970238208770752,0.8958166241645813
YBR220C,YER050C,0,-1.5650544,0.10093401372432709,0.9970238208770752,0.895916759967804
YDR224C,YDR487C,0,-1.5653324,0.10092388093471527,0.9970238208770752,0.8960168361663818
YPR052C,YNL234W,0,-1.5657729,0.10091374814510345,0.9970238208770752,0.8961169123649597
YIL069C,YFL029C,0,-1.5663093,0.10090361535549164,0.9970238208770752,0.8962169885635376
YOR347C,YOL062C,0,-1.5663223,0.10089348256587982,0.9970238208770752,0.8963170647621155
YJL122W,YLL023C,0,-1.566649,0.1008833572268486,0.9970238208770752,0.8964171409606934
YMR303C,YEL058W,0,-1.5668082,0.10087323188781738,0.9970238208770752,0.8965172171592712
YDR380W,YBR114W,0,-1.5668747,0.10086310654878616,0.9970238208770752,0.8966172933578491
YBR212W,YBR240C,0,-1.5677694,0.10085298866033554,0.9970238208770752,0.896717369556427
YMR003W,YPR020W,0,-1.5677726,0.10084286332130432,0.9970238208770752,0.8968174457550049
YER091C,YIL146C,0,-1.5680712,0.1008327454328537,0.9970238208770752,0.8969175219535828
YKL053C-A,YGR034W,0,-1.5686555,0.10082263499498367,0.9970238208770752,0.8970175981521606
YKL035W,YGR292W,0,-1.5702187,0.10081251710653305,0.9970238208770752,0.8971176743507385
YDR129C,YHR193C,0,-1.5702894,0.10080240666866302,0.9970238208770752,0.8972177505493164
YDR020C,YOL005C,0,-1.5715152,0.100792296230793,0.9970238208770752,0.8973178267478943
YLR262C-A,YDR345C,0,-1.5730405,0.10078219324350357,0.9970238208770752,0.8974179625511169
YKR043C,YLR051C,0,-1.5736041,0.10077208280563354,0.9970238208770752,0.8975180387496948
YOR304C-A,YOR101W,0,-1.5759358,0.10076197981834412,0.9970238208770752,0.8976181149482727
YHR016C,YMR262W,0,-1.5766611,0.10075187683105469,0.9970238208770752,0.8977181911468506
YHR124W,YKL061W,0,-1.5769044,0.10074178129434586,0.9970238208770752,0.8978182673454285
YNR024W,YFL017W-A,0,-1.5772848,0.10073168575763702,0.9970238208770752,0.8979183435440063
YOR382W,YMR316W,0,-1.5785807,0.10072159022092819,0.9970238208770752,0.8980184197425842
YBL101C,YLR388W,0,-1.5795344,0.10071149468421936,0.9970238208770752,0.8981184959411621
YMR079W,YJL042W,0,-1.5799673,0.10070139914751053,0.9970238208770752,0.89821857213974
YBR050C,YOL047C,0,-1.5799717,0.1006913110613823,0.9970238208770752,0.8983186483383179
YGR244C,YDL171C,0,-1.5802999,0.10068122297525406,0.9970238208770752,0.8984187245368958
YNL151C,YFL028C,0,-1.5811859,0.10067114233970642,0.9970238208770752,0.8985188007354736
YPR098C,YKR069W,0,-1.5819304,0.10066105425357819,0.9970238208770752,0.8986188769340515
YJL065C,YLL055W,0,-1.5825763,0.10065097361803055,0.9970238208770752,0.8987189531326294
YDR125C,YLR367W,0,-1.5833634,0.10064090043306351,0.9970238208770752,0.8988190293312073
YBL033C,YJL097W,0,-1.5835643,0.10063081979751587,0.9970238208770752,0.8989191055297852
YBR266C,YCR047C,0,-1.584609,0.10062074661254883,0.9970238208770752,0.8990192413330078
YJL103C,YKR049C,0,-1.5864513,0.10061067342758179,0.9970238208770752,0.8991193175315857
YDR077W,YFL051C,0,-1.5866263,0.10060060024261475,0.9970238208770752,0.8992193937301636
YMR056C,YHR004C,0,-1.587883,0.1005905345082283,0.9970238208770752,0.8993194699287415
YKL024C,YJL116C,0,-1.589278,0.10058046132326126,0.9970238208770752,0.8994195461273193
YNL173C,YJR121W,0,-1.5911673,0.10057039558887482,0.9970238208770752,0.8995196223258972
YDR382W,YDR144C,0,-1.5954947,0.10056033730506897,0.9970238208770752,0.8996196985244751
YIR041W,YAL059W,0,-1.5997157,0.10055027157068253,0.9970238208770752,0.899719774723053
YNL160W,YGR038W,0,-1.6007326,0.10054021328687668,0.9970238208770752,0.8998198509216309
YHL015W,YER095W,0,-1.6010838,0.10053016245365143,0.9970238208770752,0.8999199271202087
YGL140C,YDL133W,0,-1.602189,0.10052010416984558,0.9970238208770752,0.9000200033187866
YLL028W,YKR010C,0,-1.602202,0.10051005333662033,0.9970238208770752,0.9001200795173645
YKL127W,YOL152W,0,-1.6041467,0.10050000250339508,0.9970238208770752,0.9002201557159424
YMR161W,YKL193C,0,-1.6050401,0.10048995167016983,0.9970238208770752,0.9003202319145203
YHR204W,YGL039W,0,-1.6051478,0.10047990083694458,0.9970238208770752,0.9004203081130981
YKL023W,YPR127W,0,-1.6053188,0.10046985745429993,0.9970238208770752,0.9005204439163208
YKL094W,YDR025W,0,-1.6056967,0.10045981407165527,0.9970238208770752,0.9006205201148987
YJR160C,YGL198W,0,-1.607097,0.10044977813959122,0.9970238208770752,0.9007205963134766
YOR383C,YPL180W,0,-1.6075547,0.10043973475694656,0.9970238208770752,0.9008206725120544
YHL004W,YDR447C,0,-1.6079649,0.10042969882488251,0.9970238208770752,0.9009207487106323
YLR229C,YLR270W,0,-1.6090173,0.10041966289281845,0.9970238208770752,0.9010208249092102
YPR156C,YOR290C,0,-1.6100582,0.10040963441133499,0.9970238208770752,0.9011209011077881
YNL038W,YLR167W,0,-1.6102791,0.10039959847927094,0.9970238208770752,0.901220977306366
YHR026W,YER078C,0,-1.6121633,0.10038956999778748,0.9970238208770752,0.9013210535049438
YHR151C,YKR046C,0,-1.6123856,0.10037954151630402,0.9970238208770752,0.9014211297035217
YIL078W,YGR118W,0,-1.6140151,0.10036952048540115,0.9970238208770752,0.9015212059020996
YGL156W,YLR295C,0,-1.6144797,0.10035949945449829,0.9970238208770752,0.9016212821006775
YPR054W,YKR091W,0,-1.6148572,0.10034947842359543,0.9970238208770752,0.9017213582992554
YOR120W,YBR120C,0,-1.6148944,0.10033945739269257,0.9970238208770752,0.9018214344978333
YOL063C,YMR205C,0,-1.615989,0.1003294363617897,0.9970238208770752,0.9019215106964111
YGL222C,YGR030C,0,-1.6162701,0.10031942278146744,0.9970238208770752,0.9020216464996338
YKL224C,YOR155C,0,-1.6165466,0.10030940920114517,0.9970238208770752,0.9021217226982117
YDL139C,YDL241W,0,-1.6172943,0.1002994030714035,0.9970238208770752,0.9022217988967896
YBL024W,YER049W,0,-1.6173341,0.10028938949108124,0.9970238208770752,0.9023218750953674
YML075C,YNL311C,0,-1.6174841,0.10027938336133957,0.9970238208770752,0.9024219512939453
YGR216C,YNL320W,0,-1.6190662,0.1002693772315979,0.9970238208770752,0.9025220274925232
YBR141C,YDR062W,0,-1.6192248,0.10025937855243683,0.9970238208770752,0.9026221036911011
YLR192C,YGL039W,0,-1.6192693,0.10024937987327576,0.9970238208770752,0.902722179889679
YML129C,YMR315W,0,-1.6193348,0.10023938119411469,0.9970238208770752,0.9028222560882568
YCR039C,YMR039C,0,-1.6204572,0.10022938251495361,0.9970238208770752,0.9029223322868347
YPL058C,YLR116W,0,-1.6213915,0.10021938383579254,0.9970238208770752,0.9030224084854126
YNL044W,YIL109C,0,-1.6214681,0.10020939260721207,0.9970238208770752,0.9031224846839905
YLR369W,YIR039C,0,-1.6232158,0.10019940137863159,0.9970238208770752,0.9032225608825684
YDR099W,YGR121C,0,-1.6238725,0.10018941015005112,0.9970238208770752,0.9033226370811462
YHL001W,YJL020C,0,-1.6243248,0.10017942637205124,0.9970238208770752,0.9034227132797241
YER156C,YPL206C,0,-1.62482,0.10016944259405136,0.9970238208770752,0.903522789478302
YLR441C,YOR079C,0,-1.6254582,0.10015945881605148,0.9970238208770752,0.9036229252815247
YHR108W,YGL231C,0,-1.6261588,0.1001494750380516,0.9970238208770752,0.9037230014801025
YBR192W,YFR053C,0,-1.6262897,0.10013949871063232,0.9970238208770752,0.9038230776786804
YGR289C,YDR496C,0,-1.6266114,0.10012952238321304,0.9970238208770752,0.9039231538772583
YMR325W,YGR009C,0,-1.6273558,0.10011954605579376,0.9970238208770752,0.9040232300758362
YHR199C,YDR075W,0,-1.6290959,0.10010956972837448,0.9970238208770752,0.9041233062744141
YMR195W,YER148W,0,-1.6296002,0.1000996008515358,0.9970238208770752,0.9042233824729919
YLR053C,YMR052W,0,-1.6303707,0.10008963197469711,0.9970238208770752,0.9043234586715698
YIL142W,YCR072C,0,-1.6304743,0.10007966309785843,0.9970238208770752,0.9044235348701477
YOR152C,YKL002W,0,-1.6318868,0.10006970167160034,0.9970238208770752,0.9045236110687256
YCR034W,YGR125W,0,-1.632437,0.10005974024534225,0.9970238208770752,0.9046236872673035
YGR149W,YJL214W,0,-1.6329924,0.10004977881908417,0.9970238208770752,0.9047237634658813
YLR291C,YDR101C,0,-1.6329975,0.10003981739282608,0.9970238208770752,0.9048238396644592
YDR410C,YDL051W,0,-1.6332655,0.100029855966568,0.9970238208770752,0.9049239158630371
YCL038C,YIL067C,0,-1.6338184,0.1000199019908905,0.9970238208770752,0.905023992061615
YGR062C,YPR102C,0,-1.6338553,0.10000994801521301,0.9970238208770752,0.9051241278648376
YPR052C,YOR130C,0,-1.6350203,0.10000000149011612,0.9970238208770752,0.9052242040634155
YLR155C,YJL108C,0,-1.6357355,0.09999004751443863,0.9970238208770752,0.9053242802619934
YNL134C,YBR234C,0,-1.6357455,0.09998010098934174,0.9970238208770752,0.9054243564605713
YDR077W,YDR430C,0,-1.6370686,0.09997015446424484,0.9970238208770752,0.9055244326591492
YGR289C,YMR309C,0,-1.6380131,0.09996021538972855,0.9970238208770752,0.905624508857727
YDR101C,YDR071C,0,-1.6392056,0.09995027631521225,0.9970238208770752,0.9057245850563049
YML123C,YEL001C,0,-1.6395144,0.09994033724069595,0.9970238208770752,0.9058246612548828
YDR051C,YDR370C,0,-1.6418643,0.09993039816617966,0.9970238208770752,0.9059247374534607
YLR345W,YGR282C,0,-1.6423953,0.09992045909166336,0.9970238208770752,0.9060248136520386
YLR070C,YJL106W,0,-1.6424088,0.09991052746772766,0.9970238208770752,0.9061248898506165
YKL053C-A,YOR115C,0,-1.643413,0.09990059584379196,0.9970238208770752,0.9062249660491943
YMR221C,YHR027C,0,-1.6435059,0.09989066421985626,0.9970238208770752,0.9063250422477722
YBL095W,YOR273C,0,-1.6444621,0.09988074004650116,0.9970238208770752,0.9064251184463501
YFL029C,YPR013C,0,-1.6459641,0.09987081587314606,0.9970238208770752,0.906525194644928
YHR154W,YLR287C,0,-1.6474667,0.09986089169979095,0.9970238208770752,0.9066252708435059
YKR081C,YDL231C,0,-1.6479452,0.09985096752643585,0.9970238208770752,0.9067254066467285
YHR140W,YOR125C,0,-1.6481566,0.09984105080366135,0.9970238208770752,0.9068254828453064
YOR007C,YOR004W,0,-1.6494281,0.09983113408088684,0.9970238208770752,0.9069255590438843
YHR181W,YJL186W,0,-1.6516162,0.09982121735811234,0.9970238208770752,0.9070256352424622
YDR536W,YMR238W,0,-1.6536348,0.09981130063533783,0.9970238208770752,0.90712571144104
YGL099W,YLR259C,0,-1.6542308,0.09980139136314392,0.9970238208770752,0.9072257876396179
YBL005W,YIL069C,0,-1.6551191,0.09979148209095001,0.9970238208770752,0.9073258638381958
YGL087C,YLR173W,0,-1.6571817,0.0997815728187561,0.9970238208770752,0.9074259400367737
YPR115W,YPL186C,0,-1.6572249,0.0997716635465622,0.9970238208770752,0.9075260162353516
YLL054C,YML016C,0,-1.6576965,0.09976176172494888,0.9970238208770752,0.9076260924339294
YKR053C,YIL089W,0,-1.6580063,0.09975185990333557,0.9970238208770752,0.9077261686325073
YLR002C,YNL252C,0,-1.6584733,0.09974195808172226,0.9970238208770752,0.9078262448310852
YML073C,YDR434W,0,-1.6591861,0.09973206371068954,0.9970238208770752,0.9079263210296631
YDR411C,YGL180W,0,-1.6599554,0.09972216933965683,0.9970238208770752,0.908026397228241
YMR297W,YHR009C,0,-1.6600015,0.09971227496862411,0.9970238208770752,0.9081264734268188
YGL008C,YDR268W,0,-1.6600535,0.0997023805975914,0.9970238208770752,0.9082266092300415
YGR253C,YMR146C,0,-1.6605289,0.09969249367713928,0.9970238208770752,0.9083266854286194
YHR181W,YKR065C,0,-1.6605945,0.09968259930610657,0.9970238208770752,0.9084267616271973
YGR250C,YER039C,0,-1.6611686,0.09967271983623505,0.9970238208770752,0.9085268378257751
YNL123W,YOR009W,0,-1.6613331,0.09966283291578293,0.9970238208770752,0.908626914024353
YIL082W-A,YNL122C,0,-1.6628354,0.09965295344591141,0.9970238208770752,0.9087269902229309
YIL125W,YGL038C,0,-1.663045,0.09964306652545929,0.9970238208770752,0.9088270664215088
YBR253W,YMR011W,0,-1.6632414,0.09963319450616837,0.9970238208770752,0.9089271426200867
YDR142C,YOL061W,0,-1.6648724,0.09962331503629684,0.9970238208770752,0.9090272188186646
YDR384C,YER092W,0,-1.666478,0.09961344301700592,0.9970238208770752,0.9091272950172424
YMR012W,YCR067C,0,-1.667786,0.099603570997715,0.9970238208770752,0.9092273712158203
YJL093C,YLR104W,0,-1.6683602,0.09959369897842407,0.9970238208770752,0.9093274474143982
YPL215W,YGR127W,0,-1.6692147,0.09958382695913315,0.9970238208770752,0.9094275236129761
YLL023C,YGR192C,0,-1.6702056,0.09957396239042282,0.9970238208770752,0.909527599811554
YLR300W,YLR191W,0,-1.6716368,0.0995640978217125,0.9970238208770752,0.9096276760101318
YPR026W,YKL189W,0,-1.6717618,0.09955423325300217,0.9970238208770752,0.9097278118133545
YIL097W,YDR338C,0,-1.6719713,0.09954437613487244,0.9970238208770752,0.9098278880119324
YDL012C,YDR174W,0,-1.6720284,0.09953451156616211,0.9970238208770752,0.9099279642105103
YKL024C,YDL121C,0,-1.6727824,0.09952466189861298,0.9970238208770752,0.9100280404090881
YLL013C,YDR055W,0,-1.6729814,0.09951480478048325,0.9970238208770752,0.910128116607666
YMR131C,YJR063W,0,-1.6759481,0.09950494766235352,0.9970238208770752,0.9102281928062439
YKL171W,YKR042W,0,-1.675961,0.09949509799480438,0.9970238208770752,0.9103282690048218
YDR414C,YJL177W,0,-1.6766934,0.09948524832725525,0.9970238208770752,0.9104283452033997
YKR058W,YER096W,0,-1.6768047,0.09947540611028671,0.9970238208770752,0.9105284214019775
YGR052W,YOR306C,0,-1.6772727,0.09946555644273758,0.9970238208770752,0.9106284976005554
YOR377W,YPR160W,0,-1.6772928,0.09945571422576904,0.9970238208770752,0.9107285737991333
YKL094W,YKR059W,0,-1.6788361,0.0994458720088005,0.9970238208770752,0.9108286499977112
YDL208W,YNR047W,0,-1.67889,0.09943603724241257,0.9970238208770752,0.9109287261962891
YNL274C,YJL117W,0,-1.6789726,0.09942619502544403,0.9970238208770752,0.9110288023948669
YMR079W,YKL181W,0,-1.6810229,0.09941636025905609,0.9970238208770752,0.9111288785934448
YGR054W,YDR034C,0,-1.6812623,0.09940652549266815,0.9970238208770752,0.9112289547920227
YHR136C,YPR191W,0,-1.6839962,0.09939669817686081,0.9970238208770752,0.9113290905952454
YKL148C,YLR081W,0,-1.684505,0.09938686341047287,0.9970238208770752,0.9114291667938232
YER099C,YLR426W,0,-1.6855683,0.09937703609466553,0.9970238208770752,0.9115292429924011
YER098W,YGR122W,0,-1.6873949,0.09936721622943878,0.9970238208770752,0.911629319190979
YDL223C,YLR395C,0,-1.6888988,0.09935738891363144,0.9970238208770752,0.9117293953895569
YMR205C,YLR370C,0,-1.6892319,0.0993475690484047,0.9970238208770752,0.9118294715881348
YER169W,YPL159C,0,-1.6895313,0.09933774918317795,0.9970238208770752,0.9119295477867126
YBR026C,YCL052C,0,-1.6917216,0.0993279293179512,0.9970238208770752,0.9120296239852905
YKL117W,YKL216W,0,-1.6927304,0.09931811690330505,0.9970238208770752,0.9121297001838684
YOR155C,YLR449W,0,-1.692745,0.09930829703807831,0.9970238208770752,0.9122297763824463
YJL103C,YPR109W,0,-1.6948661,0.09929848462343216,0.9970238208770752,0.9123298525810242
YJR013W,YGR149W,0,-1.6953087,0.09928867965936661,0.9970238208770752,0.912429928779602
YFL021W,YDR055W,0,-1.6953572,0.09927886724472046,0.9970238208770752,0.9125300049781799
YLL001W,YGR211W,0,-1.6955671,0.09926906228065491,0.9970238208770752,0.9126300811767578
YKR060W,YOL064C,0,-1.6976237,0.09925925731658936,0.9970238208770752,0.9127301573753357
YOR182C,YHR127W,0,-1.6985927,0.0992494598031044,0.9970238208770752,0.9128302931785583
YDL084W,YLR040C,0,-1.6998214,0.09923965483903885,0.9970238208770752,0.9129303693771362
YER116C,YOL161C,0,-1.700797,0.0992298573255539,0.9970238208770752,0.9130304455757141
YAR071W,YHR097C,0,-1.701726,0.09922005981206894,0.9970238208770752,0.913130521774292
YER035W,YCR021C,0,-1.7024696,0.09921026974916458,0.9970238208770752,0.9132305979728699
YNR004W,YOR335C,0,-1.7043625,0.09920047223567963,0.9970238208770752,0.9133306741714478
YNL335W,YCR059C,0,-1.7047186,0.09919068217277527,0.9970238208770752,0.9134307503700256
YER067W,YGL198W,0,-1.7052999,0.09918089210987091,0.9970238208770752,0.9135308265686035
YKL051W,YGR192C,0,-1.7067101,0.09917110949754715,0.9970238208770752,0.9136309027671814
YDR255C,YGL147C,0,-1.7074857,0.09916131943464279,0.9970238208770752,0.9137309789657593
YGR250C,YGL181W,0,-1.7081087,0.09915153682231903,0.9970238208770752,0.9138310551643372
YNR004W,YML131W,0,-1.7083735,0.09914175420999527,0.9970238208770752,0.913931131362915
YPL211W,YJL177W,0,-1.7090485,0.0991319790482521,0.9970238208770752,0.9140312075614929
YER125W,YLR017W,0,-1.7095044,0.09912220388650894,0.9970238208770752,0.9141312837600708
YDL248W,YOR150W,0,-1.7107556,0.09911242872476578,0.9970238208770752,0.9142313599586487
YLR015W,YOR348C,0,-1.7120326,0.09910265356302261,0.9970238208770752,0.9143314361572266
YLR081W,YOR078W,0,-1.7126068,0.09909287840127945,0.9970238208770752,0.9144315719604492
YER071C,YBR169C,0,-1.7131469,0.09908311069011688,0.9970238208770752,0.9145316481590271
YKL096W-A,YHR074W,0,-1.713716,0.09907334297895432,0.9970238208770752,0.914631724357605
YMR290C,YDR027C,0,-1.7140279,0.09906357526779175,0.9970238208770752,0.9147318005561829
YPR184W,YGR067C,0,-1.7148902,0.09905381500720978,0.9970238208770752,0.9148318767547607
YER029C,YMR307W,0,-1.7151513,0.09904405474662781,0.9970238208770752,0.9149319529533386
YDR456W,YLR377C,0,-1.7157162,0.09903429448604584,0.9970238208770752,0.9150320291519165
YDL223C,YGR287C,0,-1.7158489,0.09902453422546387,0.9970238208770752,0.9151321053504944
YBR146W,YHR190W,0,-1.7172486,0.0990147814154625,0.9970238208770752,0.9152321815490723
YMR188C,YGL084C,0,-1.7199452,0.09900502115488052,0.9970238208770752,0.9153322577476501
YER036C,YLR289W,0,-1.722456,0.09899526834487915,0.9970238208770752,0.915432333946228
YIL142W,YCL045C,0,-1.7226014,0.09898552298545837,0.9970238208770752,0.9155324101448059
YIL108W,YDR481C,0,-1.7226506,0.098975770175457,0.9970238208770752,0.9156324863433838
YNL306W,YDR007W,0,-1.7229962,0.09896602481603622,0.9970238208770752,0.9157325625419617
YGR081C,YMR266W,0,-1.7244372,0.09895627945661545,0.9970238208770752,0.9158326387405396
YPL093W,YMR216C,0,-1.725347,0.09894654154777527,0.9970238208770752,0.9159327745437622
YML026C,YMR284W,0,-1.7258486,0.09893679618835449,0.9970238208770752,0.9160328507423401
YML106W,YDR273W,0,-1.7266135,0.09892705827951431,0.9970238208770752,0.916132926940918
YLR303W,YMR011W,0,-1.7269211,0.09891732037067413,0.9970238208770752,0.9162330031394958
YPL066W,YLR363C,0,-1.727112,0.09890758991241455,0.9970238208770752,0.9163330793380737
YEL054C,YAL038W,0,-1.7277992,0.09889785200357437,0.9970238208770752,0.9164331555366516
YOR283W,YHR127W,0,-1.7284961,0.09888812154531479,0.9970238208770752,0.9165332317352295
YAL020C,YGL012W,0,-1.7296426,0.0988783910870552,0.9970238208770752,0.9166333079338074
YOR383C,YLR356W,0,-1.7298747,0.09886866807937622,0.9970238208770752,0.9167333841323853
YDL020C,YLR276C,0,-1.7317394,0.09885894507169724,0.9970238208770752,0.9168334603309631
YKL152C,YPL106C,0,-1.7317874,0.09884921461343765,0.9970238208770752,0.916933536529541
YEL039C,YKL189W,0,-1.732096,0.09883949905633926,0.9970238208770752,0.9170336127281189
YMR104C,YOR057W,0,-1.7345912,0.09882977604866028,0.9970238208770752,0.9171336889266968
YGR283C,YGR027C,0,-1.7348598,0.09882006049156189,0.9970238208770752,0.9172337651252747
YNR055C,YDL212W,0,-1.7353815,0.0988103449344635,0.9970238208770752,0.9173338413238525
YGR097W,YLR229C,0,-1.7365434,0.09880062937736511,0.9970238208770752,0.9174339175224304
YPR200C,YML078W,0,-1.7378918,0.09879091382026672,0.9970238208770752,0.9175340533256531
YOR019W,YMR159C,0,-1.7382855,0.09878120571374893,0.9970238208770752,0.917634129524231
YPR198W,YBR006W,0,-1.7384397,0.09877149760723114,0.9970238208770752,0.9177342057228088
YAR027W,YOR243C,0,-1.7397344,0.09876178950071335,0.9970238208770752,0.9178342819213867
YCL020W,YKR003W,0,-1.7406857,0.09875208884477615,0.9970238208770752,0.9179343581199646
YDR233C,YKL157W,0,-1.741153,0.09874238818883896,0.9970238208770752,0.9180344343185425
YDR077W,YHR033W,0,-1.741668,0.09873268753290176,0.9970238208770752,0.9181345105171204
YKR014C,YCR053W,0,-1.7421658,0.09872298687696457,0.9970238208770752,0.9182345867156982
YLR333C,YIL162W,0,-1.7428472,0.09871328622102737,0.9970238208770752,0.9183346629142761
YLL052C,YKR081C,0,-1.743185,0.09870359301567078,0.9970238208770752,0.918434739112854
YLR164W,YHR198C,0,-1.7441165,0.09869389981031418,0.9970238208770752,0.9185348153114319
YJR061W,YPL133C,0,-1.7452292,0.09868421405553818,0.9970238208770752,0.9186348915100098
YIL120W,YOR062C,0,-1.7465281,0.09867452085018158,0.9970238208770752,0.9187349677085876
YDR051C,YPR016C,0,-1.7478205,0.09866483509540558,0.9970238208770752,0.9188350439071655
YKR046C,YDL247W,0,-1.7511203,0.09865514934062958,0.9970238208770752,0.9189351201057434
YOR226C,YNL306W,0,-1.7530036,0.09864546358585358,0.9970238208770752,0.9190352559089661
YKR059W,YPR041W,0,-1.753034,0.09863578528165817,0.9970238208770752,0.919135332107544
YLR065C,YER023W,0,-1.7533882,0.09862610697746277,0.9970238208770752,0.9192354083061218
YNL302C,YNL137C,0,-1.7540691,0.09861642867326736,0.9970238208770752,0.9193354845046997
YBR025C,YGR197C,0,-1.7543828,0.09860675036907196,0.9970238208770752,0.9194355607032776
YJL053W,YML082W,0,-1.7558181,0.09859707951545715,0.9970238208770752,0.9195356369018555
YNL232W,YHR045W,0,-1.7561429,0.09858740121126175,0.9970238208770752,0.9196357131004333
YLR361C,YIR039C,0,-1.7568808,0.09857773780822754,0.9970238208770752,0.9197357892990112
YLR008C,YOR361C,0,-1.7579539,0.09856806695461273,0.9970238208770752,0.9198358654975891
YDR158W,YPR005C,0,-1.7583699,0.09855839610099792,0.9970238208770752,0.919935941696167
YLL014W,YBR205W,0,-1.7587448,0.09854873269796371,0.9970238208770752,0.9200360178947449
YNL257C,YOL154W,0,-1.759407,0.0985390692949295,0.9970238208770752,0.9201360940933228
YBL091C,YJR116W,0,-1.7609842,0.09852941334247589,0.9970238208770752,0.9202361702919006
YGL234W,YIL127C,0,-1.7612345,0.09851974993944168,0.9970238208770752,0.9203362464904785
YKL087C,YPR140W,0,-1.7631795,0.09851009398698807,0.9970238208770752,0.9204363226890564
YAR071W,YBR044C,0,-1.7642045,0.09850043803453445,0.9970238208770752,0.920536458492279
YKL144C,YDR037W,0,-1.7648282,0.09849078953266144,0.9970238208770752,0.9206365346908569
YLL045C,YHR123W,0,-1.76752,0.09848113358020782,0.9970238208770752,0.9207366108894348
YKL026C,YGL057C,0,-1.7678874,0.09847148507833481,0.9970238208770752,0.9208366870880127
YGR101W,YKL170W,0,-1.7707056,0.09846183657646179,0.9970238208770752,0.9209367632865906
YDR503C,YGL261C,0,-1.7745519,0.09845219552516937,0.9970238208770752,0.9210368394851685
YDR044W,YAR002C-A,0,-1.7750564,0.09844254702329636,0.9970238208770752,0.9211369156837463
YMR230W,YOL098C,0,-1.7765794,0.09843290597200394,0.9970238208770752,0.9212369918823242
YJR161C,YLR389C,0,-1.7766762,0.09842327237129211,0.9970238208770752,0.9213370680809021
YPL066W,YNL005C,0,-1.7766831,0.0984136313199997,0.9970238208770752,0.92143714427948
YDR517W,YJL107C,0,-1.7785819,0.09840399771928787,0.9970238208770752,0.9215372204780579
YOR185C,YNL306W,0,-1.7790635,0.09839436411857605,0.9970238208770752,0.9216372966766357
YJL003W,YML054C,0,-1.781387,0.09838473051786423,0.9970238208770752,0.9217373728752136
YML101C,YIL067C,0,-1.7816765,0.0983750969171524,0.9970238208770752,0.9218374490737915
YJR070C,YHR181W,0,-1.7817004,0.09836547076702118,0.9970238208770752,0.9219375252723694
YIL036W,YDR273W,0,-1.7817369,0.09835584461688995,0.9970238208770752,0.9220376014709473
YNL182C,YLR197W,0,-1.7832847,0.09834621846675873,0.9970238208770752,0.9221377372741699
YDR019C,YLR151C,0,-1.7833934,0.0983365923166275,0.9970238208770752,0.9222378134727478
YLR229C,YDR265W,0,-1.7851915,0.09832697361707687,0.9970238208770752,0.9223378896713257
YML106W,YDR398W,0,-1.7853446,0.09831735491752625,0.9970238208770752,0.9224379658699036
YOR232W,YPR167C,0,-1.7854304,0.09830773621797562,0.9970238208770752,0.9225380420684814
YMR235C,YML082W,0,-1.7885966,0.09829812496900558,0.9970238208770752,0.9226381182670593
YHL031C,YMR205C,0,-1.7893841,0.09828850626945496,0.9970238208770752,0.9227381944656372
YJL157C,YBR268W,0,-1.7903146,0.09827889502048492,0.9970238208770752,0.9228382706642151
YDL089W,YLR297W,0,-1.7908053,0.09826928377151489,0.9970238208770752,0.922938346862793
YOR044W,YAR028W,0,-1.7913128,0.09825967997312546,0.9970238208770752,0.9230384230613708
YLR372W,YJL042W,0,-1.7931385,0.09825007617473602,0.9970238208770752,0.9231384992599487
YNR018W,YOR262W,0,-1.7937751,0.09824047237634659,0.9970238208770752,0.9232385754585266
YHR059W,YHR052W,0,-1.7945032,0.09823086857795715,0.9970238208770752,0.9233386516571045
YGL135W,YPL139C,0,-1.7974283,0.09822126477956772,0.9970238208770752,0.9234387278556824
YNL132W,YOR020C,0,-1.7976682,0.09821166843175888,0.9970238208770752,0.9235388040542603
YCR105W,YKL174C,0,-1.7980239,0.09820207208395004,0.9970238208770752,0.9236389398574829
YPR178W,YPR109W,0,-1.7992476,0.0981924757361412,0.9970238208770752,0.9237390160560608
YKL157W,YAR027W,0,-1.8009362,0.09818288683891296,0.9970238208770752,0.9238390922546387
YER073W,YKL181W,0,-1.801423,0.09817329049110413,0.9970238208770752,0.9239391684532166
YBR093C,YDR531W,0,-1.8024373,0.09816370159387589,0.9970238208770752,0.9240392446517944
YML081C-A,YER087C-B,0,-1.8033165,0.09815412014722824,0.9970238208770752,0.9241393208503723
YKL164C,YPR112C,0,-1.8041661,0.09814453125,0.9970238208770752,0.9242393970489502
YKL053C-A,YMR266W,0,-1.8041785,0.09813494980335236,0.9970238208770752,0.9243394732475281
YOL027C,YLR303W,0,-1.8043286,0.09812536835670471,0.9970238208770752,0.924439549446106
YNL065W,YMR238W,0,-1.804544,0.09811578691005707,0.9970238208770752,0.9245396256446838
YLR336C,YGR211W,0,-1.8049767,0.09810620546340942,0.9970238208770752,0.9246397018432617
YMR174C,YCR104W,0,-1.8062238,0.09809663146734238,0.9970238208770752,0.9247397780418396
YMR259C,YDR370C,0,-1.8071953,0.09808705747127533,0.9970238208770752,0.9248398542404175
YMR272C,YGR136W,0,-1.8075078,0.09807748347520828,0.9970238208770752,0.9249399304389954
YCL033C,YBR187W,0,-1.8116221,0.09806791692972183,0.9970238208770752,0.9250400066375732
YML029W,YCR100C,0,-1.8119147,0.09805835038423538,0.9970238208770752,0.9251400828361511
YBR271W,YOR078W,0,-1.8119702,0.09804878383874893,0.9970238208770752,0.9252402186393738
YGL200C,YEL012W,0,-1.813298,0.09803921729326248,0.9970238208770752,0.9253402948379517
YLR179C,YPL143W,0,-1.8134687,0.09802965074777603,0.9970238208770752,0.9254403710365295
YDL083C,YCR031C,0,-1.8135498,0.09802009165287018,0.9970238208770752,0.9255404472351074
YBR043C,YGL037C,0,-1.8147912,0.09801053255796432,0.9970238208770752,0.9256405234336853
YBR161W,YDR324C,0,-1.8151581,0.09800097346305847,0.9970238208770752,0.9257405996322632
YAR002C-A,YDR174W,0,-1.8159279,0.09799142181873322,0.9970238208770752,0.9258406758308411
YNR040W,YDL246C,0,-1.8168964,0.09798186272382736,0.9970238208770752,0.925940752029419
YLR009W,YLR205C,0,-1.8172151,0.0979723110795021,0.9970238208770752,0.9260408282279968
YLL028W,YGL008C,0,-1.8185831,0.09796276688575745,0.9970238208770752,0.9261409044265747
YLR247C,YML054C,0,-1.8193042,0.09795321524143219,0.9970238208770752,0.9262409806251526
YBR145W,YMR271C,0,-1.8205152,0.09794367104768753,0.9970238208770752,0.9263410568237305
YOR085W,YOL013C,0,-1.8211987,0.09793412685394287,0.9970238208770752,0.9264411330223083
YPL092W,YOL109W,0,-1.8216348,0.09792458266019821,0.9970238208770752,0.9265412092208862
YGR173W,YPR028W,0,-1.8216923,0.09791504591703415,0.9970238208770752,0.9266412854194641
YGR244C,YEL039C,0,-1.8233182,0.09790550172328949,0.9970238208770752,0.9267414212226868
YMR160W,YJL198W,0,-1.824003,0.09789596498012543,0.9970238208770752,0.9268414974212646
YPL129W,YKL120W,0,-1.8242884,0.09788643568754196,0.9970238208770752,0.9269415736198425
YLR377C,YKL016C,0,-1.826214,0.0978768989443779,0.9970238208770752,0.9270416498184204
YPR043W,YDR007W,0,-1.826391,0.09786736965179443,0.9970238208770752,0.9271417260169983
YKL174C,YKR066C,0,-1.8269016,0.09785784035921097,0.9970238208770752,0.9272418022155762
YKR067W,YLR377C,0,-1.8269769,0.0978483110666275,0.9970238208770752,0.927341878414154
YOL147C,YJR143C,0,-1.8277023,0.09783878177404404,0.9970238208770752,0.9274419546127319
YDL083C,YDR226W,0,-1.8284793,0.09782925993204117,0.9970238208770752,0.9275420308113098
YCL045C,YHR204W,0,-1.8305607,0.0978197380900383,0.9970238208770752,0.9276421070098877
YDL083C,YKR091W,0,-1.8307621,0.09781021624803543,0.9970238208770752,0.9277421832084656
YMR119W,YPR183W,0,-1.8316879,0.09780070185661316,0.9970238208770752,0.9278422594070435
YHR197W,YLR347C,0,-1.8327603,0.09779118746519089,0.9970238208770752,0.9279423356056213
YFL004W,YJL116C,0,-1.8335875,0.09778167307376862,0.9970238208770752,0.9280424118041992
YBR182C,YOL083W,0,-1.8340466,0.09777215868234634,0.9970238208770752,0.9281424880027771
YHR056C,YGR191W,0,-1.8341922,0.09776264429092407,0.9970238208770752,0.9282426238059998
YHR048W,YOR217W,0,-1.8347564,0.0977531373500824,0.9970238208770752,0.9283427000045776
YML065W,YDL121C,0,-1.835149,0.09774363040924072,0.9970238208770752,0.9284427762031555
YPL129W,YBR246W,0,-1.8357136,0.09773412346839905,0.9970238208770752,0.9285428524017334
YDR382W,YOR016C,0,-1.8363993,0.09772462397813797,0.9970238208770752,0.9286429286003113
YMR319C,YBL079W,0,-1.8372198,0.0977151170372963,0.9970238208770752,0.9287430047988892
YKL072W,YNL065W,0,-1.838162,0.09770561754703522,0.9970238208770752,0.928843080997467
YNR030W,YGL257C,0,-1.8413601,0.09769611805677414,0.9970238208770752,0.9289431571960449
YDR338C,YFR045W,0,-1.8431292,0.09768662601709366,0.9970238208770752,0.9290432333946228
YLR333C,YGR096W,0,-1.843711,0.09767713397741318,0.9970238208770752,0.9291433095932007
YIL013C,YIR041W,0,-1.8441445,0.0976676419377327,0.9970238208770752,0.9292433857917786
YLL057C,YDR342C,0,-1.8442605,0.09765814989805222,0.9970238208770752,0.9293434619903564
YLR246W,YIL172C,0,-1.8443859,0.09764865785837173,0.9970238208770752,0.9294435381889343
YJL048C,YJL132W,0,-1.8448869,0.09763917326927185,0.9970238208770752,0.9295436143875122
YMR040W,YKL093W,0,-1.8454612,0.09762968868017197,0.9970238208770752,0.9296436905860901
YOL077C,YDR432W,0,-1.8459568,0.09762020409107208,0.9970238208770752,0.929743766784668
YMR250W,YIR018W,0,-1.8462023,0.0976107195019722,0.9970238208770752,0.9298439025878906
YNL181W,YFL028C,0,-1.8464642,0.09760124236345291,0.9970238208770752,0.9299439787864685
YNL009W,YKL162C,0,-1.8467938,0.09759176522493362,0.9970238208770752,0.9300440549850464
YLR390W,YJL164C,0,-1.8494979,0.09758228808641434,0.9970238208770752,0.9301441311836243
YLR104W,YOR256C,0,-1.8504221,0.09757281839847565,0.9970238208770752,0.9302442073822021
YOL016C,YLR229C,0,-1.850483,0.09756334125995636,0.9970238208770752,0.93034428358078
YHR096C,YDR397C,0,-1.8517555,0.09755387157201767,0.9970238208770752,0.9304443597793579
YKR092C,YKL069W,0,-1.8521566,0.09754440188407898,0.9970238208770752,0.9305444359779358
YLR185W,YMR100W,0,-1.8523128,0.09753493964672089,0.9970238208770752,0.9306445121765137
YGL009C,YER096W,0,-1.8524017,0.0975254699587822,0.9970238208770752,0.9307445883750916
YPL084W,YNL320W,0,-1.8553479,0.0975160077214241,0.9970238208770752,0.9308446645736694
YNL132W,YDR444W,0,-1.8557909,0.09750654548406601,0.9970238208770752,0.9309447407722473
YOR155C,YCL040W,0,-1.8566542,0.09749709069728851,0.9970238208770752,0.9310448169708252
YDR511W,YJR135W-A,0,-1.8586121,0.09748762845993042,0.9970238208770752,0.9311448931694031
YDR403W,YDR350C,0,-1.8619773,0.09747817367315292,0.9970238208770752,0.931244969367981
YBR062C,YMR174C,0,-1.8636167,0.09746872633695602,0.9970238208770752,0.9313451051712036
YLR065C,YGR128C,0,-1.8651853,0.09745927155017853,0.9970238208770752,0.9314451813697815
YGR043C,YGL010W,0,-1.8669785,0.09744982421398163,0.9970238208770752,0.9315452575683594
YDL198C,YLR285W,0,-1.8677673,0.09744036942720413,0.9970238208770752,0.9316453337669373
YMR283C,YMR312W,0,-1.8680907,0.09743092954158783,0.9970238208770752,0.9317454099655151
YAL044C,YNL159C,0,-1.8696524,0.09742148220539093,0.9970238208770752,0.931845486164093
YML100W,YFL060C,0,-1.872508,0.09741203486919403,0.9970238208770752,0.9319455623626709
YJR160C,YJR139C,0,-1.872584,0.09740259498357773,0.9970238208770752,0.9320456385612488
YDL174C,YBR181C,0,-1.8729659,0.09739315509796143,0.9970238208770752,0.9321457147598267
YLR179C,YJL164C,0,-1.8730197,0.09738372266292572,0.9970238208770752,0.9322457909584045
YKL060C,YDL087C,0,-1.8736839,0.09737428277730942,0.9970238208770752,0.9323458671569824
YJL200C,YOR020C,0,-1.8739187,0.09736485034227371,0.9970238208770752,0.9324459433555603
YGL006W,YPL276W,0,-1.8742492,0.097355417907238,0.9970238208770752,0.9325460195541382
YPR160W,YFR021W,0,-1.8744226,0.0973459929227829,0.9970238208770752,0.9326460957527161
YJR106W,YPL274W,0,-1.8754556,0.09733656048774719,0.9970238208770752,0.932746171951294
YGL085W,YNR061C,0,-1.8759925,0.09732713550329208,0.9970238208770752,0.9328462481498718
YKL081W,YIL091C,0,-1.8765442,0.09731771051883698,0.9970238208770752,0.9329463839530945
YHR002W,YER078C,0,-1.8775334,0.09730828553438187,0.9970238208770752,0.9330464601516724
YHR147C,YPL135W,0,-1.8786733,0.09729886800050735,0.9970238208770752,0.9331465363502502
YDR117C,YBR093C,0,-1.8795216,0.09728945046663284,0.9970238208770752,0.9332466125488281
YHR009C,YDR472W,0,-1.8814063,0.09728003293275833,0.9970238208770752,0.933346688747406
YDR315C,YHR128W,0,-1.8821993,0.09727061539888382,0.9970238208770752,0.9334467649459839
YGR032W,YOR125C,0,-1.8828161,0.0972612053155899,0.9970238208770752,0.9335468411445618
YMR303C,YHR161C,0,-1.8831311,0.0972517877817154,0.9970238208770752,0.9336469173431396
YFR044C,YBR006W,0,-1.8837545,0.09724237769842148,0.9970238208770752,0.9337469935417175
YOR383C,YPL093W,0,-1.8839715,0.09723297506570816,0.9970238208770752,0.9338470697402954
YDR144C,YGR236C,0,-1.8839722,0.09722356498241425,0.9970238208770752,0.9339471459388733
YOL033W,YPR147C,0,-1.8861681,0.09721416234970093,0.9970238208770752,0.9340472221374512
YGR180C,YAL021C,1,-1.8881148,0.09730148315429688,0.9980158805847168,0.9340472221374512
YJR034W,YML120C,0,-1.8884444,0.09729207307100296,0.9980158805847168,0.934147298336029
YHL008C,YEL049W,0,-1.8930048,0.09728266298770905,0.9980158805847168,0.9342473745346069
YJL048C,YDR296W,0,-1.8930897,0.09727325290441513,0.9980158805847168,0.9343474507331848
YOL009C,YKR057W,0,-1.8941338,0.09726385027170181,0.9980158805847168,0.9344475865364075
YER184C,YMR197C,0,-1.8948376,0.0972544476389885,0.9980158805847168,0.9345476627349854
YGL125W,YKR056W,0,-1.8960711,0.09724504500627518,0.9980158805847168,0.9346477389335632
YGR244C,YGR254W,0,-1.8971524,0.09723564982414246,0.9980158805847168,0.9347478151321411
YKL035W,YML092C,0,-1.8974183,0.09722624719142914,0.9980158805847168,0.934847891330719
YHL048W,YJR123W,0,-1.8977089,0.09721685200929642,0.9980158805847168,0.9349479675292969
YBR210W,YLR435W,0,-1.8984088,0.0972074568271637,0.9980158805847168,0.9350480437278748
YBR024W,YGR204W,0,-1.9000828,0.09719806909561157,0.9980158805847168,0.9351481199264526
YOL158C,YPR163C,0,-1.9040766,0.09718867391347885,0.9980158805847168,0.9352481961250305
YJR103W,YBR154C,0,-1.9042375,0.09717928618192673,0.9980158805847168,0.9353482723236084
YJL141C,YHR033W,0,-1.9067037,0.0971699059009552,0.9980158805847168,0.9354483485221863
YJR135W-A,YIL145C,0,-1.9076464,0.09716051816940308,0.9980158805847168,0.9355484247207642
YDL139C,YER011W,0,-1.9076483,0.09715113788843155,0.9980158805847168,0.935648500919342
YIL096C,YJR145C,0,-1.9077146,0.09714175015687943,0.9980158805847168,0.9357485771179199
YJR096W,YER058W,0,-1.9118607,0.0971323773264885,0.9980158805847168,0.9358486533164978
YEL063C,YPR127W,0,-1.9121895,0.09712299704551697,0.9980158805847168,0.9359487295150757
YOL139C,YMR096W,0,-1.9125962,0.09711362421512604,0.9980158805847168,0.9360488653182983
YFR044C,YNL058C,0,-1.9128065,0.09710424393415451,0.9980158805847168,0.9361489415168762
YLR350W,YGL261C,0,-1.9139819,0.09709487855434418,0.9980158805847168,0.9362490177154541
YGR256W,YDR277C,0,-1.9157151,0.09708550572395325,0.9980158805847168,0.936349093914032
YBR266C,YPL076W,0,-1.9173728,0.09707613289356232,0.9980158805847168,0.9364491701126099
YDR324C,YNL022C,0,-1.9197624,0.09706676751375198,0.9980158805847168,0.9365492463111877
YAL028W,YLR220W,0,-1.9199691,0.09705740213394165,0.9980158805847168,0.9366493225097656
YCR016W,YLR388W,0,-1.9235529,0.09704804420471191,0.9980158805847168,0.9367493987083435
YFL026W,YKR077W,0,-1.9243782,0.09703867882490158,0.9980158805847168,0.9368494749069214
YBR031W,YKL043W,0,-1.9252026,0.09702932089567184,0.9980158805847168,0.9369495511054993
YOL059W,YLR141W,0,-1.9253846,0.09701996296644211,0.9980158805847168,0.9370496273040771
YLL018C,YMR146C,0,-1.9258046,0.09701060503721237,0.9980158805847168,0.937149703502655
YNR055C,YGL257C,0,-1.9267629,0.09700125455856323,0.9980158805847168,0.9372497797012329
YOR134W,YIL170W,0,-1.9269047,0.09699190407991409,0.9980158805847168,0.9373498558998108
YOR153W,YIR031C,0,-1.9271697,0.09698255360126495,0.9980158805847168,0.9374499320983887
YOR311C,YKR013W,0,-1.9271805,0.09697320312261581,0.9980158805847168,0.9375500679016113
YBR145W,YLL056C,0,-1.9289677,0.09696385264396667,0.9980158805847168,0.9376501441001892
YLL014W,YHR193C,0,-1.9306197,0.09695450961589813,0.9980158805847168,0.9377502202987671
YBR168W,YGL135W,0,-1.9321525,0.09694516658782959,0.9980158805847168,0.937850296497345
YBR093C,YJL093C,0,-1.9327704,0.09693582355976105,0.9980158805847168,0.9379503726959229
YCL058C,YCL047C,0,-1.9328797,0.0969264879822731,0.9980158805847168,0.9380504488945007
YCL043C,YFL039C,0,-1.9359012,0.09691714495420456,0.9980158805847168,0.9381505250930786
YDR517W,YHL001W,0,-1.9361198,0.09690780937671661,0.9980158805847168,0.9382506012916565
YNL096C,YBR143C,0,-1.9372402,0.09689848124980927,0.9980158805847168,0.9383506774902344
YAR002C-A,YBL045C,0,-1.9378221,0.09688914567232132,0.9980158805847168,0.9384507536888123
YGR245C,YKL146W,0,-1.9394166,0.09687981754541397,0.9980158805847168,0.9385508298873901
YFL044C,YLR237W,0,-1.9405562,0.09687048941850662,0.9980158805847168,0.938650906085968
YNL315C,YDR245W,0,-1.940628,0.09686116129159927,0.9980158805847168,0.9387509822845459
YPL271W,YER158C,0,-1.9444218,0.09685183316469193,0.9980158805847168,0.9388510584831238
YMR250W,YGL249W,0,-1.9448912,0.09684251248836517,0.9980158805847168,0.9389511346817017
YPL101W,YAL054C,0,-1.9449155,0.09683319181203842,0.9980158805847168,0.9390512704849243
YPL145C,YGR054W,0,-1.948087,0.09682387113571167,0.9980158805847168,0.9391513466835022
YMR221C,YMR276W,0,-1.9481514,0.09681455045938492,0.9980158805847168,0.9392514228820801
YDR054C,YEL017C-A,0,-1.9488326,0.09680523723363876,0.9980158805847168,0.939351499080658
YML073C,YGR061C,0,-1.9500457,0.09679592400789261,0.9980158805847168,0.9394515752792358
YEL060C,YGR082W,0,-1.9509838,0.09678661078214645,0.9980158805847168,0.9395516514778137
YPL009C,YPL094C,0,-1.9516573,0.0967772975564003,0.9980158805847168,0.9396517276763916
YGL033W,YJR009C,0,-1.953199,0.09676798433065414,0.9980158805847168,0.9397518038749695
YNL320W,YGR037C,0,-1.9555975,0.09675867855548859,0.9980158805847168,0.9398518800735474
YNL274C,YNL137C,0,-1.956696,0.09674937278032303,0.9980158805847168,0.9399519562721252
YDR373W,YDL075W,0,-1.9585376,0.09674007445573807,0.9980158805847168,0.9400520324707031
YGL009C,YNL020C,0,-1.95941,0.09673076868057251,0.9980158805847168,0.940152108669281
YDL215C,YBR121C,0,-1.9603205,0.09672147035598755,0.9980158805847168,0.9402521848678589
YPL002C,YER011W,0,-1.9619597,0.09671217203140259,0.9980158805847168,0.9403522610664368
YML072C,YLR367W,0,-1.962342,0.09670287370681763,0.9980158805847168,0.9404523372650146
YML031W,YOR374W,0,-1.9637567,0.09669358283281326,0.9980158805847168,0.9405524134635925
YBL076C,YDR296W,0,-1.9640424,0.0966842845082283,0.9980158805847168,0.9406525492668152
YLR260W,YDR007W,0,-1.9677273,0.09667499363422394,0.9980158805847168,0.9407526254653931
YKL192C,YOR273C,0,-1.9677396,0.09666570276021957,0.9980158805847168,0.940852701663971
YML081W,YNL318C,0,-1.9689854,0.0966564193367958,0.9980158805847168,0.9409527778625488
YGL156W,YHR147C,0,-1.9693073,0.09664713591337204,0.9980158805847168,0.9410528540611267
YDR054C,YOR004W,0,-1.9693272,0.09663784503936768,0.9980158805847168,0.9411529302597046
YER155C,YNL065W,0,-1.971261,0.0966285690665245,0.9980158805847168,0.9412530064582825
YNL095C,YGL009C,0,-1.9737045,0.09661928564310074,0.9980158805847168,0.9413530826568604
YGR194C,YOR134W,0,-1.9739926,0.09661000967025757,0.9980158805847168,0.9414531588554382
YKR066C,YOR134W,0,-1.9753921,0.0966007262468338,0.9980158805847168,0.9415532350540161
YLR390W,YKR006C,0,-1.9759616,0.09659145772457123,0.9980158805847168,0.941653311252594
YDR382W,YGR061C,0,-1.977152,0.09658218175172806,0.9980158805847168,0.9417533874511719
YER190W,YOR062C,0,-1.9776739,0.09657291322946548,0.9980158805847168,0.9418534636497498
YHR133C,YDR533C,0,-1.9842143,0.09656363725662231,0.9980158805847168,0.9419535398483276
YPR187W,YPL154C,0,-1.9857324,0.09655436873435974,0.9980158805847168,0.9420536160469055
YGR097W,YFL020C,0,-1.9867842,0.09654510766267776,0.9980158805847168,0.9421537518501282
YML056C,YOR232W,0,-1.9875693,0.09653583914041519,0.9980158805847168,0.942253828048706
YLR432W,YHL020C,0,-1.9888022,0.09652657806873322,0.9980158805847168,0.9423539042472839
YOL002C,YKL183W,0,-1.9890127,0.09651731699705124,0.9980158805847168,0.9424539804458618
YNR054C,YBR246W,0,-1.9897178,0.09650805592536926,0.9980158805847168,0.9425540566444397
YPR100W,YPR191W,0,-1.9903843,0.09649880230426788,0.9980158805847168,0.9426541328430176
YMR145C,YKL209C,0,-1.9917343,0.0964895486831665,0.9980158805847168,0.9427542090415955
YDL223C,YOL075C,0,-1.9920545,0.09648029506206512,0.9980158805847168,0.9428542852401733
YHR053C,YGL002W,0,-1.9922057,0.09647104144096375,0.9980158805847168,0.9429543614387512
YGL011C,YGL031C,0,-1.9923588,0.09646178781986237,0.9980158805847168,0.9430544376373291
YGL224C,YLR301W,0,-1.9928739,0.09645254164934158,0.9980158805847168,0.943154513835907
YKR056W,YOR271C,0,-1.9946036,0.0964432954788208,0.9980158805847168,0.9432545900344849
YJL196C,YJL096W,0,-1.9962344,0.09643404930830002,0.9980158805847168,0.9433546662330627
YDR148C,YLL061W,0,-1.9979522,0.09642480313777924,0.9980158805847168,0.9434547424316406
YKL217W,YEL063C,0,-1.9981121,0.09641556441783905,0.9980158805847168,0.9435548186302185
YMR189W,YPL015C,0,-1.9990816,0.09640632569789886,0.9980158805847168,0.9436548948287964
YMR119W,YJR077C,0,-2.0004554,0.09639708697795868,0.9980158805847168,0.943755030632019
YMR242C,YDR479C,0,-2.001853,0.0963878482580185,0.9980158805847168,0.9438551068305969
YBR179C,YCR021C,0,-2.003948,0.0963786169886589,0.9980158805847168,0.9439551830291748
YER076C,YPR109W,0,-2.004026,0.09636938571929932,0.9980158805847168,0.9440552592277527
YMR297W,YNL320W,0,-2.0070357,0.09636015444993973,0.9980158805847168,0.9441553354263306
YER165W,YGR283C,0,-2.0081837,0.09635092318058014,0.9980158805847168,0.9442554116249084
YBL039C,YDR259C,0,-2.00858,0.09634169936180115,0.9980158805847168,0.9443554878234863
YPL172C,YKL100C,0,-2.0117,0.09633246809244156,0.9980158805847168,0.9444555640220642
YBL102W,YER073W,0,-2.0123067,0.09632324427366257,0.9980158805847168,0.9445556402206421
YLR120C,YMR226C,0,-2.012388,0.09631402790546417,0.9980158805847168,0.94465571641922
YOL120C,YBR006W,0,-2.012463,0.09630480408668518,0.9980158805847168,0.9447557926177979
YBR056W,YDR039C,0,-2.012739,0.09629558771848679,0.9980158805847168,0.9448558688163757
YBR272C,YDR025W,0,-2.0144403,0.09628637135028839,0.9980158805847168,0.9449559450149536
YLR382C,YBR241C,0,-2.0150285,0.09627715498209,0.9980158805847168,0.9450560212135315
YLR096W,YLL061W,0,-2.0151403,0.0962679460644722,0.9980158805847168,0.9451560974121094
YGR110W,YOR028C,0,-2.015242,0.0962587296962738,0.9980158805847168,0.945256233215332
YLR276C,YML048W,0,-2.0162976,0.096249520778656,0.9980158805847168,0.9453563094139099
YLR172C,YBR121C,0,-2.0168035,0.09624031186103821,0.9980158805847168,0.9454563856124878
YLR015W,YCR048W,0,-2.0187378,0.09623111039400101,0.9980158805847168,0.9455564618110657
YOL159C,YOL055C,0,-2.0187933,0.09622190147638321,0.9980158805847168,0.9456565380096436
YHR199C,YCR084C,0,-2.019766,0.09621270000934601,0.9980158805847168,0.9457566142082214
YIL052C,YGR240C,0,-2.019904,0.09620349854230881,0.9980158805847168,0.9458566904067993
YJR096W,YKR052C,0,-2.0204868,0.0961943045258522,0.9980158805847168,0.9459567666053772
YIL043C,YDR172W,0,-2.0216177,0.096185103058815,0.9980158805847168,0.9460568428039551
YER004W,YMR217W,0,-2.0222814,0.0961759090423584,0.9980158805847168,0.946156919002533
YBL050W,YNL064C,0,-2.0227063,0.0961667150259018,0.9980158805847168,0.9462569952011108
YJL223C,YBR204C,0,-2.0228202,0.09615752100944519,0.9980158805847168,0.9463570713996887
YHR186C,YPL058C,0,-2.0256774,0.09614833444356918,0.9980158805847168,0.9464571475982666
YIL043C,YDR267C,0,-2.0260918,0.09613914042711258,0.9980158805847168,0.9465572237968445
YKR042W,YJR016C,0,-2.0267837,0.09612995386123657,0.9980158805847168,0.9466572999954224
YNL176C,YLR355C,0,-2.0270538,0.09612077474594116,0.9980158805847168,0.9467573761940002
YJL052W,YOR178C,0,-2.0303717,0.09611158818006516,0.9980158805847168,0.9468575119972229
YBR295W,YPL089C,0,-2.0337076,0.09610240906476974,0.9980158805847168,0.9469575881958008
YLR345W,YJL180C,0,-2.0345545,0.09609322994947433,0.9980158805847168,0.9470576643943787
YPL058C,YGR037C,0,-2.0353978,0.09608405083417892,0.9980158805847168,0.9471577405929565
YJL046W,YOR175C,0,-2.0398202,0.09607487171888351,0.9980158805847168,0.9472578167915344
YAL056W,YLR432W,0,-2.0414634,0.0960657000541687,0.9980158805847168,0.9473578929901123
YLR074C,YDR174W,0,-2.0436711,0.09605652838945389,0.9980158805847168,0.9474579691886902
YKR092C,YFL062W,0,-2.043786,0.09604735672473907,0.9980158805847168,0.9475580453872681
YMR281W,YMR226C,0,-2.0447788,0.09603818506002426,0.9980158805847168,0.947658121585846
YBR261C,YGR155W,0,-2.0456636,0.09602902084589005,0.9980158805847168,0.9477581977844238
YER020W,YHR097C,0,-2.0460353,0.09601985663175583,0.9980158805847168,0.9478582739830017
YLR295C,YJL010C,0,-2.0469208,0.09601069241762161,0.9980158805847168,0.9479583501815796
YLL012W,YHR053C,0,-2.047862,0.0960015282034874,0.9980158805847168,0.9480584263801575
YAL059W,YBR096W,0,-2.0487337,0.09599236398935318,0.9980158805847168,0.9481585025787354
YLR372W,YIR024C,0,-2.0490575,0.09598320722579956,0.9980158805847168,0.9482585787773132
YMR267W,YHR196W,0,-2.0507205,0.09597405046224594,0.9980158805847168,0.9483587145805359
YPR026W,YHR141C,0,-2.0509799,0.09596489369869232,0.9980158805847168,0.9484587907791138
YLR213C,YMR011W,0,-2.0513005,0.0959557443857193,0.9980158805847168,0.9485588669776917
YPR043W,YHR132C,0,-2.0515516,0.09594658762216568,0.9980158805847168,0.9486589431762695
YDR099W,YMR157C,0,-2.0516949,0.09593743830919266,0.9980158805847168,0.9487590193748474
YNL217W,YKL172W,0,-2.0528162,0.09592828899621964,0.9980158805847168,0.9488590955734253
YGR087C,YLR174W,0,-2.0530498,0.09591914713382721,0.9980158805847168,0.9489591717720032
YNL248C,YHR174W,0,-2.0543613,0.09590999782085419,0.9980158805847168,0.949059247970581
YDL111C,YOL002C,0,-2.0575817,0.09590085595846176,0.9980158805847168,0.9491593241691589
YJR155W,YCR007C,0,-2.0584166,0.09589171409606934,0.9980158805847168,0.9492594003677368
YPR004C,YDR033W,0,-2.0588899,0.09588257968425751,0.9980158805847168,0.9493594765663147
YER073W,YCR084C,0,-2.058921,0.09587343782186508,0.9980158805847168,0.9494595527648926
YPR035W,YJR060W,0,-2.060496,0.09586430341005325,0.9980158805847168,0.9495596289634705
YFR022W,YDR517W,0,-2.063071,0.09585516899824142,0.9980158805847168,0.9496597051620483
YJR048W,YGR135W,0,-2.0645554,0.0958460345864296,0.9980158805847168,0.9497597813606262
YPL003W,YOR167C,0,-2.067474,0.09583690762519836,0.9980158805847168,0.9498599171638489
YFL056C,YNL115C,0,-2.0675986,0.09582777321338654,0.9980158805847168,0.9499599933624268
YDR036C,YGR162W,0,-2.067694,0.0958186462521553,0.9980158805847168,0.9500600695610046
YDR530C,YOR004W,0,-2.0683792,0.09580952674150467,0.9980158805847168,0.9501601457595825
YAR002C-A,YOR336W,0,-2.068556,0.09580039978027344,0.9980158805847168,0.9502602219581604
YGL185C,YGR125W,0,-2.0690682,0.0957912802696228,0.9980158805847168,0.9503602981567383
YEL002C,YDL078C,0,-2.069946,0.09578216075897217,0.9980158805847168,0.9504603743553162
YLR441C,YJR108W,0,-2.0703065,0.09577304124832153,0.9980158805847168,0.950560450553894
YLR029C,YPL133C,0,-2.0704174,0.0957639217376709,0.9980158805847168,0.9506605267524719
YPR187W,YOR347C,0,-2.0719302,0.09575480967760086,0.9980158805847168,0.9507606029510498
YDL114W,YLL023C,0,-2.0726984,0.09574569016695023,0.9980158805847168,0.9508606791496277
YCR069W,YEL049W,0,-2.0735168,0.09573657810688019,0.9980158805847168,0.9509607553482056
YDR342C,YEL001C,0,-2.0739908,0.09572747349739075,0.9980158805847168,0.9510608315467834
YIL096C,YHR196W,0,-2.0755794,0.09571836143732071,0.9980158805847168,0.9511609077453613
YNL122C,YFR042W,0,-2.076285,0.09570925682783127,0.9980158805847168,0.9512609839439392
YHL004W,YDL198C,0,-2.078061,0.09570015221834183,0.9980158805847168,0.9513610601425171
YHL036W,YBR185C,0,-2.0782754,0.09569104760885239,0.9980158805847168,0.9514611959457397
YCR075C,YPL095C,0,-2.0819933,0.09568195044994354,0.9980158805847168,0.9515612721443176
YNL149C,YMR217W,0,-2.084973,0.0956728458404541,0.9980158805847168,0.9516613483428955
YJR065C,YKL060C,0,-2.086664,0.09566374868154526,0.9980158805847168,0.9517614245414734
YBL033C,YDR406W,0,-2.0893228,0.09565465152263641,0.9980158805847168,0.9518615007400513
YDL027C,YPL057C,0,-2.089494,0.09564556181430817,0.9980158805847168,0.9519615769386292
YKL162C,YNL223W,0,-2.0895085,0.09563646465539932,0.9980158805847168,0.952061653137207
YEL048C,YHR070W,0,-2.0929244,0.09562737494707108,0.9980158805847168,0.9521617293357849
YNL252C,YLR185W,0,-2.0941858,0.09561828523874283,0.9980158805847168,0.9522618055343628
YHL036W,YCR020C-A,0,-2.097531,0.09560920298099518,0.9980158805847168,0.9523618817329407
YKL190W,YBR026C,0,-2.0986001,0.09560011327266693,0.9980158805847168,0.9524619579315186
YLR446W,YLR395C,0,-2.1022134,0.09559103101491928,0.9980158805847168,0.9525620341300964
YDR007W,YOL040C,0,-2.1025107,0.09558194875717163,0.9980158805847168,0.9526621103286743
YOL153C,YIL108W,0,-2.1033008,0.09557286649942398,0.9980158805847168,0.9527621865272522
YNL069C,YBR271W,0,-2.103769,0.09556379169225693,0.9980158805847168,0.9528622627258301
YMR250W,YMR316W,0,-2.10382,0.09555470943450928,0.9980158805847168,0.9529623985290527
YIL062C,YGL198W,0,-2.1048973,0.09554563462734222,0.9980158805847168,0.9530624747276306
YGR093W,YDL018C,0,-2.1056411,0.09553655982017517,0.9980158805847168,0.9531625509262085
YPR156C,YBR092C,0,-2.1071873,0.09552749246358871,0.9980158805847168,0.9532626271247864
YKR076W,YLR183C,0,-2.109618,0.09551841765642166,0.9980158805847168,0.9533627033233643
YGR034W,YLL055W,0,-2.1100638,0.0955093502998352,0.9980158805847168,0.9534627795219421
YLR229C,YIL157C,0,-2.1117737,0.09550028294324875,0.9980158805847168,0.95356285572052
YKL039W,YJR143C,0,-2.1120613,0.09549122303724289,0.9980158805847168,0.9536629319190979
YAL062W,YOR137C,0,-2.1145122,0.09548215568065643,0.9980158805847168,0.9537630081176758
YHR026W,YER150W,0,-2.1148112,0.09547309577465057,0.9980158805847168,0.9538630843162537
YBR187W,YDR246W,0,-2.1150823,0.09546403586864471,0.9980158805847168,0.9539631605148315
YHL039W,YER148W,0,-2.1168163,0.09545497596263885,0.9980158805847168,0.9540632367134094
YDR529C,YNL156C,0,-2.1176353,0.09544592350721359,0.9980158805847168,0.9541633129119873
YJL122W,YIL122W,0,-2.1216242,0.09543686360120773,0.9980158805847168,0.9542633891105652
YJR024C,YBR015C,0,-2.1218932,0.09542781114578247,0.9980158805847168,0.9543634653091431
YEL026W,YNL077W,0,-2.124067,0.09541875869035721,0.9980158805847168,0.954463541507721
YPR030W,YGL057C,0,-2.1251266,0.09540971368551254,0.9980158805847168,0.9545636773109436
YCR024C,YCR007C,0,-2.1252,0.09540066123008728,0.9980158805847168,0.9546637535095215
YLR431C,YPR183W,0,-2.1253471,0.09539161622524261,0.9980158805847168,0.9547638297080994
YJR161C,YDL212W,0,-2.125399,0.09538257122039795,0.9980158805847168,0.9548639059066772
YJR048W,YPR028W,0,-2.1265106,0.09537353366613388,0.9980158805847168,0.9549639821052551
YDR399W,YEL041W,0,-2.1298687,0.09536448866128922,0.9980158805847168,0.955064058303833
YLL009C,YLR209C,0,-2.1302223,0.09535545110702515,0.9980158805847168,0.9551641345024109
YDR320C,YLR301W,0,-2.1304252,0.09534641355276108,0.9980158805847168,0.9552642107009888
YDR268W,YOR347C,0,-2.1324432,0.09533737599849701,0.9980158805847168,0.9553642868995667
YBR149W,YOR065W,0,-2.1364787,0.09532834589481354,0.9980158805847168,0.9554643630981445
YPR187W,YNL005C,0,-2.1378777,0.09531930834054947,0.9980158805847168,0.9555644392967224
YLL041C,YDR251W,0,-2.1405096,0.095310278236866,0.9980158805847168,0.9556645154953003
YJL026W,YHR197W,1,-2.1425443,0.09539598226547241,0.9990079402923584,0.9556645154953003
YPL198W,YOR182C,0,-2.1426635,0.09538694471120834,0.9990079402923584,0.9557645916938782
YDR041W,YOR271C,0,-2.1441832,0.09537791460752487,0.9990079402923584,0.955864667892456
YLR395C,YLR303W,0,-2.1447399,0.0953688770532608,0.9990079402923584,0.9559647440910339
YDL146W,YHR087W,0,-2.144962,0.09535984694957733,0.9990079402923584,0.9560648798942566
YMR136W,YPL170W,0,-2.1453598,0.09535081684589386,0.9990079402923584,0.9561649560928345
YIR007W,YOR347C,0,-2.1455932,0.09534179419279099,0.9990079402923584,0.9562650322914124
YKL087C,YOR306C,0,-2.146551,0.09533276408910751,0.9990079402923584,0.9563651084899902
YDR384C,YHR007C,0,-2.1469762,0.09532374143600464,0.9990079402923584,0.9564651846885681
YDR044W,YGL253W,0,-2.1480744,0.09531471878290176,0.9990079402923584,0.956565260887146
YPL206C,YIL170W,0,-2.1495821,0.09530569612979889,0.9990079402923584,0.9566653370857239
YCR053W,YGR038W,0,-2.15086,0.09529668092727661,0.9990079402923584,0.9567654132843018
YOR301W,YLR328W,0,-2.1599333,0.09528765827417374,0.9990079402923584,0.9568654894828796
YBL047C,YOL053W,0,-2.1610713,0.09527864307165146,0.9990079402923584,0.9569655656814575
YBR010W,YIL094C,0,-2.1626065,0.09526962786912918,0.9990079402923584,0.9570656418800354
YOR180C,YLR083C,0,-2.1626577,0.0952606201171875,0.9990079402923584,0.9571657180786133
YOL147C,YOL126C,0,-2.164868,0.09525160491466522,0.9990079402923584,0.9572657942771912
YCR012W,YGR037C,0,-2.1676342,0.09524259716272354,0.9990079402923584,0.957365870475769
YJL080C,YOL039W,0,-2.1680522,0.09523358941078186,0.9990079402923584,0.9574659466743469
YBR118W,YNL335W,0,-2.1730454,0.09522458910942078,0.9990079402923584,0.9575660824775696
YOR267C,YDL160C,0,-2.1754081,0.0952155813574791,0.9990079402923584,0.9576661586761475
YOR382W,YOL055C,0,-2.175927,0.09520658105611801,0.9990079402923584,0.9577662348747253
YBL032W,YMR217W,0,-2.176507,0.09519758075475693,0.9990079402923584,0.9578663110733032
YBR191W,YER052C,0,-2.1782112,0.09518858045339584,0.9990079402923584,0.9579663872718811
YGR277C,YMR184W,0,-2.1801236,0.09517958760261536,0.9990079402923584,0.958066463470459
YGR185C,YFR024C-A,0,-2.1807406,0.09517058730125427,0.9990079402923584,0.9581665396690369
YBR158W,YML091C,0,-2.1813045,0.09516159445047379,0.9990079402923584,0.9582666158676147
YBL047C,YNL160W,0,-2.1839268,0.0951526015996933,0.9990079402923584,0.9583666920661926
YML014W,YLR201C,0,-2.1869426,0.09514361619949341,0.9990079402923584,0.9584667682647705
YIR037W,YGR094W,0,-2.188903,0.09513462334871292,0.9990079402923584,0.9585668444633484
YBR287W,YOR210W,0,-2.1926506,0.09512563794851303,0.9990079402923584,0.9586669206619263
YPR115W,YDR055W,0,-2.194935,0.09511665254831314,0.9990079402923584,0.9587669968605042
YER098W,YMR011W,0,-2.198962,0.09510766714811325,0.9990079402923584,0.958867073059082
YOL154W,YOL041C,0,-2.1999066,0.09509868919849396,0.9990079402923584,0.9589671492576599
YGL032C,YGR236C,0,-2.2027295,0.09508970379829407,0.9990079402923584,0.9590672254562378
YHL036W,YER062C,0,-2.2085602,0.09508072584867477,0.9990079402923584,0.9591673612594604
YMR174C,YER150W,0,-2.211774,0.09507175534963608,0.9990079402923584,0.9592674374580383
YOL032W,YMR246W,0,-2.2140088,0.09506277740001678,0.9990079402923584,0.9593675136566162
YGL186C,YOR375C,0,-2.214041,0.09505380690097809,0.9990079402923584,0.9594675898551941
YEL040W,YOR329C,0,-2.2147171,0.0950448289513588,0.9990079402923584,0.959567666053772
YNL301C,YMR013C,0,-2.21655,0.0950358659029007,0.9990079402923584,0.9596677422523499
YJR139C,YJR054W,0,-2.2189689,0.095026895403862,0.9990079402923584,0.9597678184509277
YIL004C,YOR009W,0,-2.2193508,0.0950179249048233,0.9990079402923584,0.9598678946495056
YNL162W,YBL039C,0,-2.2201865,0.0950089618563652,0.9990079402923584,0.9599679708480835
YIR014W,YHR097C,0,-2.2201884,0.0949999988079071,0.9990079402923584,0.9600680470466614
YHR136C,YHR122W,0,-2.2212436,0.094991035759449,0.9990079402923584,0.9601681232452393
YMR305C,YHR106W,0,-2.221266,0.0949820801615715,0.9990079402923584,0.9602681994438171
YKR042W,YKL137W,0,-2.2217987,0.0949731171131134,0.9990079402923584,0.960368275642395
YCL032W,YGL234W,0,-2.2242246,0.0949641615152359,0.9990079402923584,0.9604683518409729
YLL028W,YHL036W,0,-2.227195,0.094955213367939,0.9990079402923584,0.9605684280395508
YHL046C,YGR223C,0,-2.2284296,0.09494625777006149,0.9990079402923584,0.9606685638427734
YGL191W,YHR007C,0,-2.2294378,0.09493730217218399,0.9990079402923584,0.9607686400413513
YER053C,YOR079C,0,-2.2345998,0.09492835402488708,0.9990079402923584,0.9608687162399292
YGL143C,YML024W,0,-2.2357142,0.09491940587759018,0.9990079402923584,0.9609687924385071
YER052C,YML023C,0,-2.2391796,0.09491046518087387,0.9990079402923584,0.961068868637085
YPL181W,YMR307W,0,-2.2417438,0.09490151703357697,0.9990079402923584,0.9611689448356628
YER004W,YMR105C,0,-2.2419064,0.09489257633686066,0.9990079402923584,0.9612690210342407
YGR234W,YNR065C,0,-2.2441285,0.09488363564014435,0.9990079402923584,0.9613690972328186
YMR242C,YDR498C,0,-2.2451692,0.09487469494342804,0.9990079402923584,0.9614691734313965
YAL062W,YGR197C,0,-2.2460806,0.09486575424671173,0.9990079402923584,0.9615692496299744
YAR015W,YKL091C,0,-2.2536738,0.09485682100057602,0.9990079402923584,0.9616693258285522
YNL119W,YNL096C,0,-2.2541049,0.09484788775444031,0.9990079402923584,0.9617694020271301
YOR382W,YGL098W,0,-2.2552109,0.0948389545083046,0.9990079402923584,0.961869478225708
YBL085W,YER011W,0,-2.256006,0.09483002126216888,0.9990079402923584,0.9619695544242859
YGR256W,YJL196C,0,-2.257702,0.09482109546661377,0.9990079402923584,0.9620696306228638
YNL305C,YNL036W,0,-2.2614977,0.09481216222047806,0.9990079402923584,0.9621697068214417
YOR046C,YNL022C,0,-2.261507,0.09480323642492294,0.9990079402923584,0.9622698426246643
YDL248W,YKL151C,0,-2.262206,0.09479431062936783,0.9990079402923584,0.9623699188232422
YOR215C,YOR003W,0,-2.268736,0.09478539228439331,0.9990079402923584,0.9624699950218201
YJL190C,YKL084W,0,-2.283066,0.09477647393941879,0.9990079402923584,0.962570071220398
YMR056C,YHR138C,0,-2.284375,0.09476754814386368,0.9990079402923584,0.9626701474189758
YCR104W,YOL157C,0,-2.2849398,0.09475863724946976,0.9990079402923584,0.9627702236175537
YGL168W,YHR197W,1,-2.2861774,0.09484381228685379,1.0,0.9627702236175537
YJL223C,YHR174W,0,-2.2875545,0.09483488649129868,1.0,0.9628702998161316
YJR044C,YNL115C,0,-2.2932222,0.09482596069574356,1.0,0.9629703760147095
YFR024C-A,YLR300W,0,-2.2936969,0.09481704235076904,1.0,0.9630704522132874
YPL143W,YBL028C,0,-2.2942228,0.09480812400579453,1.0,0.9631705284118652
YPL249C-A,YOR145C,0,-2.2965448,0.0947992131114006,1.0,0.9632706046104431
YPL196W,YKR026C,0,-2.2996705,0.09479029476642609,1.0,0.963370680809021
YNL181W,YGL076C,0,-2.3009777,0.09478138387203217,1.0,0.9634707570075989
YHR026W,YKR096W,0,-2.3019946,0.09477247297763824,1.0,0.9635708332061768
YIL155C,YDR037W,0,-2.3100717,0.09476356208324432,1.0,0.9636709094047546
YEL026W,YBR043C,0,-2.311463,0.0947546511888504,1.0,0.9637710452079773
YCL037C,YAR031W,0,-2.313821,0.09474574774503708,1.0,0.9638711214065552
YLR056W,YEL038W,0,-2.316976,0.09473684430122375,1.0,0.9639711976051331
YKL077W,YPL178W,0,-2.320932,0.09472794085741043,1.0,0.9640712738037109
YGR136W,YCR089W,0,-2.3231757,0.0947190374135971,1.0,0.9641713500022888
YLR395C,YBR078W,0,-2.3234422,0.09471014142036438,1.0,0.9642714262008667
YLL041C,YMR096W,0,-2.3281298,0.09470123797655106,1.0,0.9643715023994446
YBR301W,YOR383C,0,-2.3301315,0.09469234198331833,1.0,0.9644715785980225
YCL035C,YJR151C,0,-2.3309886,0.0946834459900856,1.0,0.9645716547966003
YNL259C,YFR053C,0,-2.3328125,0.09467455744743347,1.0,0.9646717309951782
YEL054C,YER073W,0,-2.3334084,0.09466566145420074,1.0,0.9647718071937561
YKR042W,YER162C,0,-2.3353896,0.09465677291154861,1.0,0.964871883392334
YOL056W,YIL052C,0,-2.3374193,0.09464788436889648,1.0,0.9649719595909119
YLR324W,YER060W-A,0,-2.3378112,0.09463900327682495,1.0,0.9650720357894897
YBR147W,YMR159C,0,-2.3395379,0.09463011473417282,1.0,0.9651721119880676
YGR185C,YIR039C,0,-2.3405466,0.09462123364210129,1.0,0.9652721881866455
YNL183C,YOR152C,0,-2.3411472,0.09461235255002975,1.0,0.9653723239898682
YGR103W,YBR046C,0,-2.3414373,0.09460347145795822,1.0,0.965472400188446
YJR065C,YBR025C,0,-2.3416233,0.09459459781646729,1.0,0.9655724763870239
YHR096C,YIR007W,0,-2.3425057,0.09458571672439575,1.0,0.9656725525856018
YDR171W,YGR110W,0,-2.3501208,0.09457684308290482,1.0,0.9657726287841797
YNL334C,YGR027C,0,-2.3523052,0.09456796944141388,1.0,0.9658727049827576
YDL035C,YEL054C,0,-2.3561602,0.09455909579992294,1.0,0.9659727811813354
YAR071W,YHR016C,0,-2.3593,0.0945502296090126,1.0,0.9660728573799133
YOL053W,YOR125C,0,-2.3598573,0.09454136341810226,1.0,0.9661729335784912
YKR042W,YFL016C,0,-2.3677099,0.09453249722719193,1.0,0.9662730097770691
YBL038W,YKR081C,0,-2.3683765,0.09452363103628159,1.0,0.966373085975647
YBR185C,YDR479C,0,-2.370371,0.09451476484537125,1.0,0.9664731621742249
YPR083W,YNR050C,0,-2.371432,0.0945059061050415,1.0,0.9665732383728027
YMR123W,YLR264W,0,-2.3721006,0.09449704736471176,1.0,0.9666733145713806
YCL030C,YLR150W,0,-2.3783162,0.09448818862438202,1.0,0.9667733907699585
YEL006W,YLR048W,0,-2.3791788,0.09447932988405228,1.0,0.9668735265731812
YER035W,YIL094C,0,-2.3818977,0.09447047859430313,1.0,0.966973602771759
YJL117W,YIL133C,0,-2.3830764,0.09446162730455399,1.0,0.9670736789703369
YBL015W,YMR086W,0,-2.3835566,0.09445277601480484,1.0,0.9671737551689148
YML094W,YHL015W,0,-2.3849316,0.0944439247250557,1.0,0.9672738313674927
YLR229C,YKL163W,0,-2.387721,0.09443507343530655,1.0,0.9673739075660706
YKL160W,YNL113W,0,-2.3882868,0.094426229596138,1.0,0.9674739837646484
YMR242C,YNR015W,0,-2.3891468,0.09441738575696945,1.0,0.9675740599632263
YFL052W,YMR262W,0,-2.3951652,0.0944085419178009,1.0,0.9676741361618042
YJL183W,YDL051W,0,-2.3954766,0.09439969807863235,1.0,0.9677742123603821
YLR034C,YGR189C,0,-2.397329,0.0943908616900444,1.0,0.96787428855896
YOL039W,YPL089C,0,-2.3993335,0.09438202530145645,1.0,0.9679743647575378
YJR151C,YKR057W,0,-2.400005,0.0943731889128685,1.0,0.9680744409561157
YFL050C,YER110C,0,-2.4002383,0.09436435252428055,1.0,0.9681745171546936
YOL031C,YIL170W,0,-2.4006355,0.0943555161356926,1.0,0.9682745933532715
YGR185C,YOR145C,0,-2.4015167,0.09434668719768524,1.0,0.9683747291564941
YJR065C,YGL082W,0,-2.4064486,0.09433785825967789,1.0,0.968474805355072
YPL093W,YOL030W,0,-2.409219,0.09432902932167053,1.0,0.9685748815536499
YLR020C,YOR246C,0,-2.4104726,0.09432020038366318,1.0,0.9686749577522278
YGR283C,YCR072C,0,-2.4110491,0.09431137889623642,1.0,0.9687750339508057
YNL110C,YNL001W,0,-2.412277,0.09430255740880966,1.0,0.9688751101493835
YNL132W,YLR390W,0,-2.4155357,0.0942937359213829,1.0,0.9689751863479614
YEL054C,YDR486C,0,-2.4173,0.09428491443395615,1.0,0.9690752625465393
YGL163C,YDR044W,0,-2.41806,0.09427609294652939,1.0,0.9691753387451172
YIR028W,YGR128C,0,-2.4201343,0.09426727890968323,1.0,0.9692754149436951
YNL213C,YOR085W,0,-2.4202385,0.09425846487283707,1.0,0.969375491142273
YDR471W,YLR216C,0,-2.4205961,0.0942496508359909,1.0,0.9694755673408508
YAR002C-A,YPR167C,0,-2.4250662,0.09424083679914474,1.0,0.9695756435394287
YMR099C,YOR176W,0,-2.4309137,0.09423203021287918,1.0,0.9696757197380066
YKL039W,YIR039C,0,-2.430969,0.09422321617603302,1.0,0.9697757959365845
YKL007W,YJL048C,0,-2.430988,0.09421440958976746,1.0,0.9698758721351624
YKL148C,YGR183C,0,-2.4344661,0.09420561045408249,1.0,0.969976007938385
YCR031C,YEL054C,0,-2.453488,0.09419680386781693,1.0,0.9700760841369629
YNL055C,YBR061C,0,-2.4537632,0.09418800473213196,1.0,0.9701761603355408
YMR303C,YOR256C,0,-2.4588516,0.09417920559644699,1.0,0.9702762365341187
YKL100C,YIR003W,0,-2.4593775,0.09417040646076202,1.0,0.9703763127326965
YML026C,YEL041W,0,-2.460234,0.09416160732507706,1.0,0.9704763889312744
YAR027W,YNR076W,0,-2.4611773,0.09415280818939209,1.0,0.9705764651298523
YHR138C,YHR176W,0,-2.466273,0.09414401650428772,1.0,0.9706765413284302
YDR317W,YNL015W,0,-2.4673913,0.09413522481918335,1.0,0.9707766175270081
YCR010C,YER049W,0,-2.4687684,0.09412643313407898,1.0,0.9708766937255859
YPL258C,YNL052W,0,-2.4699116,0.0941176488995552,1.0,0.9709767699241638
YIL113W,YFR044C,0,-2.4704926,0.09410885721445084,1.0,0.9710768461227417
YJL223C,YBR267W,0,-2.4720576,0.09410007297992706,1.0,0.9711769223213196
YLR356W,YLR174W,0,-2.4724329,0.09409128874540329,1.0,0.9712769985198975
YOR157C,YHL033C,0,-2.4754207,0.09408251196146011,1.0,0.9713770747184753
YML028W,YGL224C,0,-2.4761808,0.09407372772693634,1.0,0.971477210521698
YOR044W,YDR481C,0,-2.4772265,0.09406495094299316,1.0,0.9715772867202759
YMR120C,YNL093W,0,-2.4787977,0.09405617415904999,1.0,0.9716773629188538
YPR100W,YPL006W,0,-2.4798057,0.09404739737510681,1.0,0.9717774391174316
YGR141W,YOR234C,0,-2.480093,0.09403862059116364,1.0,0.9718775153160095
YER055C,YLR056W,0,-2.481148,0.09402985125780106,1.0,0.9719775915145874
YML054C,YIL145C,0,-2.484431,0.09402108192443848,1.0,0.9720776677131653
YNL065W,YAL038W,0,-2.486393,0.0940123125910759,1.0,0.9721777439117432
YPL143W,YNL231C,0,-2.4905345,0.09400354325771332,1.0,0.972277820110321
YML050W,YLR136C,0,-2.4920375,0.09399478137493134,1.0,0.9723778963088989
YMR243C,YNR055C,0,-2.4958293,0.09398601204156876,1.0,0.9724779725074768
YDL110C,YOR092W,0,-2.497777,0.09397725015878677,1.0,0.9725780487060547
YLR323C,YDR384C,0,-2.4987266,0.09396848827600479,1.0,0.9726781249046326
YER053C,YIL133C,0,-2.5047596,0.0939597338438034,1.0,0.9727782011032104
YKR026C,YIR037W,0,-2.504853,0.09395097196102142,1.0,0.9728782773017883
YJR094W-A,YNL327W,0,-2.5072753,0.09394221752882004,1.0,0.9729783535003662
YDR399W,YDR429C,0,-2.5086856,0.09393346309661865,1.0,0.9730784893035889
YMR261C,YGR256W,0,-2.515018,0.09392470866441727,1.0,0.9731785655021667
YHR193C,YML078W,0,-2.5159929,0.09391596168279648,1.0,0.9732786417007446
YMR189W,YOR136W,0,-2.516021,0.09390720725059509,1.0,0.9733787178993225
YMR152W,YLR029C,0,-2.5160916,0.0938984602689743,1.0,0.9734787940979004
YJL080C,YOR173W,0,-2.5182958,0.09388971328735352,1.0,0.9735788702964783
YLR172C,YJR123W,0,-2.521504,0.09388097375631332,1.0,0.9736789464950562
YOR153W,YNL003C,0,-2.5234165,0.09387222677469254,1.0,0.973779022693634
YML110C,YLR441C,0,-2.5234766,0.09386348724365234,1.0,0.9738790988922119
YGL001C,YKR013W,0,-2.524247,0.09385474771261215,1.0,0.9739791750907898
YPR041W,YJR151C,0,-2.525377,0.09384600818157196,1.0,0.9740792512893677
YMR322C,YER056C-A,0,-2.5259986,0.09383727610111237,1.0,0.9741793274879456
YMR104C,YBR214W,0,-2.5263631,0.09382853657007217,1.0,0.9742794036865234
YKR013W,YDL178W,0,-2.5270274,0.09381980448961258,1.0,0.9743794798851013
YGL009C,YLR432W,0,-2.532212,0.09381107240915298,1.0,0.9744795560836792
YKR092C,YNL003C,0,-2.5322993,0.09380234777927399,1.0,0.9745796918869019
YLR345W,YGL180W,0,-2.5340998,0.09379361569881439,1.0,0.9746797680854797
YBR121C,YOR361C,0,-2.5352032,0.0937848910689354,1.0,0.9747798442840576
YMR189W,YDR225W,0,-2.5394819,0.0937761664390564,1.0,0.9748799204826355
YKL004W,YHR051W,0,-2.5470192,0.0937674418091774,1.0,0.9749799966812134
YNL301C,YOL042W,0,-2.5478094,0.0937587171792984,1.0,0.9750800728797913
YLR237W,YOR133W,0,-2.5488067,0.09375,1.0,0.9751801490783691
YOL097C,YFL026W,0,-2.5501678,0.0937412828207016,1.0,0.975280225276947
YMR290C,YNL093W,0,-2.550484,0.0937325656414032,1.0,0.9753803014755249
YBL015W,YDR119W,0,-2.5534732,0.0937238484621048,1.0,0.9754803776741028
YHR181W,YLR043C,0,-2.553879,0.093715138733387,1.0,0.9755804538726807
YML128C,YGR284C,0,-2.557308,0.09370642155408859,1.0,0.9756805300712585
YLR201C,YPR143W,0,-2.5595574,0.09369771182537079,1.0,0.9757806062698364
YBL102W,YBR096W,0,-2.5600755,0.09368900209665298,1.0,0.9758806824684143
YCR047C,YEL038W,0,-2.574439,0.09368029981851578,1.0,0.9759807586669922
YPL239W,YOL039W,0,-2.5744443,0.09367159008979797,1.0,0.9760808944702148
YIL043C,YDR233C,0,-2.5824034,0.09366288781166077,1.0,0.9761809706687927
YOL082W,YMR152W,0,-2.5844119,0.09365418553352356,1.0,0.9762810468673706
YMR184W,YDR069C,0,-2.587392,0.09364548325538635,1.0,0.9763811230659485
YGR143W,YJR105W,0,-2.5888126,0.09363678842782974,1.0,0.9764811992645264
YFL021W,YDL081C,0,-2.5921204,0.09362808614969254,1.0,0.9765812754631042
YML125C,YPL188W,0,-2.5923016,0.09361939132213593,1.0,0.9766813516616821
YDL174C,YKL039W,0,-2.5931313,0.09361069649457932,1.0,0.97678142786026
YIR037W,YDR018C,0,-2.595549,0.0936020091176033,1.0,0.9768815040588379
YKL091C,YOR335C,0,-2.5961287,0.09359331429004669,1.0,0.9769815802574158
YBR025C,YOR125C,0,-2.5982773,0.09358462691307068,1.0,0.9770816564559937
YLL012W,YHR051W,0,-2.6071014,0.09357593953609467,1.0,0.9771817326545715
YLR196W,YJR095W,0,-2.6086533,0.09356725215911865,1.0,0.9772818088531494
YLR367W,YLR153C,0,-2.6111104,0.09355856478214264,1.0,0.9773818850517273
YDL063C,YLR197W,0,-2.6119764,0.09354988485574722,1.0,0.9774819612503052
YGL187C,YJL167W,0,-2.6155918,0.0935412049293518,1.0,0.9775820374488831
YNL069C,YLR264W,0,-2.6160145,0.09353252500295639,1.0,0.9776821732521057
YKR042W,YKL051W,0,-2.619779,0.09352384507656097,1.0,0.9777822494506836
YPL093W,YPR121W,0,-2.6198547,0.09351516515016556,1.0,0.9778823256492615
YDL046W,YER072W,0,-2.6229289,0.09350649267435074,1.0,0.9779824018478394
YDR477W,YJR151C,0,-2.625263,0.09349782019853592,1.0,0.9780824780464172
YMR290C,YCR067C,0,-2.6257298,0.0934891477227211,1.0,0.9781825542449951
YKL091C,YER126C,0,-2.6260076,0.09348047524690628,1.0,0.978282630443573
YIL127C,YDL031W,0,-2.6278303,0.09347181022167206,1.0,0.9783827066421509
YMR305C,YDL021W,0,-2.6293066,0.09346314519643784,1.0,0.9784827828407288
YDR347W,YIL094C,0,-2.630653,0.09345448017120361,1.0,0.9785828590393066
YMR195W,YLR373C,0,-2.637485,0.09344581514596939,1.0,0.9786829352378845
YOR236W,YDR342C,0,-2.6399171,0.09343715012073517,1.0,0.9787830114364624
YDR178W,YIL146C,0,-2.6406603,0.09342849254608154,1.0,0.9788830876350403
YGR281W,YPL106C,0,-2.6422427,0.09341983497142792,1.0,0.9789831638336182
YGL236C,YHR174W,0,-2.6506617,0.09341117739677429,1.0,0.979083240032196
YDL022W,YIL172C,0,-2.653248,0.09340251982212067,1.0,0.9791833758354187
YOR219C,YMR105C,0,-2.6588495,0.09339386969804764,1.0,0.9792834520339966
YDR206W,YMR011W,0,-2.659818,0.09338521212339401,1.0,0.9793835282325745
YIL155C,YLL023C,0,-2.6598299,0.09337656199932098,1.0,0.9794836044311523
YLR333C,YBR025C,0,-2.660106,0.09336791187524796,1.0,0.9795836806297302
YER037W,YPL013C,0,-2.6618316,0.09335926920175552,1.0,0.9796837568283081
YOR242C,YOR181W,0,-2.6674216,0.0933506190776825,1.0,0.979783833026886
YLR362W,YLR449W,0,-2.669267,0.09334197640419006,1.0,0.9798839092254639
YJR139C,YMR305C,0,-2.6713078,0.09333333373069763,1.0,0.9799839854240417
YDR345C,YDL123W,0,-2.6776779,0.0933246910572052,1.0,0.9800840616226196
YPR124W,YNL142W,0,-2.6797283,0.09331605583429337,1.0,0.9801841378211975
YJR016C,YMR012W,0,-2.6903164,0.09330741316080093,1.0,0.9802842140197754
YMR303C,YHR187W,0,-2.6920834,0.0932987779378891,1.0,0.9803842902183533
YFL045C,YDR233C,0,-2.6934564,0.09329014271497726,1.0,0.9804843664169312
YMR131C,YGR174C,0,-2.6948426,0.09328150749206543,1.0,0.980584442615509
YDR120C,YIL064W,0,-2.7033448,0.09327287971973419,1.0,0.9806845188140869
YCR072C,YOR306C,0,-2.7108736,0.09326425194740295,1.0,0.9807846546173096
YBR104W,YPL087W,0,-2.7115097,0.09325561672449112,1.0,0.9808847308158875
YDL083C,YBL038W,0,-2.7125728,0.09324699640274048,1.0,0.9809848070144653
YLR048W,YHR002W,0,-2.7143497,0.09323836863040924,1.0,0.9810848832130432
YOR185C,YAL036C,0,-2.7207305,0.0932297483086586,1.0,0.9811849594116211
YPL237W,YDR337W,0,-2.7227566,0.09322112053632736,1.0,0.981285035610199
YHL046C,YGL181W,0,-2.7269368,0.09321250021457672,1.0,0.9813851118087769
YLR345W,YMR056C,0,-2.7273278,0.09320387989282608,1.0,0.9814851880073547
YNL321W,YML123C,0,-2.7289486,0.09319526702165604,1.0,0.9815852642059326
YKL180W,YEL039C,0,-2.734061,0.09318665415048599,1.0,0.9816853404045105
YLR312W-A,YGR027C,0,-2.735163,0.09317803382873535,1.0,0.9817854166030884
YGL008C,YGR194C,0,-2.7351916,0.09316942095756531,1.0,0.9818854928016663
YDR044W,YLR174W,0,-2.7387335,0.09316081553697586,1.0,0.9819855690002441
YLR237W,YKL039W,0,-2.742973,0.09315220266580582,1.0,0.982085645198822
YGR124W,YFL034C-A,0,-2.7430825,0.09314359724521637,1.0,0.9821857213973999
YDL248W,YLR414C,0,-2.7443335,0.09313499182462692,1.0,0.9822858572006226
YGL026C,YGR043C,0,-2.7464392,0.09312638640403748,1.0,0.9823859333992004
YLL045C,YLR189C,0,-2.747204,0.09311778098344803,1.0,0.9824860095977783
YLR070C,YDR517W,0,-2.7481613,0.09310918301343918,1.0,0.9825860857963562
YLR259C,YBL078C,0,-2.7561393,0.09310058504343033,1.0,0.9826861619949341
YDL171C,YNL036W,0,-2.7578719,0.09309198707342148,1.0,0.982786238193512
YPL266W,YPL076W,0,-2.758582,0.09308338910341263,1.0,0.9828863143920898
YOL060C,YPL198W,0,-2.7628982,0.09307479113340378,1.0,0.9829863905906677
YNL160W,YJR019C,0,-2.7637622,0.09306620061397552,1.0,0.9830864667892456
YMR303C,YOR239W,0,-2.771115,0.09305761009454727,1.0,0.9831865429878235
YOL077C,YER046W,0,-2.7748044,0.09304901957511902,1.0,0.9832866191864014
YGR256W,YLL024C,0,-2.775686,0.09304042905569077,1.0,0.9833866953849792
YAL025C,YHR020W,0,-2.7787216,0.09303183853626251,1.0,0.9834867715835571
YBR034C,YMR157C,0,-2.780172,0.09302325546741486,1.0,0.983586847782135
YIR041W,YAL054C,0,-2.7819219,0.0930146723985672,1.0,0.9836869239807129
YAL042W,YOR272W,0,-2.784849,0.09300608932971954,1.0,0.9837870001792908
YKL180W,YBL090W,0,-2.788353,0.09299750626087189,1.0,0.9838871359825134
YMR303C,YJL005W,0,-2.798696,0.09298893064260483,1.0,0.9839872121810913
YDR041W,YER074W,0,-2.8034544,0.09298035502433777,1.0,0.9840872883796692
YDR044W,YGR043C,0,-2.810701,0.09297177940607071,1.0,0.9841873645782471
YAR015W,YLR300W,0,-2.8289578,0.09296320378780365,1.0,0.984287440776825
YEL017C-A,YDR059C,0,-2.8311772,0.09295462816953659,1.0,0.9843875169754028
YLR432W,YLR377C,0,-2.8397367,0.09294606000185013,1.0,0.9844875931739807
YER061C,YOL002C,0,-2.8400364,0.09293749183416367,1.0,0.9845876693725586
YKL150W,YJL196C,0,-2.8455632,0.0929289236664772,1.0,0.9846877455711365
YER120W,YOR303W,0,-2.847252,0.09292035549879074,1.0,0.9847878217697144
YNR076W,YHR027C,0,-2.8480117,0.09291178733110428,1.0,0.9848878979682922
YBR121C,YDR345C,0,-2.8484087,0.09290322661399841,1.0,0.9849879741668701
YPL078C,YMR217W,0,-2.8541758,0.09289466589689255,1.0,0.985088050365448
YJR094W-A,YGL115W,0,-2.8564165,0.09288610517978668,1.0,0.9851881265640259
YDR349C,YMR011W,0,-2.8586965,0.09287754446268082,1.0,0.9852882027626038
YKL056C,YFL021W,0,-2.872348,0.09286899119615555,1.0,0.9853883385658264
YBR085W,YGL187C,0,-2.8769207,0.09286043047904968,1.0,0.9854884147644043
YOR382W,YHR205W,0,-2.8778636,0.09285187721252441,1.0,0.9855884909629822
YPL198W,YLR144C,0,-2.8789895,0.09284332394599915,1.0,0.9856885671615601
YOR294W,YML054C,0,-2.8828073,0.09283477813005447,1.0,0.9857886433601379
YPR080W,YDR533C,0,-2.8848526,0.0928262248635292,1.0,0.9858887195587158
YNL121C,YLR432W,0,-2.8883016,0.09281767904758453,1.0,0.9859887957572937
YDL198C,YLR258W,0,-2.898014,0.09280913323163986,1.0,0.9860888719558716
YGR159C,YOR246C,0,-2.9025047,0.09280058741569519,1.0,0.9861889481544495
YLR390W,YDL075W,0,-2.9054463,0.09279204905033112,1.0,0.9862890243530273
YDR494W,YDL212W,0,-2.9103873,0.09278350323438644,1.0,0.9863891005516052
YGR244C,YGR105W,0,-2.910514,0.09277496486902237,1.0,0.9864891767501831
YGL261C,YPL152W,0,-2.9112666,0.0927664265036583,1.0,0.986589252948761
YDR511W,YMR271C,0,-2.912128,0.09275788813829422,1.0,0.9866893291473389
YPR026W,YLR264W,0,-2.9123278,0.09274935722351074,1.0,0.9867894053459167
YGR194C,YPL135W,0,-2.9178307,0.09274081885814667,1.0,0.9868895411491394
YDL095W,YGR155W,0,-2.9183707,0.09273228794336319,1.0,0.9869896173477173
YBR214W,YJR016C,0,-2.9235637,0.09272375702857971,1.0,0.9870896935462952
YBL028C,YLR264W,0,-2.9242227,0.09271523356437683,1.0,0.987189769744873
YBL075C,YLR061W,0,-2.9247124,0.09270670264959335,1.0,0.9872898459434509
YDR410C,YOR120W,0,-2.9273417,0.09269817918539047,1.0,0.9873899221420288
YNL156C,YLR355C,0,-2.9294295,0.09268965572118759,1.0,0.9874899983406067
YKL120W,YER148W,0,-2.9422538,0.09268113225698471,1.0,0.9875900745391846
YHL011C,YPL097W,0,-2.946542,0.09267260879278183,1.0,0.9876901507377625
YOL064C,YCL001W,0,-2.9466057,0.09266409277915955,1.0,0.9877902269363403
YAR071W,YGR157W,0,-2.9602754,0.09265557676553726,1.0,0.9878903031349182
YER004W,YBR031W,0,-2.9747112,0.09264706075191498,1.0,0.9879903793334961
YER037W,YJR121W,0,-2.9764278,0.0926385447382927,1.0,0.988090455532074
YLR397C,YJL180C,0,-2.990072,0.09263002872467041,1.0,0.9881905317306519
YOR348C,YLR436C,0,-2.9930823,0.09262152016162872,1.0,0.9882906079292297
YNL036W,YPL019C,0,-2.9956667,0.09261301159858704,1.0,0.9883906841278076
YLL041C,YBR214W,0,-3.0081303,0.09260450303554535,1.0,0.9884908199310303
YJR048W,YGR243W,0,-3.0085397,0.09259599447250366,1.0,0.9885908961296082
YER023W,YBR068C,0,-3.0099032,0.09258749336004257,1.0,0.988690972328186
YKL120W,YGR155W,0,-3.0102394,0.09257898479700089,1.0,0.9887910485267639
YJL221C,YKL016C,0,-3.0164998,0.0925704836845398,1.0,0.9888911247253418
YMR297W,YIL041W,0,-3.0259535,0.0925619825720787,1.0,0.9889912009239197
YFR033C,YEL009C,0,-3.0399816,0.09255348145961761,1.0,0.9890912771224976
YMR145C,YHL032C,0,-3.0541055,0.09254498779773712,1.0,0.9891913533210754
YHL015W,YDR354W,0,-3.0545228,0.09253649413585663,1.0,0.9892914295196533
YER045C,YLR264W,0,-3.0605395,0.09252800047397614,1.0,0.9893915057182312
YDR100W,YML022W,0,-3.0634067,0.09251950681209564,1.0,0.9894915819168091
YER055C,YPL061W,0,-3.0636384,0.09251101315021515,1.0,0.989591658115387
YBR169C,YEL049W,0,-3.071825,0.09250252693891525,1.0,0.9896917343139648
YIL155C,YDR284C,0,-3.0727642,0.09249403327703476,1.0,0.9897918105125427
YER150W,YJL177W,0,-3.0766394,0.09248554706573486,1.0,0.9898918867111206
YJL200C,YMR011W,0,-3.0772583,0.09247706085443497,1.0,0.9899920225143433
YOR085W,YJL223C,0,-3.0783246,0.09246858209371567,1.0,0.9900920987129211
YKL096W-A,YJR143C,0,-3.0889685,0.09246009588241577,1.0,0.990192174911499
YIR037W,YPL262W,0,-3.0916376,0.09245161712169647,1.0,0.9902922511100769
YAL028W,YER150W,0,-3.094013,0.09244313836097717,1.0,0.9903923273086548
YPL171C,YDR055W,0,-3.0969732,0.09243465960025787,1.0,0.9904924035072327
YOR120W,YBR014C,0,-3.0975678,0.09242618829011917,1.0,0.9905924797058105
YDR358W,YDL046W,0,-3.0981686,0.09241771697998047,1.0,0.9906925559043884
YKL034W,YKR067W,0,-3.117829,0.09240923821926117,1.0,0.9907926321029663
YIL043C,YOR120W,0,-3.1178539,0.09240076690912247,1.0,0.9908927083015442
YJR048W,YMR250W,0,-3.1232035,0.09239230304956436,1.0,0.9909927845001221
YOR137C,YGL184C,0,-3.1244323,0.09238383173942566,1.0,0.9910928606987
YMR195W,YAL060W,0,-3.126272,0.09237536787986755,1.0,0.9911929368972778
YMR081C,YHR175W,0,-3.131891,0.09236690402030945,1.0,0.9912930130958557
YPL226W,YML073C,0,-3.1363492,0.09235844016075134,1.0,0.9913930892944336
YLR270W,YPL152W,0,-3.1363811,0.09234997630119324,1.0,0.9914931654930115
YNL284C,YJL136C,0,-3.136515,0.09234151989221573,1.0,0.9915933012962341
YHR197W,YCR016W,0,-3.1428618,0.09233305603265762,1.0,0.991693377494812
YKR069W,YJL177W,0,-3.1540983,0.09232459962368011,1.0,0.9917934536933899
YOR215C,YPL123C,0,-3.1703806,0.0923161432147026,1.0,0.9918935298919678
YDR382W,YHR026W,0,-3.1727202,0.0923076942563057,1.0,0.9919936060905457
YJL045W,YNL015W,0,-3.173282,0.09229923784732819,1.0,0.9920936822891235
YMR242C,YFL021W,0,-3.1851122,0.09229078888893127,1.0,0.9921937584877014
YML034W,YKL093W,0,-3.1854775,0.09228233993053436,1.0,0.9922938346862793
YOR145C,YML113W,0,-3.1861022,0.09227389097213745,1.0,0.9923939108848572
YJL156C,YOR348C,0,-3.189236,0.09226544946432114,1.0,0.9924939870834351
YOL055C,YJL221C,0,-3.1910117,0.09225700050592422,1.0,0.9925940632820129
YHR051W,YGR061C,0,-3.1942246,0.09224855899810791,1.0,0.9926941394805908
YPL198W,YJR151C,0,-3.221748,0.0922401174902916,1.0,0.9927942156791687
YBR247C,YHR020W,0,-3.2253158,0.09223167598247528,1.0,0.9928942918777466
YDR144C,YPL188W,0,-3.2379847,0.09222324192523956,1.0,0.9929943680763245
YMR116C,YLL018C,0,-3.2439444,0.09221480041742325,1.0,0.9930945038795471
YER020W,YJR009C,0,-3.2442267,0.09220636636018753,1.0,0.993194580078125
YOR293W,YGL125W,0,-3.246841,0.09219793230295181,1.0,0.9932946562767029
YKR065C,YKL016C,0,-3.2602146,0.0921894982457161,1.0,0.9933947324752808
YGL012W,YHL001W,0,-3.2635868,0.09218107163906097,1.0,0.9934948086738586
YJL117W,YMR319C,0,-3.268659,0.09217263758182526,1.0,0.9935948848724365
YNL125C,YLR264W,0,-3.2739327,0.09216421097517014,1.0,0.9936949610710144
YEL026W,YER020W,0,-3.2803762,0.09215578436851501,1.0,0.9937950372695923
YCL037C,YGR243W,0,-3.3015091,0.09214736521244049,1.0,0.9938951134681702
YGR177C,YOL005C,0,-3.3063474,0.09213893860578537,1.0,0.993995189666748
YDR358W,YPR016C,0,-3.3093555,0.09213051944971085,1.0,0.9940952658653259
YLR345W,YLR258W,0,-3.3344223,0.09212210029363632,1.0,0.9941953420639038
YMR217W,YLR362W,0,-3.3388886,0.0921136811375618,1.0,0.9942954182624817
YNL115C,YLR205C,0,-3.3403056,0.09210526198148727,1.0,0.9943954944610596
YER141W,YGL001C,0,-3.3506432,0.09209685027599335,1.0,0.9944955706596375
YGR027C,YKL016C,0,-3.367092,0.09208843111991882,1.0,0.9945956468582153
YBL087C,YMR024W,0,-3.3835614,0.0920800194144249,1.0,0.994695782661438
YHR128W,YER020W,0,-3.3981833,0.09207160770893097,1.0,0.9947958588600159
YLR367W,YML052W,0,-3.4021542,0.09206320345401764,1.0,0.9948959350585938
YBR169C,YFL020C,0,-3.4042466,0.09205479174852371,1.0,0.9949960112571716
YBR158W,YBR146W,0,-3.4150903,0.09204638749361038,1.0,0.9950960874557495
YLR167W,YKL016C,0,-3.4177125,0.09203798323869705,1.0,0.9951961636543274
YMR290C,YDR496C,0,-3.4254277,0.09202957898378372,1.0,0.9952962398529053
YER004W,YMR142C,0,-3.4264402,0.09202118217945099,1.0,0.9953963160514832
YOR010C,YJR019C,0,-3.4493442,0.09201277792453766,1.0,0.995496392250061
YLL045C,YLR048W,0,-3.451325,0.09200438112020493,1.0,0.9955964684486389
YDR059C,YPL219W,0,-3.4673994,0.09199598431587219,1.0,0.9956965446472168
YKR042W,YER150W,0,-3.4675586,0.09198758751153946,1.0,0.9957966208457947
YOL002C,YNL135C,0,-3.4711943,0.09197919815778732,1.0,0.9958966970443726
YDR380W,YML132W,0,-3.474028,0.09197080135345459,1.0,0.9959967732429504
YMR189W,YJL180C,0,-3.5237405,0.09196241199970245,1.0,0.9960968494415283
YKL217W,YNL274C,0,-3.5493627,0.09195402264595032,1.0,0.996196985244751
YER055C,YLR312W-A,0,-3.556944,0.09194563329219818,1.0,0.9962970614433289
YKL141W,YJR063W,0,-3.59051,0.09193725138902664,1.0,0.9963971376419067
YDL174C,YJR105W,0,-3.604207,0.0919288620352745,1.0,0.9964972138404846
YKR042W,YIL162W,0,-3.625673,0.09192048013210297,1.0,0.9965972900390625
YMR041C,YJR070C,0,-3.6261275,0.09191209822893143,1.0,0.9966973662376404
YOR234C,YEL039C,0,-3.637718,0.09190371632575989,1.0,0.9967974424362183
YIL043C,YHR096C,0,-3.6569192,0.09189534187316895,1.0,0.9968975186347961
YER150W,YBL045C,0,-3.6737435,0.091886967420578,1.0,0.996997594833374
YFR049W,YGL031C,0,-3.6745107,0.09187858551740646,1.0,0.9970976710319519
YFL014W,YKL156W,0,-3.6830847,0.09187021851539612,1.0,0.9971977472305298
YNL069C,YHL032C,0,-3.70625,0.09186184406280518,1.0,0.9972978234291077
YKL120W,YJL180C,0,-3.7229226,0.09185346961021423,1.0,0.9973978996276855
YBR046C,YML054C,0,-3.7956316,0.09184510260820389,1.0,0.9974979758262634
YKL081W,YJR095W,0,-3.7974503,0.09183673560619354,1.0,0.9975980520248413
YOL126C,YAL028W,0,-3.8278377,0.0918283686041832,1.0,0.997698187828064
YLL028W,YGR233C,0,-3.8305368,0.09182000160217285,1.0,0.9977982640266418
YGL012W,YGR183C,0,-3.8685048,0.0918116420507431,1.0,0.9978983402252197
YER141W,YCR031C,0,-3.8952856,0.09180327504873276,1.0,0.9979984164237976
YNL301C,YJL066C,0,-3.9070337,0.09179491549730301,1.0,0.9980984926223755
YGL234W,YJL102W,0,-3.9367392,0.09178656339645386,1.0,0.9981985688209534
YML056C,YJR121W,0,-3.9723086,0.09177820384502411,1.0,0.9982986450195312
YPL203W,YMR217W,0,-3.9839616,0.09176984429359436,1.0,0.9983987212181091
YEL017C-A,YER024W,0,-3.9921372,0.09176149219274521,1.0,0.998498797416687
YHR005C-A,YJR145C,0,-3.9960766,0.09175314009189606,1.0,0.9985988736152649
YPL196W,YOR133W,0,-4.0061116,0.0917447879910469,1.0,0.9986989498138428
YKL081W,YHR051W,0,-4.026628,0.09173644334077835,1.0,0.9987990260124207
YDR044W,YER150W,0,-4.0700254,0.0917280912399292,1.0,0.9988991022109985
YGR243W,YHL032C,0,-4.0999937,0.09171974658966064,1.0,0.9989991784095764
YEL017C-A,YOR065W,0,-4.21734,0.09171140193939209,1.0,0.9990992546081543
YML063W,YOR065W,0,-4.2921443,0.09170305728912354,1.0,0.9991993308067322
YOR176W,YLR197W,0,-4.304299,0.09169471263885498,1.0,0.9992994666099548
YDR101C,YOR065W,0,-4.4659495,0.09168637543916702,1.0,0.9993995428085327
YDL083C,YGR234W,0,-4.468324,0.09167803823947906,1.0,0.9994996190071106
YDR494W,YPR110C,0,-4.579386,0.09166970103979111,1.0,0.9995996952056885
YFR031C-A,YLR304C,0,-4.5949473,0.09166136384010315,1.0,0.9996997714042664
YMR056C,YEL054C,0,-4.6444716,0.09165302664041519,1.0,0.9997998476028442
YBR132C,YMR105C,0,-4.761534,0.09164469689130783,1.0,0.9998999238014221
YKL035W,YNL160W,0,-5.026444,0.09163636714220047,1.0,1.0
